09151454.PTO
CURI
1994/09/15 14:54:39.0822
100.1603 m/s  
5120 muestras
2635
2638
2658
2691
2672
2666
2636
2625
2710
2651
2658
2631
2665
2725
2623
2634
2695
2660
2662
2652
2643
2643
2653
2734
2612
2641
2648
2663
2722
2645
2621
2662
2691
2653
2582
2700
2661
2600
2630
2676
2633
2656
2676
2706
2589
2671
2658
2671
2614
2633
2680
2708
2652
2631
2674
2697
2645
2653
2665
2661
2644
2679
2671
2631
2637
2703
2653
2648
2683
2679
2614
2644
2641
2686
2654
2670
2654
2680
2651
2650
2683
2649
2671
2636
2631
2693
2653
2689
2640
2703
2671
2668
2663
2643
2676
2605
2657
2680
2663
2659
2615
2646
2676
2642
2699
2681
2620
2615
2671
2746
2630
2613
2572
2684
2700
2650
2607
2684
2690
2631
2663
2626
2686
2701
2677
2641
2666
2655
2695
2681
2642
2653
2665
2663
2664
2642
2679
2673
2606
2583
2640
2667
2653
2661
2621
2642
2639
2706
2677
2642
2672
2649
2698
2679
2629
2709
2695
2662
2641
2679
2645
2685
2638
2676
2682
2698
2703
2612
2619
2609
2659
2682
2647
2630
2692
2622
2636
2637
2708
2672
2629
2635
2660
2684
2669
2656
2668
2653
2678
2683
2664
2645
2635
2690
2666
2670
2652
2670
2679
2659
2634
2671
2637
2646
2655
2686
2619
2666
2695
2654
2649
2683
2620
2692
2678
2656
2648
2640
2616
2652
2689
2652
2650
2611
2664
2668
2628
2682
2644
2636
2667
2635
2729
2675
2654
2661
2698
2659
2645
2646
2652
2661
2644
2663
2655
2648
2666
2704
2651
2651
2706
2635
2613
2671
2669
2645
2638
2635
2657
2663
2656
2662
2621
2622
2636
2696
2674
2656
2634
2597
2665
2703
2657
2680
2690
2689
2569
2702
2698
2663
2683
2650
2686
2711
2613
2670
2661
2620
2679
2680
2649
2634
2645
2662
2659
2675
2600
2638
2672
2700
2593
2636
2619
2668
2693
2662
2653
2691
2641
2643
2705
2678
2649
2689
2688
2640
2637
2715
2637
2606
2684
2680
2626
2646
2657
2630
2648
2673
2652
2672
2682
2601
2677
2677
2664
2590
2697
2698
2666
2681
2650
2660
2641
2682
2620
2669
2637
2599
2644
2707
2674
2654
2650
2622
2657
2683
2599
2718
2683
2662
2658
2648
2663
2668
2645
2689
2704
2656
2602
2663
2657
2658
2629
2638
2651
2694
2670
2640
2611
2639
2671
2678
2699
2602
2614
2653
2670
2654
2644
2682
2646
2677
2695
2648
2641
2658
2663
2699
2677
2607
2680
2618
2645
2697
2627
2635
2650
2702
2682
2606
2680
2604
2606
2704
2638
2609
2663
2696
2654
2693
2668
2625
2635
2633
2622
2645
2662
2684
2698
2680
2634
2664
2686
2659
2620
2688
2744
2671
2603
2703
2669
2707
2681
2653
2640
2669
2666
2613
2682
2692
2610
2648
2647
2655
2669
2672
2630
2679
2664
2669
2608
2679
2669
2675
2612
2588
2598
2586
2565
2507
2542
2491
2580
2664
2624
2709
2763
2842
2845
2880
2961
2986
2993
2989
2991
3034
2953
3066
3033
2899
2803
2573
2388
2248
2130
2015
1929
1884
1828
1755
1778
1875
1987
2108
2298
2516
2673
2932
3123
3318
3393
3550
3661
3729
3842
3750
3669
3463
3187
2904
2703
2584
2349
2172
2121
1836
1752
1722
1650
1771
1929
2039
2237
2329
2360
2315
2356
2350
2428
2752
2978
3138
3387
3591
3586
3508
3572
3498
3499
3463
3424
3282
3143
2895
2477
2292
2007
1803
1642
1556
1539
1553
1659
1830
2106
2366
2701
3004
3227
3343
3334
3238
2991
2701
2553
2435
2474
2541
2702
2782
2708
2731
2751
2834
3000
3227
3497
3682
3678
3518
3241
2923
2633
2440
2167
1900
1723
1379
971
733
773
1061
1521
2161
2831
3246
3672
3859
3878
3856
3723
3673
3570
3511
3344
3109
2843
2500
2327
2183
2143
2261
2416
2646
2864
3050
3191
3316
3271
3262
3136
2735
2437
2028
1442
1035
776
750
749
1045
1372
1725
2165
2441
2839
3221
3606
4095
4095
4095
4095
4095
4095
4095
3976
3412
2775
2216
1795
1463
1167
956
919
1029
1228
1501
1843
2236
2559
2837
3024
3083
3073
2957
2870
2839
2637
2596
2497
2472
2402
2356
2421
2503
2690
2966
3290
3728
4012
4095
4095
3945
3599
3034
2437
2041
1768
1476
1355
1246
1244
1213
1394
1737
2154
2668
3134
3449
3726
3906
3885
3811
3788
3675
3483
3118
2614
2158
1739
1396
1263
1261
1491
1660
2046
2424
2906
3144
3444
3618
3686
3733
3717
3532
3370
3068
2641
2250
1982
1712
1570
1550
1697
1882
2181
2527
2841
3132
3390
3542
3743
3750
3706
3470
3087
2625
2256
1889
1597
1512
1636
1791
1879
2002
2145
2311
2566
2827
3146
3503
3814
3863
3810
3693
3389
3085
2655
2230
1908
1633
1515
1485
1525
1822
2158
2439
2816
3183
3520
3802
3886
3897
3737
3480
3140
2842
2529
2375
2201
2028
1932
1745
1626
1541
1583
1863
2248
2704
3154
3478
3640
3638
3489
3389
3233
2951
2714
2501
2275
2073
1892
1738
1853
2017
2221
2399
2690
2870
2921
2983
3064
3204
3269
3356
3413
3384
3270
3036
2773
2520
2339
2208
2205
2271
2473
2542
2629
2600
2570
2432
2300
2343
2382
2361
2348
2290
2192
2058
2057
2196
2383
2597
2853
2972
3131
3110
3068
3135
3286
3452
3689
3877
3865
3714
3326
2842
2460
2101
1925
1931
1953
1970
1952
1857
1736
1719
1759
2036
2363
2631
2805
2947
2884
3005
2922
2884
2910
2951
3082
3004
2909
2800
2699
2508
2410
2417
2564
2842
3019
3108
3144
3095
2917
2718
2529
2513
2642
2741
2854
2906
2831
2601
2413
2278
2237
2212
2283
2318
2375
2289
2251
2295
2337
2367
2576
2745
2861
2934
2902
2933
2854
2871
3027
3142
3255
3295
3225
3108
2857
2585
2374
2189
2112
2087
2162
2190
2238
2325
2410
2473
2529
2691
2806
2978
2977
3062
3096
3028
2940
2806
2757
2773
2770
2690
2574
2524
2410
2298
2379
2432
2650
2865
3071
3021
2911
2715
2404
2250
2140
2148
2234
2414
2462
2388
2477
2487
2476
2598
2771
3003
3277
3352
3412
3426
3382
3195
3064
3084
2889
2774
2637
2419
2145
1889
1681
1545
1594
1824
2078
2402
2638
2805
2863
2821
2750
2721
2889
3008
3205
3439
3462
3191
2966
2683
2502
2428
2509
2658
2801
2885
2781
2715
2635
2606
2608
2566
2584
2556
2500
2331
2164
1913
1841
1938
2080
2301
2553
2694
2861
2881
2922
3066
3154
3331
3518
3668
3585
3574
3406
3082
2732
2400
2165
1980
1926
1891
1886
1877
1960
2005
2147
2396
2586
2813
3080
3088
3109
3017
2948
2981
2994
3015
3011
2893
2788
2515
2323
2056
2005
2190
2319
2612
2939
2939
3012
2973
2856
2835
2849
2964
2877
2882
2842
2666
2412
2250
2188
2132
2289
2433
2519
2579
2596
2558
2553
2569
2676
2879
3084
3191
3230
3117
2899
2598
2398
2254
2260
2348
2570
2831
2912
2920
2866
2665
2513
2487
2532
2730
2887
2907
2825
2679
2441
2282
2205
2201
2362
2447
2512
2539
2554
2577
2600
2753
2983
3054
3278
3402
3402
3286
3027
2822
2511
2346
2281
2241
2247
2196
2276
2123
2068
2089
2076
2236
2446
2675
3059
3206
3218
3311
3262
3218
3101
3012
2949
2849
2722
2570
2497
2318
2369
2324
2496
2653
2642
2658
2608
2492
2387
2429
2501
2533
2585
2538
2486
2409
2328
2314
2290
2415
2630
2862
3042
3128
3182
3235
3291
3277
3317
3364
3237
3097
2910
2602
2204
2053
1945
1829
1946
2065
2123
2261
2256
2230
2303
2376
2481
2802
3088
3234
3402
3360
3195
2923
2623
2542
2478
2510
2615
2733
2787
2653
2522
2440
2414
2555
2749
2923
3165
3107
2954
2827
2614
2438
2429
2418
2455
2513
2485
2328
2234
2178
2163
2267
2441
2696
2934
3135
3160
3127
3051
2840
2738
2611
2622
2651
2730
2751
2639
2539
2424
2375
2453
2491
2667
2823
2941
2905
3000
2930
2899
2848
2763
2728
2675
2496
2391
2179
2076
2010
1995
2241
2387
2594
2780
2803
2899
3010
3025
3047
3212
3284
3245
3173
2971
2716
2488
2316
2149
2096
2165
2109
2130
2185
2209
2276
2437
2653
2895
3133
3211
3254
3236
3069
2994
2811
2767
2806
2764
2901
2820
2622
2473
2304
2141
2107
2220
2335
2533
2714
2780
2750
2643
2459
2389
2269
2425
2616
2684
2789
2790
2738
2659
2692
2760
2913
3111
3257
3246
3195
3022
2799
2616
2508
2511
2503
2561
2552
2505
2375
2152
2107
2085
2103
2269
2486
2769
2924
3026
3036
2992
2751
2710
2714
2772
2824
2844
2770
2683
2588
2462
2463
2418
2504
2618
2705
2782
2777
2789
2792
2752
2814
2903
2854
2866
2778
2649
2421
2267
2236
2247
2327
2396
2605
2698
2674
2761
2774
2787
2794
2877
2932
2889
2837
2727
2626
2583
2464
2497
2414
2456
2496
2543
2527
2445
2574
2605
2754
2952
3060
3106
3105
2954
2777
2593
2359
2359
2366
2519
2522
2661
2603
2514
2490
2512
2491
2577
2731
2891
3066
3109
2982
2759
2601
2445
2421
2480
2529
2472
2563
2416
2274
2309
2336
2444
2735
2962
3114
3223
3228
3050
2922
2807
2680
2686
2711
2713
2695
2700
2535
2335
2159
2069
2138
2256
2422
2622
2834
2947
2870
2833
2787
2769
2753
2750
2729
2813
2795
2654
2555
2521
2485
2543
2591
2788
2881
2813
2807
2731
2636
2671
2631
2635
2683
2753
2554
2524
2391
2333
2289
2362
2434
2544
2656
2797
2850
2902
2910
2937
3067
3001
2952
2867
2789
2666
2567
2475
2423
2381
2437
2463
2460
2490
2433
2383
2403
2474
2611
2806
2959
2998
2993
2819
2768
2664
2535
2521
2551
2533
2633
2704
2675
2649
2608
2627
2628
2772
2973
3076
3098
2987
2855
2621
2485
2432
2433
2506
2467
2442
2395
2236
2149
2162
2230
2423
2639
2849
3004
3136
3075
3095
2929
2766
2704
2748
2740
2789
2895
2758
2735
2574
2411
2375
2388
2535
2602
2793
2881
2786
2651
2554
2491
2530
2576
2583
2594
2557
2540
2465
2304
2328
2421
2588
2765
2847
2996
3039
2977
2913
2887
2835
2837
2871
2850
2881
2716
2617
2538
2452
2333
2323
2362
2422
2476
2444
2503
2589
2663
2651
2676
2790
2815
2806
2792
2670
2587
2597
2619
2723
2676
2717
2807
2841
2735
2681
2635
2648
2760
2749
2877
2870
2791
2733
2593
2443
2314
2354
2405
2479
2557
2560
2519
2523
2436
2469
2672
2892
2933
3073
3070
2898
2765
2664
2553
2546
2629
2675
2674
2707
2600
2486
2361
2317
2383
2469
2673
2816
2941
3001
2941
2877
2751
2598
2562
2585
2601
2657
2633
2592
2474
2401
2332
2403
2479
2634
2805
2906
2944
2905
2834
2807
2713
2765
2825
2841
2781
2665
2521
2417
2274
2243
2306
2414
2543
2694
2790
2837
2822
2891
2823
2761
2813
2751
2770
2770
2640
2555
2473
2447
2367
2378
2431
2491
2635
2656
2756
2866
2937
2970
3031
3112
3075
3022
2846
2758
2484
2312
2254
2286
2295
2246
2240
2316
2374
2316
2437
2561
2701
2900
3073
3085
3126
3110
3024
2877
2751
2730
2788
2723
2573
2497
2406
2318
2272
2401
2505
2664
2851
2940
2857
2801
2704
2594
2556
2566
2624
2681
2655
2645
2575
2452
2383
2385
2361
2503
2663
2917
2974
3024
3103
3002
2851
2775
2722
2702
2786
2726
2600
2434
2328
2241
2178
2289
2429
2608
2715
2802
2839
2837
2799
2762
2740
2873
2882
2865
2933
2732
2596
2460
2297
2267
2288
2380
2449
2594
2669
2695
2889
2751
2897
2958
2923
2960
2967
2845
2797
2706
2587
2546
2438
2400
2382
2357
2367
2362
2439
2500
2582
2680
2818
2910
3019
2961
2918
2868
2631
2652
2588
2550
2515
2538
2493
2512
2523
2562
2549
2692
2801
2905
2922
2973
2961
2852
2726
2667
2640
2604
2593
2541
2435
2366
2151
2119
2186
2331
2499
2699
2962
3039
3060
3079
2993
2963
2910
2882
2844
2849
2805
2671
2558
2421
2284
2155
2183
2292
2471
2592
2669
2840
2765
2775
2842
2798
2895
3039
2961
2847
2769
2563
2444
2227
2253
2315
2419
2515
2632
2716
2719
2701
2714
2757
2860
2927
2934
2965
2979
2856
2724
2610
2473
2337
2269
2303
2355
2377
2484
2566
2690
2714
2810
2908
2926
3012
3027
2923
2868
2753
2658
2594
2481
2424
2399
2418
2380
2352
2323
2407
2441
2585
2756
2878
2975
3005
3044
2964
2893
2902
2793
2697
2649
2578
2492
2403
2344
2392
2392
2496
2611
2719
2774
2820
2839
2817
2718
2804
2826
2877
2905
2798
2629
2485
2332
2241
2191
2265
2399
2526
2581
2751
2835
2838
2812
2886
2863
2926
2965
2994
2959
2871
2692
2591
2420
2326
2336
2376
2421
2520
2568
2540
2603
2535
2591
2722
2813
3019
3008
3020
2901
2705
2557
2383
2357
2395
2457
2541
2587
2605
2608
2608
2651
2697
2735
2880
2978
2969
2948
2998
2819
2709
2634
2543
2487
2417
2430
2429
2387
2363
2451
2519
2556
2615
2763
2881
2876
2918
2913
2827
2737
2745
2702
2688
2622
2573
2565
2516
2473
2473
2505
2527
2565
2707
2834
2801
2822
2868
2870
2814
2785
2707
2692
2605
2500
2421
2317
2327
2440
2543
2635
2663
2707
2774
2695
2748
2754
2828
2921
2930
2945
2933
2789
2621
2554
2423
2369
2354
2388
2454
2512
2561
2665
2642
2660
2655
2757
2850
2955
2890
2878
2846
2723
2663
2472
2423
2507
2572
2611
2624
2602
2545
2507
2535
2610
2651
2905
2942
2964
2964
2890
2709
2569
2501
2472
2426
2412
2512
2554
2570
2504
2491
2544
2572
2670
2838
2896
2957
2959
2905
2805
2758
2704
2643
2564
2560
2574
2485
2423
2395
2405
2445
2508
2559
2723
2891
2950
2972
2914
2855
2805
2739
2724
2673
2666
2543
2496
2424
2330
2389
2431
2400
2523
2579
2663
2761
2808
2882
2946
3020
2989
2989
2865
2750
2741
2532
2406
2386
2333
2344
2442
2503
2516
2524
2546
2579
2678
2729
2799
2952
3028
2954
2920
2782
2739
2664
2504
2470
2545
2537
2480
2477
2460
2484
2466
2570
2670
2765
2903
3007
2951
2907
2835
2639
2598
2611
2627
2611
2678
2551
2471
2424
2312
2373
2418
2547
2700
2830
2865
2949
2917
2978
2817
2702
2703
2711
2679
2591
2590
2544
2410
2472
2420
2412
2561
2549
2647
2798
2856
2867
2832
2761
2794
2822
2802
2806
2785
2727
2562
2491
2408
2368
2390
2458
2533
2593
2664
2741
2766
2770
2760
2803
2814
2768
2781
2772
2673
2588
2565
2565
2549
2495
2510
2501
2500
2611
2623
2710
2789
2836
2884
2969
2966
2883
2784
2635
2598
2536
2493
2515
2428
2505
2448
2458
2448
2506
2549
2630
2730
2821
2841
2847
2886
2837
2793
2747
2694
2631
2664
2584
2508
2523
2475
2422
2390
2455
2571
2794
2814
2943
2921
2781
2856
2730
2672
2663
2734
2736
2682
2690
2495
2420
2413
2397
2365
2486
2571
2662
2747
2853
2808
2797
2802
2790
2817
2811
2764
2748
2693
2633
2545
2432
2414
2440
2485
2585
2689
2710
2711
2691
2739
2669
2767
2766
2810
2872
2867
2765
2668
2534
2532
2476
2412
2477
2568
2568
2622
2644
2645
2719
2732
2827
2862
2799
2798
2756
2719
2626
2641
2576
2565
2531
2469
2490
2485
2444
2513
2566
2626
2714
2827
2821
2946
2928
2869
2846
2775
2729
2683
2607
2545
2506
2517
2430
2434
2427
2455
2586
2605
2694
2810
2764
2778
2867
2779
2795
2861
2830
2795
2826
2695
2578
2465
2346
2366
2354
2391
2634
2665
2711
2729
2691
2682
2691
2793
2820
2887
2852
2783
2793
2704
2581
2521
2515
2430
2489
2558
2548
2574
2683
2635
2663
2697
2742
2807
2849
2840
2855
2856
2733
2584
2496
2465
2475
2504
2528
2590
2626
2586
2558
2593
2631
2693
2747
2860
2897
2947
2851
2757
2753
2629
2579
2588
2526
2453
2500
2516
2497
2478
2527
2645
2670
2725
2802
2820
2807
2839
2830
2774
2772
2684
2670
2598
2586
2546
2506
2484
2411
2492
2607
2523
2658
2722
2729
2807
2823
2819
2824
2793
2782
2739
2673
2594
2537
2506
2491
2469
2493
2617
2582
2632
2677
2622
2690
2715
2670
2746
2897
2893
2870
2749
2707
2577
2523
2474
2505
2509
2548
2608
2633
2615
2618
2630
2628
2720
2781
2835
2874
2840
2783
2750
2636
2569
2560
2538
2551
2549
2549
2582
2583
2520
2590
2583
2660
2751
2874
2909
2959
2851
2764
2689
2619
2565
2517
2584
2598
2568
2533
2505
2520
2508
2531
2625
2691
2733
2774
2800
2877
2781
2745
2740
2699
2654
2668
2586
2506
2525
2575
2496
2570
2545
2626
2698
2716
2780
2872
2759
2802
2739
2758
2760
2696
2614
2607
2624
2546
2463
2493
2452
2413
2516
2567
2661
2645
2750
2812
2759
2834
2925
2870
2818
2805
2682
2667
2599
2539
2537
2512
2547
2573
2600
2585
2474
2567
2589
2655
2746
2804
2865
2871
2788
2716
2630
2627
2601
2594
2609
2620
2571
2521
2631
2578
2553
2587
2703
2757
2795
2827
2815
2865
2715
2673
2649
2566
2582
2625
2578
2640
2565
2477
2462
2489
2511
2542
2696
2788
2875
2852
2858
2808
2774
2749
2671
2659
2678
2615
2559
2572
2558
2508
2475
2513
2606
2584
2631
2749
2742
2717
2764
2789
2814
2781
2759
2716
2676
2618
2601
2540
2469
2477
2511
2498
2607
2678
2710
2713
2726
2710
2738
2830
2815
2770
2784
2772
2663
2603
2600
2561
2521
2547
2506
2522
2569
2563
2609
2651
2696
2738
2802
2810
2814
2841
2768
2726
2641
2607
2621
2591
2598
2618
2585
2521
2493
2506
2493
2599
2752
2767
2763
2778
2823
2764
2739
2704
2697
2683
2667
2648
2553
2552
2517
2541
2518
2520
2593
2694
2734
2820
2768
2794
2745
2694
2667
2684
2668
2682
2739
2691
2641
2533
2445
2456
2509
2576
2632
2702
2710
2792
2718
2720
2733
2735
2788
2750
2718
2674
2654
2639
2565
2544
2523
2491
2625
2558
2555
2640
2746
2657
2663
2737
2774
2753
2813
2809
2783
2761
2709
2600
2563
2510
2479
2517
2574
2570
2575
2588
2637
2678
2686
2704
2796
2781
2725
2803
2753
2707
2715
2679
2670
2600
2549
2609
2601
2481
2517
2556
2590
2640
2734
2797
2790
2724
2733
2780
2698
2685
2691
2696
2601
2653
2627
2521
2505
2527
2565
2612
2631
2772
2658
2727
2679
2730
2741
2771
2742
2688
2776
2726
2677
2639
2557
2517
2486
2534
2545
2549
2650
2755
2767
2742
2677
2636
2670
2749
2734
2793
2784
2733
2704
2643
2508
2530
2475
2531
2580
2645
2700
2635
2619
2682
2706
2707
2740
2792
2752
2780
2756
2669
2647
2596
2539
2530
2572
2602
2636
2606
2643
2600
2626
2630
2701
2708
2762
2780
2759
2811
2783
2712
2641
2624
2557
2541
2567
2544
2560
2550
2610
2626
2656
2618
2721
2740
2762
2771
2726
2769
2733
2695
2696
2645
2672
2650
2582
2544
2501
2545
2586
2596
2671
2685
2689
2770
2692
2685
2742
2775
2689
2747
2669
2659
2591
2627
2556
2578
2646
2564
2638
2662
2586
2682
2658
2684
2683
2679
2707
2811
2746
2698
2729
2707
2540
2530
2493
2515
2562
2577
2670
2720
2648
2663
2635
2685
2718
2719
2731
2812
2779
2727
2709
2671
2607
2571
2525
2580
2630
2614
2620
2546
2569
2623
2638
2673
2755
2749
2844
2826
2739
2714
2698
2610
2621
2550
2535
2655
2620
2564
2541
2586
2610
2554
2626
2696
2695
2739
2819
2756
2781
2758
2672
2671
2649
2642
2613
2566
2564
2570
2588
2635
2528
2617
2651
2722
2681
2720
2760
2675
2715
2731
2755
2692
2666
2722
2651
2567
2572
2552
2530
2591
2560
2603
2647
2658
2662
2708
2730
2795
2819
2753
2684
2724
2703
2629
2610
2617
2579
2616
2615
2604
2606
2613
2617
2600
2605
2606
2703
2767
2801
2792
2752
2707
2699
2586
2518
2630
2595
2610
2590
2619
2609
2563
2578
2651
2640
2659
2772
2763
2780
2738
2725
2688
2696
2674
2652
2653
2685
2630
2581
2577
2569
2555
2562
2627
2626
2720
2737
2756
2828
2693
2696
2702
2650
2654
2672
2669
2702
2613
2587
2582
2576
2569
2625
2625
2556
2662
2739
2705
2727
2660
2752
2699
2738
2716
2696
2637
2610
2586
2607
2625
2550
2560
2627
2653
2671
2708
2656
2677
2668
2685
2742
2752
2731
2706
2673
2637
2658
2617
2603
2615
2601
2589
2581
2543
2686
2645
2703
2742
2763
2741
2741
2701
2710
2693
2644
2646
2656
2602
2628
2636
2579
2609
2606
2516
2553
2607
2637
2730
2763
2773
2760
2757
2642
2697
2643
2657
2658
2706
2584
2574
2626
2513
2561
2621
2655
2693
2706
2732
2746
2713
2705
2754
2655
2669
2705
2653
2733
2616
2628
2624
2596
2477
2565
2583
2604
2667
2706
2766
2710
2751
2678
2612
2668
2730
2691
2677
2650
2681
2663
2612
2551
2583
2574
2631
2646
2651
2699
2635
2609
2692
2758
2743
2770
2735
2666
2709
2706
2623
2635
2570
2535
2628
2581
2568
2637
2627
2621
2722
2733
2723
2699
2684
2723
2751
2684
2679
2706
2651
2659
2632
2605
2577
2569
2591
2602
2639
2644
2644
2711
2740
2736
2759
2754
2713
2658
2598
2714
2696
2635
2669
2636
2635
2565
2545
2590
2595
2656
2625
2704
2750
2715
2690
2699
2705
2721
2707
2672
2705
2661
2633
2563
2535
2554
2564
2608
2616
2668
2720
2681
2669
2709
2701
2636
2667
2725
2726
2749
2745
2675
2614
2578
2608
2538
2569
2683
2627
2599
2670
2586
2667
2682
2706
2683
2724
2740
2732
2685
2619
2662
2606
2565
2587
2637
2633
2644
2647
2636
2697
2598
2621
2682
2750
2768
2704
2772
2640
2713
2723
2624
2601
2597
2613
2603
2572
2568
2647
2662
2577
2677
2663
2710
2716
2686
2746
2724
2683
2712
2725
2668
2605
2612
2638
2593
2603
2614
2620
2596
2619
2648
2690
2731
2687
2736
2737
2685
2712
2671
2694
2728
2724
2672
2607
2559
2601
2573
2594
2621
2639
2615
2606
2670
2654
2689
2670
2690
2737
2762
2693
2708
2694
2598
2596
2610
2636
2609
2623
2665
2606
2688
2677
2643
2677
2597
2701
2724
2733
2756
2738
2715
2677
2657
2652
2573
2616
2583
2617
2614
2624
2621
2655
2610
2632
2701
2736
2728
2741
2736
2698
2644
2624
2614
2684
2694
2605
2650
2647
2603
2600
2591
2644
2603
2652
2666
2761
2716
2697
2796
2703
2692
2677
2624
2632
2622
2675
2578
2596
2573
2597
2634
2677
2618
2673
2677
2688
2698
2667
2768
2684
2683
2725
2686
2697
2625
2653
2570
2593
2596
2648
2532
2629
2716
2637
2610
2683
2677
2720
2767
2680
2674
2746
2676
2631
2623
2672
2609
2623
2559
2611
2624
2559
2599
2627
2674
2675
2701
2741
2736
2759
2764
2654
2693
2620
2630
2612
2616
2607
2629
2634
2625
2629
2576
2567
2665
2685
2712
2697
2697
2722
2721
2688
2709
2651
2628
2649
2644
2670
2656
2592
2576
2572
2632
2636
2645
2695
2707
2749
2693
2685
2620
2657
2688
2645
2686
2677
2637
2684
2665
2567
2598
2622
2601
2619
2643
2668
2664
2709
2687
2737
2695
2693
2708
2685
2711
2613
2635
2620
2605
2641
2614
2599
2622
2603
2705
2660
2631
2664
2687
2657
2731
2743
2758
2733
2686
2670
2605
2567
2681
2625
2615
2572
2599
2652
2630
2609
2667
2720
2703
2681
2695
2703
2666
2684
2687
2667
2647
2691
2631
2621
2657
2611
2641
2629
2556
2597
2641
2689
2773
2679
2727
2714
2681
2616
2696
2700
2606
2635
2720
2642
2593
2576
2576
2621
2635
2663
2658
2680
2728
2686
2652
2674
2629
2679
2689
2727
2735
2671
2596
2625
2580
2640
2530
2613
2596
2671
2712
2650
2711
2684
2695
2700
2671
2723
2718
2674
2641
2633
2692
2640
2567
2588
2633
2663
2561
2633
2744
2633
2646
2668
2707
2725
2761
2705
2675
2717
2648
2581
2659
2631
2595
2618
2615
2625
2602
2608
2618
2617
2678
2697
2690
2682
2733
2722
2690
2699
2655
2661
2718
2634
2647
2635
2553
2614
2621
2613
2673
2694
2699
2720
2685
2657
2671
2673
2683
2632
2677
2705
2699
2644
2625
2609
2609
2599
2556
2627
2613
2680
2696
2657
2695
2723
2702
2674
2673
2705
2703
2704
2720
2654
2611
2573
2635
2584
2585
2679
2688
2655
2685
2667
2656
2658
2681
2656
2710
2742
2722
2711
2651
2631
2629
2596
2616
2551
2633
2634
2651
2618
2614
2642
2712
2676
2722
2673
2698
2721
2654
2691
2655
2646
2664
2649
2618
2600
2630
2680
2633
2611
2657
2644
2728
2658
2692
2717
2728
2697
2701
2735
2669
2625
2571
2628
2674
2630
2673
2607
2638
2650
2652
2649
2667
2702
2691
2703
2709
2695
2690
2705
2688
2640
2655
2622
2609
2646
2612
2545
2568
2718
2664
2651
2689
2681
2661
2688
2665
2650
2668
2694
2673
2671
2711
2684
2625
2671
2663
2585
2602
2642
2683
2637
2666
2664
2629
2662
2711
2710
2715
2716
2702
2644
2657
2622
2611
2634
2607
2674
2622
2694
2661
2655
2680
2631
2642
2677
2682
2764
2740
2650
2652
2685
2674
2572
2623
2614
2613
2677
2620
2628
2664
2646
2616
2642
2664
2704
2704
2732
2731
2678
2668
2699
2630
2638
2604
2666
2631
2636
2698
2612
2564
2649
2615
2611
2682
2692
2695
2656
2693
2675
2665
2673
2684
2702
2680
2592
2635
2649
2624
2659
2660
2636
2610
2629
2651
2656
2639
2710
2708
2724
2722
2738
2686
2641
2642
2648
2650
2632
2652
2567
2619
2650
2607
2653
2725
2616
2658
2677
2700
2726
2679
2729
2707
2659
2642
2626
2606
2621
2676
2661
2628
2650
2627
2627
2615
2577
2659
2705
2723
2704
2667
2669
2632
2681
2690
2607
2663
2639
2663
2653
2697
2644
2644
2660
2624
2659
2668
2678
2674
2690
2670
2661
2669
2672
2646
2611
2639
2658
2592
2665
2626
2615
2623
2581
2646
2683
2727
2712
2676
2699
2720
2669
2587
2729
2719
2642
2678
2704
2627
2631
2610
2591
2642
2624
2655
2668
2646
2666
2727
2680
2623
2627
2674
2746
2667
2588
2728
2632
2606
2667
2689
2627
2639
2652
2651
2689
2633
2626
2663
2720
2729
2728
2662
2669
2672
2668
2625
2699
2612
2598
2677
2652
2631
2606
2658
2638
2619
2679
2723
2705
2681
2657
2657
2681
2650
2664
2658
2711
2630
2628
2639
2643
2617
2607
2626
2595
2666
2738
2702
2695
2709
2712
2646
2665
2683
2641
2650
2617
2700
2713
2573
2620
2616
2647
2652
2583
2668
2680
2672
2669
2676
2677
2659
2705
2700
2719
2669
2630
2659
2651
2659
2613
2582
2616
2618
2647
2655
2664
2677
2673
2666
2662
2687
2690
2707
2702
2659
2658
2670
2681
2621
2571
2621
2630
2610
2604
2652
2662
2654
2698
2687
2669
2713
2707
2718
2655
2673
2672
2685
2590
2660
2660
2617
2672
2594
2606
2681
2642
2605
2647
2701
2668
2661
2687
2655
2668
2719
2674
2660
2668
2631
2656
2653
2635
2641
2610
2659
2673
2672
2684
2693
2678
2650
2641
2660
2712
2666
2692
2701
2685
2649
2672
2604
2571
2582
2664
2622
2655
2684
2748
2682
2643
2688
2636
2684
2666
2695
2681
2699
2667
2592
2618
2623
2641
2666
2624
2622
2612
2663
2692
2650
2610
2660
2690
2712
2717
2718
2720
2743
2612
2626
2656
2592
2654
2619
2578
2656
2649
2660
2663
2657
2639
2664
2664
2702
2640
2698
2704
2667
2684
2686
2649
2638
2619
2638
2607
2565
2667
2681
2597
2680
2664
2619
2729
2691
2650
2717
2691
2687
2662
2621
2665
2664
2660
2619
2624
2666
2613
2656
2627
2627
2665
2697
2645
2706
2654
2708
2669
2647
2660
2693
2660
2638
2621
2615
2616
2646
2634
2670
2650
2670
2687
2698
2654
2681
2711
2643
2670
2709
2645
2653
2682
2689
2612
2584
2635
2659
2636
2653
2675
2692
2631
2654
2656
2689
2725
2698
2644
2648
2706
2693
2618
2619
2722
2638
2590
2626
2578
2633
2701
2620
2593
2607
2662
2648
2673
2738
2679
2733
2687
2666
2650
2662
2660
2661
2656
2698
2616
2627
2632
2681
2674
2630
2644
2711
2671
2657
2714
2642
2719
2651
2607
2629
2695
2655
2650
2681
2650
2656
2633
2631
2649
2646
2677
2717
2674
2682
2665
2644
2683
2673
2674
2650
2683
2686
2655
2652
2660
2636
2657
2689
2677
2631
2690
2697
2648
2643
2640
2700
2683
2656
2707
2630
2622
2631
2643
2667
2660
2629
2646
2714
2607
2636
2625
2622
2700
2639
2676
2735
2637
2639
2654
2681
2631
2691
2627
2574
2658
2644
2710
2622
2626
2643
2642
2681
2717
2740
2702
2689
2729
2662
2617
2650
2659
2695
2682
2625
2609
2676
2668
2582
2640
2673
2619
2660
2668
2653
2657
2686
2677
2673
2670
2673
2670
2644
2615
2628
2650
2622
2628
2668
2631
2691
2653
2639
2710
2655
2656
2687
2668
2670
2659
2694
2650
2624
2666
2691
2663
2642
2649
2603
2649
2692
2625
2648
2642
2667
2689
2644
2642
2669
2688
2690
2689
2657
2666
2612
2598
2661
2676
2599
2690
2700
2646
2619
2638
2682
2704
2692
2645
2693
2716
2641
2696
2622
2644
2638
2630
2635
2653
2656
2612
2622
2669
2674
2671
2667
2697
2684
2670
2685
2697
2599
2647
2643
2691
2651
2671
2612
2625
2669
2647
2571
2637
2696
2644
2690
2709
2666
2604
2700
2671
2657
2658
2709
2673
2667
2641
2656
2668
2641
2585
2642
2685
2616
2619
2701
2686
2610
2655
2684
2717
2665
2640
2703
2684
2652
2671
2668
2657
2618
2613
2673
2647
2693
2672
2669
2649
2655
2693
2654
2678
2662
2680
2691
2669
2627
2592
2654
2635
2641
2602
2645
2693
2646
2606
2670
2672
2673
2698
2726
2644
2657
2670
2631
2636
2621
2663
2681
2628
2582
2661
2679
2609
2650
2677
2638
2692
2732
2631
2662
2673
2686
2694
2675
2670
2673
2640
2602
2682
2661
2587
2632
2643
2600
2629
2603
2696
2629
2661
2693
2673
2664
2710
2698
2672
2693
2691
2653
2620
2622
2637
2645
2670
2603
2638
2619
2711
2684
2638
2677
2681
2618
2677
2702
2657
2644
2714
2649
2669
2668
2613
2672
2714
2647
2600
2655
2684
2642
2646
2699
2595
2664
2678
2692
2642
2627
2709
2657
2697
2678
2617
2642
2642
2686
2667
2644
2691
2629
2627
2663
2593
2652
2709
2683
2675
2640
2663
2616
2622
2691
2630
2592
2654
2671
2694
2664
2597
2637
2713
2689
2613
2697
2698
2703
2681
2652
2662
2675
2696
2611
2607
2642
2643
2651
2660
2638
2657
2632
2661
2672
2627
2670
2708
2702
2701
2657
2669
2695
2633
2643
2663
2594
2615
2694
2606
2646
2679
2628
2695
2650
2680
2678
2606
2699
2730
2653
2671
2605
2708
2709
2640
2583
2629
2646
2653
2636
2638
2707
