01012048.PTO
COCZ
2012/01/01 20:48:38.2099
100.0000 m/s  
12735 muestras
-9644
-9636
-9633
-9634
-9631
-9631
-9632
-9632
-9634
-9636
-9641
-9638
-9649
-9651
-9648
-9644
-9639
-9634
-9635
-9634
-9632
-9633
-9630
-9627
-9629
-9637
-9636
-9635
-9636
-9638
-9635
-9637
-9639
-9638
-9638
-9636
-9637
-9635
-9639
-9635
-9625
-9623
-9629
-9626
-9628
-9633
-9630
-9629
-9631
-9633
-9626
-9628
-9625
-9620
-9618
-9618
-9621
-9623
-9626
-9628
-9630
-9625
-9623
-9625
-9625
-9624
-9629
-9628
-9629
-9630
-9631
-9630
-9623
-9622
-9618
-9620
-9623
-9623
-9624
-9624
-9627
-9622
-9623
-9624
-9626
-9621
-9613
-9618
-9620
-9622
-9625
-9622
-9620
-9622
-9623
-9625
-9626
-9631
-9632
-9631
-9632
-9633
-9628
-9622
-9623
-9621
-9621
-9622
-9626
-9623
-9622
-9619
-9617
-9620
-9622
-9620
-9622
-9627
-9630
-9626
-9622
-9621
-9618
-9617
-9617
-9621
-9619
-9618
-9620
-9623
-9624
-9623
-9622
-9622
-9619
-9618
-9615
-9617
-9617
-9613
-9610
-9610
-9612
-9618
-9623
-9619
-9621
-9620
-9616
-9611
-9613
-9609
-9609
-9614
-9616
-9617
-9620
-9624
-9621
-9620
-9621
-9621
-9615
-9612
-9614
-9611
-9609
-9616
-9618
-9617
-9619
-9619
-9619
-9618
-9617
-9610
-9611
-9619
-9621
-9619
-9618
-9618
-9613
-9614
-9617
-9616
-9613
-9612
-9619
-9618
-9614
-9620
-9622
-9621
-9618
-9621
-9618
-9612
-9616
-9618
-9614
-9613
-9617
-9615
-9616
-9614
-9616
-9614
-9618
-9618
-9616
-9616
-9616
-9621
-9615
-9620
-9622
-9617
-9613
-9612
-9612
-9608
-9609
-9612
-9604
-9605
-9611
-9613
-9612
-9611
-9614
-9615
-9612
-9612
-9609
-9602
-9603
-9605
-9611
-9609
-9611
-9609
-9608
-9606
-9607
-9608
-9601
-9599
-9595
-9601
-9602
-9605
-9599
-9601
-9601
-9598
-9598
-9601
-9602
-9601
-9602
-9600
-9603
-9596
-9595
-9595
-9597
-9593
-9597
-9601
-9596
-9600
-9599
-9597
-9594
-9595
-9595
-9591
-9594
-9595
-9590
-9587
-9590
-9599
-9597
-9599
-9599
-9595
-9593
-9591
-9586
-9585
-9589
-9591
-9588
-9590
-9593
-9596
-9594
-9590
-9589
-9585
-9585
-9585
-9588
-9592
-9594
-9597
-9601
-9599
-9604
-9598
-9590
-9589
-9586
-9588
-9586
-9588
-9590
-9590
-9593
-9595
-9590
-9587
-9590
-9588
-9588
-9587
-9585
-9584
-9584
-9593
-9597
-9599
-9603
-9605
-9597
-9598
-9600
-9604
-9603
-9602
-9602
-9592
-9590
-9592
-9604
-9600
-9604
-9603
-9602
-9602
-9601
-9601
-9597
-9604
-9603
-9607
-9604
-9607
-9599
-9592
-9595
-9599
-9607
-9610
-9613
-9607
-9604
-9607
-9606
-9605
-9612
-9613
-9614
-9614
-9615
-9613
-9609
-9611
-9608
-9609
-9613
-9614
-9615
-9617
-9619
-9621
-9624
-9624
-9624
-9622
-9622
-9622
-9620
-9619
-9619
-9618
-9615
-9620
-9620
-9623
-9619
-9624
-9627
-9624
-9622
-9622
-9624
-9621
-9619
-9619
-9622
-9617
-9618
-9615
-9618
-9619
-9622
-9621
-9621
-9623
-9623
-9624
-9625
-9632
-9633
-9632
-9627
-9628
-9625
-9625
-9620
-9618
-9617
-9617
-9618
-9618
-9621
-9624
-9620
-9620
-9623
-9622
-9615
-9615
-9613
-9609
-9611
-9610
-9615
-9621
-9625
-9621
-9621
-9619
-9616
-9618
-9621
-9621
-9616
-9615
-9619
-9618
-9620
-9617
-9619
-9618
-9619
-9620
-9616
-9618
-9615
-9613
-9612
-9615
-9614
-9615
-9612
-9611
-9605
-9605
-9604
-9608
-9611
-9607
-9611
-9606
-9608
-9604
-9606
-9611
-9612
-9609
-9606
-9615
-9615
-9612
-9604
-9610
-9614
-9612
-9614
-9612
-9614
-9608
-9610
-9605
-9608
-9602
-9603
-9599
-9599
-9601
-9602
-9608
-9605
-9608
-9600
-9604
-9601
-9604
-9599
-9597
-9602
-9601
-9604
-9602
-9604
-9605
-9607
-9607
-9607
-9607
-9610
-9609
-9605
-9604
-9606
-9610
-9607
-9610
-9609
-9611
-9615
-9615
-9615
-9617
-9617
-9618
-9618
-9615
-9617
-9618
-9620
-9618
-9619
-9618
-9620
-9618
-9620
-9625
-9628
-9627
-9625
-9629
-9628
-9628
-9624
-9625
-9627
-9627
-9625
-9627
-9630
-9628
-9628
-9634
-9635
-9634
-9637
-9634
-9634
-9634
-9633
-9633
-9634
-9632
-9634
-9637
-9637
-9636
-9635
-9635
-9634
-9634
-9635
-9633
-9633
-9630
-9631
-9629
-9633
-9636
-9634
-9632
-9629
-9630
-9630
-9629
-9630
-9632
-9631
-9633
-9632
-9633
-9630
-9629
-9633
-9632
-9630
-9629
-9626
-9626
-9627
-9622
-9621
-9619
-9620
-9618
-9616
-9616
-9614
-9617
-9616
-9619
-9617
-9619
-9622
-9623
-9621
-9623
-9626
-9625
-9627
-9626
-9628
-9629
-9631
-9627
-9623
-9618
-9612
-9610
-9612
-9615
-9620
-9626
-9631
-9627
-9620
-9621
-9621
-9621
-9619
-9619
-9621
-9620
-9623
-9623
-9617
-9616
-9621
-9619
-9621
-9623
-9621
-9624
-9625
-9629
-9628
-9627
-9626
-9624
-9624
-9624
-9627
-9627
-9630
-9628
-9636
-9636
-9638
-9638
-9636
-9639
-9638
-9640
-9638
-9638
-9640
-9644
-9639
-9640
-9640
-9640
-9644
-9650
-9652
-9656
-9656
-9651
-9649
-9653
-9652
-9650
-9653
-9651
-9653
-9650
-9654
-9655
-9659
-9660
-9663
-9669
-9668
-9667
-9661
-9662
-9661
-9668
-9673
-9675
-9674
-9672
-9676
-9679
-9684
-9682
-9678
-9674
-9674
-9672
-9673
-9673
-9676
-9679
-9681
-9684
-9678
-9680
-9679
-9677
-9678
-9683
-9682
-9680
-9678
-9678
-9678
-9684
-9686
-9684
-9688
-9691
-9686
-9672
-9666
-9662
-9660
-9658
-9660
-9668
-9702
-9749
-9781
-9783
-9777
-9776
-9769
-9737
-9704
-9704
-9725
-9737
-9715
-9694
-9680
-9662
-9623
-9593
-9595
-9617
-9605
-9570
-9554
-9581
-9624
-9664
-9711
-9760
-9809
-9823
-9822
-9798
-9773
-9717
-9655
-9614
-9603
-9613
-9601
-9569
-9510
-9457
-9441
-9471
-9501
-9526
-9563
-9626
-9692
-9747
-9786
-9815
-9804
-9749
-9697
-9661
-9685
-9720
-9740
-9729
-9716
-9701
-9665
-9631
-9623
-9648
-9669
-9687
-9699
-9731
-9751
-9738
-9681
-9635
-9643
-9686
-9707
-9687
-9660
-9632
-9603
-9543
-9478
-9418
-9396
-9415
-9486
-9588
-9661
-9677
-9641
-9606
-9597
-9621
-9640
-9655
-9694
-9748
-9780
-9769
-9717
-9634
-9571
-9544
-9544
-9572
-9614
-9636
-9627
-9613
-9621
-9640
-9638
-9621
-9611
-9590
-9552
-9524
-9542
-9617
-9724
-9826
-9903
-9939
-9895
-9778
-9627
-9511
-9463
-9494
-9548
-9583
-9587
-9529
-9436
-9324
-9227
-9148
-9150
-9247
-9411
-9577
-9688
-9725
-9698
-9662
-9622
-9616
-9647
-9692
-9718
-9706
-9669
-9593
-9508
-9458
-9480
-9543
-9590
-9591
-9549
-9473
-9395
-9332
-9301
-9361
-9466
-9598
-9699
-9738
-9704
-9632
-9584
-9574
-9616
-9659
-9671
-9636
-9577
-9501
-9433
-9407
-9433
-9495
-9566
-9599
-9584
-9557
-9551
-9568
-9591
-9607
-9618
-9612
-9595
-9569
-9521
-9457
-9398
-9351
-9322
-9339
-9398
-9478
-9538
-9567
-9558
-9544
-9541
-9550
-9567
-9577
-9592
-9617
-9652
-9695
-9733
-9760
-9797
-9847
-9894
-9898
-9834
-9715
-9585
-9470
-9383
-9327
-9300
-9289
-9299
-9319
-9318
-9269
-9209
-9185
-9228
-9349
-9513
-9682
-9821
-9913
-9937
-9913
-9877
-9853
-9848
-9858
-9852
-9814
-9725
-9599
-9471
-9368
-9307
-9284
-9293
-9308
-9310
-9277
-9245
-9246
-9307
-9433
-9597
-9745
-9827
-9843
-9807
-9760
-9727
-9722
-9746
-9796
-9839
-9828
-9747
-9630
-9523
-9472
-9512
-9597
-9679
-9702
-9658
-9569
-9462
-9395
-9380
-9426
-9521
-9617
-9667
-9666
-9625
-9587
-9582
-9634
-9718
-9798
-9844
-9830
-9764
-9663
-9594
-9590
-9640
-9713
-9760
-9762
-9717
-9652
-9591
-9554
-9548
-9565
-9586
-9582
-9553
-9504
-9461
-9437
-9464
-9538
-9644
-9757
-9858
-9929
-9952
-9942
-9913
-9886
-9864
-9845
-9803
-9722
-9616
-9525
-9468
-9449
-9457
-9476
-9482
-9489
-9495
-9505
-9518
-9521
-9542
-9562
-9609
-9663
-9733
-9810
-9881
-9936
-9945
-9924
-9866
-9812
-9752
-9720
-9701
-9700
-9694
-9661
-9600
-9514
-9449
-9419
-9445
-9478
-9550
-9599
-9629
-9623
-9618
-9653
-9701
-9775
-9820
-9842
-9817
-9765
-9696
-9662
-9684
-9753
-9849
-9913
-9930
-9871
-9776
-9667
-9579
-9534
-9543
-9586
-9602
-9576
-9480
-9384
-9334
-9377
-9483
-9602
-9704
-9756
-9774
-9746
-9721
-9711
-9751
-9812
-9880
-9920
-9899
-9832
-9727
-9652
-9622
-9654
-9697
-9734
-9723
-9667
-9578
-9480
-9438
-9458
-9532
-9608
-9675
-9690
-9678
-9658
-9654
-9678
-9718
-9759
-9775
-9768
-9735
-9668
-9588
-9532
-9517
-9542
-9583
-9626
-9662
-9706
-9750
-9779
-9807
-9834
-9849
-9853
-9839
-9801
-9752
-9713
-9701
-9703
-9706
-9706
-9692
-9673
-9644
-9607
-9576
-9557
-9551
-9558
-9563
-9566
-9571
-9584
-9602
-9628
-9659
-9684
-9708
-9735
-9773
-9813
-9857
-9880
-9868
-9822
-9762
-9679
-9617
-9587
-9609
-9658
-9706
-9740
-9750
-9746
-9726
-9711
-9691
-9696
-9701
-9680
-9610
-9528
-9459
-9442
-9484
-9553
-9631
-9686
-9699
-9700
-9706
-9704
-9736
-9795
-9869
-9929
-9956
-9910
-9813
-9703
-9626
-9604
-9625
-9692
-9724
-9721
-9665
-9590
-9530
-9523
-9554
-9605
-9661
-9683
-9667
-9607
-9577
-9556
-9598
-9680
-9784
-9857
-9897
-9893
-9834
-9794
-9758
-9742
-9722
-9726
-9692
-9624
-9553
-9484
-9449
-9479
-9563
-9640
-9712
-9754
-9724
-9656
-9612
-9609
-9635
-9698
-9755
-9765
-9762
-9751
-9725
-9694
-9705
-9715
-9721
-9740
-9738
-9702
-9648
-9601
-9546
-9525
-9520
-9512
-9480
-9473
-9493
-9522
-9589
-9677
-9765
-9829
-9878
-9865
-9831
-9788
-9731
-9663
-9610
-9575
-9544
-9551
-9578
-9602
-9612
-9622
-9605
-9572
-9545
-9529
-9522
-9544
-9594
-9648
-9700
-9730
-9728
-9699
-9672
-9654
-9654
-9675
-9703
-9699
-9668
-9622
-9568
-9532
-9528
-9539
-9545
-9547
-9524
-9495
-9482
-9501
-9540
-9604
-9682
-9737
-9755
-9721
-9666
-9589
-9560
-9571
-9607
-9650
-9683
-9680
-9636
-9594
-9552
-9557
-9590
-9647
-9662
-9637
-9575
-9495
-9426
-9394
-9417
-9465
-9533
-9565
-9563
-9522
-9483
-9462
-9484
-9539
-9604
-9659
-9679
-9666
-9633
-9612
-9609
-9632
-9678
-9720
-9727
-9704
-9653
-9598
-9570
-9577
-9601
-9629
-9645
-9635
-9582
-9516
-9461
-9429
-9433
-9475
-9543
-9588
-9618
-9611
-9583
-9550
-9529
-9529
-9535
-9544
-9536
-9531
-9531
-9551
-9582
-9623
-9670
-9689
-9694
-9678
-9646
-9622
-9616
-9620
-9633
-9646
-9652
-9655
-9651
-9651
-9629
-9606
-9582
-9555
-9537
-9522
-9525
-9541
-9566
-9581
-9571
-9555
-9535
-9514
-9510
-9538
-9587
-9652
-9711
-9750
-9764
-9742
-9719
-9696
-9700
-9708
-9711
-9695
-9667
-9634
-9610
-9616
-9637
-9678
-9701
-9715
-9675
-9599
-9521
-9468
-9456
-9493
-9565
-9637
-9686
-9691
-9670
-9641
-9635
-9659
-9715
-9769
-9802
-9792
-9750
-9704
-9673
-9673
-9704
-9755
-9797
-9809
-9782
-9728
-9676
-9649
-9654
-9674
-9695
-9708
-9689
-9636
-9573
-9530
-9520
-9562
-9639
-9726
-9779
-9794
-9771
-9740
-9738
-9767
-9815
-9845
-9850
-9818
-9766
-9705
-9655
-9640
-9662
-9709
-9758
-9787
-9784
-9750
-9700
-9657
-9635
-9645
-9664
-9679
-9685
-9694
-9710
-9726
-9761
-9793
-9828
-9844
-9845
-9835
-9816
-9799
-9787
-9778
-9775
-9763
-9739
-9704
-9659
-9627
-9603
-9607
-9629
-9665
-9698
-9733
-9767
-9795
-9808
-9805
-9793
-9768
-9753
-9751
-9757
-9775
-9811
-9845
-9867
-9859
-9815
-9749
-9692
-9660
-9647
-9650
-9654
-9652
-9644
-9645
-9661
-9687
-9724
-9763
-9797
-9810
-9811
-9792
-9758
-9737
-9742
-9760
-9785
-9796
-9770
-9723
-9662
-9617
-9600
-9631
-9686
-9738
-9762
-9744
-9698
-9648
-9617
-9616
-9644
-9680
-9708
-9710
-9695
-9666
-9653
-9668
-9706
-9752
-9784
-9783
-9742
-9687
-9635
-9592
-9578
-9595
-9625
-9655
-9665
-9641
-9603
-9584
-9585
-9604
-9636
-9672
-9681
-9658
-9621
-9585
-9569
-9579
-9616
-9665
-9692
-9694
-9674
-9636
-9615
-9605
-9608
-9624
-9641
-9647
-9635
-9606
-9574
-9548
-9536
-9546
-9561
-9579
-9583
-9590
-9597
-9604
-9614
-9623
-9619
-9602
-9572
-9533
-9504
-9491
-9504
-9523
-9549
-9573
-9596
-9604
-9599
-9588
-9564
-9543
-9524
-9516
-9510
-9516
-9539
-9559
-9578
-9594
-9603
-9601
-9590
-9564
-9533
-9531
-9547
-9576
-9590
-9581
-9551
-9514
-9477
-9459
-9464
-9492
-9529
-9546
-9549
-9545
-9544
-9552
-9566
-9585
-9599
-9585
-9554
-9510
-9473
-9458
-9471
-9513
-9568
-9614
-9628
-9605
-9561
-9521
-9493
-9488
-9511
-9548
-9570
-9572
-9548
-9517
-9493
-9496
-9524
-9560
-9587
-9587
-9566
-9538
-9511
-9500
-9516
-9546
-9588
-9608
-9602
-9574
-9532
-9512
-9519
-9553
-9597
-9630
-9641
-9618
-9586
-9549
-9525
-9520
-9530
-9550
-9557
-9541
-9519
-9506
-9496
-9501
-9525
-9557
-9578
-9581
-9568
-9543
-9522
-9518
-9535
-9566
-9604
-9638
-9655
-9668
-9668
-9663
-9660
-9661
-9660
-9649
-9626
-9593
-9567
-9553
-9553
-9550
-9543
-9528
-9510
-9493
-9488
-9492
-9490
-9494
-9506
-9527
-9556
-9580
-9606
-9625
-9639
-9659
-9666
-9663
-9660
-9661
-9670
-9685
-9700
-9712
-9701
-9657
-9596
-9538
-9497
-9484
-9487
-9507
-9532
-9552
-9557
-9557
-9557
-9561
-9575
-9587
-9609
-9617
-9619
-9611
-9603
-9607
-9626
-9665
-9695
-9708
-9694
-9658
-9607
-9569
-9562
-9574
-9597
-9618
-9623
-9599
-9542
-9495
-9476
-9489
-9528
-9585
-9638
-9670
-9676
-9676
-9680
-9685
-9704
-9724
-9748
-9744
-9719
-9678
-9636
-9614
-9618
-9645
-9671
-9676
-9655
-9611
-9559
-9520
-9502
-9522
-9560
-9602
-9626
-9628
-9623
-9626
-9643
-9674
-9714
-9749
-9777
-9781
-9759
-9729
-9703
-9689
-9687
-9688
-9698
-9700
-9683
-9655
-9627
-9608
-9604
-9612
-9634
-9653
-9655
-9651
-9651
-9661
-9677
-9691
-9698
-9701
-9697
-9702
-9710
-9713
-9718
-9727
-9733
-9731
-9720
-9701
-9684
-9666
-9658
-9651
-9649
-9652
-9658
-9665
-9680
-9698
-9709
-9719
-9720
-9707
-9692
-9677
-9674
-9692
-9722
-9752
-9774
-9782
-9768
-9744
-9712
-9689
-9688
-9701
-9713
-9714
-9703
-9690
-9683
-9683
-9688
-9697
-9701
-9703
-9698
-9683
-9679
-9688
-9715
-9754
-9797
-9821
-9820
-9792
-9752
-9716
-9699
-9707
-9748
-9794
-9818
-9813
-9786
-9756
-9724
-9715
-9716
-9735
-9752
-9750
-9733
-9709
-9699
-9708
-9737
-9772
-9797
-9805
-9800
-9779
-9754
-9742
-9757
-9791
-9830
-9848
-9841
-9816
-9779
-9747
-9737
-9746
-9769
-9793
-9806
-9799
-9782
-9761
-9743
-9746
-9757
-9773
-9785
-9788
-9787
-9780
-9770
-9771
-9788
-9812
-9827
-9834
-9827
-9805
-9784
-9778
-9781
-9782
-9783
-9781
-9787
-9790
-9798
-9811
-9812
-9813
-9813
-9807
-9795
-9779
-9766
-9759
-9763
-9775
-9783
-9790
-9796
-9803
-9808
-9809
-9805
-9800
-9794
-9779
-9770
-9773
-9783
-9795
-9802
-9805
-9802
-9784
-9762
-9738
-9732
-9742
-9765
-9804
-9826
-9831
-9815
-9796
-9780
-9763
-9761
-9757
-9762
-9768
-9769
-9764
-9757
-9759
-9764
-9774
-9784
-9782
-9763
-9733
-9707
-9688
-9700
-9742
-9791
-9823
-9821
-9803
-9768
-9734
-9715
-9715
-9734
-9758
-9775
-9778
-9759
-9738
-9715
-9700
-9711
-9723
-9744
-9749
-9740
-9728
-9716
-9725
-9741
-9765
-9780
-9780
-9763
-9730
-9702
-9688
-9693
-9719
-9746
-9771
-9784
-9769
-9750
-9725
-9714
-9709
-9715
-9725
-9725
-9723
-9708
-9701
-9701
-9702
-9708
-9722
-9732
-9734
-9722
-9707
-9695
-9694
-9698
-9711
-9726
-9729
-9728
-9720
-9714
-9711
-9710
-9704
-9706
-9702
-9696
-9688
-9676
-9672
-9668
-9677
-9678
-9676
-9682
-9682
-9681
-9683
-9687
-9695
-9701
-9698
-9697
-9693
-9692
-9691
-9686
-9682
-9667
-9648
-9634
-9620
-9621
-9639
-9659
-9685
-9700
-9689
-9666
-9639
-9614
-9607
-9621
-9640
-9651
-9662
-9662
-9660
-9656
-9648
-9649
-9651
-9649
-9637
-9619
-9592
-9577
-9572
-9581
-9601
-9626
-9636
-9626
-9600
-9569
-9556
-9561
-9583
-9611
-9641
-9657
-9651
-9620
-9589
-9565
-9562
-9574
-9597
-9611
-9613
-9605
-9594
-9580
-9573
-9580
-9590
-9591
-9573
-9554
-9531
-9514
-9503
-9526
-9556
-9584
-9598
-9594
-9567
-9533
-9510
-9498
-9516
-9537
-9562
-9565
-9565
-9554
-9545
-9541
-9541
-9558
-9568
-9577
-9568
-9559
-9544
-9534
-9532
-9541
-9548
-9540
-9535
-9514
-9500
-9495
-9499
-9506
-9518
-9531
-9538
-9543
-9537
-9532
-9529
-9538
-9538
-9531
-9530
-9528
-9533
-9536
-9544
-9540
-9552
-9556
-9553
-9544
-9526
-9518
-9504
-9514
-9515
-9518
-9503
-9505
-9507
-9517
-9537
-9545
-9564
-9564
-9555
-9533
-9517
-9495
-9510
-9533
-9559
-9577
-9574
-9563
-9541
-9539
-9530
-9530
-9547
-9564
-9568
-9559
-9548
-9527
-9524
-9537
-9547
-9550
-9545
-9539
-9518
-9506
-9513
-9536
-9553
-9595
-9617
-9606
-9583
-9558
-9525
-9507
-9527
-9541
-9578
-9597
-9606
-9595
-9579
-9572
-9576
-9586
-9593
-9601
-9583
-9569
-9550
-9540
-9539
-9559
-9585
-9605
-9614
-9600
-9589
-9567
-9564
-9578
-9604
-9623
-9641
-9644
-9618
-9598
-9579
-9574
-9577
-9590
-9602
-9616
-9622
-9613
-9609
-9608
-9608
-9612
-9621
-9627
-9617
-9605
-9599
-9607
-9619
-9635
-9655
-9667
-9673
-9672
-9666
-9659
-9663
-9662
-9659
-9657
-9659
-9646
-9644
-9647
-9649
-9658
-9656
-9660
-9656
-9664
-9664
-9666
-9672
-9679
-9687
-9689
-9689
-9686
-9690
-9696
-9706
-9713
-9724
-9729
-9718
-9709
-9693
-9686
-9696
-9719
-9725
-9717
-9708
-9678
-9665
-9661
-9671
-9682
-9712
-9743
-9753
-9745
-9736
-9733
-9728
-9740
-9748
-9762
-9756
-9748
-9734
-9728
-9735
-9744
-9767
-9780
-9786
-9760
-9730
-9701
-9679
-9680
-9701
-9730
-9750
-9770
-9760
-9754
-9737
-9730
-9738
-9754
-9775
-9790
-9803
-9794
-9788
-9771
-9765
-9758
-9766
-9774
-9773
-9762
-9740
-9733
-9732
-9755
-9782
-9799
-9798
-9783
-9762
-9734
-9731
-9727
-9736
-9765
-9784
-9796
-9799
-9787
-9766
-9772
-9765
-9761
-9765
-9776
-9770
-9762
-9759
-9747
-9750
-9750
-9766
-9756
-9755
-9747
-9745
-9748
-9749
-9761
-9765
-9780
-9776
-9775
-9754
-9749
-9752
-9743
-9752
-9749
-9754
-9752
-9752
-9742
-9740
-9752
-9734
-9738
-9726
-9723
-9712
-9716
-9729
-9733
-9747
-9750
-9757
-9749
-9763
-9750
-9759
-9769
-9762
-9747
-9730
-9714
-9695
-9696
-9708
-9727
-9733
-9746
-9743
-9729
-9715
-9703
-9698
-9707
-9720
-9727
-9731
-9727
-9723
-9718
-9714
-9716
-9719
-9734
-9738
-9735
-9723
-9708
-9708
-9711
-9730
-9744
-9749
-9744
-9725
-9690
-9670
-9666
-9678
-9701
-9724
-9739
-9732
-9717
-9699
-9680
-9674
-9681
-9693
-9701
-9710
-9698
-9693
-9709
-9714
-9734
-9741
-9756
-9747
-9732
-9712
-9688
-9686
-9692
-9711
-9720
-9744
-9725
-9716
-9694
-9686
-9687
-9693
-9708
-9713
-9734
-9721
-9713
-9699
-9694
-9688
-9689
-9691
-9699
-9701
-9697
-9701
-9709
-9708
-9729
-9722
-9728
-9731
-9715
-9699
-9698
-9706
-9695
-9708
-9704
-9714
-9705
-9722
-9711
-9714
-9706
-9707
-9694
-9692
-9691
-9686
-9684
-9687
-9710
-9682
-9705
-9696
-9705
-9690
-9707
-9703
-9705
-9716
-9706
-9708
-9686
-9688
-9673
-9694
-9700
-9709
-9705
-9706
-9697
-9676
-9682
-9674
-9678
-9689
-9702
-9700
-9682
-9674
-9660
-9661
-9667
-9672
-9682
-9698
-9705
-9684
-9695
-9691
-9691
-9691
-9708
-9698
-9670
-9666
-9641
-9646
-9648
-9680
-9688
-9708
-9720
-9686
-9675
-9651
-9647
-9630
-9655
-9675
-9667
-9686
-9676
-9670
-9652
-9668
-9658
-9674
-9692
-9679
-9674
-9648
-9669
-9648
-9671
-9681
-9685
-9667
-9650
-9642
-9612
-9625
-9630
-9656
-9660
-9679
-9676
-9663
-9658
-9637
-9634
-9629
-9639
-9641
-9649
-9652
-9641
-9655
-9648
-9655
-9653
-9661
-9653
-9642
-9636
-9630
-9635
-9635
-9655
-9648
-9650
-9651
-9648
-9642
-9642
-9640
-9637
-9643
-9650
-9653
-9650
-9642
-9640
-9640
-9646
-9639
-9632
-9639
-9636
-9631
-9634
-9643
-9649
-9652
-9659
-9644
-9630
-9627
-9627
-9629
-9640
-9656
-9649
-9652
-9638
-9637
-9634
-9652
-9663
-9668
-9677
-9664
-9645
-9623
-9620
-9605
-9625
-9633
-9644
-9643
-9653
-9646
-9637
-9643
-9642
-9654
-9659
-9669
-9650
-9653
-9644
-9643
-9645
-9664
-9674
-9665
-9662
-9655
-9646
-9639
-9644
-9639
-9655
-9664
-9680
-9670
-9668
-9645
-9636
-9645
-9650
-9660
-9665
-9685
-9671
-9675
-9670
-9675
-9667
-9678
-9675
-9662
-9658
-9658
-9654
-9642
-9673
-9678
-9681
-9689
-9698
-9675
-9669
-9661
-9653
-9655
-9678
-9680
-9673
-9685
-9683
-9671
-9669
-9687
-9665
-9679
-9692
-9683
-9666
-9671
-9682
-9667
-9672
-9676
-9661
-9653
-9671
-9662
-9659
-9678
-9690
-9680
-9689
-9694
-9682
-9683
-9687
-9679
-9664
-9681
-9666
-9657
-9670
-9678
-9679
-9688
-9699
-9678
-9676
-9673
-9664
-9651
-9666
-9681
-9673
-9677
-9677
-9666
-9660
-9665
-9665
-9667
-9687
-9701
-9693
-9694
-9680
-9664
-9664
-9670
-9673
-9679
-9692
-9684
-9678
-9678
-9668
-9663
-9677
-9684
-9684
-9692
-9689
-9675
-9666
-9678
-9677
-9681
-9693
-9686
-9676
-9669
-9665
-9653
-9673
-9696
-9704
-9702
-9704
-9692
-9662
-9657
-9645
-9650
-9669
-9687
-9690
-9696
-9694
-9682
-9678
-9679
-9683
-9683
-9692
-9686
-9670
-9667
-9664
-9662
-9679
-9686
-9691
-9695
-9692
-9674
-9663
-9668
-9677
-9670
-9689
-9699
-9701
-9687
-9675
-9656
-9648
-9664
-9661
-9676
-9684
-9695
-9672
-9687
-9677
-9679
-9674
-9672
-9680
-9659
-9675
-9666
-9673
-9671
-9679
-9674
-9671
-9678
-9672
-9661
-9652
-9663
-9658
-9667
-9669
-9662
-9658
-9651
-9653
-9645
-9651
-9651
-9654
-9655
-9653
-9655
-9656
-9667
-9660
-9665
-9653
-9649
-9641
-9637
-9644
-9641
-9654
-9644
-9648
-9636
-9631
-9621
-9619
-9627
-9624
-9637
-9628
-9628
-9614
-9613
-9610
-9617
-9627
-9632
-9639
-9630
-9634
-9619
-9618
-9611
-9615
-9611
-9610
-9616
-9607
-9603
-9594
-9602
-9603
-9615
-9621
-9632
-9621
-9602
-9587
-9577
-9583
-9588
-9600
-9615
-9616
-9612
-9602
-9592
-9588
-9581
-9591
-9600
-9609
-9605
-9604
-9600
-9589
-9585
-9589
-9591
-9591
-9588
-9588
-9577
-9576
-9592
-9601
-9609
-9610
-9612
-9603
-9590
-9584
-9584
-9589
-9600
-9614
-9627
-9619
-9620
-9611
-9602
-9589
-9591
-9599
-9605
-9611
-9611
-9614
-9611
-9614
-9609
-9618
-9618
-9623
-9618
-9615
-9618
-9626
-9634
-9639
-9641
-9636
-9632
-9621
-9621
-9623
-9626
-9628
-9635
-9645
-9651
-9653
-9651
-9657
-9655
-9653
-9649
-9645
-9647
-9640
-9643
-9646
-9651
-9648
-9653
-9657
-9651
-9646
-9648
-9660
-9663
-9672
-9673
-9676
-9672
-9668
-9658
-9650
-9664
-9670
-9682
-9689
-9698
-9684
-9675
-9674
-9668
-9671
-9677
-9684
-9686
-9689
-9685
-9683
-9688
-9695
-9694
-9694
-9691
-9689
-9678
-9684
-9678
-9689
-9699
-9702
-9706
-9700
-9694
-9684
-9689
-9691
-9700
-9707
-9726
-9725
-9729
-9721
-9709
-9697
-9701
-9700
-9697
-9702
-9708
-9710
-9705
-9719
-9717
-9723
-9729
-9732
-9720
-9715
-9710
-9698
-9700
-9712
-9718
-9719
-9728
-9723
-9719
-9721
-9718
-9719
-9720
-9721
-9731
-9734
-9738
-9736
-9727
-9722
-9717
-9714
-9708
-9719
-9719
-9730
-9733
-9736
-9735
-9744
-9740
-9727
-9727
-9707
-9706
-9708
-9727
-9723
-9742
-9742
-9736
-9728
-9735
-9733
-9729
-9739
-9733
-9740
-9728
-9740
-9726
-9730
-9729
-9733
-9730
-9732
-9732
-9720
-9722
-9721
-9737
-9743
-9754
-9746
-9736
-9723
-9725
-9714
-9716
-9727
-9724
-9735
-9732
-9733
-9723
-9733
-9731
-9745
-9744
-9746
-9747
-9731
-9724
-9711
-9719
-9722
-9734
-9729
-9734
-9720
-9719
-9708
-9709
-9721
-9718
-9731
-9725
-9726
-9712
-9711
-9711
-9716
-9720
-9723
-9733
-9730
-9726
-9718
-9722
-9712
-9713
-9711
-9711
-9730
-9724
-9716
-9715
-9721
-9708
-9709
-9712
-9707
-9702
-9696
-9698
-9697
-9701
-9702
-9712
-9715
-9711
-9701
-9691
-9687
-9685
-9696
-9703
-9716
-9718
-9707
-9706
-9696
-9683
-9680
-9684
-9682
-9690
-9698
-9695
-9698
-9696
-9696
-9700
-9700
-9694
-9692
-9688
-9684
-9691
-9684
-9681
-9684
-9688
-9687
-9688
-9695
-9685
-9681
-9679
-9680
-9688
-9700
-9694
-9684
-9677
-9681
-9681
-9673
-9676
-9672
-9671
-9662
-9670
-9672
-9678
-9685
-9674
-9664
-9661
-9657
-9649
-9651
-9654
-9663
-9668
-9669
-9666
-9665
-9657
-9650
-9664
-9671
-9664
-9672
-9669
-9660
-9648
-9642
-9640
-9640
-9656
-9654
-9657
-9647
-9647
-9643
-9642
-9650
-9645
-9652
-9652
-9652
-9634
-9636
-9638
-9643
-9649
-9655
-9661
-9656
-9653
-9638
-9641
-9637
-9640
-9643
-9650
-9653
-9645
-9646
-9639
-9641
-9642
-9644
-9652
-9654
-9656
-9657
-9652
-9650
-9647
-9646
-9650
-9651
-9652
-9651
-9646
-9643
-9646
-9661
-9673
-9673
-9677
-9672
-9654
-9648
-9645
-9646
-9650
-9662
-9663
-9667
-9663
-9653
-9647
-9650
-9659
-9665
-9668
-9668
-9672
-9666
-9676
-9677
-9681
-9685
-9685
-9682
-9673
-9670
-9668
-9675
-9675
-9681
-9688
-9694
-9694
-9693
-9683
-9682
-9687
-9695
-9698
-9696
-9702
-9701
-9701
-9701
-9699
-9701
-9700
-9700
-9703
-9699
-9697
-9696
-9700
-9701
-9713
-9708
-9707
-9704
-9704
-9711
-9711
-9723
-9724
-9727
-9720
-9724
-9719
-9719
-9716
-9719
-9722
-9721
-9726
-9721
-9729
-9725
-9736
-9735
-9740
-9741
-9743
-9741
-9730
-9731
-9725
-9727
-9731
-9740
-9747
-9753
-9753
-9747
-9745
-9744
-9746
-9747
-9749
-9754
-9747
-9747
-9750
-9758
-9756
-9761
-9759
-9756
-9756
-9756
-9763
-9758
-9768
-9766
-9767
-9758
-9749
-9745
-9749
-9762
-9765
-9772
-9772
-9774
-9764
-9765
-9761
-9761
-9769
-9772
-9772
-9770
-9769
-9758
-9756
-9747
-9747
-9756
-9766
-9770
-9773
-9772
-9770
-9762
-9752
-9759
-9757
-9752
-9752
-9745
-9741
-9742
-9748
-9752
-9753
-9758
-9750
-9749
-9740
-9736
-9732
-9738
-9742
-9732
-9740
-9741
-9740
-9739
-9753
-9741
-9739
-9748
-9742
-9734
-9728
-9728
-9720
-9726
-9718
-9718
-9709
-9706
-9703
-9688
-9697
-9693
-9703
-9704
-9718
-9710
-9709
-9707
-9688
-9688
-9681
-9694
-9677
-9687
-9680
-9674
-9676
-9680
-9685
-9684
-9701
-9692
-9696
-9682
-9679
-9668
-9667
-9677
-9678
-9686
-9676
-9677
-9659
-9669
-9674
-9674
-9671
-9671
-9667
-9660
-9667
-9653
-9658
-9652
-9667
-9665
-9675
-9671
-9663
-9651
-9647
-9654
-9647
-9661
-9664
-9672
-9657
-9660
-9649
-9654
-9650
-9658
-9656
-9657
-9662
-9647
-9659
-9659
-9671
-9657
-9667
-9660
-9655
-9651
-9645
-9647
-9636
-9650
-9644
-9660
-9662
-9674
-9663
-9666
-9664
-9648
-9644
-9636
-9648
-9642
-9658
-9647
-9647
-9641
-9648
-9639
-9633
-9644
-9628
-9633
-9640
-9650
-9651
-9662
-9657
-9640
-9643
-9638
-9635
-9631
-9632
-9636
-9633
-9642
-9636
-9643
-9638
-9643
-9642
-9641
-9642
-9632
-9629
-9626
-9630
-9632
-9643
-9643
-9646
-9642
-9639
-9627
-9620
-9629
-9627
-9633
-9636
-9633
-9631
-9635
-9635
-9632
-9628
-9631
-9634
-9632
-9636
-9623
-9625
-9627
-9634
-9632
-9631
-9630
-9620
-9614
-9615
-9619
-9616
-9631
-9633
-9637
-9635
-9638
-9625
-9619
-9618
-9619
-9619
-9622
-9633
-9621
-9620
-9616
-9622
-9619
-9629
-9631
-9636
-9634
-9632
-9633
-9625
-9632
-9621
-9628
-9625
-9635
-9626
-9630
-9634
-9635
-9642
-9640
-9648
-9640
-9645
-9628
-9638
-9630
-9639
-9638
-9633
-9641
-9637
-9646
-9624
-9622
-9625
-9630
-9633
-9639
-9640
-9639
-9643
-9646
-9643
-9640
-9640
-9639
-9633
-9634
-9645
-9642
-9647
-9657
-9659
-9656
-9647
-9644
-9636
-9641
-9649
-9648
-9655
-9667
-9673
-9665
-9664
-9655
-9661
-9659
-9665
-9666
-9672
-9674
-9662
-9667
-9662
-9668
-9662
-9669
-9667
-9667
-9671
-9669
-9662
-9655
-9664
-9667
-9675
-9677
-9671
-9661
-9662
-9663
-9662
-9670
-9676
-9674
-9663
-9670
-9673
-9669
-9676
-9673
-9677
-9671
-9678
-9678
-9677
-9675
-9676
-9678
-9675
-9686
-9678
-9680
-9674
-9674
-9676
-9685
-9687
-9679
-9682
-9684
-9679
-9679
-9688
-9676
-9688
-9690
-9689
-9688
-9685
-9691
-9678
-9687
-9681
-9690
-9689
-9699
-9700
-9688
-9700
-9694
-9699
-9687
-9695
-9683
-9697
-9704
-9699
-9707
-9708
-9712
-9697
-9710
-9696
-9692
-9690
-9702
-9699
-9702
-9712
-9710
-9716
-9709
-9698
-9695
-9705
-9704
-9708
-9699
-9714
-9714
-9708
-9716
-9718
-9710
-9709
-9717
-9706
-9701
-9717
-9709
-9702
-9719
-9711
-9712
-9714
-9720
-9706
-9706
-9708
-9710
-9708
-9719
-9721
-9712
-9717
-9713
-9713
-9708
-9716
-9706
-9706
-9701
-9703
-9697
-9701
-9720
-9714
-9714
-9717
-9717
-9705
-9706
-9707
-9700
-9705
-9714
-9716
-9708
-9717
-9713
-9706
-9709
-9712
-9718
-9723
-9729
-9713
-9714
-9713
-9718
-9714
-9724
-9731
-9723
-9729
-9717
-9720
-9716
-9730
-9724
-9722
-9736
-9735
-9737
-9730
-9730
-9722
-9723
-9724
-9728
-9730
-9739
-9742
-9731
-9733
-9732
-9737
-9736
-9744
-9741
-9741
-9742
-9733
-9740
-9739
-9746
-9741
-9743
-9744
-9743
-9747
-9741
-9736
-9739
-9747
-9737
-9740
-9735
-9732
-9730
-9742
-9745
-9739
-9757
-9746
-9752
-9745
-9745
-9743
-9736
-9740
-9740
-9751
-9754
-9765
-9756
-9756
-9751
-9748
-9746
-9746
-9744
-9745
-9754
-9752
-9752
-9748
-9743
-9741
-9745
-9745
-9744
-9752
-9754
-9755
-9756
-9757
-9755
-9753
-9758
-9755
-9752
-9756
-9763
-9755
-9763
-9760
-9764
-9765
-9766
-9768
-9767
-9767
-9758
-9745
-9742
-9749
-9755
-9764
-9772
-9772
-9768
-9769
-9758
-9758
-9754
-9760
-9760
-9766
-9770
-9770
-9764
-9763
-9766
-9767
-9769
-9761
-9765
-9764
-9766
-9761
-9766
-9770
-9782
-9778
-9781
-9769
-9759
-9761
-9760
-9766
-9767
-9785
-9765
-9764
-9757
-9763
-9759
-9760
-9768
-9767
-9782
-9775
-9786
-9757
-9764
-9755
-9757
-9762
-9761
-9763
-9748
-9758
-9746
-9752
-9739
-9753
-9749
-9750
-9758
-9749
-9751
-9746
-9747
-9736
-9746
-9741
-9742
-9742
-9731
-9727
-9723
-9730
-9723
-9733
-9734
-9733
-9730
-9724
-9725
-9716
-9720
-9724
-9727
-9724
-9729
-9716
-9716
-9717
-9710
-9712
-9701
-9708
-9697
-9697
-9696
-9700
-9703
-9710
-9706
-9694
-9698
-9686
-9682
-9677
-9684
-9686
-9690
-9688
-9687
-9684
-9676
-9668
-9658
-9659
-9666
-9669
-9660
-9662
-9658
-9659
-9650
-9652
-9648
-9636
-9640
-9645
-9641
-9635
-9630
-9627
-9625
-9630
-9631
-9627
-9636
-9624
-9624
-9614
-9612
-9613
-9613
-9610
-9612
-9614
-9611
-9613
-9603
-9610
-9595
-9600
-9604
-9603
-9603
-9603
-9608
-9595
-9599
-9592
-9589
-9582
-9588
-9589
-9589
-9594
-9591
-9595
-9590
-9599
-9579
-9586
-9588
-9590
-9596
-9598
-9607
-9594
-9600
-9589
-9590
-9582
-9589
-9592
-9589
-9589
-9588
-9590
-9580
-9590
-9587
-9593
-9589
-9590
-9593
-9589
-9593
-9596
-9594
-9594
-9595
-9592
-9594
-9588
-9594
-9597
-9593
-9594
-9593
-9598
-9601
-9607
-9599
-9600
-9601
-9590
-9594
-9587
-9591
-9596
-9596
-9597
-9598
-9600
-9596
-9597
-9591
-9590
-9594
-9594
-9598
-9605
-9603
-9605
-9608
-9606
-9600
-9594
-9596
-9598
-9603
-9603
-9601
-9596
-9601
-9603
-9606
-9607
-9604
-9614
-9604
-9601
-9602
-9607
-9610
-9612
-9613
-9616
-9618
-9607
-9604
-9606
-9608
-9605
-9614
-9611
-9620
-9623
-9617
-9617
-9618
-9622
-9615
-9623
-9622
-9626
-9626
-9637
-9631
-9631
-9633
-9638
-9634
-9626
-9633
-9628
-9629
-9627
-9643
-9643
-9653
-9657
-9648
-9643
-9644
-9645
-9645
-9648
-9652
-9653
-9653
-9655
-9661
-9664
-9662
-9672
-9671
-9681
-9681
-9675
-9673
-9670
-9677
-9673
-9677
-9679
-9682
-9680
-9688
-9688
-9687
-9685
-9689
-9695
-9689
-9695
-9695
-9706
-9690
-9701
-9699
-9693
-9702
-9696
-9702
-9696
-9708
-9708
-9711
-9718
-9710
-9708
-9706
-9718
-9718
-9718
-9718
-9720
-9716
-9718
-9725
-9723
-9726
-9720
-9734
-9732
-9731
-9726
-9728
-9734
-9730
-9727
-9736
-9738
-9725
-9735
-9734
-9740
-9736
-9740
-9738
-9736
-9741
-9737
-9735
-9736
-9747
-9747
-9755
-9754
-9747
-9739
-9748
-9741
-9737
-9749
-9751
-9759
-9752
-9760
-9751
-9739
-9734
-9738
-9743
-9747
-9751
-9755
-9764
-9757
-9756
-9756
-9757
-9759
-9758
-9761
-9766
-9758
-9758
-9764
-9761
-9757
-9759
-9765
-9767
-9757
-9761
-9763
-9764
-9764
-9769
-9781
-9775
-9773
-9776
-9775
-9763
-9764
-9769
-9769
-9773
-9770
-9770
-9766
-9766
-9758
-9758
-9765
-9763
-9759
-9765
-9768
-9757
-9756
-9765
-9768
-9754
-9755
-9770
-9761
-9751
-9754
-9756
-9757
-9753
-9764
-9766
-9766
-9759
-9758
-9761
-9754
-9748
-9745
-9756
-9751
-9747
-9753
-9754
-9741
-9738
-9742
-9738
-9733
-9737
-9742
-9745
-9744
-9731
-9736
-9731
-9724
-9723
-9724
-9723
-9716
-9722
-9724
-9719
-9708
-9711
-9707
-9701
-9700
-9705
-9701
-9691
-9695
-9687
-9689
-9689
-9696
-9698
-9705
-9691
-9677
-9680
-9679
-9681
-9671
-9677
-9673
-9670
-9670
-9674
-9670
-9656
-9660
-9665
-9662
-9660
-9667
-9664
-9661
-9648
-9645
-9648
-9639
-9635
-9634
-9644
-9637
-9635
-9635
-9640
-9635
-9639
-9638
-9631
-9628
-9615
-9620
-9623
-9625
-9622
-9624
-9623
-9619
-9609
-9612
-9613
-9608
-9608
-9610
-9613
-9610
-9617
-9617
-9607
-9604
-9608
-9612
-9608
-9609
-9606
-9610
-9613
-9606
-9609
-9606
-9611
-9606
-9608
-9609
-9611
-9605
-9603
-9610
-9603
-9598
-9594
-9597
-9592
-9598
-9604
-9611
-9608
-9606
-9611
-9613
-9610
-9609
-9610
-9607
-9604
-9611
-9611
-9606
-9606
-9612
-9615
-9619
-9623
-9615
-9618
-9618
-9619
-9616
-9622
-9623
-9623
-9628
-9626
-9627
-9617
-9620
-9620
-9629
-9637
-9638
-9636
-9625
-9631
-9627
-9622
-9621
-9629
-9634
-9641
-9640
-9642
-9647
-9647
-9646
-9644
-9651
-9648
-9643
-9640
-9635
-9641
-9645
-9651
-9651
-9656
-9660
-9655
-9653
-9644
-9651
-9645
-9654
-9652
-9660
-9666
-9671
-9667
-9664
-9671
-9665
-9670
-9667
-9675
-9671
-9673
-9675
-9677
-9674
-9677
-9680
-9679
-9682
-9680
-9685
-9682
-9678
-9683
-9690
-9689
-9684
-9687
-9689
-9689
-9696
-9690
-9693
-9696
-9694
-9692
-9694
-9695
-9689
-9691
-9690
-9692
-9687
-9694
-9692
-9686
-9683
-9686
-9689
-9685
-9690
-9683
-9689
-9687
-9694
-9685
-9686
-9690
-9691
-9693
-9694
-9692
-9690
-9695
-9690
-9689
-9681
-9686
-9680
-9683
-9680
-9689
-9690
-9692
-9689
-9690
-9688
-9678
-9678
-9677
-9686
-9684
-9695
-9686
-9685
-9684
-9688
-9688
-9685
-9692
-9688
-9685
-9685
-9675
-9671
-9674
-9684
-9683
-9682
-9683
-9676
-9676
-9673
-9681
-9669
-9677
-9680
-9682
-9680
-9681
-9685
-9675
-9679
-9674
-9680
-9673
-9682
-9676
-9671
-9667
-9665
-9669
-9666
-9669
-9667
-9687
-9676
-9678
-9672
-9675
-9671
-9664
-9670
-9661
-9667
-9662
-9670
-9656
-9664
-9661
-9657
-9664
-9657
-9657
-9654
-9663
-9658
-9661
-9664
-9665
-9657
-9660
-9660
-9656
-9653
-9653
-9657
-9656
-9658
-9658
-9656
-9653
-9654
-9659
-9647
-9648
-9650
-9648
-9654
-9658
-9655
-9651
-9650
-9644
-9647
-9639
-9647
-9650
-9654
-9650
-9651
-9652
-9647
-9650
-9643
-9645
-9641
-9648
-9640
-9642
-9639
-9642
-9649
-9651
-9657
-9647
-9656
-9649
-9652
-9648
-9647
-9647
-9650
-9657
-9654
-9656
-9647
-9655
-9644
-9651
-9647
-9650
-9650
-9651
-9656
-9656
-9660
-9652
-9656
-9655
-9661
-9656
-9661
-9657
-9654
-9653
-9654
-9651
-9652
-9653
-9659
-9662
-9658
-9665
-9665
-9671
-9665
-9662
-9658
-9665
-9662
-9661
-9663
-9668
-9659
-9661
-9665
-9662
-9664
-9659
-9660
-9652
-9659
-9654
-9662
-9663
-9664
-9659
-9658
-9662
-9659
-9660
-9655
-9655
-9654
-9661
-9663
-9660
-9659
-9658
-9653
-9659
-9652
-9654
-9658
-9659
-9659
-9660
-9664
-9665
-9670
-9671
-9675
-9668
-9668
-9663
-9655
-9656
-9659
-9666
-9677
-9683
-9682
-9679
-9685
-9683
-9683
-9677
-9683
-9681
-9679
-9688
-9683
-9685
-9676
-9679
-9670
-9679
-9673
-9675
-9679
-9682
-9691
-9680
-9693
-9689
-9700
-9685
-9698
-9687
-9688
-9692
-9694
-9702
-9691
-9699
-9687
-9702
-9691
-9702
-9697
-9698
-9695
-9698
-9701
-9696
-9708
-9701
-9707
-9702
-9708
-9699
-9710
-9712
-9713
-9714
-9707
-9714
-9700
-9706
-9699
-9701
-9705
-9708
-9708
-9696
-9702
-9702
-9710
-9709
-9717
-9713
-9707
-9709
-9711
-9707
-9705
-9711
-9708
-9715
-9713
-9713
-9701
-9710
-9708
-9701
-9704
-9706
-9708
-9705
-9709
-9703
-9702
-9706
-9708
-9705
-9707
-9713
-9713
-9707
-9696
-9689
-9692
-9698
-9693
-9691
-9695
-9693
-9695
-9698
-9706
-9701
-9708
-9705
-9705
-9703
-9699
-9697
-9691
-9696
-9688
-9689
-9682
-9690
-9687
-9686
-9690
-9690
-9685
-9684
-9687
-9681
-9686
-9690
-9693
-9690
-9691
-9686
-9684
-9690
-9691
-9686
-9686
-9689
-9683
-9679
-9677
-9683
-9685
-9682
-9680
-9679
-9681
-9679
-9674
-9673
-9677
-9671
-9671
-9663
-9664
-9664
-9669
-9669
-9664
-9669
-9665
-9667
-9667
-9670
-9666
-9663
-9659
-9661
-9662
-9662
-9665
-9658
-9664
-9662
-9661
-9659
-9662
-9662
-9658
-9657
-9655
-9657
-9658
-9663
-9652
-9654
-9654
-9655
-9653
-9650
-9650
-9647
-9648
-9649
-9654
-9657
-9660
-9658
-9655
-9651
-9651
-9648
-9650
-9647
-9648
-9652
-9653
-9648
-9644
-9648
-9650
-9643
-9648
-9652
-9651
-9652
-9649
-9650
-9649
-9653
-9653
-9653
-9647
-9651
-9646
-9651
-9651
-9648
-9648
-9649
-9648
-9643
-9653
-9651
-9651
-9642
-9646
-9639
-9639
-9642
-9641
-9646
-9647
-9651
-9649
-9653
-9652
-9650
-9645
-9643
-9643
-9638
-9643
-9649
-9648
-9649
-9644
-9645
-9640
-9640
-9641
-9639
-9645
-9644
-9641
-9639
-9642
-9635
-9637
-9632
-9634
-9634
-9642
-9637
-9634
-9639
-9636
-9641
-9635
-9642
-9639
-9643
-9639
-9642
-9639
-9636
-9631
-9632
-9639
-9631
-9632
-9627
-9634
-9628
-9634
-9633
-9631
-9628
-9632
-9631
-9626
-9630
-9634
-9636
-9632
-9640
-9633
-9640
-9636
-9635
-9629
-9631
-9638
-9635
-9633
-9634
-9636
-9631
-9638
-9632
-9633
-9633
-9637
-9631
-9633
-9631
-9633
-9633
-9634
-9642
-9638
-9639
-9633
-9633
-9628
-9632
-9629
-9629
-9637
-9641
-9647
-9642
-9637
-9638
-9636
-9632
-9634
-9636
-9643
-9644
-9638
-9636
-9639
-9638
-9640
-9642
-9637
-9638
-9631
-9630
-9627
-9626
-9633
-9636
-9640
-9643
-9639
-9636
-9637
-9632
-9635
-9634
-9633
-9630
-9627
-9633
-9636
-9639
-9635
-9631
-9627
-9626
-9632
-9632
-9635
-9637
-9634
-9632
-9633
-9638
-9641
-9646
-9645
-9640
-9636
-9633
-9624
-9616
-9629
-9634
-9637
-9636
-9633
-9628
-9628
-9628
-9622
-9633
-9632
-9641
-9637
-9635
-9632
-9632
-9634
-9633
-9637
-9638
-9651
-9649
-9651
-9644
-9645
-9641
-9639
-9641
-9639
-9642
-9637
-9636
-9629
-9631
-9631
-9635
-9640
-9642
-9645
-9649
-9645
-9639
-9640
-9634
-9639
-9638
-9644
-9649
-9653
-9645
-9649
-9643
-9640
-9640
-9643
-9654
-9653
-9664
-9654
-9651
-9647
-9647
-9640
-9642
-9644
-9651
-9653
-9654
-9659
-9657
-9659
-9655
-9658
-9654
-9658
-9654
-9651
-9642
-9643
-9647
-9648
-9654
-9661
-9665
-9660
-9656
-9655
-9651
-9650
-9649
-9646
-9651
-9648
-9650
-9652
-9659
-9653
-9652
-9650
-9647
-9642
-9634
-9646
-9645
-9649
-9652
-9655
-9649
-9650
-9653
-9648
-9657
-9656
-9652
-9644
-9649
-9649
-9648
-9655
-9655
-9656
-9652
-9655
-9647
-9644
-9652
-9654
-9654
-9650
-9657
-9655
-9661
-9661
-9662
-9654
-9650
-9652
-9642
-9650
-9642
-9652
-9652
-9659
-9660
-9662
-9667
-9663
-9663
-9650
-9654
-9647
-9659
-9654
-9660
-9661
-9663
-9667
-9663
-9668
-9659
-9669
-9660
-9661
-9662
-9664
-9664
-9661
-9664
-9661
-9668
-9665
-9671
-9666
-9670
-9666
-9668
-9671
-9678
-9689
-9683
-9685
-9673
-9678
-9671
-9678
-9685
-9689
-9686
-9680
-9682
-9689
-9691
-9689
-9702
-9698
-9696
-9694
-9695
-9694
-9699
-9700
-9696
-9697
-9707
-9703
-9714
-9714
-9719
-9708
-9712
-9712
-9702
-9707
-9704
-9716
-9708
-9726
-9715
-9723
-9721
-9724
-9723
-9726
-9737
-9731
-9741
-9732
-9741
-9733
-9739
-9724
-9723
-9726
-9727
-9729
-9723
-9729
-9724
-9729
-9732
-9738
-9738
-9743
-9739
-9733
-9734
-9734
-9732
-9730
-9733
-9728
-9728
-9732
-9727
-9730
-9734
-9732
-9730
-9735
-9734
-9732
-9743
-9738
-9730
-9724
-9728
-9722
-9723
-9729
-9726
-9729
-9723
-9720
-9712
-9712
-9715
-9713
-9710
-9715
-9709
-9701
-9706
-9706
-9701
-9713
-9716
-9713
-9716
-9712
-9706
-9697
-9705
-9698
-9700
-9700
-9698
-9688
-9688
-9693
-9687
-9689
-9692
-9703
-9702
-9707
-9700
-9694
-9690
-9685
-9683
-9683
-9687
-9681
-9681
-9681
-9677
-9681
-9680
-9685
-9687
-9689
-9687
-9685
-9681
-9678
-9675
-9672
-9675
-9669
-9672
-9675
-9678
-9665
-9664
-9660
-9654
-9658
-9667
-9665
-9666
-9668
-9666
-9665
-9662
-9668
-9663
-9659
-9654
-9663
-9663
-9667
-9665
-9668
-9663
-9661
-9652
-9642
-9652
-9654
-9658
-9660
-9670
-9662
-9660
-9651
-9655
-9651
-9653
-9654
-9650
-9653
-9648
-9653
-9644
-9649
-9647
-9646
-9644
-9647
-9650
-9647
-9651
-9652
-9651
-9638
-9638
-9633
-9635
-9636
-9636
-9642
-9643
-9640
-9635
-9637
-9628
-9639
-9643
-9650
-9642
-9638
-9634
-9627
-9628
-9619
-9623
-9624
-9642
-9640
-9641
-9639
-9637
-9635
-9633
-9640
-9635
-9633
-9625
-9623
-9616
-9621
-9626
-9629
-9629
-9627
-9633
-9626
-9623
-9622
-9621
-9622
-9619
-9617
-9617
-9620
-9624
-9621
-9614
-9617
-9618
-9620
-9621
-9623
-9621
-9628
-9627
-9626
-9618
-9615
-9618
-9610
-9622
-9616
-9623
-9618
-9620
-9616
-9618
-9616
-9615
-9617
-9611
-9621
-9617
-9627
-9618
-9621
-9613
-9613
-9612
-9616
-9623
-9618
-9621
-9612
-9620
-9612
-9616
-9612
-9613
-9613
-9615
-9614
-9606
-9607
-9605
-9611
-9610
-9616
-9611
-9613
-9614
-9610
-9606
-9603
-9604
-9607
-9610
-9613
-9608
-9607
-9604
-9601
-9606
-9612
-9617
-9617
-9619
-9620
-9619
-9609
-9607
-9603
-9603
-9605
-9607
-9609
-9612
-9613
-9612
-9613
-9610
-9610
-9613
-9611
-9614
-9618
-9615
-9616
-9620
-9622
-9616
-9619
-9619
-9616
-9608
-9606
-9608
-9611
-9619
-9623
-9624
-9622
-9626
-9630
-9630
-9631
-9632
-9627
-9624
-9627
-9627
-9622
-9628
-9629
-9631
-9634
-9636
-9641
-9641
-9638
-9638
-9631
-9632
-9638
-9637
-9635
-9638
-9638
-9635
-9646
-9649
-9648
-9648
-9648
-9649
-9646
-9640
-9640
-9639
-9638
-9638
-9638
-9639
-9641
-9641
-9644
-9644
-9648
-9654
-9651
-9647
-9646
-9652
-9653
-9652
-9648
-9646
-9645
-9644
-9645
-9641
-9638
-9642
-9644
-9645
-9648
-9651
-9646
-9643
-9641
-9637
-9634
-9637
-9638
-9636
-9640
-9638
-9639
-9635
-9634
-9629
-9626
-9629
-9628
-9627
-9626
-9630
-9629
-9631
-9638
-9640
-9636
-9633
-9634
-9637
-9634
-9628
-9627
-9626
-9628
-9628
-9630
-9629
-9628
-9631
-9633
-9629
-9629
-9632
-9624
-9622
-9623
-9618
-9624
-9632
-9634
-9632
-9628
-9634
-9630
-9626
-9625
-9626
-9627
-9632
-9636
-9634
-9632
-9631
-9630
-9628
-9634
-9634
-9637
-9639
-9645
-9638
-9638
-9637
-9638
-9644
-9644
-9641
-9637
-9644
-9645
-9648
-9642
-9641
-9642
-9637
-9633
-9634
-9641
-9643
-9643
-9648
-9650
-9652
-9652
-9650
-9653
-9655
-9660
-9658
-9652
-9651
-9647
-9645
-9652
-9655
-9656
-9653
-9655
-9650
-9649
-9656
-9657
-9657
-9658
-9661
-9657
-9652
-9654
-9653
-9657
-9659
-9659
-9662
-9659
-9662
-9667
-9662
-9658
-9661
-9662
-9660
-9658
-9660
-9658
-9661
-9669
-9665
-9663
-9662
-9665
-9666
-9666
-9669
-9667
-9669
-9669
-9676
-9676
-9671
-9676
-9675
-9670
-9671
-9675
-9679
-9680
-9684
-9687
-9681
-9675
-9671
-9672
-9672
-9677
-9680
-9684
-9688
-9687
-9683
-9681
-9681
-9681
-9681
-9680
-9680
-9674
-9675
-9674
-9672
-9677
-9678
-9681
-9682
-9678
-9680
-9680
-9678
-9675
-9668
-9666
-9669
-9674
-9676
-9675
-9680
-9679
-9679
-9678
-9678
-9673
-9662
-9662
-9659
-9665
-9670
-9673
-9670
-9670
-9671
-9673
-9672
-9671
-9673
-9673
-9676
-9676
-9675
-9673
-9672
-9670
-9665
-9658
-9666
-9664
-9662
-9663
-9667
-9668
-9659
-9658
-9657
-9659
-9661
-9661
-9661
-9663
-9660
-9651
-9646
-9648
-9645
-9644
-9643
-9649
-9652
-9651
-9653
-9655
-9649
-9648
-9650
-9647
-9649
-9645
-9640
-9633
-9633
-9635
-9636
-9638
-9641
-9646
-9643
-9642
-9642
-9637
-9634
-9635
-9634
-9628
-9632
-9633
-9630
-9628
-9628
-9631
-9632
-9633
-9634
-9632
-9626
-9621
-9618
-9619
-9621
-9628
-9631
-9633
-9635
-9628
-9625
-9627
-9632
-9627
-9626
-9630
-9630
-9626
-9626
-9624
-9619
-9624
-9627
-9626
-9621
-9624
-9626
-9625
-9625
-9627
-9626
-9630
-9637
-9634
-9634
-9630
-9635
-9633
-9636
-9637
-9634
-9632
-9634
-9638
-9641
-9644
-9638
-9636
-9634
-9647
-9643
-9636
-9636
-9635
-9633
-9630
-9631
-9639
-9644
-9641
-9641
-9639
-9637
-9633
-9635
-9637
-9646
-9649
-9647
-9648
-9648
-9653
-9656
-9655
-9653
-9655
-9653
-9650
-9647
-9643
-9643
-9649
-9651
-9653
-9653
-9655
-9658
-9652
-9651
-9652
-9655
-9655
-9651
-9647
-9646
-9646
-9642
-9643
-9646
-9645
-9646
-9648
-9654
-9655
-9653
-9652
-9650
-9653
-9652
-9652
-9651
-9646
-9645
-9646
-9650
-9653
-9656
-9653
-9650
-9650
-9655
-9655
-9655
-9655
-9655
-9652
-9645
-9647
-9645
-9644
-9645
-9646
-9645
-9642
-9639
-9638
-9641
-9640
-9642
-9646
-9649
-9650
-9648
-9650
-9647
-9645
-9645
-9647
-9644
-9643
-9645
-9645
-9646
-9644
-9646
-9648
-9646
-9648
-9650
-9645
-9645
-9643
-9641
-9634
-9638
-9641
-9639
-9639
-9637
-9640
-9634
-9639
-9644
-9645
-9644
-9643
-9643
-9639
-9643
-9640
-9637
-9641
-9643
-9647
-9648
-9645
-9638
-9638
-9643
-9647
-9646
-9642
-9647
-9646
-9647
-9649
-9645
-9639
-9640
-9643
-9643
-9648
-9651
-9647
-9638
-9634
-9632
-9631
-9638
-9642
-9647
-9650
-9644
-9639
-9640
-9640
-9638
-9640
-9642
-9641
-9640
-9639
-9637
-9635
-9640
-9643
-9646
-9652
-9656
-9655
-9647
-9637
-9634
-9633
-9629
-9631
-9636
-9645
-9646
-9641
-9634
-9636
-9637
-9637
-9642
-9642
-9640
-9633
-9631
-9624
-9626
-9630
-9636
-9640
-9642
-9646
-9642
-9640
-9638
-9640
-9643
-9641
-9639
-9644
-9638
-9633
-9628
-9621
-9621
-9628
-9640
-9641
-9640
-9636
-9639
-9638
-9634
-9631
-9621
-9629
-9633
-9635
-9637
-9633
-9630
-9623
-9627
-9627
-9627
-9629
-9632
-9628
-9628
-9631
-9630
-9633
-9631
-9634
-9627
-9626
-9630
-9634
-9635
-9632
-9633
-9624
-9626
-9626
-9625
-9624
-9626
-9625
-9621
-9624
-9624
-9625
-9629
-9637
-9627
-9621
-9615
-9618
-9621
-9623
-9625
-9621
-9623
-9616
-9626
-9632
-9631
-9626
-9625
-9633
-9644
-9641
-9639
-9638
-9631
-9636
-9633
-9640
-9636
-9634
-9635
-9631
-9636
-9634
-9634
-9636
-9644
-9645
-9648
-9647
-9638
-9643
-9645
-9648
-9653
-9660
-9657
-9650
-9643
-9647
-9643
-9644
-9647
-9640
-9648
-9648
-9657
-9655
-9655
-9647
-9647
-9653
-9653
-9659
-9660
-9661
-9655
-9658
-9651
-9655
-9662
-9670
-9669
-9664
-9668
-9657
-9667
-9660
-9664
-9662
-9663
-9667
-9654
-9670
-9665
-9668
-9657
-9661
-9657
-9653
-9663
-9661
-9666
-9658
-9663
-9661
-9664
-9671
-9667
-9664
-9660
-9652
-9652
-9651
-9650
-9657
-9657
-9660
-9661
-9661
-9665
-9659
-9660
-9663
-9667
-9664
-9660
-9669
-9666
-9662
-9658
-9659
-9654
-9661
-9665
-9665
-9666
-9665
-9669
-9664
-9672
-9662
-9661
-9663
-9660
-9654
-9652
-9656
-9648
-9651
-9649
-9647
-9656
-9662
-9655
-9657
-9656
-9660
-9658
-9659
-9659
-9654
-9659
-9665
-9665
-9667
-9668
-9667
-9663
-9659
-9666
-9667
-9666
-9660
-9666
-9653
-9649
-9653
-9656
-9668
-9663
-9672
-9660
-9655
-9653
-9649
-9654
-9653
-9656
-9650
-9664
-9663
-9665
-9662
-9657
-9655
-9651
-9660
-9656
-9659
-9645
-9650
-9644
-9640
-9646
-9641
-9650
-9639
-9650
-9641
-9642
-9639
-9636
-9650
-9639
-9642
-9635
-9641
-9633
-9639
-9638
-9635
-9637
-9638
-9637
-9630
-9637
-9636
-9636
-9627
-9624
-9617
-9625
-9626
-9624
-9619
-9615
-9612
-9603
-9611
-9613
-9609
-9606
-9607
-9602
-9600
-9604
-9603
-9601
-9599
-9599
-9598
-9600
-9598
-9589
-9586
-9580
-9582
-9580
-9585
-9594
-9589
-9586
-9586
-9587
-9578
-9574
-9578
-9573
-9573
-9578
-9580
-9577
-9577
-9565
-9576
-9570
-9565
-9567
-9565
-9567
-9557
-9567
-9557
-9560
-9553
-9559
-9560
-9564
-9560
-9551
-9557
-9550
-9558
-9558
-9565
-9557
-9553
-9556
-9552
-9551
-9544
-9557
-9556
-9559
-9559
-9554
-9559
-9559
-9568
-9555
-9568
-9559
-9561
-9563
-9560
-9559
-9553
-9564
-9554
-9567
-9567
-9578
-9572
-9577
-9575
-9570
-9572
-9569
-9583
-9574
-9580
-9568
-9577
-9566
-9567
-9574
-9570
-9584
-9574
-9587
-9581
-9585
-9582
-9583
-9581
-9578
-9588
-9583
-9591
-9584
-9590
-9583
-9586
-9589
-9587
-9596
-9592
-9596
-9588
-9600
-9591
-9597
-9601
-9601
-9607
-9598
-9608
-9598
-9609
-9595
-9601
-9605
-9608
-9612
-9604
-9611
-9600
-9612
-9600
-9611
-9610
-9613
-9623
-9621
-9625
-9615
-9625
-9612
-9619
-9612
-9618
-9617
-9618
-9624
-9615
-9625
-9616
-9633
-9621
-9625
-9617
-9622
-9622
-9618
-9625
-9621
-9640
-9628
-9632
-9630
-9636
-9628
-9632
-9630
-9631
-9634
-9629
-9638
-9638
-9645
-9630
-9639
-9632
-9632
-9636
-9634
-9638
-9637
-9638
-9636
-9640
-9636
-9643
-9642
-9643
-9646
-9644
-9641
-9645
-9644
-9644
-9648
-9645
-9647
-9652
-9654
-9652
-9646
-9653
-9651
-9653
-9654
-9659
-9657
-9657
-9665
-9662
-9667
-9658
-9659
-9648
-9654
-9656
-9656
-9654
-9655
-9659
-9654
-9662
-9660
-9662
-9657
-9660
-9663
-9667
-9665
-9661
-9658
-9659
-9668
-9670
-9675
-9670
-9667
-9665
-9657
-9655
-9655
-9664
-9670
-9676
-9672
-9669
-9663
-9663
-9667
-9669
-9670
-9672
-9668
-9663
-9661
-9657
-9654
-9659
-9670
-9673
-9677
-9675
-9673
-9671
-9669
-9664
-9667
-9672
-9675
-9671
-9677
-9676
-9672
-9666
-9669
-9678
-9675
-9679
-9674
-9675
-9669
-9671
-9668
-9670
-9678
-9678
-9678
-9680
-9674
-9673
-9677
-9675
-9680
-9677
-9686
-9686
-9685
-9682
-9680
-9685
-9686
-9693
-9694
-9698
-9694
-9694
-9693
-9691
-9685
-9689
-9694
-9692
-9691
-9697
-9697
-9694
-9696
-9696
-9697
-9695
-9699
-9699
-9706
-9700
-9695
-9688
-9690
-9698
-9704
-9706
-9710
-9707
-9705
-9711
-9707
-9711
-9710
-9719
-9714
-9717
-9716
-9708
-9709
-9709
-9720
-9719
-9722
-9717
-9726
-9723
-9723
-9724
-9719
-9720
-9718
-9726
-9721
-9726
-9725
-9733
-9730
-9734
-9735
-9736
-9733
-9731
-9730
-9723
-9724
-9723
-9733
-9732
-9743
-9740
-9740
-9739
-9742
-9739
-9734
-9731
-9730
-9727
-9723
-9731
-9731
-9732
-9728
-9721
-9721
-9721
-9726
-9731
-9735
-9737
-9725
-9728
-9720
-9723
-9713
-9717
-9716
-9715
-9715
-9709
-9716
-9706
-9716
-9713
-9717
-9710
-9707
-9707
-9700
-9700
-9695
-9696
-9685
-9683
-9677
-9676
-9670
-9669
-9667
-9669
-9676
-9679
-9680
-9676
-9682
-9680
-9684
-9674
-9669
-9658
-9655
-9654
-9650
-9650
-9646
-9650
-9648
-9652
-9647
-9642
-9639
-9651
-9640
-9635
-9636
-9637
-9628
-9623
-9631
-9625
-9621
-9612
-9617
-9614
-9621
-9616
-9614
-9615
-9616
-9616
-9609
-9608
-9600
-9607
-9601
-9602
-9600
-9601
-9601
-9595
-9595
-9591
-9589
-9586
-9585
-9580
-9589
-9589
-9586
-9580
-9581
-9579
-9578
-9581
-9582
-9585
-9572
-9579
-9570
-9571
-9565
-9557
-9559
-9562
-9570
-9574
-9581
-9569
-9577
-9563
-9578
-9567
-9566
-9574
-9550
-9563
-9549
-9551
-9545
-9535
-9554
-9555
-9559
-9554
-9549
-9550
-9540
-9550
-9541
-9545
-9547
-9543
-9547
-9548
-9548
-9537
-9547
-9540
-9537
-9531
-9536
-9536
-9528
-9533
-9531
-9535
-9526
-9535
-9549
-9539
-9541
-9536
-9533
-9544
-9529
-9533
-9536
-9523
-9540
-9531
-9536
-9526
-9532
-9546
-9535
-9539
-9533
-9544
-9531
-9532
-9531
-9538
-9543
-9539
-9558
-9548
-9551
-9546
-9540
-9548
-9536
-9549
-9545
-9557
-9557
-9544
-9564
-9551
-9558
-9553
-9547
-9566
-9554
-9564
-9558
-9561
-9569
-9554
-9569
-9561
-9565
-9565
-9570
-9575
-9566
-9572
-9573
-9573
-9567
-9577
-9579
-9577
-9574
-9574
-9588
-9585
-9581
-9580
-9576
-9592
-9587
-9588
-9601
-9594
-9600
-9596
-9596
-9597
-9591
-9601
-9591
-9593
-9599
-9594
-9599
-9589
-9602
-9609
-9614
-9617
-9610
-9620
-9620
-9618
-9622
-9622
-9619
-9617
-9616
-9624
-9618
-9623
-9622
-9618
-9616
-9614
-9628
-9621
-9616
-9621
-9624
-9630
-9634
-9626
-9623
-9618
-9629
-9630
-9636
-9636
-9633
-9641
-9636
-9632
-9624
-9633
-9630
-9636
-9634
-9628
-9636
-9633
-9639
-9638
-9637
-9637
-9640
-9648
-9641
-9636
-9637
-9637
-9644
-9637
-9642
-9649
-9653
-9654
-9650
-9655
-9649
-9647
-9648
-9654
-9653
-9651
-9653
-9658
-9655
-9649
-9653
-9655
-9663
-9661
-9661
-9665
-9665
-9658
-9665
-9675
-9668
-9663
-9669
-9673
-9665
-9668
-9672
-9670
-9663
-9656
-9665
-9667
-9659
-9655
-9660
-9669
-9659
-9663
-9671
-9671
-9670
-9669
-9679
-9670
-9666
-9675
-9677
-9672
-9670
-9670
-9679
-9676
-9666
-9674
-9677
-9673
-9671
-9675
-9673
-9665
-9673
-9677
-9665
-9664
-9664
-9676
-9671
-9659
-9661
-9660
-9667
-9663
-9658
-9659
-9654
-9661
-9663
-9660
-9658
-9649
-9660
-9655
-9650
-9651
-9650
-9656
-9649
-9650
-9652
-9653
-9654
-9649
-9652
-9651
-9648
-9651
-9656
-9653
-9650
-9653
-9661
-9658
-9648
-9650
-9642
-9653
-9653
-9657
-9667
-9653
-9654
-9650
-9649
-9649
-9644
-9656
-9649
-9646
-9648
-9648
-9655
-9641
-9645
-9649
-9644
-9637
-9635
-9641
-9644
-9640
-9641
-9641
-9634
-9636
-9648
-9655
-9648
-9648
-9649
-9649
-9646
-9645
-9645
-9648
-9652
-9649
-9646
-9645
-9648
-9642
-9640
-9637
-9639
-9649
-9650
-9652
-9646
-9640
-9644
-9639
-9645
-9650
-9653
-9658
-9651
-9646
-9643
-9644
-9646
-9647
-9654
-9653
-9653
-9658
-9659
-9656
-9652
-9646
-9646
-9646
-9645
-9645
-9645
-9642
-9642
-9648
-9645
-9646
-9643
-9646
-9648
-9645
-9646
-9645
-9645
-9643
-9641
-9642
-9637
-9636
-9637
-9639
-9635
-9633
-9635
-9630
-9632
-9631
-9636
-9640
-9635
-9637
-9635
-9638
-9639
-9633
-9641
-9635
-9639
-9631
-9637
-9638
-9626
-9629
-9635
-9639
-9631
-9630
-9629
-9634
-9630
-9630
-9629
-9630
-9631
-9631
-9632
-9631
-9635
-9630
-9624
-9617
-9624
-9631
-9639
-9647
-9638
-9641
-9637
-9636
-9635
-9637
-9633
-9633
-9642
-9634
-9642
-9635
-9642
-9641
-9652
-9643
-9647
-9648
-9644
-9646
-9633
-9644
-9641
-9651
-9638
-9648
-9644
-9646
-9647
-9649
-9648
-9640
-9647
-9640
-9650
-9650
-9658
-9650
-9645
-9646
-9652
-9656
-9653
-9654
-9656
-9657
-9651
-9655
-9651
-9652
-9650
-9649
-9650
-9649
-9648
-9648
-9652
-9648
-9646
-9644
-9648
-9645
-9644
-9640
-9632
-9634
-9640
-9646
-9639
-9644
-9644
-9642
-9638
-9641
-9641
-9641
-9639
-9642
-9642
-9640
-9641
-9632
-9639
-9638
-9640
-9636
-9639
-9637
-9643
-9644
-9647
-9649
-9636
-9643
-9643
-9643
-9637
-9638
-9641
-9639
-9642
-9635
-9638
-9637
-9635
-9636
-9639
-9641
-9634
-9634
-9631
-9637
-9633
-9644
-9647
-9645
-9646
-9640
-9648
-9643
-9639
-9636
-9642
-9632
-9635
-9637
-9641
-9642
-9639
-9641
-9636
-9638
-9636
-9645
-9645
-9647
-9640
-9643
-9643
-9639
-9645
-9644
-9642
-9632
-9641
-9636
-9637
-9640
-9646
-9645
-9641
-9644
-9636
-9640
-9643
-9643
-9642
-9646
-9638
-9643
-9640
-9641
-9640
-9641
-9644
-9645
-9644
-9634
-9637
-9628
-9631
-9628
-9631
-9631
-9630
-9631
-9630
-9630
-9631
-9635
-9637
-9628
-9630
-9632
-9625
-9621
-9622
-9628
-9633
-9626
-9621
-9622
-9623
-9621
-9615
-9620
-9612
-9614
-9615
-9615
-9619
-9618
-9625
-9625
-9627
-9623
-9621
-9619
-9613
-9616
-9617
-9619
-9612
-9609
-9612
-9606
-9609
-9613
-9610
-9612
-9615
-9618
-9620
-9618
-9618
-9613
-9615
-9611
-9612
-9613
-9611
-9605
-9603
-9607
-9609
-9613
-9613
-9618
-9620
-9615
-9615
-9618
-9616
-9620
-9621
-9627
-9627
-9624
-9622
-9618
-9619
-9615
-9623
-9620
-9615
-9613
-9613
-9622
-9622
-9622
-9618
-9620
-9629
-9630
-9630
-9623
-9627
-9632
-9634
-9633
-9638
-9642
-9646
-9642
-9636
-9642
-9643
-9641
-9637
-9641
-9641
-9643
-9645
-9643
-9646
-9649
-9656
-9658
-9653
-9646
-9648
-9652
-9657
-9662
-9654
-9654
-9653
-9646
-9646
-9649
-9656
-9657
-9652
-9652
-9653
-9648
-9648
-9653
-9656
-9653
-9658
-9664
-9663
-9658
-9654
-9657
-9658
-9660
-9663
-9665
-9658
-9667
-9666
-9663
-9660
-9658
-9654
-9657
-9665
-9660
-9666
-9662
-9662
-9664
-9664
-9670
-9666
-9667
-9668
-9660
-9655
-9658
-9665
-9666
-9664
-9658
-9659
-9659
-9661
-9667
-9667
-9671
-9672
-9675
-9670
-9660
-9656
-9659
-9662
-9666
-9667
-9664
-9668
-9659
-9657
-9663
-9666
-9664
-9665
-9668
-9666
-9661
-9660
-9662
-9665
-9668
-9674
-9677
-9671
-9665
-9662
-9667
-9667
-9670
-9676
-9676
-9673
-9672
-9674
-9676
-9672
-9673
-9677
-9674
-9678
-9669
-9662
-9671
-9672
-9670
-9672
-9672
-9677
-9677
-9682
-9685
-9684
-9687
-9686
-9686
-9689
-9688
-9689
-9684
-9672
-9669
-9673
-9679
-9677
-9683
-9689
-9693
-9692
-9687
-9685
-9689
-9692
-9693
-9688
-9687
-9688
-9688
-9688
-9686
-9692
-9694
-9699
-9700
-9695
-9698
-9699
-9696
-9696
-9699
-9701
-9700
-9699
-9699
-9699
-9703
-9704
-9712
-9711
-9701
-9702
-9706
-9713
-9710
-9709
-9709
-9705
-9706
-9710
-9710
-9715
-9715
-9713
-9712
-9716
-9719
-9714
-9719
-9712
-9713
-9716
-9721
-9722
-9714
-9718
-9713
-9715
-9721
-9723
-9724
-9723
-9725
-9724
-9716
-9719
-9720
-9723
-9723
-9722
-9727
-9723
-9724
-9719
-9719
-9723
-9727
-9734
-9729
-9727
-9721
-9725
-9727
-9722
-9723
-9723
-9724
-9714
-9714
-9721
-9727
-9727
-9729
-9737
-9735
-9728
-9724
-9720
-9721
-9717
-9708
-9710
-9705
-9705
-9704
-9703
-9700
-9695
-9703
-9709
-9716
-9715
-9711
-9707
-9698
-9690
-9687
-9688
-9698
-9702
-9698
-9695
-9692
-9686
-9683
-9688
-9690
-9697
-9698
-9698
-9691
-9685
-9686
-9682
-9681
-9681
-9678
-9674
-9669
-9670
-9672
-9663
-9662
-9661
-9662
-9663
-9666
-9667
-9663
-9662
-9662
-9655
-9653
-9646
-9640
-9639
-9638
-9640
-9638
-9648
-9650
-9645
-9634
-9625
-9621
-9618
-9627
-9633
-9637
-9630
-9626
-9625
-9620
-9618
-9614
-9615
-9617
-9618
-9616
-9620
-9617
-9609
-9604
-9607
-9605
-9597
-9595
-9591
-9591
-9590
-9596
-9598
-9600
-9593
-9587
-9590
-9582
-9586
-9579
-9574
-9580
-9579
-9587
-9575
-9568
-9567
-9569
-9570
-9570
-9571
-9567
-9568
-9567
-9568
-9565
-9561
-9558
-9561
-9566
-9573
-9574
-9569
-9563
-9555
-9558
-9555
-9563
-9565
-9562
-9563
-9560
-9556
-9551
-9551
-9551
-9558
-9563
-9571
-9567
-9563
-9561
-9556
-9555
-9552
-9561
-9567
-9570
-9565
-9562
-9560
-9560
-9561
-9560
-9566
-9563
-9569
-9568
-9570
-9565
-9563
-9563
-9557
-9564
-9561
-9567
-9570
-9567
-9563
-9558
-9564
-9564
-9567
-9561
-9558
-9559
-9562
-9558
-9544
-9548
-9551
-9560
-9558
-9559
-9559
-9561
-9563
-9556
-9559
-9559
-9567
-9564
-9566
-9558
-9554
-9562
-9556
-9553
-9553
-9559
-9560
-9560
-9559
-9558
-9553
-9556
-9557
-9565
-9565
-9564
-9557
-9549
-9554
-9548
-9556
-9556
-9571
-9574
-9578
-9573
-9567
-9567
-9564
-9573
-9577
-9589
-9588
-9588
-9584
-9578
-9573
-9573
-9580
-9588
-9585
-9586
-9584
-9582
-9586
-9588
-9594
-9596
-9602
-9596
-9595
-9603
-9600
-9609
-9608
-9611
-9607
-9612
-9614
-9611
-9607
-9604
-9613
-9612
-9619
-9618
-9625
-9630
-9639
-9636
-9634
-9632
-9626
-9627
-9631
-9634
-9631
-9635
-9636
-9639
-9641
-9651
-9649
-9658
-9664
-9665
-9662
-9665
-9667
-9654
-9664
-9669
-9668
-9667
-9673
-9667
-9665
-9665
-9665
-9669
-9675
-9683
-9678
-9682
-9687
-9690
-9681
-9690
-9697
-9693
-9698
-9698
-9693
-9697
-9700
-9696
-9701
-9701
-9702
-9702
-9710
-9709
-9704
-9706
-9710
-9712
-9715
-9722
-9719
-9711
-9715
-9714
-9708
-9712
-9715
-9714
-9718
-9718
-9717
-9718
-9712
-9709
-9708
-9715
-9720
-9716
-9723
-9723
-9729
-9726
-9725
-9724
-9718
-9722
-9717
-9723
-9716
-9723
-9723
-9729
-9729
-9722
-9729
-9734
-9741
-9730
-9734
-9735
-9733
-9731
-9729
-9733
-9739
-9735
-9726
-9727
-9731
-9730
-9733
-9733
-9738
-9733
-9731
-9731
-9733
-9737
-9731
-9734
-9728
-9736
-9732
-9731
-9728
-9730
-9731
-9724
-9728
-9722
-9725
-9723
-9720
-9719
-9726
-9732
-9723
-9724
-9718
-9712
-9713
-9717
-9714
-9712
-9715
-9713
-9714
-9705
-9705
-9705
-9708
-9707
-9706
-9706
-9712
-9716
-9713
-9707
-9701
-9698
-9692
-9694
-9696
-9688
-9684
-9688
-9683
-9682
-9685
-9685
-9685
-9685
-9683
-9687
-9685
-9691
-9690
-9682
-9685
-9676
-9672
-9665
-9673
-9672
-9671
-9667
-9658
-9654
-9652
-9653
-9648
-9659
-9660
-9659
-9650
-9648
-9651
-9653
-9655
-9644
-9647
-9645
-9650
-9646
-9642
-9639
-9635
-9635
-9629
-9632
-9630
-9630
-9624
-9626
-9625
-9623
-9623
-9624
-9633
-9627
-9627
-9623
-9617
-9616
-9614
-9612
-9615
-9616
-9616
-9617
-9609
-9608
-9602
-9601
-9605
-9604
-9604
-9602
-9602
-9602
-9605
-9605
-9608
-9604
-9595
-9592
-9591
-9589
-9592
-9594
-9588
-9594
-9597
-9601
-9594
-9585
-9581
-9576
-9576
-9573
-9574
-9579
-9582
-9579
-9575
-9574
-9579
-9584
-9585
-9578
-9575
-9572
-9574
-9578
-9571
-9573
-9570
-9563
-9562
-9564
-9568
-9572
-9579
-9583
-9578
-9575
-9573
-9572
-9571
-9575
-9574
-9577
-9579
-9579
-9577
-9575
-9576
-9576
-9579
-9576
-9578
-9574
-9580
-9577
-9584
-9588
-9590
-9588
-9584
-9588
-9584
-9588
-9584
-9587
-9590
-9598
-9594
-9597
-9597
-9593
-9595
-9595
-9606
-9609
-9615
-9615
-9618
-9617
-9615
-9618
-9615
-9618
-9617
-9622
-9624
-9622
-9619
-9619
-9615
-9617
-9627
-9628
-9638
-9641
-9645
-9644
-9644
-9646
-9643
-9647
-9647
-9646
-9643
-9650
-9650
-9647
-9655
-9662
-9667
-9670
-9674
-9673
-9673
-9673
-9674
-9673
-9672
-9674
-9672
-9677
-9676
-9673
-9672
-9674
-9679
-9683
-9686
-9690
-9691
-9692
-9695
-9694
-9693
-9698
-9698
-9698
-9701
-9697
-9703
-9711
-9712
-9707
-9710
-9710
-9714
-9715
-9716
-9717
-9720
-9728
-9722
-9724
-9725
-9730
-9727
-9727
-9735
-9735
-9734
-9733
-9733
-9731
-9738
-9733
-9740
-9739
-9746
-9742
-9734
-9741
-9738
-9739
-9737
-9745
-9738
-9738
-9736
-9737
-9740
-9742
-9748
-9747
-9750
-9750
-9748
-9745
-9746
-9748
-9748
-9751
-9760
-9759
-9758
-9753
-9755
-9752
-9748
-9748
-9751
-9751
-9751
-9755
-9749
-9747
-9744
-9740
-9740
-9752
-9749
-9754
-9752
-9752
-9752
-9741
-9742
-9736
-9739
-9735
-9742
-9743
-9745
-9742
-9743
-9745
-9747
-9748
-9744
-9752
-9744
-9744
-9743
-9729
-9727
-9732
-9724
-9728
-9734
-9735
-9729
-9729
-9732
-9725
-9714
-9723
-9716
-9714
-9728
-9718
-9723
-9722
-9723
-9719
-9716
-9715
-9720
-9710
-9709
-9710
-9699
-9710
-9710
-9710
-9706
-9709
-9708
-9696
-9703
-9699
-9687
-9687
-9700
-9696
-9698
-9698
-9684
-9677
-9675
-9673
-9671
-9679
-9672
-9674
-9678
-9681
-9678
-9678
-9682
-9675
-9674
-9664
-9662
-9654
-9657
-9668
-9668
-9671
-9671
-9670
-9664
-9665
-9656
-9656
-9661
-9668
-9660
-9665
-9670
-9656
-9659
-9652
-9643
-9636
-9642
-9638
-9645
-9651
-9655
-9649
-9641
-9641
-9633
-9639
-9649
-9657
-9651
-9654
-9652
-9650
-9657
-9656
-9653
-9651
-9654
-9636
-9639
-9635
-9622
-9619
-9627
-9642
-9645
-9651
-9647
-9641
-9633
-9631
-9618
-9623
-9639
-9635
-9637
-9648
-9642
-9633
-9637
-9645
-9635
-9634
-9626
-9611
-9607
-9613
-9624
-9623
-9634
-9641
-9645
-9646
-9644
-9630
-9623
-9617
-9615
-9617
-9625
-9622
-9626
-9633
-9629
-9623
-9618
-9608
-9594
-9598
-9601
-9603
-9600
-9610
-9610
-9615
-9620
-9619
-9616
-9616
-9612
-9603
-9605
-9604
-9607
-9592
-9593
-9597
-9601
-9605
-9604
-9598
-9596
-9584
-9587
-9598
-9594
-9598
-9587
-9582
-9580
-9588
-9584
-9587
-9585
-9589
-9589
-9582
-9579
-9578
-9575
-9569
-9574
-9569
-9577
-9575
-9573
-9562
-9562
-9565
-9564
-9567
-9563
-9571
-9572
-9579
-9574
-9564
-9559
-9557
-9558
-9561
-9567
-9569
-9571
-9565
-9562
-9551
-9548
-9549
-9553
-9555
-9562
-9557
-9552
-9560
-9549
-9552
-9543
-9540
-9536
-9546
-9548
-9552
-9555
-9555
-9555
-9551
-9553
-9549
-9552
-9545
-9546
-9543
-9552
-9556
-9552
-9549
-9538
-9541
-9540
-9546
-9554
-9557
-9561
-9552
-9555
-9554
-9569
-9563
-9565
-9566
-9558
-9556
-9551
-9553
-9547
-9551
-9550
-9552
-9554
-9565
-9565
-9566
-9574
-9574
-9572
-9576
-9568
-9572
-9576
-9580
-9577
-9578
-9582
-9589
-9585
-9584
-9589
-9592
-9597
-9594
-9600
-9598
-9606
-9594
-9599
-9606
-9604
-9604
-9609
-9607
-9607
-9610
-9615
-9621
-9624
-9630
-9630
-9632
-9636
-9640
-9635
-9635
-9643
-9643
-9647
-9649
-9644
-9646
-9644
-9651
-9651
-9657
-9665
-9667
-9672
-9674
-9668
-9676
-9679
-9680
-9671
-9677
-9684
-9695
-9697
-9697
-9704
-9697
-9701
-9691
-9703
-9703
-9705
-9699
-9707
-9707
-9708
-9714
-9712
-9726
-9723
-9729
-9730
-9748
-9745
-9743
-9737
-9734
-9731
-9720
-9728
-9732
-9743
-9744
-9751
-9751
-9759
-9755
-9752
-9754
-9753
-9755
-9755
-9758
-9749
-9749
-9750
-9763
-9763
-9761
-9767
-9765
-9761
-9764
-9763
-9765
-9765
-9766
-9769
-9770
-9768
-9767
-9763
-9764
-9771
-9771
-9777
-9774
-9777
-9776
-9783
-9777
-9774
-9771
-9768
-9767
-9767
-9766
-9763
-9766
-9765
-9774
-9763
-9777
-9778
-9773
-9768
-9772
-9775
-9769
-9779
-9769
-9772
-9773
-9775
-9772
-9772
-9778
-9773
-9779
-9774
-9777
-9765
-9765
-9767
-9765
-9777
-9771
-9772
-9765
-9775
-9762
-9760
-9761
-9763
-9765
-9759
-9771
-9760
-9764
-9759
-9756
-9754
-9751
-9751
-9751
-9757
-9757
-9761
-9757
-9760
-9760
-9757
-9751
-9756
-9755
-9755
-9757
-9755
-9753
-9752
-9754
-9748
-9751
-9750
-9756
-9751
-9751
-9745
-9754
-9755
-9744
-9744
-9743
-9745
-9744
-9753
-9742
-9742
-9743
-9737
-9736
-9735
-9737
-9734
-9732
-9735
-9733
-9736
-9742
-9746
-9737
-9742
-9732
-9730
-9734
-9736
-9738
-9728
-9726
-9722
-9720
-9714
-9716
-9714
-9713
-9712
-9713
-9708
-9706
-9707
-9711
-9709
-9710
-9705
-9701
-9695
-9694
-9699
-9699
-9698
-9694
-9693
-9683
-9684
-9686
-9689
-9684
-9682
-9673
-9667
-9668
-9671
-9671
-9669
-9671
-9670
-9663
-9662
-9659
-9661
-9659
-9656
-9652
-9648
-9652
-9646
-9645
-9646
-9651
-9652
-9652
-9649
-9647
-9638
-9635
-9635
-9637
-9642
-9645
-9641
-9640
-9638
-9628
-9625
-9625
-9629
-9623
-9628
-9631
-9631
-9630
-9631
-9623
-9619
-9618
-9618
-9626
-9630
-9630
-9626
-9623
-9623
-9617
-9612
-9617
-9619
-9624
-9620
-9616
-9612
-9606
-9607
-9610
-9614
-9612
-9617
-9626
-9627
-9625
-9617
-9623
-9620
-9615
-9618
-9619
-9621
-9621
-9622
-9616
-9613
-9616
-9614
-9612
-9615
-9617
-9618
-9612
-9611
-9610
-9615
-9621
-9627
-9621
-9612
-9611
-9605
-9610
-9615
-9614
-9612
-9619
-9617
-9615
-9614
-9615
-9615
-9622
-9626
-9621
-9626
-9628
-9625
-9619
-9624
-9624
-9622
-9619
-9615
-9616
-9615
-9613
-9616
-9619
-9619
-9619
-9621
-9622
-9622
-9622
-9615
-9615
-9612
-9620
-9622
-9622
-9633
-9630
-9628
-9625
-9625
-9623
-9619
-9616
-9618
-9621
-9626
-9635
-9634
-9632
-9632
-9632
-9632
-9635
-9632
-9629
-9633
-9634
-9636
-9633
-9632
-9636
-9642
-9644
-9647
-9645
-9646
-9649
-9646
-9650
-9655
-9659
-9665
-9670
-9666
-9668
-9669
-9663
-9662
-9664
-9669
-9671
-9673
-9680
-9683
-9683
-9684
-9683
-9684
-9681
-9688
-9688
-9680
-9677
-9681
-9685
-9686
-9686
-9687
-9691
-9695
-9700
-9700
-9701
-9700
-9704
-9701
-9708
-9699
-9699
-9703
-9698
-9707
-9704
-9709
-9701
-9709
-9714
-9715
-9714
-9717
-9720
-9717
-9719
-9719
-9718
-9713
-9719
-9713
-9713
-9714
-9712
-9715
-9716
-9720
-9717
-9721
-9720
-9717
-9720
-9720
-9719
-9718
-9722
-9723
-9718
-9713
-9713
-9721
-9721
-9723
-9717
-9719
-9720
-9711
-9715
-9714
-9719
-9722
-9722
-9724
-9725
-9726
-9726
-9721
-9721
-9722
-9718
-9721
-9716
-9718
-9713
-9718
-9726
-9720
-9718
-9723
-9727
-9729
-9728
-9724
-9722
-9722
-9726
-9725
-9727
-9728
-9725
-9720
-9720
-9716
-9714
-9721
-9727
-9722
-9724
-9725
-9724
-9723
-9727
-9722
-9717
-9717
-9717
-9721
-9717
-9717
-9713
-9717
-9718
-9720
-9718
-9720
-9721
-9713
-9719
-9710
-9708
-9712
-9714
-9716
-9722
-9724
-9720
-9721
-9712
-9712
-9709
-9715
-9707
-9708
-9712
-9709
-9705
-9699
-9702
-9697
-9701
-9695
-9698
-9685
-9692
-9695
-9692
-9692
-9691
-9698
-9696
-9702
-9692
-9696
-9692
-9696
-9700
-9689
-9694
-9688
-9689
-9680
-9678
-9679
-9672
-9682
-9674
-9676
-9677
-9674
-9676
-9676
-9672
-9671
-9680
-9675
-9674
-9668
-9666
-9665
-9659
-9664
-9662
-9661
-9659
-9666
-9667
-9662
-9659
-9648
-9648
-9642
-9650
-9656
-9659
-9659
-9656
-9666
-9660
-9658
-9661
-9651
-9649
-9646
-9655
-9652
-9649
-9648
-9649
-9654
-9650
-9657
-9649
-9649
-9644
-9638
-9638
-9640
-9634
-9647
-9646
-9642
-9640
-9638
-9649
-9634
-9638
-9637
-9642
-9644
-9640
-9643
-9641
-9646
-9645
-9635
-9638
-9640
-9635
-9649
-9648
-9639
-9650
-9649
-9651
-9640
-9649
-9650
-9638
-9649
-9632
-9643
-9647
-9639
-9638
-9638
-9646
-9641
-9638
-9646
-9639
-9639
-9646
-9642
-9648
-9640
-9636
-9645
-9636
-9646
-9649
-9639
-9649
-9639
-9650
-9644
-9643
-9647
-9640
-9658
-9645
-9643
-9652
-9643
-9646
-9650
-9646
-9641
-9632
-9641
-9635
-9636
-9648
-9640
-9654
-9650
-9648
-9658
-9658
-9659
-9648
-9651
-9651
-9647
-9652
-9657
-9660
-9662
-9665
-9669
-9669
-9665
-9665
-9667
-9665
-9661
-9657
-9664
-9663
-9666
-9670
-9674
-9681
-9671
-9672
-9681
-9678
-9671
-9664
-9673
-9680
-9676
-9686
-9686
-9693
-9691
-9687
-9692
-9684
-9688
-9692
-9685
-9684
-9679
-9693
-9697
-9695
-9698
-9693
-9709
-9704
-9698
-9707
-9704
-9696
-9698
-9694
-9697
-9691
-9693
-9698
-9701
-9698
-9694
-9705
-9706
-9694
-9700
-9702
-9702
-9705
-9707
-9709
-9709
-9714
-9714
-9716
-9712
-9712
-9713
-9727
-9720
-9718
-9717
-9715
-9719
-9716
-9720
-9720
-9717
-9722
-9726
-9729
-9722
-9721
-9722
-9718
-9714
-9714
-9717
-9713
-9715
-9711
-9724
-9715
-9719
-9716
-9718
-9723
-9721
-9722
-9718
-9721
-9716
-9715
-9716
-9714
-9710
-9712
-9714
-9710
-9708
-9713
-9712
-9708
-9709
-9715
-9719
-9719
-9716
-9718
-9711
-9714
-9712
-9712
-9705
-9703
-9699
-9705
-9705
-9705
-9708
-9707
-9713
-9700
-9709
-9701
-9706
-9705
-9710
-9711
-9712
-9710
-9714
-9718
-9717
-9717
-9715
-9723
-9711
-9712
-9707
-9707
-9710
-9704
-9707
-9706
-9705
-9710
-9718
-9719
-9718
-9720
-9714
-9716
-9705
-9709
-9712
-9713
-9706
-9709
-9715
-9705
-9709
-9707
-9714
-9714
-9723
-9717
-9711
-9717
-9713
-9717
-9712
-9713
-9717
-9722
-9718
-9711
-9710
-9714
-9716
-9714
-9723
-9721
-9723
-9715
-9713
-9710
-9710
-9710
-9716
-9714
-9713
-9706
-9698
-9702
-9700
-9705
-9703
-9712
-9705
-9710
-9711
-9716
-9706
-9704
-9704
-9700
-9708
-9699
-9705
-9690
-9697
-9692
-9695
-9687
-9687
-9694
-9688
-9697
-9681
-9681
-9675
-9685
-9683
-9683
-9685
-9688
-9684
-9681
-9683
-9670
-9673
-9671
-9678
-9665
-9674
-9672
-9670
-9669
-9661
-9662
-9665
-9670
-9662
-9665
-9668
-9667
-9674
-9670
-9666
-9667
-9661
-9662
-9659
-9658
-9658
-9656
-9650
-9655
-9653
-9660
-9656
-9657
-9658
-9658
-9658
-9653
-9653
-9649
-9652
-9648
-9656
-9651
-9651
-9658
-9652
-9652
-9648
-9651
-9654
-9650
-9658
-9651
-9657
-9657
-9657
-9661
-9661
-9657
-9655
-9660
-9656
-9659
-9657
-9665
-9662
-9660
-9657
-9656
-9657
-9656
-9659
-9661
-9658
-9655
-9650
-9644
-9648
-9644
-9645
-9646
-9647
-9654
-9652
-9649
-9646
-9646
-9647
-9654
-9655
-9656
-9655
-9651
-9649
-9647
-9647
-9639
-9651
-9646
-9654
-9654
-9647
-9647
-9646
-9646
-9636
-9640
-9647
-9644
-9636
-9640
-9645
-9652
-9648
-9647
-9647
-9644
-9645
-9646
-9641
-9647
-9654
-9657
-9654
-9651
-9646
-9642
-9643
-9640
-9640
-9647
-9658
-9659
-9656
-9652
-9655
-9656
-9664
-9661
-9661
-9659
-9659
-9659
-9660
-9658
-9658
-9658
-9664
-9663
-9663
-9670
-9666
-9668
-9662
-9665
-9670
-9675
-9672
-9677
-9677
-9673
-9675
-9681
-9676
-9677
-9692
-9690
-9681
-9685
-9684
-9681
-9683
-9680
-9678
-9677
-9684
-9680
-9689
-9687
-9694
-9693
-9696
-9700
-9692
-9692
-9696
-9697
-9696
-9699
-9692
-9698
-9699
-9704
-9698
-9703
-9708
-9700
-9698
-9697
-9699
-9695
-9701
-9696
-9702
-9712
-9712
-9708
-9699
-9702
-9704
-9707
-9703
-9708
-9710
-9709
-9715
-9715
-9715
-9712
-9709
-9707
-9712
-9713
-9715
-9710
-9711
-9707
-9709
-9714
-9712
-9708
-9704
-9704
-9700
-9705
-9708
-9709
-9712
-9709
-9703
-9702
-9699
-9702
-9707
-9709
-9702
-9699
-9703
-9703
-9700
-9696
-9692
-9698
-9703
-9706
-9699
-9698
-9699
-9696
-9698
-9696
-9706
-9700
-9711
-9706
-9705
-9703
-9698
-9691
-9685
-9698
-9697
-9700
-9698
-9698
-9692
-9699
-9696
-9702
-9707
-9716
-9713
-9716
-9721
-9715
-9713
-9706
-9702
-9698
-9700
-9699
-9706
-9702
-9706
-9703
-9707
-9710
-9719
-9724
-9725
-9727
-9727
-9723
-9722
-9721
-9718
-9729
-9727
-9728
-9727
-9729
-9723
-9723
-9726
-9726
-9727
-9732
-9728
-9731
-9739
-9743
-9741
-9736
-9736
-9736
-9733
-9734
-9736
-9733
-9736
-9737
-9732
-9732
-9740
-9736
-9735
-9730
-9734
-9734
-9740
-9740
-9740
-9743
-9738
-9738
-9735
-9744
-9740
-9746
-9742
-9733
-9732
-9730
-9741
-9727
-9727
-9732
-9737
-9732
-9734
-9744
-9737
-9744
-9731
-9736
-9731
-9736
-9728
-9730
-9736
-9733
-9737
-9729
-9730
-9723
-9728
-9735
-9736
-9734
-9739
-9730
-9723
-9714
-9719
-9718
-9719
-9725
-9732
-9726
-9730
-9725
-9716
-9717
-9712
-9718
-9712
-9718
-9719
-9718
-9722
-9713
-9720
-9730
-9726
-9734
-9723
-9728
-9713
-9709
-9711
-9707
-9710
-9715
-9721
-9722
-9732
-9723
-9719
-9710
-9712
-9703
-9708
-9719
-9705
-9708
-9712
-9714
-9711
-9701
-9706
-9703
-9702
-9707
-9705
-9712
-9709
-9705
-9723
-9714
-9723
-9712
-9701
-9715
-9693
-9701
-9708
-9698
-9711
-9707
-9710
-9716
-9701
-9719
-9705
-9708
-9715
-9699
-9712
-9702
-9696
-9700
-9692
-9699
-9696
-9704
-9704
-9693
-9696
-9691
-9695
-9697
-9691
-9686
-9685
-9675
-9689
-9681
-9691
-9699
-9686
-9697
-9683
-9685
-9680
-9670
-9683
-9670
-9672
-9671
-9663
-9669
-9652
-9663
-9668
-9668
-9679
-9666
-9668
-9664
-9656
-9659
-9649
-9660
-9654
-9646
-9649
-9640
-9646
-9641
-9634
-9634
-9634
-9646
-9643
-9646
-9648
-9633
-9639
-9634
-9628
-9625
-9624
-9618
-9614
-9618
-9619
-9619
-9622
-9628
-9626
-9629
-9623
-9613
-9615
-9612
-9617
-9612
-9602
-9605
-9592
-9598
-9593
-9597
-9600
-9596
-9608
-9603
-9609
-9606
-9605
-9606
-9608
-9604
-9598
-9593
-9593
-9596
-9593
-9593
-9591
-9599
-9596
-9596
-9600
-9599
-9606
-9603
-9600
-9600
-9603
-9611
-9612
-9612
-9607
-9601
-9608
-9601
-9604
-9610
-9609
-9609
-9610
-9613
-9614
-9614
-9612
-9612
-9607
-9614
-9614
-9621
-9619
-9619
-9622
-9627
-9628
-9624
-9623
-9629
-9632
-9633
-9638
-9640
-9639
-9643
-9644
-9645
-9651
-9654
-9655
-9651
-9666
-9655
-9661
-9664
-9668
-9665
-9662
-9666
-9666
-9669
-9672
-9675
-9678
-9677
-9683
-9691
-9692
-9697
-9685
-9694
-9693
-9696
-9698
-9701
-9699
-9697
-9702
-9715
-9715
-9719
-9721
-9716
-9719
-9719
-9720
-9722
-9722
-9720
-9722
-9726
-9731
-9728
-9730
-9724
-9730
-9728
-9731
-9727
-9729
-9731
-9731
-9731
-9732
-9740
-9740
-9745
-9743
-9744
-9735
-9732
-9737
-9735
-9739
-9739
-9739
-9744
-9737
-9740
-9736
-9729
-9731
-9737
-9744
-9742
-9738
-9740
-9740
-9741
-9741
-9739
-9741
-9732
-9731
-9733
-9735
-9735
-9734
-9734
-9743
-9745
-9742
-9742
-9743
-9740
-9736
-9735
-9737
-9742
-9740
-9740
-9742
-9738
-9741
-9736
-9736
-9734
-9730
-9737
-9734
-9745
-9736
-9734
-9726
-9728
-9725
-9724
-9731
-9726
-9731
-9728
-9734
-9740
-9741
-9738
-9739
-9727
-9724
-9720
-9719
-9721
-9722
-9725
-9724
-9726
-9724
-9728
-9727
-9722
-9723
-9720
-9721
-9720
-9717
-9719
-9721
-9726
-9728
-9731
-9732
-9734
-9728
-9723
-9725
-9722
-9720
-9715
-9712
-9716
-9714
-9715
-9717
-9719
-9720
-9718
-9720
-9718
-9720
-9717
-9716
-9713
-9714
-9715
-9712
-9712
-9714
-9710
-9712
-9711
-9710
-9706
-9700
-9704
-9705
-9703
-9702
-9706
-9707
-9708
-9704
-9703
-9705
-9703
-9698
-9703
-9699
-9700
-9702
-9698
-9698
-9698
-9694
-9690
-9693
-9695
-9693
-9688
-9687
-9685
-9694
-9693
-9693
-9691
-9687
-9686
-9683
-9687
-9683
-9690
-9694
-9694
-9691
-9687
-9685
-9680
-9676
-9676
-9682
-9681
-9683
-9684
-9681
-9678
-9682
-9679
-9678
-9683
-9681
-9681
-9683
-9687
-9683
-9683
-9683
-9685
-9682
-9685
-9684
-9679
-9681
-9681
-9681
-9679
-9688
-9694
-9695
-9696
-9691
-9683
-9683
-9679
-9678
-9682
-9688
-9688
-9683
-9688
-9684
-9678
-9682
-9682
-9679
-9677
-9677
-9676
-9675
-9678
-9683
-9678
-9687
-9691
-9690
-9692
-9687
-9689
-9684
-9685
-9686
-9684
-9687
-9683
-9683
-9684
-9691
-9691
-9685
-9690
-9691
-9691
-9690
-9691
-9686
-9688
-9683
-9681
-9681
-9684
-9686
-9681
-9688
-9686
-9686
-9684
-9689
-9687
-9690
-9690
-9683
-9683
-9683
-9680
-9679
-9681
-9679
-9676
-9677
-9677
-9680
-9679
-9684
-9687
-9684
-9683
-9683
-9684
-9680
-9677
-9666
-9669
-9667
-9677
-9678
-9672
-9675
-9669
-9677
-9677
-9680
-9687
-9694
-9695
-9691
-9693
-9681
-9689
-9685
-9681
-9689
-9688
-9696
-9688
-9694
-9690
-9687
-9682
-9682
-9686
-9689
-9696
-9697
-9702
-9703
-9710
-9705
-9710
-9706
-9705
-9703
-9703
-9709
-9704
-9710
-9701
-9699
-9703
-9708
-9710
-9710
-9716
-9713
-9715
-9714
-9715
-9719
-9719
-9717
-9715
-9713
-9712
-9713
-9717
-9719
-9723
-9725
-9726
-9727
-9723
-9725
-9724
-9731
-9729
-9725
-9723
-9721
-9720
-9715
-9717
-9721
-9719
-9719
-9721
-9723
-9722
-9720
-9720
-9719
-9718
-9716
-9722
-9724
-9723
-9723
-9727
-9727
-9720
-9712
-9715
-9710
-9710
-9712
-9711
-9713
-9705
-9706
-9708
-9707
-9708
-9714
-9714
-9709
-9712
-9714
-9710
-9707
-9703
-9705
-9708
-9708
-9712
-9712
-9714
-9709
-9700
-9700
-9698
-9696
-9697
-9698
-9699
-9697
-9700
-9699
-9692
-9696
-9689
-9684
-9681
-9679
-9686
-9682
-9684
-9679
-9678
-9682
-9680
-9683
-9686
-9682
-9673
-9680
-9682
-9676
-9677
-9675
-9675
-9679
-9677
-9682
-9680
-9680
-9681
-9680
-9684
-9681
-9676
-9673
-9675
-9671
-9664
-9667
-9667
-9672
-9673
-9678
-9679
-9676
-9677
-9675
-9674
-9675
-9676
-9674
-9671
-9674
-9669
-9661
-9667
-9665
-9672
-9677
-9676
-9677
-9674
-9676
-9673
-9672
-9673
-9671
-9670
-9672
-9672
-9668
-9667
-9668
-9668
-9669
-9671
-9667
-9672
-9672
-9670
-9670
-9673
-9670
-9664
-9665
-9663
-9665
-9668
-9674
-9676
-9674
-9677
-9671
-9666
-9665
-9659
-9664
-9670
-9670
-9668
-9663
-9665
-9666
-9667
-9667
-9667
-9674
-9677
-9676
-9667
-9666
-9666
-9659
-9664
-9666
-9666
-9665
-9667
-9669
-9671
-9668
-9672
-9669
-9664
-9662
-9659
-9664
-9662
-9659
-9658
-9661
-9661
-9665
-9662
-9656
-9653
-9658
-9664
-9667
-9665
-9662
-9657
-9654
-9651
-9649
-9656
-9655
-9654
-9658
-9664
-9657
-9651
-9650
-9650
-9653
-9654
-9656
-9653
-9649
-9654
-9658
-9659
-9658
-9661
-9662
-9652
-9652
-9651
-9650
-9647
-9649
-9654
-9658
-9660
-9656
-9654
-9653
-9654
-9656
-9660
-9664
-9662
-9662
-9668
-9667
-9657
-9652
-9652
-9659
-9658
-9658
-9661
-9655
-9657
-9652
-9653
-9659
-9665
-9667
-9665
-9666
-9664
-9660
-9660
-9665
-9666
-9661
-9659
-9659
-9657
-9662
-9658
-9660
-9660
-9663
-9666
-9665
-9663
-9661
-9665
-9664
-9666
-9662
-9666
-9667
-9663
-9668
-9663
-9666
-9664
-9665
-9669
-9665
-9665
-9666
-9665
-9665
-9667
-9665
-9668
-9671
-9670
-9667
-9667
-9668
-9660
-9662
-9664
-9663
-9669
-9668
-9665
-9663
-9666
-9662
-9656
-9658
-9655
-9661
-9659
-9662
-9664
-9664
-9665
-9660
-9662
-9664
-9665
-9669
-9667
-9663
-9657
-9653
-9657
-9654
-9656
-9655
-9656
-9654
-9654
-9658
-9656
-9652
-9650
-9644
-9650
-9654
-9655
-9656
-9656
-9662
-9659
-9663
-9657
-9661
-9661
-9662
-9663
-9660
-9662
-9656
-9657
-9658
-9659
-9656
-9657
-9657
-9660
-9661
-9666
-9669
-9668
-9664
-9659
-9665
-9659
-9655
-9658
-9660
-9659
-9661
-9664
-9661
-9659
-9655
-9658
-9659
-9659
-9658
-9654
-9656
-9666
-9664
-9663
-9669
-9670
-9667
-9666
-9668
-9664
-9667
-9667
-9665
-9668
-9665
-9656
-9665
-9665
-9671
-9673
-9672
-9672
-9666
-9669
-9668
-9669
-9671
-9681
-9681
-9680
-9677
-9674
-9671
-9673
-9676
-9678
-9681
-9689
-9679
-9677
-9672
-9672
-9672
-9678
-9684
-9683
-9685
-9682
-9685
-9679
-9688
-9686
-9690
-9693
-9699
-9699
-9698
-9700
-9697
-9692
-9691
-9696
-9702
-9702
-9702
-9697
-9696
-9700
-9702
-9707
-9710
-9718
-9712
-9716
-9716
-9722
-9722
-9723
-9722
-9719
-9718
-9716
-9716
-9720
-9724
-9727
-9730
-9727
-9731
-9731
-9732
-9728
-9728
-9729
-9727
-9724
-9727
-9735
-9740
-9737
-9735
-9739
-9741
-9745
-9742
-9742
-9742
-9738
-9739
-9743
-9747
-9750
-9753
-9754
-9755
-9752
-9751
-9760
-9758
-9765
-9762
-9763
-9764
-9759
-9765
-9761
-9763
-9761
-9768
-9766
-9764
-9764
-9762
-9765
-9767
-9764
-9761
-9763
-9764
-9773
-9773
-9771
-9771
-9773
-9777
-9781
-9778
-9784
-9783
-9784
-9780
-9781
-9775
-9779
-9784
-9781
-9781
-9772
-9780
-9778
-9783
-9782
-9789
-9785
-9786
-9789
-9787
-9788
-9781
-9789
-9788
-9790
-9785
-9787
-9781
-9777
-9779
-9781
-9783
-9781
-9788
-9783
-9790
-9788
-9784
-9781
-9788
-9792
-9786
-9786
-9789
-9790
-9792
-9788
-9787
-9786
-9784
-9788
-9778
-9778
-9775
-9776
-9775
-9778
-9776
-9770
-9773
-9775
-9778
-9775
-9773
-9774
-9771
-9773
-9776
-9774
-9773
-9772
-9770
-9773
-9774
-9775
-9773
-9766
-9764
-9765
-9770
-9765
-9769
-9767
-9771
-9766
-9759
-9754
-9748
-9752
-9754
-9754
-9754
-9756
-9755
-9752
-9743
-9744
-9733
-9729
-9732
-9737
-9738
-9738
-9739
-9734
-9738
-9735
-9732
-9732
-9734
-9735
-9733
-9733
-9732
-9722
-9719
-9717
-9716
-9716
-9712
-9714
-9711
-9710
-9708
-9706
-9706
-9700
-9704
-9700
-9701
-9693
-9687
-9684
-9683
-9689
-9691
-9693
-9684
-9690
-9682
-9687
-9683
-9682
-9676
-9674
-9675
-9664
-9666
-9662
-9664
-9657
-9665
-9657
-9660
-9663
-9659
-9654
-9649
-9650
-9644
-9646
-9644
-9648
-9644
-9644
-9635
-9629
-9626
-9624
-9625
-9625
-9626
-9621
-9621
-9622
-9620
-9616
-9620
-9612
-9610
-9620
-9616
-9605
-9606
-9607
-9598
-9594
-9593
-9590
-9589
-9602
-9600
-9600
-9607
-9610
-9594
-9587
-9588
-9579
-9577
-9587
-9583
-9567
-9575
-9576
-9575
-9572
-9583
-9571
-9568
-9575
-9572
-9570
-9569
-9571
-9563
-9578
-9578
-9579
-9574
-9575
-9565
-9559
-9564
-9557
-9557
-9558
-9566
-9563
-9566
-9564
-9562
-9568
-9566
-9566
-9558
-9561
-9566
-9558
-9562
-9561
-9561
-9562
-9565
-9559
-9555
-9560
-9556
-9552
-9557
-9563
-9550
-9550
-9555
-9551
-9554
-9558
-9560
-9557
-9562
-9561
-9553
-9557
-9560
-9554
-9556
-9556
-9561
-9564
-9565
-9567
-9565
-9573
-9569
-9568
-9562
-9566
-9566
-9568
-9575
-9574
-9576
-9576
-9585
-9577
-9581
-9581
-9581
-9585
-9589
-9591
-9596
-9599
-9597
-9600
-9597
-9598
-9596
-9601
-9609
-9609
-9608
-9608
-9607
-9609
-9611
-9617
-9620
-9622
-9619
-9615
-9622
-9625
-9633
-9632
-9637
-9640
-9637
-9640
-9638
-9640
-9641
-9645
-9646
-9646
-9655
-9656
-9657
-9665
-9670
-9674
-9677
-9680
-9674
-9677
-9682
-9684
-9679
-9679
-9687
-9686
-9694
-9694
-9694
-9693
-9700
-9694
-9695
-9697
-9697
-9699
-9700
-9709
-9701
-9701
-9704
-9707
-9712
-9717
-9725
-9723
-9724
-9726
-9730
-9730
-9734
-9735
-9732
-9735
-9730
-9733
-9734
-9738
-9737
-9737
-9738
-9740
-9749
-9749
-9748
-9752
-9752
-9751
-9758
-9752
-9759
-9760
-9760
-9762
-9761
-9762
-9763
-9769
-9770
-9778
-9778
-9778
-9777
-9770
-9768
-9772
-9775
-9782
-9784
-9790
-9793
-9785
-9786
-9787
-9791
-9787
-9786
-9783
-9783
-9789
-9790
-9788
-9789
-9793
-9790
-9791
-9789
-9792
-9793
-9792
-9788
-9787
-9791
-9789
-9789
-9788
-9786
-9784
-9789
-9787
-9789
-9791
-9789
-9788
-9787
-9788
-9782
-9781
-9783
-9782
-9782
-9785
-9788
-9782
-9773
-9773
-9774
-9774
-9775
-9782
-9783
-9781
-9783
-9778
-9773
-9772
-9773
-9776
-9774
-9768
-9769
-9765
-9767
-9766
-9759
-9763
-9764
-9762
-9757
-9752
-9751
-9751
-9756
-9758
-9759
-9761
-9760
-9757
-9752
-9747
-9743
-9742
-9746
-9748
-9749
-9744
-9738
-9740
-9733
-9733
-9733
-9733
-9733
-9732
-9736
-9732
-9726
-9725
-9727
-9725
-9728
-9729
-9730
-9728
-9725
-9723
-9720
-9719
-9723
-9721
-9721
-9719
-9720
-9724
-9722
-9724
-9724
-9725
-9722
-9722
-9722
-9717
-9707
-9708
-9711
-9718
-9722
-9716
-9717
-9716
-9713
-9713
-9705
-9713
-9715
-9713
-9715
-9715
-9717
-9712
-9721
-9719
-9720
-9721
-9722
-9715
-9713
