01050253.PTO
COCZ
2012/01/05 02:53:28.4199
100.0000 m/s  
5685 muestras
-9048
-9047
-9048
-9050
-9051
-9054
-9053
-9052
-9053
-9054
-9056
-9054
-9055
-9052
-9052
-9052
-9054
-9055
-9054
-9055
-9052
-9053
-9055
-9054
-9057
-9058
-9058
-9058
-9056
-9055
-9053
-9054
-9056
-9059
-9058
-9061
-9062
-9060
-9061
-9061
-9065
-9065
-9067
-9068
-9067
-9069
-9069
-9070
-9071
-9072
-9073
-9074
-9073
-9075
-9074
-9070
-9070
-9069
-9071
-9074
-9074
-9077
-9076
-9072
-9070
-9069
-9071
-9074
-9076
-9078
-9080
-9077
-9074
-9073
-9073
-9075
-9076
-9078
-9081
-9082
-9080
-9080
-9078
-9081
-9084
-9087
-9088
-9086
-9085
-9084
-9082
-9085
-9086
-9087
-9086
-9085
-9085
-9084
-9083
-9083
-9083
-9082
-9082
-9080
-9082
-9079
-9079
-9077
-9079
-9077
-9075
-9076
-9074
-9078
-9081
-9085
-9085
-9084
-9081
-9079
-9077
-9075
-9078
-9080
-9080
-9080
-9079
-9077
-9075
-9078
-9082
-9082
-9082
-9078
-9076
-9075
-9072
-9069
-9071
-9071
-9072
-9072
-9072
-9070
-9066
-9067
-9066
-9066
-9069
-9069
-9068
-9067
-9064
-9060
-9055
-9055
-9054
-9056
-9057
-9060
-9059
-9055
-9051
-9042
-9039
-9035
-9035
-9035
-9036
-9037
-9038
-9040
-9038
-9038
-9032
-9029
-9029
-9029
-9029
-9024
-9022
-9019
-9018
-9018
-9017
-9014
-9010
-9007
-9002
-9000
-9001
-9000
-9000
-8998
-8996
-8993
-8988
-8983
-8980
-8982
-8981
-8978
-8976
-8973
-8968
-8968
-8964
-8960
-8958
-8957
-8954
-8949
-8948
-8944
-8942
-8941
-8943
-8941
-8940
-8937
-8934
-8930
-8928
-8924
-8921
-8919
-8918
-8917
-8913
-8914
-8911
-8910
-8908
-8907
-8904
-8902
-8900
-8898
-8898
-8896
-8895
-8892
-8893
-8890
-8887
-8885
-8880
-8878
-8875
-8874
-8871
-8869
-8870
-8870
-8871
-8872
-8867
-8867
-8866
-8863
-8863
-8864
-8868
-8866
-8866
-8864
-8861
-8859
-8859
-8856
-8855
-8854
-8853
-8852
-8854
-8857
-8856
-8859
-8856
-8851
-8848
-8848
-8849
-8851
-8849
-8851
-8854
-8851
-8851
-8848
-8846
-8845
-8843
-8843
-8844
-8845
-8847
-8852
-8856
-8855
-8853
-8852
-8850
-8850
-8853
-8852
-8853
-8855
-8856
-8856
-8855
-8856
-8857
-8858
-8862
-8863
-8863
-8868
-8882
-8903
-8904
-8878
-8829
-8791
-8789
-8809
-8830
-8845
-8863
-8876
-8877
-8888
-8935
-8998
-8992
-8898
-8788
-8725
-8716
-8742
-8854
-9061
-9219
-9178
-8970
-8738
-8556
-8435
-8438
-8638
-8976
-9284
-9461
-9499
-9365
-9018
-8549
-8186
-8096
-8264
-8614
-9125
-9677
-10012
-9919
-9393
-8632
-7946
-7625
-7820
-8483
-9329
-9980
-10110
-9687
-9020
-8510
-8351
-8435
-8610
-8801
-8979
-9086
-9124
-9169
-9183
-9026
-8691
-8453
-8549
-8916
-9295
-9487
-9435
-9126
-8647
-8273
-8335
-8827
-9367
-9610
-9532
-9297
-8992
-8653
-8413
-8423
-8618
-8822
-9026
-9351
-9706
-9761
-9359
-8754
-8326
-8214
-8364
-8742
-9291
-9755
-9819
-9492
-9074
-8776
-8559
-8404
-8474
-8783
-9139
-9359
-9466
-9522
-9435
-9112
-8642
-8303
-8304
-8620
-9076
-9533
-9850
-9845
-9453
-8879
-8464
-8367
-8500
-8742
-9082
-9456
-9682
-9632
-9421
-9163
-8819
-8428
-8253
-8544
-9167
-9721
-9921
-9765
-9350
-8809
-8380
-8333
-8656
-9038
-9241
-9321
-9418
-9488
-9402
-9138
-8819
-8587
-8545
-8749
-9194
-9706
-9951
-9716
-9145
-8636
-8455
-8569
-8842
-9174
-9460
-9542
-9399
-9229
-9184
-9128
-8897
-8633
-8594
-8847
-9234
-9578
-9764
-9664
-9215
-8613
-8277
-8436
-8925
-9418
-9694
-9686
-9400
-9003
-8765
-8819
-9036
-9163
-9087
-8941
-8929
-9095
-9331
-9508
-9541
-9352
-8974
-8633
-8586
-8855
-9173
-9314
-9300
-9269
-9233
-9169
-9131
-9131
-9065
-8888
-8779
-8928
-9277
-9532
-9503
-9224
-8871
-8604
-8556
-8842
-9330
-9671
-9630
-9311
-8987
-8843
-8883
-9013
-9132
-9155
-9051
-8909
-8916
-9144
-9403
-9444
-9241
-8987
-8859
-8883
-9007
-9166
-9264
-9167
-8948
-8863
-9038
-9309
-9402
-9270
-9050
-8884
-8853
-8987
-9245
-9422
-9305
-8933
-8622
-8639
-8943
-9309
-9545
-9556
-9317
-8966
-8734
-8776
-9015
-9201
-9197
-9080
-9013
-9054
-9137
-9203
-9212
-9101
-8900
-8785
-8925
-9247
-9470
-9405
-9130
-8842
-8675
-8700
-8948
-9290
-9469
-9345
-9063
-8881
-8895
-9017
-9123
-9159
-9104
-8980
-8889
-8971
-9196
-9355
-9290
-9056
-8839
-8771
-8868
-9064
-9266
-9369
-9287
-9072
-8916
-8936
-9052
-9104
-9053
-8976
-8946
-8961
-9032
-9168
-9271
-9206
-8988
-8820
-8842
-8989
-9132
-9208
-9218
-9149
-9020
-8932
-8955
-9045
-9079
-9018
-8982
-9040
-9137
-9194
-9183
-9106
-8958
-8797
-8741
-8874
-9133
-9344
-9378
-9257
-9075
-8893
-8760
-8744
-8867
-9028
-9128
-9170
-9221
-9264
-9203
-9029
-8851
-8758
-8755
-8847
-9052
-9293
-9408
-9304
-9070
-8869
-8777
-8778
-8849
-8984
-9127
-9196
-9183
-9166
-9160
-9102
-8959
-8802
-8748
-8831
-9001
-9181
-9306
-9318
-9171
-8930
-8759
-8772
-8908
-9046
-9131
-9178
-9190
-9137
-9040
-8960
-8908
-8831
-8761
-8817
-9027
-9264
-9390
-9362
-9212
-8995
-8783
-8681
-8755
-8946
-9108
-9178
-9195
-9203
-9167
-9071
-8950
-8852
-8795
-8794
-8883
-9053
-9218
-9258
-9146
-8978
-8873
-8856
-8903
-8995
-9099
-9147
-9109
-9039
-9020
-9035
-9006
-8920
-8855
-8875
-8955
-9056
-9156
-9208
-9143
-8978
-8821
-8794
-8897
-9026
-9109
-9142
-9134
-9076
-9006
-8975
-8979
-8953
-8871
-8811
-8845
-8977
-9122
-9201
-9194
-9108
-8965
-8827
-8795
-8894
-9023
-9080
-9070
-9054
-9051
-9030
-8985
-8947
-8908
-8849
-8817
-8892
-9067
-9214
-9233
-9132
-8986
-8863
-8797
-8827
-8948
-9078
-9120
-9069
-9012
-9002
-9002
-8974
-8924
-8880
-8860
-8875
-8944
-9070
-9178
-9174
-9053
-8916
-8856
-8875
-8927
-8986
-9034
-9029
-8967
-8908
-8927
-8995
-9018
-8972
-8928
-8934
-8975
-9034
-9097
-9129
-9068
-8926
-8802
-8787
-8885
-9003
-9068
-9079
-9045
-8977
-8918
-8919
-8975
-9017
-8999
-8953
-8940
-8981
-9032
-9047
-9030
-8991
-8931
-8880
-8898
-8988
-9068
-9067
-8999
-8938
-8923
-8938
-8971
-9015
-9039
-8999
-8938
-8935
-9000
-9064
-9065
-9001
-8925
-8879
-8879
-8938
-9036
-9111
-9089
-8988
-8901
-8895
-8954
-9020
-9060
-9060
-9019
-8961
-8933
-8971
-9038
-9058
-9011
-8947
-8935
-8969
-9011
-9046
-9056
-9017
-8938
-8887
-8925
-9019
-9084
-9081
-9036
-8988
-8953
-8948
-8982
-9028
-9035
-8990
-8945
-8956
-9015
-9065
-9062
-9021
-8969
-8928
-8930
-8984
-9062
-9098
-9056
-8972
-8925
-8951
-9013
-9064
-9082
-9068
-9018
-8966
-8971
-9036
-9093
-9082
-9013
-8956
-8947
-8982
-9044
-9103
-9118
-9054
-8957
-8912
-8954
-9041
-9104
-9111
-9076
-9025
-8986
-8988
-9035
-9085
-9077
-9021
-8981
-8996
-9052
-9099
-9113
-9082
-9027
-8975
-8965
-9019
-9095
-9124
-9082
-9019
-8993
-9014
-9062
-9109
-9131
-9102
-9034
-8987
-9006
-9072
-9117
-9099
-9051
-9010
-9001
-9035
-9100
-9151
-9141
-9070
-8992
-8981
-9041
-9115
-9147
-9123
-9060
-8990
-8967
-9010
-9096
-9161
-9149
-9083
-9024
-9013
-9041
-9077
-9097
-9087
-9050
-9015
-9027
-9089
-9143
-9129
-9064
-9001
-8983
-9017
-9082
-9150
-9169
-9118
-9031
-8981
-9001
-9058
-9104
-9106
-9080
-9050
-9035
-9055
-9102
-9134
-9108
-9039
-8978
-8972
-9018
-9071
-9101
-9100
-9072
-9037
-9026
-9057
-9095
-9096
-9048
-8997
-8984
-9016
-9066
-9102
-9106
-9059
-8989
-8948
-8972
-9046
-9103
-9103
-9062
-9010
-8985
-8996
-9035
-9078
-9077
-9028
-8972
-8960
-9004
-9059
-9087
-9071
-9025
-8973
-8948
-8975
-9031
-9070
-9059
-9017
-8990
-9003
-9031
-9056
-9052
-9019
-8965
-8929
-8949
-9013
-9083
-9094
-9054
-8998
-8956
-8949
-8976
-9017
-9038
-9019
-8975
-8959
-8985
-9027
-9050
-9036
-8996
-8961
-8953
-8985
-9044
-9088
-9079
-9019
-8958
-8937
-8959
-8993
-9020
-9023
-9003
-8977
-8971
-9001
-9042
-9050
-9013
-8964
-8942
-8957
-8993
-9030
-9050
-9033
-8984
-8945
-8951
-8990
-9022
-9024
-8999
-8967
-8951
-8962
-8994
-9026
-9030
-9003
-8971
-8968
-8995
-9029
-9037
-9018
-8983
-8952
-8945
-8973
-9022
-9047
-9029
-8980
-8951
-8957
-8987
-9016
-9028
-9015
-8981
-8951
-8961
-9008
-9049
-9048
-9009
-8963
-8937
-8943
-8976
-9018
-9034
-9015
-8979
-8964
-8982
-9017
-9031
-9014
-8979
-8948
-8943
-8965
-9008
-9039
-9028
-8985
-8951
-8951
-8983
-9015
-9029
-9018
-8992
-8962
-8960
-8991
-9026
-9036
-9009
-8970
-8950
-8959
-8990
-9022
-9033
-9015
-8975
-8950
-8961
-8997
-9024
-9014
-8982
-8950
-8941
-8957
-8993
-9024
-9025
-8992
-8956
-8947
-8975
-9013
-9032
-9020
-8985
-8951
-8936
-8955
-8993
-9018
-9009
-8982
-8967
-8976
-8999
-9018
-9019
-8994
-8960
-8936
-8950
-8999
-9039
-9044
-9016
-8976
-8952
-8949
-8969
-9001
-9016
-9007
-8982
-8974
-8991
-9017
-9027
-9013
-8983
-8956
-8954
-8979
-9024
-9054
-9055
-9021
-8982
-8970
-8986
-9010
-9026
-9029
-9013
-8997
-8996
-9017
-9043
-9043
-9015
-8985
-8970
-8983
-9010
-9041
-9056
-9043
-9008
-8982
-8990
-9014
-9042
-9045
-9029
-9012
-9002
-9009
-9029
-9046
-9042
-9015
-8987
-8983
-9011
-9041
-9056
-9050
-9028
-9007
-8997
-9013
-9044
-9067
-9062
-9037
-9019
-9021
-9036
-9051
-9064
-9056
-9033
-9014
-9016
-9044
-9071
-9077
-9060
-9036
-9021
-9025
-9041
-9060
-9066
-9050
-9025
-9015
-9029
-9059
-9079
-9076
-9058
-9033
-9021
-9026
-9048
-9065
-9064
-9043
-9023
-9026
-9045
-9068
-9077
-9066
-9045
-9025
-9023
-9046
-9071
-9082
-9067
-9042
-9029
-9031
-9047
-9066
-9075
-9065
-9047
-9031
-9038
-9059
-9077
-9072
-9055
-9038
-9031
-9043
-9062
-9082
-9078
-9055
-9028
-9019
-9036
-9059
-9074
-9071
-9056
-9037
-9027
-9035
-9051
-9061
-9053
-9035
-9026
-9033
-9052
-9073
-9078
-9065
-9040
-9015
-9014
-9033
-9057
-9064
-9054
-9039
-9030
-9032
-9046
-9062
-9062
-9049
-9027
-9020
-9028
-9046
-9057
-9049
-9033
-9018
-9012
-9022
-9046
-9064
-9060
-9036
-9012
-9006
-9019
-9037
-9046
-9042
-9026
-9006
-9000
-9009
-9027
-9032
-9022
-9009
-8997
-9005
-9016
-9024
-9024
-9008
-8986
-8971
-8979
-9002
-9022
-9028
-9013
-8995
-8985
-8984
-8996
-9005
-9003
-8990
-8974
-8969
-8982
-8999
-9008
-9003
-8987
-8972
-8963
-8970
-8986
-8993
-8986
-8967
-8954
-8952
-8965
-8977
-8981
-8974
-8958
-8942
-8943
-8957
-8974
-8978
-8964
-8949
-8935
-8939
-8953
-8971
-8978
-8969
-8951
-8939
-8942
-8951
-8960
-8956
-8943
-8932
-8931
-8937
-8951
-8964
-8963
-8946
-8932
-8928
-8934
-8945
-8948
-8943
-8930
-8920
-8919
-8931
-8951
-8957
-8947
-8931
-8922
-8926
-8932
-8941
-8947
-8941
-8928
-8920
-8924
-8938
-8949
-8948
-8939
-8927
-8922
-8925
-8933
-8945
-8946
-8937
-8926
-8926
-8938
-8957
-8963
-8957
-8943
-8924
-8914
-8920
-8938
-8949
-8947
-8936
-8928
-8931
-8940
-8949
-8955
-8951
-8939
-8931
-8936
-8954
-8971
-8975
-8964
-8947
-8937
-8941
-8951
-8962
-8968
-8961
-8948
-8940
-8948
-8963
-8973
-8974
-8965
-8953
-8946
-8950
-8960
-8973
-8978
-8968
-8960
-8958
-8966
-8973
-8978
-8975
-8967
-8960
-8961
-8973
-8989
-8996
-8986
-8969
-8963
-8966
-8978
-8989
-8993
-8989
-8973
-8962
-8963
-8972
-8984
-8989
-8983
-8974
-8970
-8971
-8980
-8988
-8987
-8979
-8965
-8963
-8974
-8990
-9000
-8997
-8986
-8975
-8970
-8978
-8991
-9001
-8999
-8991
-8987
-8991
-8997
-9009
-9016
-9009
-8998
-8988
-8989
-9004
-9015
-9018
-9013
-9001
-8997
-8995
-9006
-9020
-9025
-9024
-9014
-9008
-9013
-9023
-9029
-9026
-9017
-9009
-9004
-9014
-9027
-9041
-9044
-9035
-9025
-9018
-9022
-9031
-9037
-9037
-9034
-9032
-9035
-9046
-9060
-9062
-9052
-9041
-9035
-9037
-9049
-9063
-9069
-9066
-9056
-9047
-9050
-9059
-9069
-9076
-9070
-9061
-9060
-9063
-9068
-9076
-9080
-9076
-9074
-9075
-9082
-9093
-9097
-9094
-9088
-9079
-9076
-9081
-9093
-9101
-9101
-9096
-9091
-9094
-9102
-9108
-9108
-9104
-9096
-9089
-9092
-9104
-9119
-9126
-9120
-9109
-9103
-9105
-9112
-9122
-9124
-9118
-9109
-9106
-9109
-9116
-9122
-9124
-9120
-9116
-9115
-9119
-9129
-9133
-9130
-9121
-9109
-9104
-9110
-9122
-9128
-9128
-9119
-9112
-9106
-9111
-9120
-9121
-9119
-9111
-9106
-9107
-9113
-9120
-9121
-9116
-9106
-9098
-9097
-9103
-9107
-9107
-9103
-9094
-9086
-9088
-9095
-9101
-9102
-9096
-9090
-9085
-9085
-9091
-9094
-9095
-9089
-9079
-9073
-9072
-9077
-9082
-9082
-9075
-9069
-9070
-9072
-9078
-9078
-9070
-9061
-9054
-9053
-9059
-9066
-9068
-9060
-9049
-9042
-9038
-9042
-9049
-9054
-9052
-9044
-9036
-9032
-9035
-9038
-9039
-9036
-9028
-9021
-9022
-9026
-9029
-9025
-9019
-9011
-9007
-9016
-9021
-9028
-9023
-9012
-8999
-8994
-8995
-8999
-9004
-8997
-8994
-8988
-8986
-8984
-8984
-8987
-8986
-8984
-8978
-8977
-8979
-8983
-8983
-8978
-8972
-8968
-8968
-8972
-8977
-8976
-8975
-8966
-8962
-8960
-8960
-8963
-8962
-8962
-8960
-8958
-8961
-8966
-8969
-8969
-8961
-8953
-8952
-8957
-8964
-8969
-8971
-8963
-8954
-8949
-8951
-8956
-8955
-8952
-8950
-8953
-8949
-8951
-8956
-8954
-8948
-8941
-8936
-8939
-8946
-8954
-8955
-8954
-8950
-8945
-8947
-8951
-8956
-8956
-8958
-8954
-8952
-8951
-8951
-8952
-8948
-8945
-8942
-8944
-8951
-8960
-8965
-8966
-8958
-8951
-8945
-8951
-8955
-8961
-8959
-8954
-8950
-8949
-8954
-8957
-8962
-8958
-8956
-8954
-8957
-8958
-8961
-8963
-8956
-8953
-8952
-8957
-8964
-8966
-8966
-8963
-8955
-8951
-8952
-8957
-8962
-8963
-8960
-8958
-8960
-8961
-8965
-8969
-8966
-8961
-8954
-8954
-8959
-8966
-8969
-8967
-8965
-8959
-8957
-8961
-8963
-8965
-8965
-8961
-8962
-8964
-8968
-8972
-8972
-8967
-8963
-8963
-8966
-8975
-8984
-8985
-8981
-8976
-8970
-8973
-8978
-8984
-8985
-8985
-8984
-8984
-8985
-8988
-8993
-8997
-8996
-8993
-8994
-8995
-9000
-9001
-8998
-8993
-8991
-8993
-9001
-9009
-9014
-9015
-9010
-9007
-9007
-9012
-9020
-9024
-9024
-9024
-9028
-9027
-9029
-9032
-9034
-9033
-9029
-9030
-9033
-9036
-9036
-9039
-9038
-9038
-9039
-9042
-9046
-9054
-9053
-9052
-9053
-9051
-9057
-9059
-9062
-9061
-9057
-9056
-9057
-9062
-9065
-9068
-9069
-9067
-9066
-9070
-9073
-9077
-9079
-9079
-9080
-9078
-9079
-9083
-9089
-9090
-9089
-9087
-9087
-9092
-9097
-9102
-9106
-9104
-9098
-9099
-9102
-9107
-9111
-9111
-9111
-9109
-9105
-9109
-9113
-9117
-9119
-9120
-9121
-9121
-9126
-9127
-9127
-9124
-9121
-9119
-9120
-9125
-9127
-9132
-9129
-9123
-9122
-9122
-9129
-9134
-9136
-9135
-9133
-9131
-9128
-9128
-9129
-9127
-9124
-9123
-9123
-9127
-9132
-9132
-9129
-9129
-9123
-9121
-9123
-9127
-9130
-9126
-9121
-9122
-9118
-9120
-9125
-9125
-9128
-9123
-9123
-9120
-9117
-9120
-9120
-9122
-9121
-9124
-9126
-9126
-9124
-9119
-9114
-9108
-9107
-9109
-9110
-9112
-9112
-9108
-9105
-9105
-9107
-9108
-9107
-9109
-9106
-9102
-9103
-9107
-9109
-9112
-9113
-9109
-9105
-9103
-9102
-9102
-9101
-9099
-9095
-9090
-9089
-9088
-9090
-9092
-9092
-9089
-9090
-9092
-9094
-9096
-9093
-9085
-9082
-9078
-9076
-9083
-9085
-9086
-9081
-9079
-9073
-9071
-9073
-9074
-9077
-9075
-9077
-9074
-9076
-9078
-9080
-9078
-9073
-9071
-9069
-9070
-9071
-9071
-9070
-9067
-9063
-9059
-9060
-9063
-9062
-9063
-9061
-9055
-9056
-9054
-9055
-9055
-9053
-9050
-9047
-9048
-9052
-9055
-9056
-9054
-9051
-9051
-9049
-9050
-9050
-9048
-9044
-9045
-9046
-9048
-9051
-9052
-9052
-9051
-9046
-9043
-9042
-9040
-9042
-9038
-9037
-9035
-9033
-9034
-9035
-9037
-9036
-9034
-9032
-9032
-9033
-9033
-9030
-9031
-9029
-9027
-9028
-9029
-9030
-9032
-9025
-9023
-9024
-9021
-9025
-9025
-9026
-9023
-9023
-9023
-9026
-9028
-9029
-9028
-9026
-9024
-9023
-9024
-9024
-9026
-9025
-9025
-9027
-9031
-9031
-9031
-9031
-9026
-9025
-9024
-9024
-9026
-9026
-9028
-9026
-9026
-9025
-9026
-9028
-9027
-9027
-9027
-9026
-9025
-9026
-9028
-9031
-9029
-9027
-9025
-9024
-9023
-9028
-9029
-9028
-9030
-9028
-9028
-9029
-9026
-9027
-9027
-9027
-9029
-9030
-9029
-9031
-9032
-9032
-9032
-9030
-9032
-9033
-9034
-9035
-9033
-9031
-9034
-9033
-9034
-9037
-9040
-9043
-9040
-9040
-9041
-9043
-9041
-9038
-9039
-9041
-9043
-9047
-9048
-9049
-9050
-9049
-9048
-9044
-9044
-9046
-9048
-9049
-9048
-9046
-9043
-9041
-9040
-9039
-9038
-9037
-9039
-9044
-9046
-9050
-9051
-9049
-9048
-9048
-9052
-9054
-9057
-9058
-9056
-9053
-9048
-9048
-9048
-9049
-9051
-9049
-9047
-9047
-9049
-9052
-9055
-9055
-9055
-9054
-9056
-9054
-9053
-9052
-9050
-9050
-9048
-9048
-9047
-9047
-9047
-9048
-9046
-9043
-9042
-9042
-9043
-9046
-9047
-9047
-9046
-9046
-9044
-9046
-9048
-9049
-9050
-9048
-9048
-9049
-9049
-9049
-9047
-9048
-9049
-9048
-9051
-9051
-9051
-9051
-9052
-9049
-9050
-9051
-9049
-9050
-9049
-9049
-9049
-9053
-9055
-9058
-9064
-9064
-9063
-9062
-9060
-9061
-9061
-9064
-9064
-9067
-9071
-9073
-9071
-9071
-9068
-9066
-9067
-9068
-9070
-9073
-9075
-9071
-9071
-9071
-9075
-9076
-9076
-9079
-9079
-9080
-9080
-9080
-9082
-9086
-9086
-9085
-9085
-9086
-9084
-9082
-9079
-9081
-9085
-9085
-9087
-9091
-9093
-9093
-9094
-9091
-9088
-9087
-9089
-9091
-9093
-9092
-9090
-9091
-9090
-9091
-9092
-9092
-9092
-9091
-9089
-9092
-9094
-9093
-9094
-9093
-9092
-9092
-9090
-9090
-9093
-9093
-9094
-9096
-9096
-9097
-9097
-9097
-9100
-9100
-9097
-9098
-9103
-9106
-9106
-9105
-9104
-9098
-9096
-9096
-9095
-9096
-9096
-9096
-9094
-9091
-9091
-9093
-9093
-9091
-9093
-9091
-9091
-9093
-9090
-9088
-9084
-9082
-9079
-9080
-9078
-9076
-9077
-9075
-9072
-9069
-9073
-9070
-9072
-9071
-9071
-9072
-9072
-9073
-9074
-9074
-9070
-9067
-9068
-9067
-9064
-9065
-9061
-9062
-9058
-9056
-9056
-9056
-9056
-9056
-9054
-9049
-9048
-9046
-9042
-9037
-9038
-9038
-9036
-9037
-9039
-9038
-9039
-9039
-9039
-9040
-9041
-9039
-9036
-9037
-9030
-9029
-9028
-9026
-9026
-9024
-9023
-9021
-9020
-9018
-9018
-9020
-9020
-9017
-9016
-9012
-9014
-9012
-9013
-9012
-9011
-9009
-9007
-9005
-9002
-9002
-9003
-9004
-9002
-9003
-9000
-9003
-9003
-9004
-9005
-9003
-9004
-9002
-9003
-9007
-9005
-9005
-9003
-9002
-8998
-8994
-8995
-8992
-8995
-8993
-8992
-8993
-8996
-8994
-8990
-8991
-8990
-8988
-8986
-8986
-8987
-8988
-8988
-8984
-8980
-8981
-8978
-8979
-8979
-8980
-8983
-8982
-8982
-8982
-8983
-8985
-8984
-8982
-8983
-8983
-8978
-8978
-8977
-8977
-8975
-8975
-8974
-8974
-8974
-8970
-8971
-8968
-8967
-8968
-8968
-8969
-8968
-8968
-8968
-8970
-8970
-8972
-8971
-8968
-8966
-8964
-8964
-8961
-8961
-8962
-8962
-8963
-8961
-8960
-8957
-8956
-8957
-8959
-8962
-8964
-8965
-8968
-8967
-8965
-8965
-8963
-8959
-8963
-8966
-8968
-8972
-8970
-8969
-8964
-8963
-8959
-8961
-8961
-8960
-8961
-8962
-8963
-8963
-8961
-8961
-8963
-8960
-8959
-8960
-8960
-8960
-8960
-8957
-8958
-8956
-8957
-8959
-8961
-8962
-8963
-8964
-8963
-8964
-8962
-8964
-8963
-8961
-8964
-8965
-8966
-8966
-8961
-8960
-8957
-8956
-8957
-8957
-8957
-8959
-8961
-8958
-8956
-8957
-8955
-8957
-8956
-8956
-8958
-8958
-8955
-8955
-8959
-8958
-8958
-8955
-8955
-8955
-8958
-8957
-8957
-8959
-8958
-8958
-8956
-8956
-8953
-8952
-8953
-8955
-8954
-8958
-8957
-8957
-8959
-8961
-8959
-8959
-8960
-8958
-8959
-8958
-8958
-8958
-8960
-8963
-8966
-8966
-8967
-8965
-8967
-8967
-8967
-8967
-8967
-8973
-8974
-8976
-8974
-8973
-8975
-8975
-8975
-8977
-8979
-8981
-8980
-8979
-8975
-8971
-8969
-8970
-8974
-8980
-8983
-8987
-8989
-8990
-8991
-8992
-8995
-8995
-8997
-8997
-8997
-8998
-8999
-9000
-9001
-9003
-9003
-9004
-9006
-9008
-9010
-9008
-9007
-9006
-9008
-9010
-9011
-9013
-9014
-9016
-9014
-9017
-9016
-9020
-9021
-9024
-9025
-9023
-9024
-9024
-9024
-9023
-9027
-9028
-9031
-9033
-9036
-9036
-9035
-9033
-9031
-9030
-9029
-9032
-9030
-9033
-9035
-9034
-9037
-9038
-9039
-9039
-9038
-9039
-9037
-9035
-9034
-9033
-9037
-9039
-9038
-9039
-9038
-9036
-9035
-9033
-9035
-9038
-9040
-9043
-9044
-9044
-9042
-9041
-9039
-9038
-9038
-9039
-9040
-9041
-9043
-9042
-9041
-9045
-9047
-9048
-9050
-9050
-9051
-9050
-9044
-9042
-9040
-9041
-9044
-9043
-9042
-9041
-9040
-9038
-9040
-9038
-9038
-9039
-9040
-9041
-9041
-9039
-9041
-9044
-9046
-9047
-9049
-9054
-9052
-9053
-9051
-9048
-9046
-9045
-9043
-9044
-9045
-9046
-9048
-9048
-9049
-9047
-9049
-9048
-9047
-9049
-9047
-9048
-9047
-9047
-9043
-9043
-9043
-9041
-9041
-9036
-9035
-9032
-9035
-9037
-9038
-9040
-9041
-9040
-9040
-9040
-9039
-9039
-9039
-9040
-9041
-9041
-9037
-9034
-9033
-9029
-9028
-9029
-9025
-9029
-9030
-9031
-9030
-9030
-9028
-9026
-9025
-9026
-9027
-9024
-9023
-9020
-9017
-9014
-9012
-9009
-9011
-9011
-9013
-9013
-9012
-9009
-9006
-9004
-9000
-9001
-9002
-9005
-9003
-9000
-8995
-8991
-8988
-8986
-8987
-8990
-8991
-8995
-8995
-8995
-8993
-8989
-8988
-8984
-8984
-8982
-8981
-8978
-8978
-8975
-8970
-8969
-8966
-8967
-8968
-8968
-8968
-8966
-8965
-8962
-8963
-8962
-8960
-8962
-8961
-8961
-8959
-8958
-8956
-8955
-8956
-8955
-8954
-8953
-8954
-8953
-8952
-8950
-8948
-8949
-8948
-8945
-8944
-8945
-8945
-8946
-8943
-8945
-8946
-8945
-8944
-8943
-8938
-8935
-8937
-8935
-8939
-8940
-8939
-8939
-8938
-8937
-8936
-8937
-8937
-8941
-8942
-8944
-8944
-8940
-8937
-8934
-8933
-8933
-8933
-8934
-8934
-8934
-8933
-8932
-8932
-8930
-8931
-8933
-8937
-8937
-8936
-8935
-8931
-8927
-8925
-8925
-8927
-8930
-8932
-8936
-8936
-8936
-8936
-8933
-8935
-8938
-8942
-8944
-8945
-8946
-8945
-8941
-8943
-8944
-8944
-8944
-8944
-8948
-8948
-8949
-8948
-8950
-8954
-8951
-8952
-8953
-8955
-8956
-8954
-8955
-8956
-8958
-8960
-8962
-8961
-8963
-8963
-8964
-8967
-8966
-8968
-8969
-8967
-8968
-8969
-8973
-8977
-8979
-8982
-8982
-8983
-8984
-8987
-8987
-8987
-8989
-8989
-8992
-8993
-8991
-8994
-8996
-8997
-8996
-8997
-8999
-9001
-9005
-9008
-9012
-9013
-9014
-9012
-9010
-9008
-9011
-9012
-9015
-9017
-9015
-9016
-9014
-9012
-9013
-9017
-9018
-9021
-9022
-9023
-9021
-9018
-9016
-9018
-9018
-9020
-9022
-9021
-9024
-9022
-9022
-9022
-9024
-9025
-9030
-9032
-9032
-9032
-9029
-9030
-9029
-9027
-9026
-9027
-9026
-9024
-9021
-9019
-9016
-9015
-9014
-9019
-9022
-9027
-9031
-9027
-9026
-9022
-9019
-9017
-9019
-9024
-9025
-9026
-9024
-9022
-9021
-9018
-9018
-9017
-9018
-9016
-9017
-9019
-9020
-9019
-9019
-9018
-9018
-9020
-9021
-9019
-9016
-9013
-9012
-9015
-9016
-9017
-9016
-9014
-9012
-9011
-9011
-9011
-9010
-9013
-9017
-9019
-9013
-9015
-9013
-9008
-9010
-9008
-9007
-9003
-9002
-9002
-9004
-9002
-9003
-9004
-9004
-9003
-9001
-9002
-9001
-9000
-8996
-8999
-8994
-8993
-8993
-8993
-8995
-8994
-8992
-8990
-8991
-8988
-8990
-8989
-8992
-8992
-8994
-8994
-8991
-8991
-8990
-8989
-8988
-8990
-8990
-8991
-8991
-8988
-8985
-8983
-8984
-8983
-8985
-8985
-8985
-8987
-8987
-8988
-8990
-8991
-8990
-8992
-8993
-8994
-8992
-8994
-8996
-8995
-8993
-8993
-8994
-8994
-8996
-8995
-8995
-8994
-8995
-8995
-8998
-8997
-8995
-8997
-9000
-9002
-9004
-9006
-9007
-9008
-9006
-9005
-9004
-9006
-9007
-9009
-9011
-9012
-9015
-9016
-9014
-9014
-9015
-9018
-9018
-9018
-9017
-9016
-9016
-9013
-9013
-9015
-9013
-9013
-9013
-9018
-9019
-9023
-9024
-9024
-9026
-9026
-9026
-9028
-9030
-9034
-9035
-9032
-9032
-9028
-9031
-9030
-9031
-9031
-9033
-9035
-9033
-9033
-9030
-9029
-9032
-9035
-9034
-9036
-9038
-9038
-9037
-9037
-9036
-9032
-9033
-9033
-9030
-9029
-9027
-9025
-9023
-9022
-9023
-9028
-9031
-9033
-9035
-9032
-9029
-9024
-9024
-9022
-9024
-9025
-9026
-9025
-9023
-9022
-9015
-9014
-9013
-9015
-9016
-9016
-9020
-9019
-9021
-9020
-9021
-9025
-9025
-9024
-9022
-9020
-9016
-9016
-9014
-9013
-9014
-9012
-9015
-9015
-9016
-9017
-9014
-9013
-9010
-9007
-9005
-9001
-9000
-9000
-9003
-9004
-9004
-9006
-9004
-9005
-9005
-9004
-9003
-9001
-9001
-9000
-9002
-9004
-9006
-9005
-9006
-9007
-9004
-9003
-9004
-9002
-9000
-8996
-8995
-8996
-8996
-8997
-8998
-8998
-9001
-9002
-9000
-8999
-8997
-8995
-8994
-8993
-8994
-8998
-9003
-9005
-9005
-9003
-9000
-8999
-8999
-9001
-8998
-8998
-9001
-9000
-8998
-8997
-8998
-8997
-8996
-8995
-8994
-8995
-8997
-8998
-8996
-8993
-8993
-8990
-8990
-8994
-8993
-8995
-8995
-8995
-8994
-8993
-8995
-8993
-8998
-8999
-9002
-9004
-9004
-9004
-9003
-9002
-8999
-9002
-9003
-9004
-9005
-9003
-9002
-9000
-9001
-9002
-9002
-9001
-9002
-8998
-9000
-9002
-9000
-9001
-9002
-9004
-9004
-9007
-9007
-9005
-9001
-8999
-8998
-8996
-9000
-9002
-9004
-9006
-9006
-9006
-9006
-9004
-9000
-9002
-9002
-9001
-9001
-9001
-9004
-9002
-9001
-9003
-9004
-9004
-9005
-9006
-9007
-9006
-9008
-9004
-9002
-9003
-9000
-9001
-9001
-9002
-9003
-9004
-9006
-9006
-9006
-9008
-9006
-9008
-9010
-9009
-9008
-9006
-9003
-9002
-9003
-9003
-9003
-9006
-9006
-9008
-9010
-9008
-9008
-9007
-9007
-9005
-9003
-9005
-9003
-9001
-9003
-9004
-9005
-9004
-9002
-9000
-9000
-8998
-9000
-9003
-9004
-9005
-9007
-9005
-9003
-9003
-9000
-9002
-9003
-9002
-9004
-9003
-9000
-9001
-8999
-9000
-9004
-9006
-9004
-9005
-9007
-9005
-9004
-9005
-9006
-9006
-9002
-9005
-9003
-9004
-9009
-9008
-9010
-9007
-9009
-9010
-9012
-9013
-9013
-9015
-9013
-9009
-9008
-9009
-9008
-9011
-9011
-9012
-9010
-9010
-9011
-9012
-9013
-9009
-9009
-9006
-9007
-9011
-9010
-9010
-9012
-9011
-9011
-9012
-9012
-9012
-9012
-9015
-9015
-9015
-9017
-9017
-9016
-9018
-9017
-9018
-9018
-9017
-9017
-9015
-9015
-9016
-9016
-9020
-9019
-9017
-9017
-9013
-9014
-9014
-9016
-9016
-9016
-9018
-9019
-9015
-9015
-9013
-9007
-9009
-9004
-9003
-9002
-9003
-9002
-9003
-9004
-9005
-9005
-9003
-9003
-9000
-9001
-9000
-9000
-9003
-9002
-9002
-8998
-8995
-8992
-8991
-8996
-8996
-8997
-8996
-8995
-8992
-8989
-8986
-8988
-8989
-8992
-8993
-8992
-8995
-8990
-8989
-8985
-8982
-8981
-8978
-8978
-8979
-8979
-8984
-8980
-8980
-8978
-8974
-8973
-8969
-8969
-8967
-8967
-8963
-8963
-8961
-8961
-8966
-8964
-8964
-8966
-8965
-8964
-8962
-8962
-8964
-8963
-8963
-8961
-8961
-8959
-8957
-8954
-8952
-8954
-8956
-8958
-8960
-8962
-8964
-8963
-8961
-8963
-8965
-8962
-8958
-8959
-8959
-8961
-8961
-8960
-8961
-8960
-8958
-8957
-8958
-8957
-8954
-8955
-8957
-8957
-8956
-8957
-8956
-8957
-8960
-8960
-8962
-8962
-8961
-8961
-8959
-8960
-8958
-8960
-8962
-8966
-8970
-8972
-8974
-8972
-8974
-8974
-8974
-8976
-8978
-8982
-8984
-8983
-8982
-8982
-8979
-8982
-8982
-8981
-8984
-8985
-8983
-8985
-8980
-8981
-8981
-8979
-8983
-8986
-8991
-8993
-8996
-8994
-8995
-8995
-8993
-8992
-8993
-8993
-8995
-8997
-9000
-9001
-9000
-9003
-9004
-9004
-9003
-9004
-9003
-9007
-9007
-9007
-9006
-9005
-9005
-9002
-9003
-9000
-9003
-9004
-9005
-9007
-9005
-9003
-9003
-9005
-9005
-9004
-9009
-9010
-9012
-9014
-9013
-9015
-9014
-9013
-9013
-9015
-9014
-9016
-9017
-9015
-9017
-9015
-9015
-9014
-9014
-9015
-9015
-9015
-9016
-9015
-9013
-9012
-9013
-9014
-9015
-9016
-9016
-9017
-9015
-9012
-9013
-9013
-9016
-9019
-9020
-9023
-9020
-9018
-9017
-9018
-9017
-9017
-9019
-9021
-9024
-9024
-9021
-9019
-9019
-9018
-9019
-9016
-9014
-9013
-9012
-9014
-9015
-9018
-9020
-9022
-9023
-9021
-9023
-9023
-9019
-9019
-9018
-9019
-9020
-9020
-9022
-9022
-9023
-9025
-9023
-9023
-9024
-9019
-9017
-9018
-9016
-9018
-9017
-9021
-9023
-9024
-9026
-9024
-9025
-9022
-9019
-9016
-9019
-9019
-9020
-9019
-9016
-9014
-9013
-9014
-9016
-9018
-9021
-9024
-9023
-9021
-9018
-9018
-9015
-9016
-9017
-9019
-9021
-9021
-9023
-9025
-9023
-9022
-9023
-9023
-9025
-9024
-9026
-9024
-9028
-9028
-9027
-9028
-9030
-9032
-9031
-9031
-9032
-9035
-9036
-9034
-9034
-9034
-9035
-9037
-9040
-9043
-9041
-9044
-9045
-9043
-9045
-9044
-9043
-9041
-9043
-9043
-9042
-9043
-9039
-9037
-9036
-9036
-9038
-9038
-9039
-9040
-9038
-9036
-9035
-9038
-9040
-9039
-9039
-9039
-9037
-9034
-9034
-9034
-9036
-9033
-9033
-9032
-9032
-9033
-9031
-9031
-9032
-9033
-9030
-9029
-9031
-9031
-9030
-9030
-9029
-9026
-9028
-9030
-9027
-9028
-9029
-9027
-9025
-9026
-9025
-9022
-9023
-9024
-9025
-9026
-9024
-9019
-9018
-9017
-9016
-9016
-9016
-9013
-9015
-9014
-9010
-9008
-9007
-9006
-9006
-9004
-9004
-9005
-9004
-9005
-9005
-9003
-9004
-9003
-9005
-9005
-9002
-9002
-8996
-8996
-8997
-8998
-8997
-8998
-8998
-8997
-8995
-8995
-8997
-8995
-8995
-8992
-8991
-8989
-8988
-8988
-8988
-8990
-8988
-8988
-8989
-8989
-8988
-8988
-8987
-8990
-8992
-8991
-8994
-8993
-8989
-8989
-8987
-8986
-8986
-8987
-8987
-8987
-8987
-8986
-8986
-8982
-8981
-8979
-8979
-8980
-8980
-8981
-8981
-8979
-8979
-8980
-8979
-8980
-8977
-8978
-8976
-8975
-8970
-8968
-8967
-8963
-8963
-8961
-8961
-8963
-8962
-8961
-8963
-8965
-8964
-8962
-8963
-8961
-8961
-8960
-8959
-8956
-8955
-8956
-8957
-8956
-8957
-8953
-8952
-8955
-8955
-8952
-8951
-8951
-8951
-8954
-8951
-8950
-8945
-8943
-8944
-8945
-8947
-8947
-8948
-8943
-8942
-8941
-8936
-8935
-8933
-8933
-8935
-8936
-8934
-8932
-8935
-8934
-8931
-8933
-8931
-8932
-8930
-8931
-8931
-8931
-8928
-8927
-8927
-8927
-8931
-8931
-8929
-8929
-8929
-8930
-8929
-8930
-8931
-8933
-8933
-8931
-8929
-8926
-8927
-8929
-8928
-8931
-8932
-8936
-8938
-8937
-8934
-8930
-8930
-8929
-8928
-8932
-8932
-8930
-8930
-8930
-8931
-8930
-8932
-8932
-8933
-8934
-8935
-8934
-8930
-8929
-8930
-8931
-8930
-8929
-8929
-8934
-8935
-8935
-8935
-8935
-8935
-8932
-8931
-8930
-8932
-8935
-8934
-8938
-8938
-8937
-8939
-8938
-8939
-8941
-8942
-8942
-8944
-8942
-8939
-8938
-8938
-8939
-8938
-8937
-8940
-8941
-8943
-8944
-8942
-8942
-8942
-8939
-8938
-8937
-8935
-8940
-8942
-8944
-8946
-8946
-8946
-8943
-8943
-8942
-8939
-8939
-8937
-8938
-8938
-8940
-8940
-8943
-8947
-8946
-8948
-8947
-8948
-8951
-8949
-8948
-8947
-8952
-8955
-8956
-8959
-8959
-8958
-8956
-8955
-8953
-8951
-8952
-8955
-8959
-8962
-8962
-8959
-8956
-8955
-8956
-8959
-8962
-8968
-8969
-8970
-8975
-8975
-8974
-8975
-8975
-8975
-8980
-8982
-8983
-8985
-8987
-8989
-8991
-8992
-8996
-8999
-9001
-9002
-9001
-9000
-8998
-8997
-9001
-9001
-9003
-9006
-9010
-9013
-9012
-9011
-9008
-9009
-9010
-9013
-9017
-9021
-9023
-9024
-9027
-9030
-9030
-9028
-9030
-9030
-9033
-9034
-9034
-9032
-9034
-9038
-9037
-9038
-9041
-9042
-9042
-9045
-9048
-9047
-9047
-9045
-9044
-9043
-9042
-9042
-9042
-9043
-9042
-9045
-9048
-9048
-9048
-9049
-9048
-9049
-9047
-9046
-9047
-9049
-9050
-9051
-9052
-9050
-9048
-9049
-9050
-9049
-9047
-9042
-9043
-9043
-9042
-9040
-9040
-9043
-9042
-9043
-9043
-9043
-9043
-9040
-9039
-9037
-9037
-9040
-9038
-9037
-9038
-9033
-9030
-9026
-9022
-9024
-9025
-9028
-9030
-9029
-9025
-9024
-9021
-9021
-9019
-9020
-9022
-9023
-9022
-9019
-9017
-9013
-9011
-9010
-9012
-9011
-9009
-9011
-9011
-9009
-9010
-9010
-9009
-9006
-9006
-9003
-8999
-9001
-9000
-8998
-8997
-8995
-8995
-8997
-8998
-8999
-8999
-8999
-8995
-8994
-8993
-8993
-8993
-8991
-8990
-8993
-8994
-8993
-8988
-8983
-8982
-8984
-8986
-8987
-8988
-8989
-8989
-8988
-8987
-8988
-8987
-8983
-8984
-8986
-8986
-8986
-8983
-8982
-8982
-8982
-8980
-8977
-8975
-8977
-8980
-8981
-8982
-8980
-8976
-8974
-8970
-8970
-8967
-8968
-8967
-8968
-8971
-8970
-8969
-8966
-8966
-8966
-8964
-8965
-8962
-8965
-8966
-8964
-8964
-8963
-8965
-8964
-8964
-8963
-8961
-8960
-8962
-8960
-8958
-8958
-8957
-8958
-8959
-8959
-8953
-8950
-8950
-8948
-8951
-8950
-8947
-8946
-8946
-8949
-8947
-8945
-8941
-8938
-8938
-8940
-8941
-8940
-8939
-8938
-8940
-8939
-8939
-8940
-8938
-8939
-8936
-8937
-8939
-8939
-8940
-8938
-8940
-8937
-8938
-8938
-8935
-8939
-8939
-8941
-8941
-8938
-8936
-8934
-8933
-8932
-8932
-8934
-8932
-8929
-8929
-8926
-8922
-8925
-8932
-8935
-8937
-8934
-8929
-8928
-8924
-8920
-8920
-8922
-8929
-8934
-8934
-8931
-8931
-8929
-8927
-8928
-8933
-8940
-8941
-8946
-8948
-8955
-8962
-8963
-8957
-8945
-8930
-8917
-8910
-8906
-8913
-8923
-8933
-8941
-8943
-8937
-8927
-8917
-8909
-8903
-8900
-8907
-8919
-8932
-8943
-8949
-8952
-8950
-8944
-8938
-8931
-8921
-8908
-8900
-8901
-8910
-8926
-8938
-8944
-8950
-8955
-8954
-8951
-8946
-8937
-8933
-8931
-8932
-8934
-8939
-8948
-8946
-8943
-8935
-8921
-8910
-8902
-8901
-8909
-8923
-8936
-8953
-8960
-8965
-8958
-8948
-8941
-8938
-8941
-8943
-8948
-8951
-8952
-8950
-8946
-8943
-8939
-8935
-8934
-8935
-8938
-8944
-8955
-8959
-8960
-8952
-8948
-8945
-8944
-8950
-8949
-8951
-8946
-8941
-8936
-8935
-8940
-8949
-8957
-8963
-8966
-8965
-8964
-8959
-8958
-8955
-8957
-8959
-8957
-8951
-8950
-8950
-8947
-8946
-8948
-8947
-8947
-8954
-8959
-8962
-8960
-8959
-8954
-8947
-8943
-8940
-8945
-8950
-8953
-8955
-8951
-8947
-8946
-8943
-8941
-8939
-8938
-8942
-8950
-8956
-8963
-8968
-8967
-8964
-8957
-8954
-8951
-8951
-8951
-8955
-8960
-8965
-8967
-8966
-8960
-8954
-8950
-8946
-8946
-8950
-8955
-8961
-8965
-8968
-8971
-8970
-8970
-8965
-8965
-8961
-8955
-8956
-8954
-8957
-8956
-8955
-8957
-8955
-8956
-8955
-8956
-8954
-8952
-8951
-8954
-8958
-8964
-8973
-8977
-8979
-8975
-8969
-8965
-8963
-8964
-8969
-8972
-8976
-8973
-8972
-8970
-8967
-8967
-8968
-8973
-8972
-8970
-8968
-8966
-8965
-8967
-8966
-8968
-8972
-8974
-8973
-8974
-8976
-8974
-8974
-8971
-8970
-8967
-8966
-8968
-8967
-8969
-8967
-8968
-8971
-8971
-8975
-8973
-8975
-8974
-8971
-8970
-8967
-8966
-8962
-8968
-8970
-8975
-8979
-8980
-8980
-8979
-8977
-8972
-8971
-8967
-8968
-8966
-8965
-8964
-8966
-8969
-8974
-8981
-8984
-8986
-8986
-8982
-8977
-8975
-8971
-8972
-8970
-8968
-8966
-8964
-8960
-8961
-8962
-8966
-8970
-8970
-8973
-8971
-8966
-8967
-8965
-8965
-8962
-8960
-8965
-8964
-8967
-8966
-8965
-8966
-8966
-8966
-8969
-8971
-8971
-8969
-8968
-8969
-8969
-8972
-8976
-8977
-8975
-8976
-8974
-8975
-8973
-8974
-8974
-8972
-8970
-8967
-8968
-8968
-8972
-8978
-8982
-8986
-8988
-8989
-8990
-8988
-8987
-8984
-8982
-8982
-8984
-8985
-8986
-8989
-8991
-8993
-8996
-8999
-9001
-9005
-9004
-9003
-9004
-9003
-9003
-9003
-9002
-9005
-9007
-9008
-9012
-9013
-9012
-9011
-9013
-9013
-9018
-9021
-9023
-9026
-9026
-9025
-9023
-9023
-9024
-9023
-9027
-9029
-9030
-9030
-9031
-9031
-9032
-9036
-9037
-9040
-9042
-9041
-9045
-9049
-9049
-9051
-9050
-9053
-9054
-9053
-9054
-9054
-9054
-9055
-9059
-9059
-9060
-9063
-9065
-9065
-9064
-9063
-9064
-9061
-9060
-9061
-9060
-9060
-9058
-9058
-9058
-9058
-9063
-9066
-9071
-9079
-9078
-9080
-9077
-9075
-9076
-9075
-9077
-9079
-9082
-9083
-9083
-9080
-9075
-9071
-9069
-9070
-9071
-9071
-9074
-9075
-9075
-9077
-9077
-9077
-9080
-9081
-9081
-9081
-9082
-9082
-9084
-9084
-9087
-9086
-9085
-9083
-9080
-9081
-9075
-9077
-9076
-9076
-9079
-9079
-9079
-9078
-9080
-9081
-9080
-9079
-9077
-9075
-9073
-9075
-9075
-9074
-9074
-9075
-9076
-9077
-9081
-9085
-9089
-9089
-9086
-9086
-9085
-9086
-9083
-9084
-9084
-9082
-9082
-9081
-9081
-9079
-9081
-9081
-9079
-9079
-9076
-9074
-9071
-9069
-9070
-9068
-9072
-9075
-9077
-9080
-9080
-9082
-9078
-9076
-9077
-9074
-9073
-9073
-9071
-9071
-9073
-9071
-9070
-9068
-9065
-9064
-9061
-9059
-9059
-9058
-9059
-9063
-9064
-9065
-9067
-9070
-9070
-9067
-9066
-9060
-9054
-9049
-9046
-9045
-9043
-9044
-9041
-9041
-9038
-9035
-9033
-9029
-9028
-9028
-9030
-9031
-9031
-9031
-9030
-9029
-9030
-9029
-9027
-9026
-9023
-9021
-9016
-9014
-9011
-9008
-9004
-9002
-9001
-9000
-9003
-9000
-9003
-9003
-9000
-8997
-8995
-8993
-8989
-8990
-8987
-8986
-8988
-8986
-8987
-8986
-8983
-8981
-8979
-8978
-8976
-8976
-8975
-8974
-8971
-8971
-8969
-8969
-8967
-8966
-8963
-8960
-8956
-8950
-8949
-8945
-8943
-8944
-8945
-8947
-8950
-8948
-8947
-8942
-8941
-8938
-8937
-8937
-8938
-8939
-8940
-8939
-8939
-8941
-8938
-8940
-8938
-8937
-8936
-8932
-8929
-8924
-8918
-8916
-8918
-8920
-8925
-8928
-8927
-8928
-8927
-8924
-8924
-8924
-8923
-8922
-8924
-8924
-8924
-8922
-8920
-8920
-8919
-8918
-8914
-8916
-8919
-8917
-8920
-8921
-8920
-8917
-8914
-8912
-8910
-8912
-8913
-8914
-8915
-8917
-8917
-8920
-8921
-8921
-8923
-8923
-8921
-8919
-8918
-8919
-8922
-8920
-8918
-8916
-8916
-8916
-8916
-8916
-8918
-8921
-8923
-8926
-8927
-8929
-8930
-8933
-8935
-8934
-8933
-8932
-8931
-8932
-8932
-8935
-8939
-8942
-8947
-8951
-8953
-8954
-8953
-8952
-8951
-8953
-8951
-8954
-8955
-8953
-8955
-8952
-8953
-8954
-8954
-8955
-8959
-8961
-8964
-8965
-8962
-8963
-8963
-8967
-8968
-8972
-8976
-8978
-8976
-8975
-8978
-8979
-8977
-8981
-8982
-8984
-8986
-8987
-8988
-8987
-8991
-8991
-8993
-8996
-8993
-8995
-8993
-8995
-8996
-8998
-9000
-8998
-8998
-9001
-9001
