01070450.PTO
CURN
2012/01/07 04:50:47.4899
100.0000 m/s  
4318 muestras
-9476
-9496
-9461
-9472
-9467
-9465
-9475
-9447
-9499
-9458
-9506
-9472
-9512
-9499
-9484
-9507
-9479
-9494
-9463
-9491
-9452
-9464
-9457
-9465
-9471
-9463
-9470
-9468
-9467
-9465
-9449
-9445
-9438
-9438
-9432
-9424
-9439
-9444
-9474
-9454
-9465
-9465
-9495
-9488
-9499
-9499
-9508
-9531
-9493
-9522
-9479
-9508
-9476
-9483
-9500
-9490
-9521
-9470
-9519
-9459
-9500
-9483
-9449
-9493
-9424
-9493
-9448
-9474
-9458
-9439
-9488
-9435
-9473
-9459
-9467
-9466
-9472
-9446
-9431
-9431
-9412
-9440
-9414
-9448
-9450
-9462
-9459
-9443
-9463
-9442
-9457
-9434
-9444
-9449
-9443
-9468
-9445
-9472
-9470
-9479
-9493
-9489
-9500
-9494
-9509
-9494
-9511
-9497
-9502
-9515
-9508
-9513
-9514
-9530
-9500
-9507
-9477
-9495
-9480
-9462
-9474
-9454
-9498
-9444
-9467
-9444
-9436
-9452
-9413
-9450
-9424
-9448
-9421
-9435
-9452
-9419
-9443
-9416
-9449
-9441
-9444
-9455
-9442
-9443
-9426
-9448
-9412
-9434
-9443
-9427
-9447
-9439
-9464
-9434
-9454
-9440
-9449
-9451
-9430
-9485
-9446
-9477
-9447
-9454
-9466
-9439
-9463
-9434
-9472
-9447
-9442
-9437
-9426
-9433
-9413
-9425
-9429
-9440
-9427
-9437
-9435
-9430
-9421
-9419
-9412
-9410
-9422
-9414
-9438
-9427
-9441
-9428
-9440
-9431
-9445
-9436
-9435
-9468
-9425
-9440
-9402
-9434
-9422
-9440
-9455
-9433
-9475
-9421
-9442
-9411
-9407
-9410
-9401
-9426
-9403
-9456
-9409
-9444
-9430
-9414
-9432
-9409
-9430
-9394
-9447
-9409
-9430
-9442
-9421
-9448
-9432
-9442
-9456
-9449
-9447
-9448
-9467
-9453
-9443
-9430
-9437
-9414
-9421
-9444
-9399
-9463
-9379
-9446
-9402
-9405
-9421
-9395
-9458
-9395
-9482
-9424
-9469
-9452
-9434
-9469
-9419
-9475
-9422
-9437
-9459
-9418
-9439
-9403
-9435
-9417
-9464
-9460
-9449
-9467
-9426
-9451
-9417
-9450
-9430
-9450
-9436
-9463
-9430
-9433
-9432
-9421
-9454
-9422
-9455
-9446
-9460
-9429
-9460
-9416
-9442
-9418
-9419
-9474
-9424
-9480
-9452
-9460
-9448
-9408
-9430
-9405
-9412
-9429
-9415
-9423
-9406
-9414
-9405
-9381
-9418
-9390
-9395
-9439
-9396
-9424
-9401
-9384
-9400
-9381
-9401
-9373
-9373
-9403
-9364
-9390
-9374
-9367
-9404
-9324
-9408
-9362
-9373
-9402
-9356
-9420
-9334
-9388
-9343
-9348
-9392
-9331
-9401
-9355
-9402
-9313
-9371
-9402
-9320
-9396
-9340
-9421
-9346
-9387
-9356
-9382
-9371
-9338
-9419
-9308
-9431
-9355
-9367
-9392
-9338
-9380
-9325
-9373
-9325
-9361
-9382
-9310
-9405
-9349
-9324
-9405
-9298
-9357
-9339
-9340
-9372
-9310
-9412
-9254
-9381
-9310
-9311
-9385
-9271
-9416
-9290
-9378
-9306
-9321
-9322
-9313
-9338
-9304
-9372
-9299
-9360
-9304
-9372
-9286
-9343
-9401
-9313
-9469
-9365
-9449
-9433
-9391
-9440
-9377
-9427
-9364
-9420
-9382
-9389
-9401
-9319
-9384
-9310
-9319
-9323
-9266
-9279
-9286
-9275
-9244
-9261
-9229
-9245
-9193
-9222
-9212
-9235
-9219
-9198
-9274
-9182
-9312
-9185
-9380
-9245
-9344
-9365
-9277
-9445
-9217
-9490
-9166
-9448
-9254
-9283
-9333
-9236
-9348
-9074
-9390
-9039
-9262
-9100
-9125
-9148
-9067
-9158
-9012
-9178
-9017
-9133
-9038
-9112
-9102
-9065
-9145
-9088
-9166
-9092
-9154
-9185
-9174
-9259
-9210
-9303
-9265
-9283
-9338
-9303
-9356
-9302
-9367
-9296
-9369
-9323
-9335
-9315
-9289
-9320
-9251
-9321
-9266
-9335
-9214
-9276
-9208
-9180
-9191
-9079
-9181
-9103
-9146
-9104
-9129
-9114
-9097
-9153
-9103
-9165
-9108
-9123
-9153
-9115
-9163
-9127
-9131
-9127
-9154
-9184
-9211
-9234
-9192
-9232
-9224
-9263
-9243
-9222
-9207
-9176
-9200
-9185
-9219
-9212
-9244
-9239
-9239
-9282
-9275
-9292
-9286
-9289
-9271
-9240
-9236
-9205
-9211
-9197
-9183
-9182
-9167
-9167
-9116
-9124
-9100
-9117
-9105
-9089
-9119
-9077
-9130
-9089
-9108
-9080
-9063
-9115
-9112
-9185
-9170
-9165
-9207
-9247
-9268
-9337
-9318
-9341
-9305
-9312
-9330
-9297
-9306
-9218
-9264
-9240
-9277
-9286
-9269
-9272
-9250
-9282
-9281
-9291
-9268
-9239
-9224
-9224
-9243
-9230
-9237
-9217
-9209
-9201
-9193
-9255
-9225
-9282
-9275
-9283
-9277
-9243
-9280
-9242
-9305
-9322
-9347
-9360
-9310
-9302
-9223
-9222
-9229
-9262
-9287
-9288
-9331
-9308
-9306
-9255
-9248
-9221
-9232
-9204
-9208
-9206
-9167
-9174
-9138
-9174
-9183
-9258
-9292
-9320
-9297
-9233
-9208
-9182
-9213
-9248
-9223
-9222
-9169
-9189
-9213
-9210
-9253
-9203
-9271
-9260
-9347
-9345
-9361
-9388
-9382
-9487
-9456
-9495
-9453
-9479
-9449
-9454
-9450
-9434
-9477
-9424
-9483
-9420
-9436
-9366
-9345
-9345
-9284
-9319
-9192
-9196
-9100
-9113
-9134
-9129
-9160
-9105
-9155
-9136
-9217
-9230
-9299
-9343
-9353
-9357
-9318
-9368
-9336
-9351
-9316
-9336
-9314
-9325
-9349
-9362
-9437
-9392
-9444
-9375
-9428
-9407
-9378
-9381
-9314
-9375
-9262
-9316
-9223
-9266
-9257
-9255
-9302
-9232
-9292
-9237
-9273
-9210
-9274
-9212
-9268
-9252
-9272
-9326
-9290
-9423
-9391
-9522
-9475
-9539
-9524
-9486
-9523
-9462
-9507
-9389
-9379
-9330
-9323
-9333
-9291
-9288
-9233
-9274
-9240
-9265
-9220
-9214
-9198
-9130
-9166
-9116
-9186
-9135
-9184
-9158
-9101
-9137
-9143
-9228
-9210
-9302
-9283
-9310
-9324
-9304
-9371
-9322
-9364
-9318
-9315
-9350
-9349
-9394
-9365
-9397
-9365
-9382
-9387
-9388
-9384
-9346
-9347
-9313
-9286
-9240
-9222
-9211
-9250
-9211
-9258
-9243
-9302
-9301
-9234
-9266
-9192
-9248
-9199
-9219
-9186
-9176
-9212
-9193
-9239
-9215
-9222
-9192
-9195
-9195
-9184
-9189
-9166
-9154
-9132
-9139
-9149
-9183
-9208
-9222
-9250
-9255
-9286
-9297
-9311
-9332
-9343
-9369
-9363
-9359
-9341
-9301
-9300
-9286
-9286
-9296
-9313
-9341
-9343
-9331
-9300
-9268
-9231
-9207
-9193
-9188
-9189
-9199
-9190
-9212
-9217
-9237
-9269
-9292
-9312
-9315
-9360
-9341
-9356
-9318
-9284
-9258
-9240
-9261
-9249
-9297
-9312
-9294
-9311
-9313
-9316
-9337
-9293
-9312
-9217
-9216
-9188
-9133
-9153
-9055
-9104
-9022
-9090
-9103
-9099
-9172
-9133
-9241
-9181
-9246
-9245
-9216
-9281
-9222
-9324
-9287
-9337
-9311
-9298
-9373
-9305
-9420
-9354
-9405
-9395
-9359
-9383
-9306
-9331
-9266
-9305
-9287
-9294
-9296
-9264
-9281
-9254
-9270
-9245
-9258
-9246
-9252
-9251
-9220
-9205
-9156
-9153
-9122
-9124
-9123
-9130
-9165
-9162
-9204
-9182
-9201
-9224
-9202
-9252
-9215
-9257
-9260
-9259
-9285
-9245
-9254
-9214
-9259
-9264
-9287
-9300
-9297
-9285
-9274
-9262
-9246
-9258
-9245
-9269
-9231
-9238
-9206
-9200
-9180
-9192
-9200
-9155
-9152
-9120
-9152
-9122
-9165
-9169
-9142
-9192
-9145
-9185
-9208
-9192
-9208
-9195
-9219
-9195
-9210
-9188
-9209
-9221
-9229
-9263
-9222
-9302
-9271
-9301
-9305
-9309
-9317
-9274
-9268
-9250
-9191
-9158
-9139
-9063
-9117
-8980
-9051
-9022
-8993
-9054
-8977
-9062
-8959
-9054
-9029
-9022
-9124
-9013
-9132
-9077
-9121
-9149
-9080
-9209
-9126
-9265
-9265
-9278
-9344
-9266
-9330
-9263
-9301
-9255
-9242
-9235
-9189
-9190
-9135
-9138
-9122
-9127
-9122
-9133
-9126
-9126
-9115
-9071
-9054
-9014
-9002
-8957
-8947
-8942
-8937
-8974
-8960
-8982
-8985
-9017
-9031
-9067
-9116
-9124
-9168
-9150
-9179
-9167
-9196
-9212
-9229
-9259
-9231
-9299
-9246
-9273
-9243
-9217
-9246
-9187
-9196
-9130
-9118
-9072
-9063
-9032
-9021
-9028
-8993
-9012
-8979
-8977
-8962
-8971
-8970
-8962
-8958
-8951
-8975
-9001
-9018
-9028
-9025
-9045
-9061
-9078
-9092
-9102
-9121
-9120
-9149
-9139
-9147
-9119
-9099
-9092
-9084
-9096
-9077
-9099
-9077
-9069
-9067
-9040
-9031
-9008
-9000
-9003
-9015
-8995
-9003
-9001
-8990
-9014
-9012
-9019
-9036
-9057
-9067
-9092
-9079
-9079
-9071
-9041
-9045
-9027
-9045
-9039
-9064
-9075
-9065
-9079
-9064
-9114
-9102
-9120
-9096
-9058
-9080
-9032
-9071
-9039
-9038
-9028
-9012
-9044
-8997
-9033
-9013
-9031
-9042
-9015
-9037
-9007
-9023
-9020
-9051
-9073
-9081
-9097
-9087
-9103
-9097
-9121
-9104
-9118
-9118
-9094
-9083
-9044
-9043
-9019
-9044
-9052
-9065
-9068
-9073
-9102
-9100
-9124
-9119
-9134
-9130
-9135
-9138
-9127
-9143
-9129
-9150
-9150
-9156
-9173
-9153
-9172
-9159
-9148
-9142
-9113
-9104
-9090
-9082
-9068
-9067
-9085
-9082
-9091
-9102
-9105
-9127
-9131
-9153
-9163
-9169
-9162
-9143
-9139
-9143
-9135
-9140
-9140
-9156
-9170
-9180
-9191
-9182
-9206
-9181
-9202
-9188
-9194
-9203
-9205
-9221
-9188
-9190
-9145
-9139
-9130
-9142
-9152
-9165
-9188
-9165
-9184
-9165
-9173
-9170
-9160
-9171
-9149
-9166
-9144
-9171
-9171
-9182
-9201
-9199
-9232
-9197
-9225
-9191
-9178
-9186
-9167
-9186
-9165
-9184
-9182
-9182
-9194
-9199
-9205
-9183
-9188
-9169
-9161
-9169
-9164
-9167
-9152
-9147
-9129
-9135
-9129
-9134
-9153
-9156
-9174
-9178
-9192
-9190
-9175
-9159
-9144
-9152
-9148
-9145
-9148
-9157
-9165
-9161
-9170
-9159
-9158
-9157
-9160
-9184
-9168
-9172
-9159
-9149
-9154
-9147
-9151
-9132
-9152
-9144
-9153
-9147
-9144
-9154
-9152
-9166
-9158
-9164
-9141
-9131
-9104
-9102
-9107
-9112
-9135
-9133
-9136
-9128
-9121
-9132
-9138
-9156
-9151
-9147
-9134
-9120
-9135
-9124
-9147
-9139
-9143
-9150
-9148
-9167
-9163
-9176
-9181
-9192
-9190
-9166
-9146
-9113
-9102
-9106
-9109
-9137
-9141
-9151
-9160
-9167
-9169
-9156
-9154
-9147
-9152
-9129
-9120
-9112
-9109
-9113
-9094
-9096
-9088
-9103
-9111
-9108
-9114
-9103
-9112
-9104
-9113
-9120
-9119
-9120
-9110
-9113
-9112
-9116
-9117
-9130
-9141
-9149
-9147
-9143
-9130
-9118
-9107
-9103
-9103
-9097
-9099
-9090
-9100
-9103
-9110
-9114
-9126
-9122
-9123
-9124
-9120
-9125
-9111
-9119
-9103
-9115
-9117
-9116
-9128
-9125
-9145
-9145
-9156
-9158
-9146
-9133
-9098
-9085
-9075
-9086
-9101
-9097
-9105
-9101
-9111
-9121
-9121
-9132
-9137
-9157
-9168
-9159
-9149
-9134
-9140
-9140
-9148
-9154
-9152
-9167
-9173
-9181
-9174
-9181
-9182
-9182
-9177
-9165
-9155
-9136
-9127
-9105
-9111
-9104
-9098
-9102
-9107
-9120
-9102
-9093
-9084
-9079
-9087
-9074
-9075
-9075
-9068
-9072
-9062
-9069
-9066
-9085
-9102
-9109
-9125
-9121
-9130
-9130
-9140
-9141
-9143
-9148
-9143
-9131
-9128
-9133
-9140
-9142
-9129
-9131
-9123
-9122
-9113
-9100
-9100
-9104
-9091
-9081
-9059
-9059
-9044
-9052
-9054
-9059
-9104
-9099
-9122
-9101
-9097
-9077
-9066
-9072
-9044
-9058
-9056
-9041
-9070
-9041
-9076
-9087
-9082
-9101
-9083
-9130
-9092
-9127
-9090
-9097
-9097
-9081
-9093
-9060
-9096
-9065
-9097
-9089
-9104
-9108
-9103
-9109
-9108
-9108
-9084
-9101
-9069
-9078
-9074
-9086
-9093
-9095
-9109
-9093
-9115
-9103
-9110
-9095
-9095
-9092
-9081
-9075
-9054
-9070
-9053
-9070
-9065
-9056
-9066
-9052
-9068
-9070
-9090
-9089
-9084
-9076
-9068
-9079
-9061
-9079
-9072
-9081
-9090
-9082
-9083
-9074
-9093
-9096
-9101
-9093
-9078
-9071
-9054
-9056
-9036
-9029
-9035
-9042
-9078
-9063
-9076
-9064
-9069
-9066
-9064
-9066
-9047
-9063
-9022
-9045
-9034
-9040
-9027
-9035
-9044
-9044
-9062
-9047
-9052
-9022
-9026
-8996
-9005
-8965
-8970
-8985
-8958
-8989
-8948
-8978
-8949
-8979
-8992
-8939
-9012
-8958
-8987
-8962
-8956
-8944
-8910
-8966
-8899
-8966
-8956
-8949
-8971
-8990
-8978
-9005
-9002
-8970
-8995
-8953
-9007
-8936
-8990
-8937
-8941
-8953
-8916
-8985
-8916
-9013
-8967
-9005
-8995
-8951
-8982
-8924
-8962
-8920
-8949
-8946
-8935
-8941
-8932
-8951
-8925
-8945
-8936
-8953
-8950
-8937
-8935
-8921
-8945
-8905
-8914
-8896
-8896
-8916
-8891
-8933
-8903
-8925
-8928
-8926
-8946
-8927
-8940
-8914
-8933
-8920
-8935
-8939
-8934
-8937
-8921
-8950
-8936
-8955
-8938
-8940
-8945
-8922
-8912
-8891
-8903
-8895
-8896
-8917
-8927
-8941
-8927
-8930
-8945
-8939
-8947
-8940
-8959
-8961
-8949
-8942
-8915
-8916
-8898
-8897
-8917
-8924
-8932
-8915
-8913
-8905
-8901
-8903
-8908
-8935
-8944
-8945
-8929
-8922
-8919
-8913
-8921
-8925
-8929
-8923
-8918
-8916
-8923
-8907
-8914
-8918
-8921
-8930
-8918
-8938
-8919
-8939
-8930
-8940
-8947
-8939
-8950
-8939
-8974
-8957
-8961
-8929
-8950
-8952
-8933
-8958
-8926
-8962
-8934
-8962
-8966
-8969
-8991
-8939
-8976
-8913
-8949
-8915
-8901
-8944
-8916
-8946
-8896
-8922
-8911
-8931
-8926
-8966
-8962
-8981
-8973
-8953
-8987
-8927
-8982
-8948
-8993
-8991
-8994
-8986
-8957
-8974
-8952
-8974
-8972
-8979
-8980
-8977
-8959
-8972
-8930
-8947
-8933
-8950
-8948
-8952
-8969
-8960
-8969
-8959
-8987
-8970
-8999
-8959
-8984
-8955
-8973
-8985
-8967
-9003
-8963
-9014
-8975
-9002
-8985
-8977
-8995
-8969
-9003
-8966
-8982
-8960
-8953
-8972
-8954
-8981
-8967
-8978
-8979
-8972
-8981
-8952
-8977
-8960
-8968
-8968
-8942
-8952
-8921
-8934
-8917
-8940
-8956
-8962
-8972
-8954
-8956
-8919
-8939
-8929
-8942
-8954
-8964
-8964
-8939
-8964
-8938
-8955
-8959
-8973
-8993
-9006
-9016
-8996
-8986
-8972
-8970
-8981
-8991
-8985
-8987
-8982
-8990
-8979
-8994
-8985
-8987
-8998
-8994
-9010
-8995
-8999
-8991
-9008
-9005
-9012
-8994
-9005
-9014
-9001
-9020
-9002
-9024
-9003
-9013
-8998
-8981
-8974
-8962
-8977
-8980
-9001
-8986
-8989
-8981
-8981
-8987
-8994
-8980
-8998
-8989
-8983
-8988
-8968
-8972
-8949
-8965
-8962
-8992
-8979
-8979
-8979
-8963
-8964
-8932
-8944
-8927
-8949
-8947
-8938
-8945
-8927
-8932
-8924
-8958
-8955
-8967
-8992
-8984
-9014
-8993
-9008
-9005
-8999
-9014
-8988
-9003
-8983
-8993
-8997
-9004
-9017
-9008
-9024
-9014
-9015
-8994
-8985
-8971
-8964
-8959
-8935
-8924
-8903
-8901
-8894
-8897
-8902
-8910
-8920
-8908
-8912
-8898
-8907
-8900
-8889
-8895
-8877
-8892
-8881
-8901
-8900
-8911
-8932
-8944
-8974
-8972
-8984
-8978
-8989
-8985
-8988
-8986
-8988
-8998
-8988
-9007
-9003
-9011
-8998
-8991
-8994
-8977
-8983
-8971
-8972
-8958
-8942
-8928
-8916
-8929
-8930
-8929
-8938
-8942
-8951
-8947
-8938
-8942
-8940
-8944
-8931
-8940
-8935
-8926
-8920
-8911
-8919
-8913
-8915
-8921
-8929
-8935
-8945
-8942
-8950
-8939
-8934
-8938
-8936
-8945
-8944
-8956
-8964
-8970
-8971
-8962
-8967
-8974
-8983
-8991
-8980
-8981
-8978
-8977
-8970
-8962
-8975
-8975
-8978
-8965
-8950
-8953
-8950
-8965
-8962
-8954
-8951
-8924
-8919
-8899
-8888
-8884
-8873
-8884
-8865
-8881
-8879
-8871
-8884
-8861
-8878
-8874
-8888
-8885
-8891
-8891
-8881
-8891
-8892
-8902
-8893
-8909
-8905
-8919
-8924
-8946
-8931
-8934
-8944
-8940
-8951
-8937
-8925
-8925
-8930
-8914
-8930
-8909
-8931
-8916
-8917
-8917
-8915
-8930
-8905
-8926
-8913
-8927
-8921
-8920
-8921
-8920
-8924
-8925
-8927
-8929
-8925
-8902
-8902
-8885
-8903
-8893
-8878
-8882
-8853
-8855
-8823
-8825
-8833
-8831
-8851
-8831
-8862
-8842
-8838
-8827
-8818
-8828
-8820
-8852
-8851
-8885
-8872
-8881
-8875
-8879
-8884
-8880
-8893
-8880
-8896
-8877
-8888
-8877
-8883
-8879
-8888
-8909
-8906
-8919
-8911
-8926
-8911
-8930
-8915
-8914
-8918
-8917
-8923
-8866
-8905
-8871
-8870
-8869
-8863
-8881
-8847
-8873
-8834
-8867
-8861
-8861
-8866
-8864
-8866
-8835
-8850
-8818
-8840
-8833
-8858
-8859
-8861
-8859
-8832
-8854
-8848
-8853
-8853
-8846
-8841
-8863
-8831
-8843
-8858
-8858
-8891
-8888
-8917
-8933
-8915
-8925
-8920
-8921
-8930
-8923
-8937
-8933
-8930
-8925
-8916
-8911
-8922
-8903
-8912
-8908
-8923
-8918
-8911
-8914
-8883
-8892
-8873
-8877
-8896
-8898
-8874
-8905
-8865
-8888
-8876
-8869
-8902
-8858
-8909
-8844
-8878
-8851
-8838
-8877
-8849
-8901
-8887
-8924
-8899
-8947
-8906
-8924
-8954
-8888
-8947
-8891
-8942
-8903
-8949
-8945
-8928
-8981
-8920
-8984
-8952
-8941
-8965
-8932
-8936
-8937
-8914
-8898
-8905
-8889
-8868
-8876
-8865
-8890
-8846
-8892
-8882
-8882
-8878
-8869
-8883
-8824
-8893
-8848
-8896
-8847
-8881
-8881
-8844
-8885
-8837
-8895
-8861
-8904
-8861
-8897
-8882
-8849
-8890
-8838
-8891
-8865
-8898
-8894
-8892
-8887
-8861
-8888
-8844
-8903
-8880
-8877
-8889
-8822
-8884
-8790
-8827
-8835
-8818
-8862
-8817
-8896
-8812
-8878
-8816
-8835
-8837
-8793
-8870
-8773
-8858
-8767
-8808
-8775
-8769
-8806
-8738
-8812
-8761
-8813
-8764
-8765
-8756
-8739
-8762
-8746
-8782
-8765
-8767
-8756
-8771
-8755
-8774
-8800
-8785
-8810
-8808
-8817
-8818
-8794
-8835
-8796
-8831
-8815
-8837
-8854
-8814
-8901
-8820
-8920
-8847
-8880
-8876
-8823
-8873
-8801
-8860
-8793
-8901
-8802
-8851
-8858
-8796
-8845
-8791
-8853
-8761
-8824
-8789
-8790
-8805
-8758
-8800
-8745
-8793
-8764
-8774
-8795
-8750
-8809
-8747
-8796
-8732
-8771
-8788
-8718
-8839
-8717
-8823
-8758
-8772
-8811
-8735
-8855
-8747
-8835
-8812
-8798
-8855
-8775
-8845
-8793
-8824
-8811
-8804
-8824
-8768
-8842
-8758
-8823
-8793
-8780
-8827
-8775
-8831
-8764
-8853
-8764
-8816
-8813
-8750
-8864
-8732
-8853
-8775
-8816
-8797
-8742
-8823
-8703
-8811
-8729
-8786
-8739
-8723
-8755
-8683
-8745
-8695
-8754
-8712
-8760
-8745
-8757
-8786
-8744
-8809
-8760
-8791
-8774
-8789
-8776
-8772
-8795
-8754
-8797
-8774
-8806
-8788
-8805
-8820
-8803
-8838
-8799
-8831
-8811
-8835
-8832
-8822
-8850
-8809
-8843
-8826
-8831
-8834
-8823
-8840
-8819
-8824
-8805
-8802
-8815
-8796
-8808
-8796
-8802
-8800
-8795
-8809
-8788
-8822
-8798
-8818
-8810
-8805
-8820
-8782
-8818
-8795
-8831
-8826
-8834
-8845
-8837
-8861
-8836
-8862
-8838
-8852
-8842
-8831
-8828
-8813
-8816
-8794
-8829
-8819
-8835
-8842
-8838
-8858
-8853
-8863
-8847
-8856
-8857
-8841
-8857
-8840
-8867
-8859
-8852
-8875
-8848
-8878
-8850
-8863
-8860
-8843
-8847
-8835
-8848
-8851
-8848
-8852
-8853
-8854
-8891
-8841
-8889
-8869
-8858
-8908
-8882
-8897
-8895
-8891
-8869
-8872
-8866
-8876
-8867
-8881
-8872
-8882
-8868
-8875
-8878
-8867
-8888
-8865
-8880
-8868
-8861
-8853
-8852
-8843
-8844
-8835
-8852
-8848
-8861
-8856
-8861
-8886
-8873
-8895
-8888
-8910
-8880
-8897
-8879
-8851
-8860
-8829
-8851
-8837
-8847
-8854
-8846
-8849
-8832
-8843
-8852
-8853
-8864
-8884
-8878
-8893
-8880
-8877
-8871
-8882
-8894
-8873
-8903
-8875
-8893
-8862
-8867
-8863
-8856
-8875
-8836
-8875
-8847
-8880
-8863
-8875
-8871
-8859
-8890
-8860
-8893
-8838
-8862
-8837
-8843
-8844
-8825
-8857
-8818
-8856
-8847
-8864
-8869
-8887
-8889
-8887
-8897
-8877
-8893
-8880
-8880
-8869
-8876
-8871
-8865
-8876
-8875
-8887
-8864
-8861
-8875
-8865
-8872
-8865
-8860
-8843
-8838
-8827
-8807
-8824
-8814
-8814
-8825
-8810
-8804
-8804
-8800
-8799
-8807
-8818
-8821
-8821
-8812
-8808
-8808
-8799
-8804
-8809
-8817
-8836
-8833
-8834
-8822
-8805
-8802
-8808
-8818
-8814
-8818
-8815
-8811
-8800
-8790
-8775
-8784
-8783
-8798
-8808
-8795
-8812
-8781
-8773
-8760
-8768
-8769
-8766
-8781
-8775
-8795
-8791
-8796
-8811
-8831
-8834
-8838
-8835
-8828
-8822
-8816
-8811
-8790
-8802
-8797
-8806
-8803
-8791
-8785
-8750
-8773
-8742
-8733
-8758
-8730
-8768
-8752
-8769
-8764
-8756
-8773
-8746
-8783
-8759
-8786
-8775
-8775
-8791
-8773
-8804
-8779
-8797
-8790
-8801
-8794
-8781
-8782
-8766
-8784
-8778
-8791
-8780
-8780
-8777
-8772
-8786
-8768
-8762
-8744
-8751
-8757
-8757
-8760
-8738
-8761
-8774
-8782
-8783
-8776
-8791
-8781
-8781
-8774
-8764
-8768
-8769
-8778
-8778
-8787
-8781
-8773
-8774
-8783
-8796
-8796
-8802
-8797
-8809
-8800
-8790
-8785
-8785
-8802
-8805
-8826
-8829
-8836
-8832
-8817
-8824
-8825
-8831
-8827
-8831
-8848
-8843
-8842
-8833
-8836
-8843
-8845
-8846
-8841
-8840
-8843
-8848
-8837
-8837
-8827
-8835
-8840
-8850
-8869
-8859
-8861
-8848
-8864
-8862
-8857
-8860
-8848
-8869
-8858
-8855
-8839
-8831
-8840
-8835
-8846
-8840
-8854
-8854
-8862
-8856
-8855
-8849
-8848
-8856
-8855
-8876
-8862
-8868
-8843
-8845
-8849
-8847
-8860
-8853
-8868
-8865
-8870
-8877
-8854
-8867
-8863
-8882
-8885
-8863
-8919
-8867
-8898
-8900
-8879
-8902
-8892
-8925
-8895
-8931
-8909
-8903
-8911
-8895
-8916
-8886
-8894
-8890
-8895
-8890
-8890
-8913
-8882
-8905
-8890
-8907
-8896
-8885
-8905
-8864
-8913
-8875
-8898
-8880
-8882
-8907
-8884
-8918
-8873
-8908
-8896
-8914
-8912
-8881
-8899
-8866
-8889
-8869
-8899
-8889
-8902
-8913
-8888
-8918
-8868
-8897
-8853
-8884
-8875
-8874
-8891
-8839
-8876
-8831
-8866
-8819
-8846
-8857
-8848
-8889
-8863
-8888
-8849
-8896
-8878
-8871
-8900
-8874
-8884
-8880
-8887
-8863
-8873
-8878
-8875
-8874
-8882
-8861
-8858
-8842
-8834
-8829
-8818
-8828
-8798
-8827
-8816
-8831
-8821
-8836
-8839
-8826
-8858
-8825
-8845
-8836
-8851
-8850
-8831
-8853
-8811
-8847
-8833
-8829
-8838
-8816
-8838
-8803
-8841
-8805
-8802
-8801
-8782
-8797
-8794
-8790
-8773
-8786
-8763
-8778
-8756
-8765
-8747
-8773
-8768
-8751
-8777
-8741
-8775
-8748
-8752
-8743
-8737
-8747
-8739
-8762
-8757
-8761
-8756
-8758
-8769
-8763
-8779
-8771
-8779
-8798
-8787
-8811
-8790
-8801
-8787
-8794
-8805
-8792
-8816
-8785
-8810
-8778
-8764
-8761
-8737
-8755
-8735
-8749
-8744
-8744
-8744
-8738
-8737
-8742
-8746
-8750
-8754
-8751
-8763
-8750
-8759
-8725
-8740
-8740
-8722
-8758
-8749
-8770
-8733
-8751
-8737
-8739
-8758
-8725
-8762
-8728
-8758
-8731
-8733
-8732
-8705
-8755
-8707
-8757
-8740
-8753
-8760
-8724
-8758
-8718
-8753
-8737
-8769
-8756
-8765
-8777
-8740
-8789
-8757
-8794
-8763
-8790
-8784
-8778
-8798
-8747
-8782
-8728
-8759
-8737
-8736
-8766
-8736
-8774
-8738
-8767
-8753
-8737
-8760
-8745
-8754
-8758
-8757
-8759
-8749
-8751
-8772
-8738
-8789
-8754
-8790
-8789
-8759
-8826
-8761
-8843
-8786
-8807
-8817
-8790
-8842
-8785
-8822
-8790
-8810
-8797
-8798
-8814
-8795
-8811
-8810
-8801
-8802
-8795
-8806
-8794
-8785
-8813
-8771
-8817
-8776
-8810
-8807
-8785
-8809
-8770
-8818
-8783
-8818
-8801
-8809
-8830
-8816
-8854
-8822
-8867
-8854
-8850
-8876
-8828
-8889
-8844
-8869
-8871
-8828
-8873
-8834
-8854
-8821
-8854
-8836
-8852
-8843
-8827
-8857
-8826
-8849
-8841
-8838
-8825
-8860
-8820
-8832
-8848
-8832
-8843
-8850
-8866
-8846
-8855
-8844
-8833
-8833
-8823
-8818
-8833
-8822
-8835
-8840
-8837
-8847
-8847
-8833
-8827
-8837
-8830
-8843
-8846
-8842
-8852
-8838
-8841
-8828
-8832
-8844
-8832
-8864
-8848
-8877
-8875
-8884
-8892
-8892
-8908
-8894
-8925
-8900
-8899
-8896
-8901
-8876
-8897
-8893
-8889
-8909
-8877
-8912
-8868
-8915
-8888
-8875
-8902
-8869
-8913
-8861
-8899
-8869
-8874
-8877
-8862
-8899
-8844
-8902
-8887
-8876
-8889
-8866
-8869
-8859
-8858
-8861
-8859
-8874
-8861
-8870
-8875
-8881
-8896
-8883
-8895
-8873
-8877
-8864
-8870
-8856
-8858
-8868
-8867
-8873
-8855
-8868
-8843
-8843
-8837
-8821
-8829
-8813
-8822
-8819
-8814
-8819
-8818
-8819
-8804
-8827
-8819
-8839
-8826
-8839
-8851
-8840
-8844
-8821
-8833
-8807
-8832
-8813
-8828
-8810
-8812
-8827
-8797
-8816
-8797
-8819
-8806
-8830
-8819
-8823
-8833
-8818
-8843
-8800
-8825
-8811
-8811
-8811
-8800
-8823
-8785
-8830
-8790
-8818
-8810
-8790
-8819
-8766
-8836
-8777
-8812
-8794
-8783
-8822
-8783
-8831
-8767
-8806
-8791
-8798
-8819
-8796
-8827
-8803
-8829
-8821
-8835
-8821
-8830
-8837
-8810
-8822
-8809
-8824
-8804
-8809
-8801
-8782
-8797
-8758
-8780
-8755
-8747
-8794
-8748
-8785
-8751
-8798
-8757
-8751
-8757
-8708
-8769
-8703
-8760
-8694
-8756
-8735
-8733
-8753
-8740
-8778
-8725
-8804
-8735
-8798
-8757
-8761
-8788
-8754
-8809
-8762
-8810
-8773
-8779
-8796
-8759
-8789
-8740
-8788
-8777
-8777
-8788
-8765
-8780
-8752
-8766
-8726
-8748
-8721
-8746
-8736
-8738
-8737
-8704
-8738
-8694
-8715
-8668
-8690
-8677
-8677
-8695
-8692
-8716
-8682
-8715
-8693
-8715
-8710
-8716
-8719
-8717
-8744
-8717
-8745
-8714
-8739
-8741
-8741
-8756
-8731
-8755
-8723
-8751
-8740
-8746
-8765
-8751
-8771
-8753
-8758
-8739
-8740
-8725
-8722
-8713
-8721
-8729
-8720
-8735
-8723
-8743
-8730
-8750
-8745
-8757
-8763
-8746
-8760
-8733
-8731
-8721
-8706
-8710
-8698
-8709
-8722
-8719
-8735
-8718
-8733
-8717
-8724
-8730
-8719
-8737
-8722
-8736
-8726
-8732
-8724
-8731
-8752
-8751
-8761
-8752
-8761
-8761
-8762
-8763
-8762
-8771
-8767
-8794
-8781
-8786
-8779
-8749
-8763
-8737
-8766
-8748
-8746
-8759
-8734
-8740
-8715
-8735
-8726
-8715
-8734
-8724
-8739
-8731
-8728
-8731
-8728
-8738
-8731
-8743
-8732
-8741
-8730
-8729
-8725
-8712
-8729
-8718
-8746
-8728
-8759
-8746
-8747
-8764
-8732
-8777
-8736
-8761
-8744
-8732
-8750
-8721
-8755
-8729
-8750
-8746
-8753
-8773
-8749
-8767
-8741
-8741
-8742
-8731
-8750
-8748
-8767
-8776
-8779
-8777
-8772
-8771
-8751
-8764
-8747
-8764
-8759
-8759
-8763
-8738
-8761
-8726
-8739
-8723
-8728
-8738
-8734
-8748
-8726
-8737
-8722
-8722
-8708
-8708
-8719
-8721
-8739
-8741
-8744
-8760
-8759
-8758
-8763
-8770
-8780
-8777
-8800
-8790
-8787
-8790
-8771
-8782
-8790
-8793
-8803
-8801
-8819
-8825
-8819
-8824
-8810
-8819
-8812
-8817
-8814
-8821
-8815
-8810
-8803
-8785
-8791
-8787
-8791
-8785
-8803
-8781
-8797
-8774
-8766
-8770
-8747
-8779
-8762
-8793
-8781
-8785
-8786
-8758
-8779
-8756
-8783
-8779
-8793
-8801
-8787
-8808
-8794
-8806
-8791
-8791
-8797
-8797
-8808
-8799
-8792
-8782
-8777
-8783
-8794
-8804
-8812
-8815
-8826
-8827
-8824
-8816
-8807
-8800
-8806
-8814
-8817
-8818
-8816
-8817
-8809
-8804
-8793
-8791
-8800
-8794
-8803
-8794
-8786
-8788
-8779
-8789
-8772
-8781
-8786
-8786
-8799
-8783
-8786
-8776
-8775
-8784
-8769
-8779
-8776
-8777
-8781
-8780
-8784
-8769
-8775
-8772
-8790
-8801
-8806
-8815
-8801
-8807
-8799
-8799
-8789
-8794
-8799
-8800
-8817
-8811
-8822
-8816
-8813
-8801
-8798
-8798
-8797
-8800
-8793
-8799
-8804
-8810
-8790
-8802
-8797
-8810
-8807
-8810
-8820
-8795
-8812
-8771
-8790
-8775
-8778
-8796
-8778
-8813
-8784
-8811
-8780
-8811
-8806
-8805
-8837
-8808
-8852
-8823
-8861
-8802
-8850
-8841
-8818
-8872
-8829
-8876
-8835
-8879
-8846
-8853
-8866
-8847
-8883
-8848
-8890
-8871
-8881
-8886
-8878
-8893
-8866
-8887
-8876
-8871
-8871
-8865
-8880
-8864
-8893
-8869
-8894
-8903
-8874
-8906
-8869
-8893
-8880
-8895
-8893
-8888
-8911
-8885
-8902
-8878
-8897
-8888
-8869
-8890
-8879
-8887
-8888
-8912
-8901
-8893
-8909
-8882
-8895
-8888
-8917
-8892
-8895
-8908
-8885
-8895
-8865
-8895
-8849
-8870
-8891
-8873
-8886
-8864
-8885
-8844
-8860
-8881
-8845
-8876
-8855
-8877
-8866
-8857
-8864
-8842
-8865
-8837
-8869
-8849
-8870
-8845
-8843
-8857
-8837
-8862
-8838
-8857
-8855
-8862
-8829
-8839
-8833
-8827
-8840
-8834
-8843
-8859
-8868
-8849
-8862
-8845
-8845
-8831
-8818
-8832
-8808
-8825
-8810
-8802
-8810
-8791
-8803
-8777
-8801
-8773
-8791
-8792
-8777
-8789
-8753
-8790
-8760
-8795
-8779
-8796
-8798
-8781
-8811
-8755
-8796
-8766
-8796
-8796
-8808
-8830
-8824
-8848
-8822
-8859
-8803
-8850
-8814
-8817
-8827
-8799
-8840
-8780
-8816
-8779
-8786
-8786
-8768
-8794
-8771
-8801
-8779
-8768
-8772
-8751
-8768
-8761
-8776
-8761
-8780
-8759
-8772
-8775
-8754
-8782
-8757
-8804
-8747
-8809
-8792
-8774
-8820
-8772
-8811
-8782
-8821
-8820
-8821
-8834
-8822
-8827
-8835
-8810
-8831
-8820
-8839
-8806
-8801
-8863
-8783
-8850
-8772
-8820
-8807
-8801
-8840
-8771
-8849
-8790
-8818
-8843
-8805
-8826
-8825
-8803
-8845
-8800
-8840
-8814
-8816
-8848
-8794
-8866
-8797
-8845
-8821
-8816
-8858
-8797
-8832
-8810
-8819
-8806
-8821
-8818
-8811
-8819
-8819
-8814
-8809
-8826
-8797
-8836
-8822
-8825
-8845
-8844
-8853
-8831
-8833
-8860
-8808
-8890
-8822
-8868
-8878
-8818
-8928
-8764
-8919
-8786
-8856
-8843
-8800
-8894
-8772
-8922
-8773
-8885
-8797
-8823
-8838
-8773
-8871
-8755
-8867
-8791
-8827
-8821
-8796
-8849
-8783
-8855
-8798
-8830
-8818
-8790
-8817
-8774
-8802
-8770
-8804
-8796
-8806
-8826
-8810
-8817
-8809
-8808
-8793
-8802
-8783
-8792
-8798
-8789
-8780
-8782
-8790
-8780
-8773
-8781
-8785
-8799
-8820
-8805
-8807
-8802
-8799
-8775
-8774
-8797
-8778
-8816
-8793
-8796
-8787
-8768
-8789
-8755
-8786
-8769
-8793
-8795
-8792
-8780
-8757
-8778
-8759
-8786
-8769
-8787
-8784
-8771
-8779
-8758
-8763
-8756
-8765
-8760
-8776
-8778
-8758
-8780
-8762
-8772
-8770
-8763
-8765
-8758
-8783
-8770
-8787
