01080041.PTO
COCN
2012/01/08 00:41:36.6399
100.0000 m/s  
3865 muestras
-5847
-5846
-5842
-5832
-5827
-5819
-5815
-5817
-5825
-5832
-5837
-5838
-5840
-5836
-5832
-5833
-5831
-5837
-5842
-5844
-5843
-5842
-5842
-5838
-5835
-5835
-5833
-5830
-5824
-5821
-5817
-5812
-5808
-5808
-5807
-5810
-5812
-5812
-5815
-5817
-5825
-5831
-5838
-5846
-5849
-5849
-5850
-5848
-5843
-5841
-5839
-5842
-5843
-5845
-5846
-5845
-5839
-5835
-5835
-5839
-5842
-5842
-5846
-5849
-5846
-5843
-5843
-5836
-5830
-5824
-5818
-5823
-5829
-5832
-5839
-5842
-5842
-5842
-5843
-5845
-5844
-5848
-5849
-5853
-5851
-5848
-5844
-5843
-5844
-5841
-5844
-5846
-5851
-5858
-5867
-5868
-5866
-5863
-5862
-5865
-5868
-5868
-5870
-5872
-5869
-5864
-5858
-5854
-5848
-5848
-5850
-5851
-5850
-5847
-5847
-5851
-5855
-5858
-5857
-5857
-5856
-5855
-5854
-5856
-5852
-5849
-5850
-5847
-5849
-5847
-5844
-5844
-5844
-5846
-5846
-5851
-5849
-5849
-5850
-5848
-5849
-5846
-5847
-5846
-5845
-5842
-5841
-5843
-5844
-5844
-5843
-5844
-5839
-5838
-5838
-5838
-5838
-5839
-5841
-5840
-5840
-5838
-5833
-5826
-5827
-5834
-5840
-5845
-5848
-5847
-5842
-5842
-5842
-5836
-5835
-5834
-5835
-5840
-5844
-5851
-5855
-5854
-5856
-5857
-5859
-5861
-5865
-5865
-5863
-5863
-5860
-5854
-5849
-5848
-5846
-5847
-5844
-5841
-5841
-5845
-5848
-5849
-5850
-5851
-5851
-5853
-5850
-5853
-5856
-5853
-5857
-5862
-5863
-5865
-5866
-5867
-5871
-5873
-5875
-5875
-5873
-5870
-5864
-5860
-5858
-5859
-5862
-5866
-5873
-5878
-5880
-5883
-5889
-5892
-5891
-5890
-5890
-5889
-5889
-5882
-5880
-5877
-5871
-5871
-5873
-5876
-5880
-5884
-5880
-5878
-5875
-5870
-5866
-5864
-5866
-5868
-5868
-5867
-5866
-5860
-5862
-5863
-5861
-5860
-5855
-5853
-5853
-5847
-5844
-5842
-5836
-5838
-5840
-5842
-5848
-5851
-5851
-5851
-5855
-5859
-5860
-5858
-5857
-5851
-5846
-5842
-5842
-5850
-5858
-5870
-5878
-5886
-5887
-5885
-5886
-5881
-5877
-5875
-5872
-5868
-5863
-5853
-5845
-5837
-5831
-5825
-5817
-5813
-5813
-5816
-5815
-5815
-5814
-5812
-5809
-5807
-5806
-5803
-5802
-5812
-5822
-5828
-5832
-5835
-5835
-5836
-5839
-5838
-5839
-5841
-5843
-5843
-5847
-5850
-5846
-5845
-5842
-5841
-5842
-5844
-5845
-5845
-5842
-5837
-5832
-5825
-5821
-5817
-5816
-5815
-5816
-5819
-5822
-5822
-5820
-5816
-5806
-5797
-5791
-5788
-5792
-5796
-5799
-5805
-5810
-5814
-5817
-5817
-5814
-5809
-5814
-5828
-5839
-5827
-5805
-5789
-5796
-5826
-5821
-5774
-5784
-5860
-5850
-5771
-5748
-5791
-5845
-5807
-5702
-5724
-5880
-5890
-5717
-5658
-5774
-5875
-5829
-5680
-5685
-5929
-5995
-5690
-5545
-5799
-5902
-5667
-5544
-5752
-6019
-5953
-5637
-5644
-6025
-6064
-5692
-5627
-5972
-6099
-5802
-5567
-5722
-5916
-5798
-5542
-5513
-5815
-5969
-5653
-5537
-5956
-6051
-5669
-5571
-5807
-5951
-5903
-5707
-5633
-5831
-5894
-5683
-5587
-5728
-5789
-5686
-5679
-5865
-6005
-5935
-5818
-5814
-5812
-5695
-5618
-5646
-5684
-5795
-5914
-5814
-5712
-5783
-5759
-5659
-5641
-5613
-5712
-5853
-5735
-5718
-5915
-5798
-5594
-5746
-5810
-5653
-5632
-5693
-5751
-5808
-5692
-5612
-5873
-6023
-5752
-5615
-5834
-5860
-5614
-5559
-5707
-5820
-5831
-5635
-5472
-5682
-5824
-5626
-5660
-5965
-5934
-5664
-5604
-5645
-5621
-5619
-5632
-5637
-5724
-5741
-5593
-5611
-5777
-5702
-5566
-5656
-5725
-5733
-5754
-5623
-5605
-5769
-5630
-5471
-5764
-5976
-5847
-5806
-5846
-5815
-5758
-5627
-5560
-5714
-5777
-5565
-5511
-5783
-5888
-5647
-5537
-5680
-5794
-5789
-5594
-5449
-5691
-5847
-5540
-5418
-5721
-5840
-5681
-5626
-5751
-5888
-5798
-5544
-5551
-5817
-5822
-5510
-5477
-5807
-5848
-5513
-5423
-5634
-5721
-5623
-5522
-5658
-5947
-5893
-5579
-5649
-5978
-5951
-5674
-5633
-5843
-5939
-5726
-5489
-5602
-5858
-5768
-5475
-5554
-5844
-5745
-5469
-5544
-5814
-5877
-5648
-5440
-5615
-5860
-5611
-5242
-5393
-5715
-5617
-5349
-5437
-5768
-5855
-5596
-5452
-5741
-6011
-5793
-5587
-5936
-6274
-6065
-5793
-5852
-5990
-5936
-5675
-5500
-5677
-5785
-5441
-5224
-5513
-5699
-5494
-5392
-5604
-5837
-5842
-5647
-5590
-5847
-5933
-5616
-5534
-5868
-5944
-5674
-5585
-5727
-5821
-5731
-5517
-5542
-5849
-5857
-5555
-5607
-5935
-5933
-5722
-5727
-5906
-5988
-5833
-5612
-5675
-5895
-5787
-5517
-5620
-5882
-5826
-5646
-5685
-5837
-5892
-5752
-5575
-5677
-5840
-5687
-5491
-5642
-5846
-5759
-5597
-5631
-5787
-5837
-5688
-5593
-5781
-5956
-5821
-5677
-5836
-5991
-5870
-5704
-5728
-5835
-5817
-5667
-5633
-5814
-5908
-5760
-5713
-5914
-6003
-5829
-5709
-5799
-5874
-5778
-5615
-5603
-5756
-5797
-5633
-5609
-5814
-5875
-5703
-5618
-5711
-5776
-5699
-5584
-5641
-5849
-5911
-5786
-5813
-6015
-6037
-5874
-5815
-5896
-5912
-5796
-5669
-5694
-5819
-5769
-5579
-5589
-5757
-5760
-5656
-5670
-5773
-5801
-5708
-5607
-5654
-5778
-5719
-5580
-5659
-5817
-5790
-5709
-5747
-5841
-5880
-5813
-5737
-5833
-5966
-5869
-5730
-5807
-5892
-5799
-5705
-5719
-5772
-5772
-5666
-5590
-5679
-5749
-5632
-5560
-5680
-5748
-5666
-5610
-5664
-5769
-5821
-5760
-5733
-5847
-5888
-5752
-5686
-5771
-5798
-5709
-5632
-5646
-5708
-5694
-5592
-5581
-5701
-5726
-5621
-5616
-5732
-5772
-5711
-5685
-5745
-5818
-5784
-5694
-5729
-5835
-5799
-5674
-5670
-5749
-5734
-5635
-5603
-5666
-5704
-5637
-5571
-5649
-5761
-5733
-5656
-5706
-5804
-5780
-5696
-5699
-5774
-5785
-5698
-5644
-5704
-5762
-5690
-5614
-5673
-5758
-5734
-5680
-5728
-5816
-5816
-5739
-5713
-5784
-5833
-5759
-5687
-5746
-5799
-5728
-5649
-5676
-5729
-5711
-5636
-5611
-5679
-5726
-5682
-5677
-5788
-5863
-5825
-5801
-5847
-5879
-5840
-5769
-5733
-5767
-5761
-5659
-5619
-5686
-5705
-5639
-5619
-5670
-5719
-5721
-5696
-5721
-5808
-5831
-5759
-5753
-5819
-5807
-5730
-5704
-5731
-5751
-5729
-5680
-5689
-5751
-5741
-5683
-5712
-5787
-5778
-5734
-5733
-5765
-5785
-5751
-5705
-5727
-5775
-5733
-5675
-5710
-5764
-5755
-5725
-5734
-5773
-5798
-5768
-5740
-5788
-5830
-5789
-5750
-5778
-5800
-5762
-5710
-5711
-5749
-5760
-5727
-5719
-5778
-5815
-5778
-5757
-5793
-5819
-5792
-5759
-5767
-5789
-5775
-5727
-5711
-5732
-5716
-5656
-5639
-5676
-5708
-5711
-5725
-5780
-5835
-5845
-5831
-5846
-5885
-5885
-5835
-5818
-5837
-5826
-5774
-5735
-5737
-5737
-5701
-5653
-5648
-5678
-5673
-5640
-5646
-5691
-5711
-5695
-5700
-5739
-5764
-5750
-5730
-5748
-5783
-5776
-5745
-5760
-5803
-5806
-5769
-5751
-5750
-5725
-5684
-5647
-5662
-5701
-5699
-5687
-5719
-5764
-5756
-5727
-5719
-5730
-5729
-5705
-5685
-5706
-5738
-5724
-5710
-5739
-5767
-5754
-5735
-5737
-5749
-5744
-5714
-5685
-5687
-5678
-5630
-5602
-5620
-5639
-5631
-5625
-5638
-5661
-5674
-5666
-5668
-5705
-5730
-5717
-5719
-5748
-5755
-5737
-5721
-5720
-5723
-5711
-5677
-5669
-5690
-5686
-5652
-5644
-5663
-5664
-5646
-5636
-5655
-5682
-5683
-5662
-5667
-5685
-5670
-5635
-5628
-5641
-5635
-5610
-5596
-5612
-5627
-5612
-5592
-5603
-5626
-5623
-5610
-5629
-5659
-5669
-5663
-5659
-5672
-5674
-5649
-5629
-5635
-5650
-5639
-5625
-5635
-5650
-5649
-5631
-5633
-5651
-5659
-5651
-5647
-5666
-5683
-5671
-5656
-5666
-5676
-5663
-5645
-5640
-5645
-5637
-5612
-5597
-5594
-5586
-5560
-5542
-5556
-5574
-5579
-5592
-5626
-5665
-5683
-5688
-5697
-5716
-5724
-5705
-5692
-5694
-5684
-5649
-5619
-5603
-5593
-5579
-5558
-5549
-5563
-5565
-5557
-5569
-5601
-5622
-5627
-5640
-5658
-5668
-5663
-5656
-5658
-5667
-5651
-5620
-5608
-5611
-5604
-5591
-5594
-5613
-5633
-5639
-5647
-5678
-5707
-5712
-5710
-5723
-5734
-5717
-5689
-5672
-5665
-5652
-5631
-5614
-5622
-5630
-5613
-5604
-5616
-5625
-5615
-5602
-5604
-5611
-5612
-5601
-5601
-5622
-5638
-5636
-5636
-5657
-5673
-5674
-5668
-5677
-5691
-5688
-5671
-5664
-5677
-5675
-5658
-5653
-5662
-5665
-5657
-5646
-5644
-5647
-5636
-5618
-5617
-5633
-5643
-5641
-5645
-5662
-5671
-5664
-5657
-5662
-5669
-5665
-5656
-5656
-5662
-5656
-5636
-5627
-5632
-5635
-5630
-5631
-5649
-5667
-5673
-5675
-5687
-5700
-5698
-5685
-5678
-5677
-5672
-5659
-5649
-5648
-5642
-5631
-5623
-5629
-5637
-5631
-5622
-5622
-5630
-5633
-5633
-5639
-5650
-5661
-5660
-5657
-5667
-5672
-5668
-5660
-5663
-5669
-5670
-5670
-5669
-5670
-5664
-5647
-5630
-5632
-5631
-5628
-5629
-5639
-5650
-5653
-5660
-5664
-5671
-5671
-5664
-5661
-5667
-5671
-5667
-5668
-5676
-5682
-5683
-5684
-5684
-5684
-5675
-5663
-5657
-5654
-5648
-5637
-5636
-5643
-5641
-5638
-5640
-5647
-5660
-5667
-5669
-5674
-5682
-5676
-5667
-5668
-5672
-5670
-5669
-5670
-5672
-5673
-5663
-5654
-5649
-5646
-5637
-5631
-5637
-5647
-5648
-5647
-5650
-5657
-5661
-5656
-5649
-5652
-5656
-5652
-5652
-5655
-5657
-5648
-5638
-5631
-5635
-5637
-5635
-5642
-5651
-5662
-5661
-5659
-5668
-5671
-5663
-5655
-5648
-5648
-5640
-5632
-5627
-5629
-5630
-5623
-5617
-5617
-5619
-5615
-5615
-5621
-5630
-5639
-5645
-5655
-5669
-5678
-5677
-5676
-5680
-5683
-5681
-5675
-5676
-5680
-5677
-5673
-5672
-5671
-5662
-5648
-5638
-5633
-5630
-5621
-5611
-5610
-5616
-5615
-5611
-5611
-5614
-5614
-5609
-5614
-5621
-5628
-5632
-5636
-5644
-5658
-5664
-5662
-5665
-5671
-5675
-5674
-5673
-5677
-5676
-5666
-5660
-5650
-5642
-5636
-5629
-5629
-5628
-5623
-5619
-5623
-5629
-5632
-5633
-5636
-5642
-5642
-5642
-5645
-5647
-5650
-5651
-5650
-5658
-5658
-5657
-5651
-5647
-5652
-5651
-5647
-5650
-5656
-5659
-5660
-5659
-5657
-5657
-5657
-5656
-5657
-5658
-5661
-5661
-5663
-5673
-5674
-5673
-5673
-5676
-5675
-5672
-5668
-5665
-5662
-5658
-5652
-5648
-5650
-5647
-5645
-5644
-5641
-5643
-5641
-5645
-5653
-5662
-5667
-5671
-5679
-5685
-5685
-5684
-5682
-5681
-5677
-5670
-5670
-5667
-5665
-5659
-5656
-5657
-5664
-5667
-5663
-5666
-5668
-5671
-5668
-5668
-5675
-5679
-5680
-5678
-5684
-5686
-5683
-5678
-5672
-5669
-5669
-5667
-5668
-5676
-5676
-5678
-5677
-5683
-5692
-5691
-5689
-5689
-5688
-5684
-5683
-5682
-5687
-5690
-5688
-5685
-5685
-5682
-5674
-5668
-5664
-5667
-5670
-5674
-5679
-5687
-5693
-5697
-5697
-5703
-5712
-5712
-5715
-5716
-5722
-5724
-5723
-5724
-5722
-5711
-5693
-5678
-5672
-5668
-5668
-5672
-5680
-5688
-5691
-5694
-5691
-5691
-5686
-5683
-5681
-5681
-5685
-5686
-5689
-5692
-5692
-5690
-5684
-5682
-5683
-5681
-5681
-5678
-5677
-5677
-5678
-5675
-5676
-5673
-5665
-5667
-5665
-5669
-5673
-5672
-5669
-5670
-5672
-5672
-5679
-5685
-5689
-5696
-5697
-5698
-5696
-5694
-5695
-5695
-5695
-5699
-5700
-5695
-5689
-5678
-5669
-5661
-5653
-5647
-5646
-5648
-5646
-5649
-5653
-5656
-5653
-5653
-5653
-5655
-5660
-5665
-5675
-5679
-5681
-5679
-5677
-5675
-5672
-5672
-5672
-5670
-5668
-5670
-5667
-5669
-5668
-5665
-5659
-5653
-5644
-5636
-5628
-5621
-5618
-5615
-5618
-5624
-5626
-5629
-5633
-5637
-5636
-5630
-5627
-5626
-5624
-5621
-5621
-5622
-5622
-5623
-5624
-5629
-5633
-5632
-5632
-5638
-5640
-5641
-5640
-5637
-5638
-5638
-5634
-5631
-5626
-5618
-5612
-5604
-5597
-5595
-5593
-5591
-5592
-5592
-5597
-5601
-5599
-5604
-5605
-5599
-5596
-5587
-5584
-5584
-5585
-5584
-5586
-5590
-5591
-5593
-5590
-5584
-5576
-5570
-5565
-5567
-5572
-5575
-5579
-5590
-5601
-5602
-5608
-5605
-5603
-5599
-5592
-5593
-5594
-5593
-5588
-5584
-5582
-5582
-5584
-5585
-5590
-5596
-5597
-5594
-5596
-5597
-5597
-5596
-5594
-5595
-5592
-5587
-5585
-5580
-5578
-5579
-5581
-5584
-5582
-5579
-5574
-5571
-5570
-5574
-5577
-5580
-5587
-5592
-5593
-5591
-5589
-5584
-5580
-5572
-5568
-5566
-5561
-5559
-5560
-5564
-5567
-5568
-5568
-5574
-5581
-5585
-5585
-5580
-5575
-5571
-5568
-5564
-5561
-5560
-5554
-5550
-5549
-5542
-5541
-5539
-5536
-5536
-5539
-5544
-5547
-5553
-5553
-5554
-5552
-5545
-5543
-5540
-5539
-5540
-5540
-5531
-5522
-5513
-5506
-5501
-5497
-5497
-5496
-5491
-5493
-5505
-5516
-5515
-5499
-5492
-5502
-5517
-5525
-5513
-5498
-5488
-5481
-5490
-5501
-5501
-5498
-5502
-5516
-5532
-5547
-5545
-5519
-5491
-5474
-5473
-5487
-5506
-5520
-5518
-5509
-5498
-5490
-5499
-5502
-5505
-5503
-5491
-5477
-5469
-5489
-5515
-5523
-5502
-5474
-5460
-5456
-5456
-5456
-5459
-5463
-5467
-5468
-5475
-5489
-5495
-5486
-5475
-5472
-5487
-5508
-5522
-5516
-5503
-5491
-5480
-5479
-5488
-5513
-5528
-5519
-5508
-5506
-5510
-5509
-5495
-5483
-5476
-5477
-5490
-5506
-5519
-5528
-5531
-5528
-5523
-5518
-5517
-5515
-5512
-5511
-5512
-5514
-5523
-5530
-5534
-5536
-5543
-5545
-5538
-5529
-5519
-5520
-5522
-5526
-5528
-5530
-5534
-5537
-5531
-5521
-5514
-5518
-5531
-5541
-5555
-5554
-5554
-5551
-5551
-5561
-5571
-5579
-5578
-5570
-5568
-5576
-5575
-5565
-5549
-5537
-5535
-5541
-5547
-5547
-5546
-5540
-5534
-5527
-5522
-5526
-5532
-5541
-5547
-5548
-5548
-5552
-5555
-5552
-5544
-5536
-5532
-5531
-5535
-5541
-5545
-5552
-5564
-5574
-5579
-5578
-5576
-5573
-5570
-5567
-5566
-5564
-5559
-5558
-5562
-5567
-5569
-5571
-5571
-5572
-5575
-5575
-5573
-5570
-5569
-5570
-5568
-5568
-5571
-5573
-5574
-5579
-5582
-5584
-5584
-5582
-5577
-5574
-5578
-5589
-5602
-5609
-5615
-5616
-5613
-5612
-5615
-5620
-5627
-5629
-5628
-5626
-5624
-5625
-5621
-5619
-5618
-5622
-5630
-5638
-5640
-5637
-5641
-5641
-5641
-5634
-5631
-5637
-5649
-5665
-5669
-5664
-5656
-5651
-5649
-5649
-5648
-5648
-5646
-5646
-5647
-5651
-5660
-5663
-5662
-5660
-5659
-5658
-5654
-5654
-5656
-5659
-5662
-5661
-5664
-5671
-5682
-5694
-5694
-5689
-5689
-5692
-5695
-5695
-5694
-5688
-5688
-5688
-5691
-5691
-5686
-5683
-5676
-5672
-5670
-5667
-5666
-5664
-5665
-5670
-5676
-5677
-5681
-5688
-5694
-5700
-5702
-5703
-5695
-5684
-5683
-5686
-5684
-5677
-5669
-5662
-5658
-5658
-5659
-5655
-5652
-5645
-5643
-5646
-5654
-5661
-5665
-5666
-5665
-5670
-5675
-5680
-5678
-5674
-5670
-5666
-5668
-5670
-5672
-5671
-5670
-5666
-5661
-5659
-5665
-5672
-5670
-5667
-5665
-5667
-5667
-5675
-5683
-5686
-5688
-5692
-5693
-5695
-5695
-5694
-5693
-5686
-5679
-5669
-5660
-5653
-5656
-5663
-5665
-5671
-5670
-5668
-5669
-5665
-5661
-5653
-5649
-5649
-5657
-5665
-5668
-5667
-5663
-5658
-5652
-5650
-5648
-5647
-5648
-5646
-5647
-5652
-5657
-5659
-5658
-5656
-5654
-5653
-5652
-5658
-5660
-5659
-5657
-5649
-5642
-5634
-5632
-5635
-5641
-5647
-5648
-5644
-5645
-5646
-5648
-5644
-5638
-5630
-5625
-5626
-5626
-5633
-5641
-5651
-5654
-5649
-5646
-5638
-5633
-5634
-5631
-5633
-5635
-5634
-5631
-5626
-5625
-5625
-5624
-5622
-5622
-5619
-5616
-5613
-5608
-5605
-5601
-5603
-5613
-5626
-5637
-5638
-5636
-5636
-5636
-5641
-5648
-5653
-5660
-5667
-5669
-5669
-5668
-5664
-5660
-5657
-5651
-5645
-5642
-5638
-5639
-5638
-5636
-5632
-5625
-5624
-5625
-5626
-5624
-5619
-5615
-5606
-5598
-5599
-5601
-5604
-5608
-5609
-5610
-5611
-5605
-5604
-5603
-5606
-5610
-5613
-5619
-5624
-5631
-5634
-5632
-5627
-5622
-5620
-5625
-5632
-5638
-5642
-5649
-5651
-5651
-5648
-5642
-5640
-5634
-5629
-5623
-5620
-5615
-5611
-5605
-5602
-5600
-5598
-5603
-5604
-5604
-5607
-5611
-5611
-5613
-5616
-5617
-5624
-5628
-5632
-5638
-5638
-5637
-5634
-5631
-5626
-5626
-5628
-5627
-5629
-5630
-5637
-5636
-5635
-5635
-5637
-5643
-5640
-5639
-5639
-5641
-5639
-5631
-5629
-5621
-5620
-5618
-5616
-5618
-5616
-5618
-5613
-5611
-5608
-5604
-5601
-5596
-5598
-5607
-5619
-5629
-5636
-5633
-5628
-5626
-5624
-5622
-5622
-5623
-5625
-5628
-5629
-5629
-5621
-5612
-5605
-5601
-5602
-5609
-5622
-5631
-5636
-5635
-5638
-5636
-5636
-5638
-5637
-5641
-5638
-5632
-5625
-5616
-5607
-5601
-5596
-5595
-5600
-5603
-5604
-5603
-5602
-5600
-5600
-5601
-5603
-5605
-5605
-5602
-5599
-5598
-5598
-5597
-5593
-5596
-5603
-5608
-5613
-5625
-5636
-5643
-5647
-5647
-5650
-5649
-5646
-5640
-5635
-5633
-5633
-5632
-5629
-5626
-5618
-5617
-5612
-5608
-5610
-5612
-5619
-5625
-5632
-5634
-5635
-5639
-5637
-5635
-5632
-5627
-5625
-5629
-5630
-5633
-5631
-5633
-5634
-5631
-5627
-5624
-5623
-5621
-5623
-5621
-5623
-5623
-5625
-5627
-5626
-5623
-5616
-5611
-5610
-5610
-5612
-5612
-5611
-5610
-5611
-5612
-5612
-5615
-5612
-5612
-5612
-5619
-5621
-5625
-5630
-5628
-5630
-5630
-5632
-5631
-5630
-5624
-5618
-5609
-5602
-5600
-5600
-5601
-5596
-5597
-5596
-5592
-5590
-5588
-5587
-5588
-5587
-5589
-5590
-5594
-5597
-5603
-5613
-5620
-5627
-5628
-5626
-5622
-5618
-5613
-5616
-5619
-5623
-5627
-5623
-5619
-5619
-5621
-5626
-5628
-5627
-5622
-5622
-5626
-5625
-5629
-5626
-5624
-5620
-5616
-5616
-5614
-5612
-5610
-5604
-5604
-5604
-5603
-5601
-5589
-5580
-5573
-5571
-5574
-5577
-5580
-5584
-5585
-5589
-5594
-5600
-5609
-5611
-5612
-5608
-5602
-5600
-5596
-5597
-5593
-5587
-5587
-5584
-5582
-5583
-5580
-5576
-5577
-5578
-5580
-5584
-5585
-5586
-5590
-5590
-5590
-5589
-5592
-5595
-5594
-5595
-5594
-5594
-5598
-5602
-5605
-5609
-5612
-5614
-5615
-5619
-5616
-5611
-5609
-5604
-5603
-5601
-5595
-5592
-5591
-5590
-5592
-5597
-5601
-5605
-5605
-5601
-5604
-5604
-5604
-5604
-5607
-5611
-5612
-5615
-5617
-5616
-5610
-5605
-5603
-5598
-5597
-5596
-5597
-5600
-5601
-5605
-5605
-5603
-5604
-5606
-5606
-5611
-5615
-5618
-5621
-5626
-5633
-5634
-5634
-5632
-5631
-5632
-5634
-5638
-5639
-5638
-5638
-5636
-5635
-5630
-5632
-5634
-5641
-5649
-5654
-5665
-5668
-5672
-5675
-5676
-5677
-5682
-5684
-5686
-5690
-5685
-5681
-5673
-5670
-5666
-5665
-5666
-5667
-5677
-5676
-5678
-5676
-5676
-5678
-5673
-5673
-5673
-5673
-5672
-5672
-5676
-5682
-5684
-5688
-5689
-5690
-5693
-5695
-5696
-5697
-5697
-5697
-5698
-5697
-5695
-5693
-5688
-5685
-5685
-5684
-5684
-5685
-5686
-5683
-5686
-5686
-5687
-5689
-5691
-5692
-5689
-5689
-5685
-5690
-5694
-5696
-5697
-5697
-5693
-5687
-5685
-5682
-5681
-5678
-5673
-5672
-5670
-5673
-5678
-5680
-5687
-5694
-5702
-5708
-5708
-5706
-5703
-5700
-5700
-5702
-5700
-5698
-5695
-5693
-5694
-5694
-5693
-5694
-5690
-5687
-5685
-5681
-5682
-5682
-5683
-5686
-5690
-5690
-5692
-5689
-5689
-5687
-5684
-5681
-5677
-5674
-5673
-5674
-5676
-5680
-5685
-5689
-5691
-5690
-5687
-5684
-5679
-5677
-5677
-5681
-5684
-5686
-5691
-5692
-5689
-5687
-5686
-5687
-5694
-5698
-5707
-5708
-5708
-5707
-5707
-5706
-5706
-5711
-5712
-5717
-5722
-5727
-5728
-5730
-5727
-5729
-5731
-5729
-5734
-5734
-5737
-5736
-5732
-5726
-5717
-5710
-5704
-5699
-5695
-5690
-5688
-5690
-5692
-5693
-5697
-5704
-5710
-5719
-5724
-5730
-5736
-5740
-5747
-5754
-5759
-5766
-5772
-5773
-5773
-5770
-5768
-5761
-5753
-5746
-5742
-5743
-5744
-5749
-5751
-5751
-5748
-5743
-5740
-5737
-5735
-5735
-5736
-5736
-5736
-5740
-5743
-5744
-5740
-5736
-5736
-5736
-5738
-5746
-5751
-5756
-5760
-5759
-5757
-5752
-5751
-5749
-5754
-5758
-5765
-5771
-5771
-5775
-5777
-5778
-5777
-5776
-5779
-5779
-5779
-5779
-5775
-5771
-5764
-5763
-5762
-5758
-5758
-5755
-5754
-5754
-5755
-5755
-5755
-5759
-5764
-5768
-5771
-5771
-5770
-5761
-5758
-5756
-5758
-5764
-5770
-5776
-5778
-5779
-5778
-5776
-5776
-5777
-5773
-5775
-5777
-5775
-5774
-5775
-5775
-5772
-5768
-5764
-5758
-5752
-5745
-5739
-5738
-5742
-5749
-5754
-5761
-5763
-5759
-5756
-5746
-5737
-5734
-5733
-5736
-5735
-5735
-5733
-5733
-5733
-5731
-5734
-5729
-5727
-5723
-5721
-5721
-5722
-5723
-5723
-5722
-5720
-5718
-5713
-5706
-5697
-5695
-5694
-5694
-5698
-5699
-5700
-5699
-5695
-5696
-5693
-5687
-5683
-5682
-5683
-5684
-5689
-5691
-5698
-5702
-5702
-5702
-5701
-5697
-5692
-5685
-5679
-5674
-5672
-5677
-5680
-5684
-5689
-5691
-5690
-5692
-5690
-5691
-5686
-5681
-5677
-5676
-5679
-5680
-5680
-5679
-5678
-5676
-5674
-5676
-5677
-5679
-5681
-5680
-5682
-5678
-5674
-5670
-5669
-5667
-5669
-5674
-5677
-5683
-5689
-5696
-5698
-5701
-5705
-5710
-5712
-5713
-5713
-5713
-5712
-5713
-5713
-5711
-5707
-5702
-5703
-5704
-5706
-5705
-5703
-5700
-5699
-5702
-5705
-5706
-5709
-5708
-5711
-5715
-5720
-5728
-5737
-5743
-5745
-5747
-5746
-5744
-5738
-5736
-5737
-5738
-5737
-5735
-5734
-5732
-5731
-5725
-5720
-5720
-5723
-5724
-5727
-5728
-5726
-5726
-5726
-5728
-5731
-5735
-5740
-5746
-5745
-5749
-5750
-5749
-5751
-5754
-5760
-5763
-5767
-5769
-5772
-5772
-5768
-5771
-5774
-5779
-5785
-5789
-5793
-5795
-5796
-5798
-5797
-5797
-5792
-5792
-5794
-5797
-5801
-5805
-5805
-5801
-5801
-5801
-5801
-5798
-5800
-5802
-5803
-5804
-5810
-5811
-5816
-5818
-5817
-5818
-5819
-5820
-5813
-5811
-5812
-5816
-5824
-5829
-5839
-5850
-5856
-5860
-5863
-5867
-5871
-5878
-5879
-5880
-5881
-5881
-5878
-5878
-5877
-5872
-5875
-5877
-5878
-5880
-5882
-5880
-5876
-5874
-5870
-5867
-5870
-5871
-5870
-5872
-5876
-5878
-5876
-5873
-5868
-5867
-5867
-5869
-5867
-5871
-5875
-5881
-5891
-5893
-5895
-5896
-5900
-5901
-5904
-5907
-5908
-5909
-5914
-5917
-5919
-5918
-5917
-5918
-5915
-5912
-5910
-5909
-5902
-5901
-5898
-5896
-5894
-5891
-5890
-5888
-5888
-5885
-5881
-5878
-5881
-5883
-5885
-5887
-5893
-5896
-5900
-5905
-5907
-5913
-5916
-5919
-5919
-5920
-5922
-5923
-5929
-5933
-5938
-5945
-5945
-5942
-5939
-5936
-5933
-5929
-5922
-5914
-5908
-5902
-5896
-5893
-5888
-5889
-5891
-5890
-5893
-5896
-5900
-5902
-5909
-5914
-5914
-5920
-5919
-5922
-5926
-5927
-5922
-5923
-5928
-5928
-5935
-5936
-5942
-5948
-5953
-5955
-5951
-5946
-5942
-5939
-5937
-5936
-5939
-5942
-5941
-5939
-5934
-5929
-5924
-5917
-5915
-5918
-5922
-5922
-5926
-5931
-5931
-5929
-5924
-5918
-5920
-5926
-5932
-5935
-5934
-5933
-5927
-5920
-5915
-5913
-5915
-5916
-5917
-5921
-5924
-5925
-5927
-5923
-5922
-5925
-5927
-5926
-5922
-5918
-5915
-5909
-5906
-5905
-5907
-5910
-5912
-5916
-5920
-5922
-5926
-5928
-5927
-5925
-5922
-5924
-5925
-5926
-5927
-5926
-5923
-5920
-5922
-5927
-5932
-5931
-5927
-5926
-5922
-5921
-5919
-5920
-5922
-5924
-5930
-5935
-5935
-5936
-5936
-5940
-5946
-5946
-5948
-5950
-5955
-5959
-5959
-5957
-5960
-5961
-5958
-5955
-5952
-5950
-5942
-5937
-5935
-5935
-5937
-5937
-5935
-5934
-5932
-5933
-5932
-5931
-5930
-5933
-5933
-5939
-5945
-5948
-5949
-5951
-5957
-5959
-5963
-5965
-5969
-5971
-5974
-5976
-5980
-5986
-5988
-5990
-5988
-5985
-5985
-5979
-5972
-5967
-5960
-5958
-5955
-5952
-5945
-5942
-5935
-5931
-5930
-5932
-5935
-5934
-5938
-5943
-5950
-5953
-5958
-5963
-5967
-5973
-5979
-5983
-5986
-5987
-5986
-5983
-5982
-5979
-5975
-5975
-5972
-5969
-5967
-5959
-5954
-5953
-5953
-5955
-5955
-5956
-5952
-5951
-5950
-5947
-5943
-5942
-5946
-5948
-5952
-5953
-5952
-5952
-5947
-5947
-5954
-5959
-5965
-5969
-5971
-5969
-5966
-5968
-5966
-5967
-5966
-5959
-5956
-5959
-5959
-5961
-5960
-5959
-5958
-5955
-5954
-5951
-5954
-5953
-5955
-5953
-5951
-5951
-5947
-5944
-5937
-5933
-5931
-5932
-5935
-5935
-5939
-5945
-5945
-5950
-5955
-5958
-5963
-5966
-5970
-5974
-5977
-5983
-5980
-5980
-5982
-5979
-5981
-5984
-5988
-5992
-5995
-5995
-5998
-5998
-5996
-5990
-5985
-5983
-5982
-5984
-5985
-5987
-5985
-5986
-5982
-5984
-5984
-5982
-5982
-5985
-5990
-5987
-5988
-5988
-5989
-5993
-5995
-6001
-6008
-6015
-6018
-6017
-6016
-6015
-6015
-6017
-6022
-6028
-6033
-6036
-6037
-6038
-6036
-6033
-6030
-6030
-6032
-6031
-6029
-6024
-6022
-6018
-6016
-6018
-6018
-6018
-6016
-6014
-6010
-6010
-6010
-6013
-6019
-6024
-6029
-6033
-6036
-6037
-6037
-6038
-6038
-6038
-6037
-6037
-6038
-6041
-6046
-6047
-6043
-6040
-6039
-6039
-6041
-6043
-6045
-6050
-6053
-6057
-6061
-6064
-6070
-6073
-6072
-6074
-6074
-6072
-6073
-6077
-6081
-6082
-6086
-6087
-6087
-6086
-6085
-6083
-6083
-6084
-6083
-6085
-6086
-6090
-6094
-6095
-6098
-6098
-6097
-6098
-6097
-6095
-6094
-6094
-6096
-6100
-6105
-6108
-6114
-6117
-6120
-6119
-6113
-6113
-6110
-6113
-6118
-6122
-6127
-6129
-6126
-6122
-6121
-6119
-6122
-6122
-6124
-6127
-6130
-6136
-6137
-6139
-6138
-6137
-6133
-6129
-6127
-6123
-6116
-6113
-6110
-6110
-6110
-6107
-6105
-6104
-6103
-6097
-6097
-6100
-6099
-6099
-6103
-6105
-6108
-6112
-6113
-6118
-6120
-6119
-6117
-6115
-6120
-6120
-6122
-6124
-6125
-6120
-6115
-6110
-6109
-6104
-6098
-6095
-6094
-6089
-6083
-6081
-6078
-6080
-6083
-6086
-6089
-6093
-6096
-6100
-6102
-6106
-6107
-6109
-6111
-6109
-6107
-6105
-6101
-6096
-6099
-6095
-6096
-6098
-6102
-6102
-6104
-6104
-6105
-6106
-6103
-6108
-6107
-6107
-6109
-6110
-6110
-6113
-6118
-6123
-6127
-6133
-6135
-6136
-6138
-6138
-6135
-6134
-6129
-6125
-6125
-6128
-6127
-6126
-6125
-6119
-6115
-6105
-6100
-6096
-6095
-6093
-6096
-6102
-6109
-6115
-6120
-6125
-6129
-6133
-6133
-6135
-6136
-6136
-6139
-6144
-6144
-6148
-6147
-6151
