01090718.PTO
COBE
2012/01/09 07:18:24.3200
100.0000 m/s  
10951 muestras
-9078
-9062
-9031
-8960
-9028
-9095
-9077
-9075
-9133
-9037
-9060
-9044
-9017
-8993
-8950
-9090
-9101
-9014
-8940
-9134
-9014
-9098
-9128
-9071
-9090
-9130
-9121
-9101
-9170
-9125
-9159
-9165
-9289
-9093
-9088
-9169
-9052
-9081
-9087
-9096
-9050
-9154
-9164
-9016
-9091
-9033
-8942
-8985
-8970
-8988
-9074
-8928
-9002
-8996
-9033
-9066
-9008
-9118
-9057
-8975
-9002
-9037
-8949
-9067
-9053
-9040
-8993
-9100
-9078
-9059
-9091
-9134
-9078
-9069
-9228
-9173
-9097
-9168
-9189
-9084
-9181
-9152
-9136
-9078
-9157
-9041
-9068
-9098
-9022
-9025
-9074
-9108
-9004
-9005
-9060
-9043
-9013
-9143
-9088
-9057
-9033
-9072
-9126
-9013
-9033
-9105
-9107
-9022
-9086
-9117
-8967
-9132
-9126
-9125
-9188
-9180
-9144
-9162
-9229
-9205
-9191
-9173
-9097
-9012
-9065
-9122
-9117
-9070
-9133
-9103
-9087
-9095
-9163
-9115
-9006
-9129
-9164
-9253
-9250
-9281
-9241
-9185
-9307
-9182
-9202
-9179
-9225
-9057
-9158
-9265
-9065
-9236
-9182
-9161
-9175
-9302
-9228
-9128
-9266
-9268
-9171
-9153
-9280
-9204
-9037
-9173
-9238
-9171
-9099
-9198
-9207
-9121
-9170
-9175
-9119
-9136
-9142
-8941
-9009
-9052
-8932
-8921
-9003
-8904
-8921
-8884
-8933
-8898
-8783
-8822
-8841
-8940
-8823
-8887
-8790
-8770
-8972
-8863
-8847
-8856
-8784
-8819
-8777
-8867
-8763
-8729
-8842
-8829
-8832
-8834
-8880
-8768
-8721
-8788
-8806
-8788
-8756
-8766
-8747
-8809
-8779
-8832
-8765
-8704
-8830
-8660
-8795
-8722
-8662
-8751
-8728
-8650
-8834
-8741
-8659
-8700
-8648
-8768
-8681
-8767
-8751
-8735
-8723
-8779
-8807
-8754
-8714
-8846
-8780
-8738
-8727
-8834
-8762
-8783
-8838
-8806
-8853
-8749
-8677
-8693
-8827
-8758
-8828
-8707
-8791
-8809
-8795
-8891
-8803
-8762
-8867
-8838
-8852
-8938
-8896
-8853
-8907
-8977
-8902
-8906
-8905
-8890
-8946
-8865
-8879
-8895
-8731
-8809
-8823
-8781
-8831
-8856
-8892
-8863
-8836
-8964
-8798
-8789
-8810
-8794
-8765
-8785
-8748
-8744
-8734
-8705
-8815
-8635
-8668
-8700
-8644
-8712
-8719
-8762
-8790
-8655
-8870
-8756
-8721
-8739
-8792
-8793
-8681
-8777
-8762
-8839
-8755
-8738
-8797
-8840
-8726
-8780
-8713
-8671
-8640
-8734
-8790
-8646
-8799
-8726
-8736
-8702
-8645
-8717
-8791
-8783
-8721
-8700
-8721
-8753
-8650
-8750
-8763
-8760
-8711
-8779
-8804
-8687
-8740
-8698
-8683
-8706
-8806
-8706
-8704
-8786
-8827
-8794
-8675
-8729
-8688
-8794
-8812
-8739
-8764
-8787
-8732
-8740
-8758
-8751
-8770
-8817
-8832
-8757
-8801
-8622
-8731
-8743
-8632
-8777
-8762
-8746
-8761
-8848
-8892
-8835
-8943
-8937
-8909
-8932
-8857
-8909
-8891
-8790
-8903
-8927
-8844
-8854
-8926
-8829
-8769
-8951
-8803
-8865
-8821
-8890
-8832
-8740
-8957
-8896
-8849
-8934
-8870
-8935
-8956
-8872
-8947
-8941
-8999
-8904
-8996
-8923
-8858
-8928
-8941
-8940
-8983
-8988
-9039
-8989
-8987
-8978
-8959
-9109
-8906
-9003
-9061
-8911
-8996
-9163
-8948
-8930
-9122
-9076
-9039
-9042
-9129
-9114
-8986
-9009
-9202
-9131
-9178
-9208
-9142
-9131
-9183
-9266
-9207
-9095
-9117
-9178
-9170
-9091
-9115
-9212
-9215
-9270
-9111
-9144
-9152
-9178
-9121
-9029
-9137
-9093
-9072
-9224
-9183
-9073
-9093
-9062
-9057
-9049
-9111
-9145
-9160
-9139
-9174
-9165
-9265
-9223
-9221
-9276
-9283
-9251
-9232
-9217
-9122
-9193
-9235
-9177
-9231
-9243
-9228
-9300
-9217
-9249
-9179
-9244
-9331
-9264
-9239
-9324
-9330
-9297
-9311
-9320
-9301
-9310
-9265
-9248
-9252
-9286
-9308
-9279
-9372
-9369
-9290
-9332
-9391
-9335
-9436
-9273
-9390
-9426
-9407
-9428
-9342
-9418
-9454
-9425
-9454
-9576
-9432
-9440
-9389
-9405
-9419
-9370
-9461
-9362
-9382
-9353
-9438
-9488
-9432
-9584
-9518
-9460
-9453
-9581
-9425
-9348
-9574
-9632
-9440
-9440
-9570
-9432
-9359
-9541
-9633
-9421
-9486
-9549
-9515
-9564
-9639
-9565
-9567
-9555
-9532
-9506
-9406
-9473
-9410
-9433
-9488
-9521
-9500
-9458
-9581
-9481
-9442
-9594
-9527
-9392
-9461
-9581
-9467
-9378
-9566
-9531
-9282
-9420
-9514
-9309
-9321
-9294
-9352
-9352
-9402
-9448
-9332
-9297
-9332
-9467
-9375
-9319
-9300
-9317
-9206
-9260
-9303
-9262
-9298
-9268
-9161
-9234
-9328
-9173
-9228
-9281
-9235
-9250
-9223
-9241
-9241
-9266
-9367
-9310
-9314
-9278
-9286
-9240
-9269
-9335
-9282
-9223
-9343
-9255
-9170
-9227
-9288
-9187
-9154
-9330
-9181
-9122
-9297
-9266
-9147
-9254
-9204
-9263
-9084
-9236
-9260
-9170
-9242
-9218
-9174
-9091
-9223
-9159
-9195
-9347
-9315
-9119
-9288
-9256
-9169
-9138
-9259
-9337
-9111
-9262
-9340
-9142
-9149
-9277
-9236
-9108
-9197
-9248
-9099
-9182
-9168
-9136
-9230
-9209
-9202
-9134
-9128
-9161
-9121
-9184
-9197
-9173
-9199
-9223
-9161
-9152
-9123
-9108
-9041
-9042
-9043
-8975
-9030
-9058
-9080
-8958
-8957
-8980
-8938
-9019
-9039
-9015
-9075
-9010
-9050
-9119
-8993
-8964
-8993
-9051
-9019
-9035
-9055
-9098
-9058
-8956
-9038
-9084
-8960
-9005
-9017
-8879
-8877
-8895
-8967
-8943
-8904
-8855
-8916
-8807
-8820
-8811
-8777
-8822
-8795
-8837
-8772
-8749
-8716
-8715
-8651
-8714
-8769
-8741
-8780
-8848
-8768
-8733
-8694
-8730
-8693
-8595
-8698
-8664
-8695
-8867
-8786
-8723
-8827
-8810
-8749
-8769
-8743
-8694
-8656
-8583
-8633
-8711
-8641
-8647
-8720
-8625
-8562
-8637
-8685
-8558
-8699
-8685
-8646
-8667
-8718
-8684
-8601
-8673
-8639
-8540
-8661
-8626
-8443
-8545
-8539
-8574
-8457
-8612
-8624
-8549
-8536
-8597
-8655
-8615
-8694
-8664
-8638
-8770
-8758
-8638
-8691
-8576
-8591
-8622
-8575
-8538
-8572
-8585
-8543
-8485
-8474
-8573
-8477
-8469
-8600
-8517
-8485
-8487
-8551
-8417
-8387
-8499
-8544
-8505
-8500
-8586
-8431
-8547
-8523
-8452
-8483
-8587
-8544
-8438
-8643
-8594
-8434
-8538
-8665
-8494
-8551
-8560
-8559
-8539
-8514
-8652
-8494
-8545
-8539
-8566
-8607
-8645
-8577
-8514
-8572
-8506
-8462
-8520
-8533
-8454
-8508
-8521
-8648
-8500
-8572
-8646
-8532
-8626
-8599
-8670
-8639
-8572
-8535
-8562
-8687
-8605
-8642
-8693
-8613
-8520
-8609
-8516
-8482
-8606
-8566
-8628
-8504
-8566
-8609
-8522
-8545
-8547
-8537
-8704
-8603
-8639
-8599
-8621
-8676
-8668
-8762
-8630
-8753
-8816
-8805
-8677
-8757
-8742
-8716
-8754
-8757
-8668
-8698
-8772
-8798
-8754
-8770
-8750
-8693
-8748
-8661
-8748
-8691
-8638
-8600
-8642
-8690
-8686
-8645
-8770
-8745
-8652
-8840
-8816
-8685
-8874
-8867
-8677
-8794
-8851
-8752
-8695
-8804
-8795
-8699
-8748
-8830
-8763
-8766
-8856
-8864
-8955
-8947
-8940
-8961
-8924
-8994
-8877
-8885
-8974
-8899
-8932
-8889
-8836
-8792
-8837
-8991
-8809
-8977
-8992
-8840
-8889
-8795
-8972
-8838
-8877
-8952
-8908
-8919
-8843
-8966
-8895
-8960
-9010
-8878
-8969
-8918
-8907
-9030
-8894
-8870
-8959
-9004
-8964
-8894
-8910
-8944
-8960
-8937
-8988
-8984
-8825
-8893
-9001
-8811
-8922
-9037
-8920
-8912
-8941
-8993
-8922
-8922
-9060
-8883
-8910
-8985
-8964
-8900
-8872
-8964
-8895
-8857
-8850
-8934
-8997
-9012
-8967
-8962
-8941
-9069
-8996
-9022
-9002
-9025
-8979
-8989
-9120
-8932
-9010
-9008
-9090
-8963
-9012
-9164
-8957
-8923
-8950
-8943
-8927
-8892
-8946
-8942
-8898
-8876
-8907
-8895
-8809
-8855
-8922
-8867
-8916
-8947
-8854
-8826
-8856
-8771
-8873
-8854
-8786
-8861
-8882
-8867
-8796
-8924
-8787
-8798
-8788
-8870
-8759
-8810
-8814
-8832
-8869
-8773
-8828
-8842
-8900
-8725
-8821
-8748
-8783
-8687
-8729
-8846
-8732
-8698
-8848
-8714
-8630
-8763
-8800
-8713
-8690
-8804
-8708
-8677
-8694
-8737
-8716
-8779
-8693
-8687
-8710
-8726
-8661
-8712
-8770
-8613
-8635
-8772
-8739
-8578
-8560
-8693
-8566
-8551
-8739
-8698
-8565
-8730
-8838
-8666
-8699
-8727
-8745
-8727
-8721
-8662
-8711
-8788
-8724
-8680
-8796
-8817
-8795
-8813
-8885
-8862
-8698
-8781
-8881
-8848
-8882
-8857
-8844
-8858
-8875
-8839
-8843
-8931
-8888
-8876
-8996
-8988
-8912
-8989
-8985
-9023
-8956
-9015
-8988
-8902
-8934
-8999
-8928
-8925
-8952
-8936
-8860
-8850
-8933
-8856
-8926
-8840
-8886
-8834
-8842
-8895
-8895
-8954
-8920
-8930
-8957
-9026
-8959
-8952
-9065
-8959
-8967
-9041
-9103
-9022
-8987
-9097
-9065
-9087
-9074
-9095
-9037
-9031
-9029
-9078
-9064
-9002
-9010
-9019
-9029
-8969
-8993
-9032
-9014
-9071
-9130
-9088
-9047
-9054
-9038
-9004
-9046
-9035
-9030
-9031
-9035
-9052
-9012
-9034
-9048
-9073
-9141
-9077
-9159
-9198
-9196
-9224
-9215
-9185
-9124
-9133
-9079
-9107
-9171
-9136
-9126
-9170
-9120
-9112
-9119
-9094
-9063
-9159
-9228
-9136
-9194
-9267
-9192
-9196
-9261
-9284
-9164
-9153
-9194
-9074
-9086
-9174
-9084
-9123
-9172
-9040
-9084
-9024
-9026
-9050
-9136
-9113
-9099
-9085
-9027
-9067
-9044
-9077
-9098
-9150
-9087
-9013
-9103
-9092
-9000
-9062
-9061
-9110
-9101
-9060
-9113
-9067
-9045
-9116
-9085
-9131
-9118
-9115
-9058
-8923
-8931
-8939
-9010
-8940
-8934
-8905
-8839
-8873
-8956
-8904
-8924
-8881
-8916
-9015
-8802
-8907
-8948
-8908
-8845
-8922
-9003
-8868
-8942
-8948
-8906
-8759
-8828
-8825
-8725
-8849
-8896
-8892
-8873
-8882
-8862
-8870
-8927
-8927
-8856
-8846
-8863
-8837
-8757
-8785
-8822
-8841
-8848
-8864
-8898
-8846
-8919
-8963
-8918
-8931
-8890
-8883
-8864
-8902
-8863
-8801
-8851
-8846
-8875
-8856
-8798
-8716
-8817
-8866
-8868
-8897
-8942
-8928
-8883
-8981
-8970
-8894
-8968
-8914
-8907
-8846
-8768
-8891
-8792
-8949
-8928
-8908
-8942
-8954
-9029
-8953
-9058
-9066
-9007
-9068
-9023
-9051
-9044
-9038
-9123
-9015
-9024
-8955
-8933
-9018
-9002
-8975
-8963
-8981
-9010
-8995
-9065
-9052
-9029
-8979
-9005
-9056
-9013
-8985
-8960
-8969
-8941
-8970
-8912
-8949
-8876
-8826
-8856
-8886
-8940
-8904
-8897
-8929
-8896
-8925
-8947
-8935
-8943
-8944
-9005
-8976
-8941
-8991
-8975
-8905
-8989
-8915
-8870
-8843
-8844
-8866
-8835
-8868
-8836
-8874
-8811
-8822
-8841
-8763
-8731
-8734
-8826
-8849
-8834
-8844
-8809
-8753
-8745
-8701
-8788
-8801
-8736
-8861
-8815
-8822
-8820
-8838
-8748
-8701
-8747
-8754
-8792
-8763
-8781
-8731
-8724
-8714
-8773
-8740
-8668
-8632
-8712
-8657
-8639
-8694
-8661
-8701
-8668
-8620
-8638
-8707
-8717
-8628
-8618
-8690
-8623
-8611
-8588
-8549
-8572
-8614
-8558
-8619
-8594
-8483
-8569
-8636
-8514
-8506
-8571
-8562
-8563
-8623
-8625
-8591
-8637
-8610
-8662
-8638
-8634
-8588
-8607
-8565
-8510
-8485
-8639
-8607
-8539
-8662
-8645
-8704
-8680
-8685
-8617
-8582
-8581
-8635
-8551
-8570
-8585
-8607
-8622
-8594
-8617
-8643
-8700
-8636
-8716
-8693
-8695
-8654
-8660
-8620
-8541
-8643
-8669
-8587
-8575
-8678
-8641
-8629
-8681
-8662
-8693
-8694
-8662
-8730
-8743
-8748
-8747
-8715
-8747
-8707
-8759
-8766
-8719
-8765
-8806
-8775
-8740
-8805
-8794
-8770
-8743
-8817
-8751
-8728
-8777
-8770
-8752
-8719
-8780
-8774
-8780
-8793
-8865
-8820
-8883
-8869
-8790
-8849
-8850
-8855
-8824
-8936
-8824
-8831
-8876
-8836
-8891
-8812
-8872
-8893
-8835
-8871
-8937
-8837
-8889
-8870
-8848
-8896
-8896
-8833
-8853
-8960
-8884
-8907
-8933
-8958
-8917
-8961
-9026
-9012
-8989
-9037
-8996
-8953
-9010
-8962
-8960
-9003
-9000
-9007
-9013
-8981
-9067
-9079
-9007
-9027
-9038
-9048
-8989
-9033
-9073
-9034
-9030
-9051
-9165
-9106
-9102
-9190
-9263
-9188
-9176
-9224
-9161
-9169
-9157
-9126
-9213
-9173
-9094
-9110
-9112
-9163
-9116
-9231
-9147
-9215
-9222
-9188
-9233
-9132
-9191
-9182
-9271
-9273
-9304
-9297
-9268
-9298
-9271
-9235
-9318
-9315
-9244
-9219
-9230
-9193
-9123
-9181
-9229
-9147
-9106
-9183
-9049
-9085
-9085
-9069
-9139
-9218
-9273
-9100
-9181
-9265
-9122
-9150
-9254
-9212
-9207
-9174
-9203
-9115
-9142
-9194
-9137
-9189
-9146
-9273
-9216
-9184
-9223
-9196
-9199
-9182
-9146
-9192
-9217
-9156
-9139
-9172
-9210
-9128
-9090
-9120
-9066
-9110
-9218
-9213
-9133
-9186
-9222
-9099
-9120
-9188
-9114
-9086
-9258
-9126
-9127
-9141
-9158
-9046
-9087
-9230
-9106
-9009
-9174
-9156
-8960
-9132
-9161
-9047
-9046
-9156
-9017
-9077
-9067
-9103
-9016
-9032
-9080
-9029
-9056
-9121
-9052
-9066
-9110
-9002
-9064
-9085
-9053
-9006
-9109
-9047
-9027
-8966
-8999
-8963
-8965
-9018
-8999
-8953
-9029
-9077
-9008
-9019
-9078
-9077
-9010
-9080
-9020
-8960
-9007
-9040
-9010
-9013
-9033
-9001
-9041
-9084
-9014
-8975
-9035
-9011
-8975
-9022
-9089
-9083
-9037
-9038
-9003
-8966
-8966
-9023
-8939
-9010
-8973
-8936
-9006
-8949
-8915
-9024
-9043
-9020
-8937
-9002
-9042
-8963
-9056
-8967
-9022
-9041
-9087
-8967
-8950
-8943
-9022
-9049
-9056
-9038
-9041
-9138
-9026
-9073
-9114
-9115
-9084
-9159
-9125
-9053
-9014
-9047
-9033
-8908
-8883
-9046
-8971
-8996
-9027
-8900
-8990
-8984
-8969
-8959
-8989
-9095
-9159
-9123
-9131
-9065
-9052
-9015
-8957
-8932
-8952
-8981
-8975
-9010
-8929
-8793
-8684
-8681
-8595
-8452
-8449
-8530
-8568
-8714
-8933
-9040
-9177
-9352
-9395
-9453
-9525
-9477
-9395
-9331
-9234
-9085
-8879
-8698
-8559
-8525
-8698
-8696
-8711
-8856
-9052
-9218
-9284
-9301
-9170
-9030
-8994
-8910
-8775
-8595
-8447
-8624
-8860
-8913
-8680
-8499
-8502
-8595
-8907
-9081
-9178
-9259
-9216
-9274
-9227
-8926
-8632
-8414
-8438
-8615
-8646
-8712
-8905
-9198
-9446
-9613
-9553
-9477
-9383
-9244
-9095
-8751
-8423
-8058
-8021
-8124
-8088
-8206
-8537
-8756
-8933
-9020
-8878
-8688
-8610
-8527
-8386
-8110
-7978
-8233
-8488
-8834
-9020
-9116
-9051
-9201
-9280
-8999
-8738
-8387
-8255
-8208
-8236
-8383
-8399
-8558
-8863
-9206
-9373
-9274
-9228
-9234
-9206
-9059
-8756
-8325
-8173
-8011
-7881
-7944
-8037
-8202
-8644
-8968
-9204
-9417
-9480
-9478
-9253
-9083
-8764
-8365
-8265
-8244
-8135
-8286
-8384
-8491
-8731
-8983
-9047
-9087
-8964
-8899
-8922
-9055
-9074
-8965
-9049
-9075
-9109
-9158
-9198
-9090
-9042
-8910
-8921
-8733
-8600
-8425
-8333
-8493
-8728
-8886
-8925
-9156
-9168
-9221
-9428
-9567
-9511
-9471
-9490
-9395
-9359
-9286
-9071
-8776
-8702
-8713
-8586
-8720
-8930
-8962
-9010
-9284
-9262
-9153
-9201
-9286
-9136
-9021
-9089
-8909
-8875
-9032
-9013
-8862
-8924
-9019
-9044
-8970
-8874
-8806
-8767
-8901
-9022
-9020
-8977
-9019
-9095
-9021
-8973
-8871
-8766
-8858
-9039
-9059
-9052
-9103
-9216
-9114
-9038
-8972
-8768
-8693
-8739
-8908
-8911
-8981
-9039
-9147
-9164
-9104
-9008
-8894
-8768
-8754
-8702
-8547
-8501
-8577
-8746
-8946
-9132
-9079
-9184
-9344
-9410
-9409
-9355
-9130
-8949
-8784
-8791
-8685
-8539
-8603
-8681
-8682
-8740
-8820
-8713
-8943
-8922
-8930
-8919
-9009
-9033
-9097
-9271
-9292
-9287
-9305
-9422
-9224
-9034
-8886
-8714
-8518
-8662
-8832
-8724
-8824
-8994
-8947
-9000
-9251
-9379
-9199
-9283
-9400
-9222
-9144
-9169
-9074
-9063
-9167
-9154
-9102
-9177
-9237
-9201
-9184
-9207
-9116
-8918
-8986
-9087
-9033
-9131
-9172
-9077
-9199
-9236
-9245
-9078
-9110
-9024
-8982
-9018
-8981
-9019
-9039
-9111
-9244
-9233
-9277
-9424
-9360
-9451
-9474
-9458
-9326
-9295
-9160
-9078
-9012
-9030
-9073
-9199
-9264
-9311
-9247
-9289
-9288
-9175
-9189
-9130
-9028
-8952
-9121
-9087
-9173
-9183
-9201
-9116
-9080
-9027
-8914
-8886
-8969
-8982
-9194
-9296
-9356
-9463
-9440
-9437
-9339
-9315
-9166
-9222
-9197
-9156
-9108
-9089
-9080
-9134
-9161
-9230
-9121
-9071
-9126
-9115
-9162
-9083
-9089
-9120
-9112
-9103
-9154
-9181
-9168
-9176
-9227
-9186
-9259
-9326
-9404
-9412
-9467
-9508
-9487
-9322
-9240
-9227
-8952
-8858
-8793
-8885
-8847
-8911
-9086
-9124
-9162
-9359
-9464
-9393
-9497
-9410
-9400
-9324
-9254
-9146
-9086
-9066
-8996
-8922
-8821
-8839
-8857
-8937
-8930
-9034
-9080
-9248
-9253
-9340
-9393
-9382
-9258
-9124
-9186
-9025
-8953
-8865
-8920
-8753
-8784
-8877
-8936
-8905
-8974
-9000
-9058
-9179
-9149
-9177
-9108
-9068
-9028
-9082
-8982
-8943
-8906
-8903
-8863
-8872
-8772
-8759
-8686
-8693
-8736
-8706
-8773
-8835
-9020
-8914
-8959
-9065
-9035
-8965
-9048
-9042
-9006
-8933
-8838
-8872
-8809
-8827
-8768
-8868
-8803
-8772
-8785
-8847
-8731
-8658
-8777
-8703
-8790
-8602
-8716
-8664
-8665
-8649
-8726
-8825
-8774
-8780
-8715
-8791
-8639
-8690
-8665
-8593
-8563
-8597
-8444
-8476
-8580
-8624
-8648
-8729
-8858
-8889
-8939
-8960
-8978
-8950
-8902
-8753
-8778
-8633
-8629
-8531
-8564
-8539
-8445
-8543
-8592
-8640
-8618
-8774
-8669
-8729
-8710
-8744
-8760
-8676
-8716
-8594
-8587
-8504
-8593
-8614
-8628
-8680
-8750
-8847
-8872
-8868
-8798
-8865
-8748
-8621
-8599
-8526
-8406
-8429
-8475
-8434
-8513
-8653
-8651
-8605
-8664
-8611
-8579
-8613
-8634
-8527
-8479
-8573
-8482
-8523
-8630
-8605
-8658
-8784
-8822
-8811
-8832
-8887
-8899
-8845
-8879
-8879
-8869
-8759
-8746
-8610
-8612
-8582
-8460
-8485
-8414
-8567
-8522
-8605
-8675
-8733
-8847
-8810
-8833
-8804
-8907
-8939
-8942
-8919
-8876
-8924
-8854
-8809
-8724
-8644
-8588
-8622
-8570
-8573
-8694
-8717
-8740
-8749
-8892
-8882
-8864
-8963
-8926
-8840
-8819
-8946
-8888
-8715
-8804
-8746
-8714
-8665
-8830
-8803
-8733
-8815
-8793
-8834
-8807
-8808
-8697
-8695
-8693
-8707
-8681
-8765
-8808
-8933
-8952
-8960
-8918
-8948
-8939
-8805
-8867
-8763
-8801
-8821
-8845
-8897
-8931
-8988
-8995
-9023
-8990
-8942
-9037
-9032
-8940
-8912
-8892
-8796
-8777
-8820
-8845
-8869
-8923
-8943
-9009
-9038
-9028
-9027
-9100
-9158
-8991
-9035
-9100
-9064
-8882
-8919
-9119
-8973
-8932
-8931
-8970
-8871
-8888
-8955
-8902
-8888
-8919
-8952
-8892
-8971
-8852
-8991
-8912
-8887
-8841
-8866
-8872
-8761
-8884
-8844
-8942
-8890
-8979
-8923
-8948
-8953
-8995
-8954
-8848
-8924
-8977
-8908
-8775
-8897
-8909
-8847
-8857
-8928
-8858
-8781
-8829
-8912
-8849
-8818
-8852
-8893
-8875
-8780
-8810
-8790
-8784
-8775
-8754
-8822
-8807
-8747
-8777
-8808
-8687
-8641
-8822
-8776
-8714
-8740
-8764
-8657
-8607
-8783
-8730
-8567
-8663
-8681
-8543
-8561
-8659
-8727
-8585
-8657
-8742
-8648
-8594
-8709
-8694
-8687
-8787
-8651
-8630
-8698
-8555
-8542
-8581
-8438
-8528
-8528
-8489
-8553
-8553
-8565
-8703
-8554
-8564
-8708
-8580
-8595
-8638
-8626
-8524
-8555
-8594
-8544
-8574
-8560
-8577
-8571
-8558
-8529
-8554
-8619
-8677
-8702
-8662
-8698
-8658
-8731
-8667
-8622
-8658
-8606
-8578
-8561
-8605
-8582
-8564
-8639
-8623
-8638
-8652
-8714
-8783
-8784
-8758
-8758
-8746
-8608
-8671
-8623
-8627
-8726
-8730
-8788
-8782
-8755
-8846
-8743
-8760
-8793
-8836
-8867
-8783
-8829
-8795
-8790
-8725
-8776
-8811
-8762
-8764
-8895
-8914
-8911
-8961
-8954
-8867
-8878
-8865
-8805
-8753
-8758
-8813
-8679
-8700
-8754
-8803
-8776
-8862
-8844
-8842
-8871
-8884
-8924
-8827
-8849
-8843
-8872
-8821
-8797
-8929
-8978
-8876
-8861
-8984
-9011
-8852
-8921
-8940
-8820
-8800
-8898
-8919
-8772
-8849
-8864
-8852
-8813
-8802
-8906
-8845
-8846
-8894
-8854
-8909
-8899
-8826
-8764
-8808
-8851
-8795
-8936
-8928
-8821
-8926
-8935
-8955
-8939
-9031
-9002
-8908
-9050
-9071
-8979
-8970
-8974
-8947
-8897
-8879
-8960
-8923
-8926
-8960
-8951
-8867
-8839
-8900
-8890
-8911
-8995
-8941
-9024
-8938
-8922
-9056
-9022
-9039
-9050
-9071
-9006
-9009
-9064
-8975
-8990
-9056
-8916
-9011
-8966
-8849
-9004
-8990
-8993
-9084
-9048
-9194
-9073
-9082
-9130
-9061
-9094
-9099
-9118
-9053
-9167
-9242
-9105
-9132
-9199
-9109
-9207
-9245
-9299
-9141
-9181
-9270
-9145
-9212
-9356
-9210
-9254
-9285
-9290
-9344
-9285
-9328
-9199
-9313
-9278
-9195
-9256
-9195
-9196
-9204
-9225
-9262
-9302
-9388
-9446
-9461
-9363
-9517
-9517
-9421
-9455
-9594
-9461
-9357
-9487
-9444
-9322
-9402
-9524
-9514
-9528
-9535
-9628
-9540
-9560
-9604
-9557
-9423
-9509
-9417
-9456
-9492
-9446
-9525
-9645
-9554
-9534
-9722
-9558
-9496
-9523
-9519
-9444
-9498
-9422
-9464
-9487
-9542
-9430
-9411
-9597
-9452
-9445
-9571
-9546
-9357
-9380
-9515
-9341
-9269
-9461
-9385
-9309
-9314
-9350
-9313
-9360
-9496
-9344
-9373
-9443
-9416
-9264
-9307
-9376
-9137
-9233
-9319
-9209
-9191
-9206
-9203
-9147
-9215
-9206
-9084
-9238
-9186
-9225
-9243
-9158
-9220
-9116
-9185
-9151
-9068
-9084
-9094
-9105
-9110
-9112
-9083
-9112
-9081
-9146
-9085
-9070
-9053
-8995
-9086
-8978
-8969
-9020
-8963
-8916
-8962
-8937
-8895
-8889
-8880
-8877
-8975
-8934
-9024
-9073
-8998
-9084
-9044
-9007
-9042
-9025
-8979
-8985
-8918
-8950
-8890
-8916
-8814
-8883
-8850
-8851
-9016
-8921
-8937
-8982
-8958
-8981
-8994
-8944
-8982
-8982
-9001
-8971
-9023
-8938
-9029
-9039
-8924
-8823
-8956
-8976
-8929
-8906
-9016
-8955
-8784
-8996
-8922
-8875
-8767
-8900
-8822
-8758
-8845
-8903
-8799
-8854
-8758
-8785
-8827
-8840
-8908
-8753
-8950
-8888
-8900
-8852
-8895
-8791
-8751
-8841
-8816
-8735
-8746
-8771
-8625
-8633
-8794
-8678
-8625
-8684
-8652
-8667
-8691
-8858
-8703
-8672
-8819
-8773
-8613
-8714
-8675
-8593
-8643
-8693
-8728
-8597
-8630
-8640
-8645
-8679
-8611
-8565
-8570
-8589
-8565
-8588
-8526
-8706
-8660
-8611
-8693
-8563
-8668
-8629
-8617
-8567
-8677
-8590
-8589
-8566
-8553
-8515
-8600
-8622
-8514
-8561
-8438
-8525
-8520
-8508
-8508
-8495
-8366
-8523
-8410
-8436
-8487
-8490
-8495
-8359
-8475
-8425
-8396
-8507
-8456
-8401
-8541
-8520
-8536
-8496
-8587
-8484
-8434
-8551
-8522
-8430
-8503
-8619
-8496
-8457
-8549
-8476
-8437
-8555
-8538
-8502
-8552
-8600
-8482
-8511
-8579
-8497
-8422
-8510
-8510
-8409
-8445
-8500
-8443
-8411
-8448
-8514
-8456
-8481
-8556
-8488
-8497
-8486
-8492
-8473
-8431
-8463
-8511
-8463
-8544
-8569
-8505
-8601
-8520
-8520
-8545
-8504
-8549
-8569
-8532
-8530
-8619
-8538
-8614
-8603
-8640
-8476
-8595
-8593
-8520
-8663
-8651
-8653
-8462
-8709
-8527
-8512
-8515
-8561
-8577
-8507
-8607
-8525
-8577
-8643
-8647
-8602
-8637
-8671
-8626
-8572
-8755
-8671
-8621
-8734
-8766
-8683
-8605
-8757
-8787
-8665
-8727
-8707
-8715
-8741
-8737
-8764
-8730
-8795
-8750
-8740
-8848
-8859
-8760
-8803
-8853
-8801
-8859
-8926
-8902
-8909
-8824
-8995
-8892
-8900
-8885
-8809
-8926
-8891
-8981
-8853
-9038
-8948
-8938
-9070
-9053
-8982
-9021
-8995
-9088
-9020
-8991
-9106
-8913
-8960
-8901
-8995
-9011
-9043
-9068
-9089
-8932
-9058
-9020
-8876
-8986
-8932
-8878
-8973
-8881
-8907
-9050
-8991
-8998
-8969
-9066
-8958
-9131
-9109
-9062
-8939
-8993
-9048
-8898
-8997
-8960
-8974
-8959
-8916
-8913
-8900
-8957
-8954
-8902
-8979
-8910
-8956
-8880
-8927
-8921
-8977
-9008
-8927
-8901
-8887
-8967
-8970
-9027
-8825
-8881
-8898
-8880
-8862
-8875
-8958
-8930
-8919
-8927
-8923
-8960
-9003
-9007
-8972
-8983
-8948
-8931
-9021
-8906
-8991
-8980
-8973
-8946
-8975
-8969
-9016
-8957
-8980
-9031
-8856
-8925
-8998
-8991
-9065
-9058
-9120
-9099
-8952
-9148
-9002
-9140
-8998
-9106
-9129
-9064
-9228
-9013
-9233
-9202
-9207
-9210
-9282
-9210
-9220
-9176
-9242
-9317
-9096
-9342
-9276
-9293
-9228
-9210
-9314
-9177
-9250
-9246
-9292
-9261
-9262
-9352
-9286
-9258
-9325
-9330
-9257
-9310
-9334
-9322
-9317
-9324
-9376
-9353
-9327
-9281
-9341
-9285
-9226
-9243
-9347
-9264
-9331
-9422
-9262
-9246
-9305
-9232
-9181
-9326
-9167
-9231
-9197
-9265
-9170
-9127
-9265
-9145
-9143
-9174
-9278
-9211
-9254
-9383
-9356
-9218
-9263
-9314
-9219
-9135
-9261
-9286
-9076
-9223
-9249
-9220
-9296
-9311
-9339
-9209
-9302
-9349
-9306
-9371
-9298
-9182
-9298
-9365
-9244
-9279
-9412
-9220
-9222
-9387
-9290
-9218
-9263
-9229
-9200
-9281
-9309
-9275
-9207
-9317
-9271
-9190
-9171
-9223
-8953
-9094
-9170
-9140
-9073
-9091
-9185
-8942
-9196
-9169
-9089
-9051
-9159
-9166
-9133
-9149
-9223
-9044
-9139
-9200
-9113
-9114
-9126
-9171
-9078
-9310
-9167
-9146
-9247
-9137
-9111
-9124
-9153
-9112
-8958
-9185
-9062
-9052
-9141
-9077
-9103
-9086
-9123
-9055
-9014
-9091
-9057
-9063
-9172
-9107
-9198
-9190
-9205
-9214
-9285
-9236
-9275
-9203
-9201
-9125
-9118
-9219
-9137
-9092
-9023
-9005
-9081
-9138
-9170
-9110
-9160
-9170
-9058
-9241
-9120
-9128
-9064
-9191
-9118
-9145
-9204
-9097
-9117
-9115
-9095
-9099
-9216
-9162
-9093
-8979
-9097
-9059
-9104
-9104
-9115
-9165
-9098
-9070
-9244
-9189
-9129
-9266
-9267
-9279
-9217
-9253
-9151
-9126
-9125
-9064
-9192
-9191
-9191
-9253
-9186
-9263
-9168
-9169
-9254
-9104
-9227
-9352
-9233
-9233
-9300
-9258
-9211
-9313
-9296
-9148
-9249
-9191
-9127
-9161
-9221
-9252
-9100
-9173
-9224
-9186
-9258
-9239
-9162
-9172
-9255
-9306
-9287
-9314
-9304
-9209
-9198
-9340
-9264
-9203
-9268
-9258
-9189
-9284
-9383
-9191
-9244
-9238
-9240
-9238
-9202
-9259
-9285
-9244
-9147
-9202
-9126
-9130
-9106
-9110
-9099
-9108
-9115
-9049
-9227
-9133
-9128
-9126
-9109
-9089
-9111
-9174
-9070
-9090
-9058
-8937
-8992
-8935
-8990
-9067
-9001
-9082
-8984
-9089
-9045
-8978
-8983
-9063
-8906
-8990
-9085
-8932
-8976
-8929
-9035
-8976
-8926
-8945
-8970
-8981
-8907
-8953
-9072
-8902
-8971
-9074
-8933
-8935
-8930
-8839
-8922
-8882
-8882
-8915
-8955
-8958
-8883
-8937
-8916
-8958
-9004
-8974
-8920
-8925
-8932
-8988
-8887
-8931
-8951
-8968
-8872
-8809
-8932
-8831
-8824
-8873
-8868
-8809
-8940
-8919
-8741
-8819
-8787
-8690
-8754
-8786
-8774
-8829
-8819
-8845
-8832
-8769
-8696
-8722
-8830
-8676
-8697
-8822
-8785
-8726
-8721
-8709
-8800
-8794
-8816
-8844
-8747
-8799
-8805
-8798
-8801
-8737
-8777
-8778
-8771
-8742
-8799
-8825
-8681
-8774
-8705
-8737
-8723
-8709
-8691
-8732
-8670
-8644
-8741
-8677
-8659
-8729
-8791
-8649
-8721
-8764
-8783
-8676
-8791
-8777
-8644
-8696
-8732
-8632
-8678
-8719
-8745
-8793
-8738
-8833
-8734
-8829
-8747
-8775
-8821
-8792
-8746
-8748
-8796
-8776
-8738
-8802
-8894
-8693
-8823
-8828
-8765
-8781
-8771
-8782
-8760
-8761
-8835
-8839
-8836
-8772
-8792
-8872
-8718
-8773
-8775
-8798
-8799
-8788
-8846
-8784
-8760
-8758
-8742
-8785
-8735
-8711
-8707
-8690
-8743
-8751
-8704
-8718
-8750
-8722
-8774
-8768
-8730
-8711
-8778
-8785
-8733
-8762
-8795
-8826
-8821
-8704
-8670
-8721
-8687
-8706
-8731
-8723
-8677
-8650
-8737
-8648
-8578
-8683
-8698
-8649
-8682
-8773
-8681
-8644
-8704
-8680
-8649
-8609
-8630
-8610
-8607
-8642
-8683
-8698
-8659
-8626
-8625
-8684
-8610
-8659
-8680
-8686
-8653
-8661
-8676
-8666
-8656
-8711
-8750
-8701
-8659
-8583
-8721
-8593
-8597
-8693
-8716
-8653
-8698
-8755
-8764
-8703
-8698
-8780
-8694
-8775
-8714
-8736
-8721
-8640
-8628
-8654
-8691
-8647
-8610
-8710
-8742
-8666
-8654
-8727
-8772
-8672
-8706
-8773
-8640
-8747
-8772
-8696
-8719
-8688
-8726
-8694
-8734
-8732
-8751
-8765
-8877
-8827
-8835
-8821
-8810
-8839
-8769
-8835
-8761
-8861
-8853
-8885
-8916
-8912
-8907
-8891
-8924
-8916
-8956
-8925
-8891
-8888
-8899
-8851
-8889
-8890
-8919
-8937
-8979
-8960
-8886
-8873
-8995
-8968
-8908
-9017
-8981
-9003
-8992
-9020
-8968
-8998
-9005
-8933
-9010
-9018
-8926
-9018
-9114
-9099
-9109
-9278
-9217
-9151
-9273
-9142
-9155
-9182
-9172
-9209
-9173
-9159
-9245
-9134
-9181
-9238
-9162
-9198
-9254
-9220
-9154
-9210
-9154
-9146
-9247
-9257
-9308
-9277
-9196
-9213
-9191
-9290
-9218
-9176
-9245
-9220
-9231
-9233
-9378
-9317
-9218
-9255
-9343
-9255
-9181
-9368
-9169
-9156
-9257
-9300
-9301
-9310
-9366
-9404
-9325
-9423
-9443
-9256
-9247
-9399
-9396
-9277
-9428
-9181
-9252
-9325
-9408
-9253
-9291
-9393
-9242
-9294
-9248
-9342
-9255
-9263
-9397
-9314
-9264
-9336
-9277
-9278
-9240
-9342
-9359
-9255
-9321
-9454
-9411
-9322
-9384
-9484
-9206
-9300
-9357
-9301
-9257
-9312
-9393
-9165
-9320
-9320
-9271
-9260
-9340
-9210
-9188
-9239
-9226
-9169
-9232
-9263
-9210
-9172
-9249
-9167
-9144
-9202
-9247
-9253
-9117
-9230
-9160
-9179
-9223
-9268
-9154
-9157
-9218
-9200
-9122
-9251
-9292
-9176
-9250
-9246
-9182
-9026
-9041
-9119
-9033
-9065
-9124
-9079
-9035
-9159
-9113
-8995
-9079
-9061
-8988
-9013
-9080
-9030
-9127
-9018
-9026
-9176
-9146
-9040
-9068
-9122
-9133
-9057
-8955
-9084
-9045
-8947
-9020
-9111
-9154
-9079
-9107
-9206
-9096
-9076
-9094
-9147
-9099
-8999
-9172
-9122
-9051
-9106
-9112
-8989
-8981
-9120
-8965
-9057
-9121
-9104
-9089
-9047
-9019
-8962
-9017
-9099
-8983
-9003
-9099
-8950
-8974
-9028
-9062
-9010
-9059
-9132
-9075
-9029
-9048
-9094
-8994
-9116
-9092
-8961
-8966
-9095
-9043
-8934
-9136
-9056
-9024
-9071
-9126
-9045
-9053
-9052
-9124
-8998
-9077
-9087
-8957
-9100
-8966
-8999
-8935
-9060
-9015
-8983
-9137
-9035
-9004
-9118
-9017
-9040
-9020
-9155
-9155
-8992
-9077
-9009
-8955
-8986
-9005
-8981
-8967
-9010
-9064
-8933
-8956
-8978
-9028
-9003
-8927
-9000
-9004
-8933
-9056
-8970
-9156
-8994
-8954
-9164
-8987
-9012
-8997
-9005
-8989
-9016
-8946
-9075
-8962
-9010
-8927
-8980
-8964
-8900
-8944
-8923
-8993
-8918
-8953
-8951
-8896
-8937
-8998
-8920
-8941
-8889
-8983
-8883
-8841
-8931
-8897
-8796
-8913
-8923
-8828
-8827
-8963
-8884
-8909
-9033
-8936
-8941
-8950
-8969
-8915
-8883
-8904
-9013
-8930
-8977
-8982
-9002
-8943
-9005
-9025
-8938
-8957
-8950
-8906
-8962
-8967
-8882
-8996
-9061
-9072
-9024
-8979
-8995
-8894
-8908
-8972
-8903
-9042
-9017
-9020
-9022
-9040
-9027
-8979
-9062
-9110
-9016
-8920
-9066
-9036
-8944
-9021
-9040
-8906
-8989
-9055
-8928
-8940
-9013
-8969
-8958
-9009
-8971
-8966
-8919
-9007
-8923
-8967
-8999
-8994
-9031
-8968
-9057
-9062
-9055
-9017
-9062
-8985
-9080
-9127
-9064
-9030
-9108
-9039
-8937
-9055
-9000
-8955
-8929
-9068
-9066
-8965
-9044
-9018
-8957
-8974
-9033
-8994
-9014
-9093
-9045
-9010
-9065
-9000
-8958
-8955
-8962
-8937
-8824
-8929
-8948
-8811
-8751
-9000
-8839
-8798
-8847
-8924
-8884
-8818
-9017
-8899
-8907
-8906
-8944
-8880
-8959
-8948
-8898
-8859
-8945
-8851
-8787
-8977
-8866
-8914
-8854
-8934
-9033
-8842
-8984
-8985
-8857
-8963
-8983
-8902
-8935
-8850
-8825
-8876
-8826
-8876
-8823
-8871
-8897
-8814
-8811
-8894
-8842
-8763
-8810
-8881
-8832
-8816
-8874
-8940
-8882
-8894
-8953
-8962
-8962
-8926
-9010
-8986
-8956
-8921
-8866
-8896
-8913
-8874
-8812
-8846
-8913
-8761
-8760
-8885
-8832
-8692
-8834
-8901
-8768
-8865
-8956
-8840
-8792
-8875
-8855
-8761
-8869
-8947
-8853
-8815
-8887
-8849
-8782
-8924
-8787
-8821
-8951
-8990
-8812
-8861
-8931
-8762
-8849
-8845
-8847
-8867
-8849
-8848
-8880
-8820
-8793
-8834
-8937
-8924
-8915
-8926
-8946
-9010
-8901
-8824
-8975
-8894
-8871
-8920
-8924
-8978
-8901
-8951
-8937
-8940
-8988
-8994
-8962
-8933
-9014
-8879
-8915
-8955
-8818
-8888
-8926
-8916
-8976
-9076
-8954
-9013
-9034
-9083
-8893
-8970
-8972
-8948
-8896
-8886
-9025
-8917
-9001
-8974
-9045
-8912
-9092
-8942
-8946
-9024
-8994
-8935
-9079
-9065
-9003
-9027
-8923
-9105
-8854
-9005
-9157
-9013
-8915
-9106
-9122
-8905
-8995
-8994
-8906
-8827
-8861
-8990
-8907
-8917
-9023
-8961
-8918
-8956
-8835
-8964
-8988
-8949
-8937
-8933
-8960
-8845
-8891
-8968
-8894
-8853
-9044
-8976
-8937
-8911
-9000
-8939
-8872
-8959
-8952
-8956
-8990
-8994
-8970
-8973
-9067
-9020
-8986
-9078
-8968
-8988
-9096
-9075
-9100
-9121
-9126
-9204
-9013
-9182
-9260
-9160
-9116
-9154
-9174
-9086
-9111
-9108
-9047
-9045
-9151
-9063
-9107
-9027
-9103
-9036
-9111
-9176
-9023
-9073
-9087
-9150
-9077
-9218
-9285
-9171
-9192
-9273
-9188
-9200
-9216
-9298
-9243
-9243
-9375
-9327
-9309
-9228
-9279
-9322
-9315
-9241
-9279
-9264
-9308
-9223
-9222
-9281
-9222
-9164
-9187
-9335
-9237
-9259
-9344
-9310
-9305
-9292
-9273
-9294
-9156
-9224
-9278
-9273
-9263
-9256
-9265
-9279
-9285
-9279
-9280
-9355
-9359
-9350
-9377
-9310
-9375
-9298
-9404
-9472
-9273
-9327
-9419
-9273
-9317
-9373
-9418
-9277
-9285
-9312
-9273
-9227
-9318
-9323
-9354
-9449
-9321
-9364
-9377
-9399
-9269
-9219
-9263
-9249
-9079
-9285
-9274
-9142
-9082
-9269
-9256
-9117
-9222
-9273
-9267
-9203
-9286
-9245
-9204
-9209
-9292
-9199
-9179
-9221
-9220
-9101
-9221
-9119
-9096
-9203
-9186
-9094
-9074
-9161
-9040
-9050
-9109
-9082
-9042
-9115
-9152
-9080
-9063
-9139
-9110
-9003
-9064
-9160
-8971
-9034
-9165
-9028
-9016
-9158
-9089
-8920
-8967
-9035
-8826
-8984
-9033
-8938
-8934
-9060
-9109
-8920
-9019
-9098
-8971
-8947
-9125
-9001
-8944
-8983
-9046
-8857
-8881
-8988
-8880
-8835
-8876
-8888
-8752
-8830
-8909
-8776
-8787
-8964
-8867
-8756
-8915
-8849
-8697
-8762
-8903
-8804
-8712
-8920
-8764
-8709
-8766
-8850
-8811
-8770
-8852
-8889
-8860
-8902
-8992
-8853
-8841
-8922
-8850
-8741
-8827
-8807
-8784
-8694
-8740
-8837
-8720
-8784
-8851
-8838
-8768
-8789
-8864
-8717
-8806
-8771
-8666
-8771
-8715
-8757
-8705
-8710
-8790
-8657
-8725
-8867
-8795
-8691
-8790
-8833
-8721
-8736
-8783
-8772
-8639
-8714
-8676
-8595
-8622
-8736
-8654
-8593
-8749
-8715
-8768
-8856
-8913
-8689
-8832
-8875
-8765
-8847
-8837
-8881
-8825
-8839
-8898
-8819
-8775
-8861
-8874
-8796
-8828
-8916
-8835
-8841
-8992
-8917
-8854
-9015
-8991
-8964
-8891
-9012
-9009
-8967
-9089
-9058
-9080
-9066
-9056
-9036
-9051
-9058
-9042
-9016
-9090
-9075
-9058
-9109
-9108
-9110
-9058
-9205
-9223
-9065
-9138
-9117
-9158
-9181
-9146
-9137
-9168
-9296
-9171
-9199
-9262
-9177
-9247
-9288
-9313
-9232
-9256
-9359
-9271
-9227
-9282
-9319
-9277
-9227
-9327
-9300
-9294
-9317
-9291
-9254
-9179
-9273
-9273
-9221
-9273
-9396
-9312
-9306
-9359
-9333
-9292
-9329
-9275
-9377
-9407
-9349
-9273
-9311
-9365
-9325
-9425
-9324
-9365
-9284
-9405
-9336
-9270
-9361
-9354
-9237
-9306
-9390
-9326
-9244
-9305
-9301
-9260
-9300
-9310
-9299
-9206
-9313
-9211
-9257
-9153
-9285
-9229
-9237
-9215
-9228
-9221
-9177
-9343
-9170
-9263
-9296
-9261
-9190
-9325
-9262
-9167
-9230
-9268
-9156
-9071
-9161
-9104
-8996
-9052
-9051
-8978
-9045
-9055
-9064
-9026
-9060
-8989
-8999
-9045
-9056
-9049
-9020
-9002
-8976
-9001
-9042
-9064
-9046
-9111
-8961
-8947
-9064
-9037
-9007
-8996
-9006
-8987
-8969
-8951
-9023
-8922
-8872
-8996
-8973
-8887
-8906
-9012
-8945
-8864
-8915
-8957
-8851
-8884
-8929
-8888
-8831
-8993
-8887
-8786
-8843
-8792
-8858
-8782
-8838
-8828
-8891
-8765
-8943
-8840
-8828
-8838
-8749
-8879
-8810
-8897
-8818
-8894
-8826
-8796
-8839
-8956
-8872
-8783
-8800
-8792
-8791
-8739
-8863
-8764
-8763
-8881
-8785
-8806
-8803
-8896
-8829
-8822
-8907
-8843
-8898
-8821
-8910
-8843
-8805
-8941
-8815
-8818
-8854
-8804
-8885
-8842
-8903
-8842
-8851
-8994
-8849
-8792
-8889
-8846
-8800
-8788
-8797
-8778
-8773
-8835
-8732
-8759
-8768
-8812
-8726
-8734
-8772
-8797
-8771
-8740
-8769
-8762
-8843
-8854
-8809
-8720
-8861
-8760
-8768
-8768
-8898
-8755
-8771
-8949
-8768
-8797
-8868
-8942
-8865
-8896
-8877
-8866
-8841
-8930
-8877
-8892
-8826
-8868
-8890
-8863
-8874
-8829
-8917
-8916
-8905
-8909
-8889
-8852
-8798
-8836
-8927
-8828
-8821
-8860
-8792
-8732
-8894
-8831
-8914
-8682
-9109
-9160
-8605
-8886
-8924
-8810
-8856
-8975
-8721
-8906
-8973
-8770
-8788
-8859
-8868
-8877
-8851
-8857
-8829
-8767
-8925
-8881
-8802
-8966
-8997
-8860
-8905
-8913
-8842
-8789
-8846
-8910
-8825
-8861
-8923
-8861
-8841
-8952
-8937
-8872
-8934
-8851
-8860
-8848
-8878
-8866
-8823
-8811
-8769
-8790
-8803
-8839
-8796
-8747
-8775
-8853
-8746
-8842
-8830
-8743
-8806
-8823
-8814
-8817
-8827
-8869
-8911
-8827
-8923
-8831
-8888
-8873
-8798
-8832
-8848
-8830
-8739
-8814
-8940
-8907
-8845
-8966
-8909
-8865
-8862
-8885
-8806
-8889
-8858
-8922
-8953
-8859
-8966
-8928
-8907
-8913
-8991
-8944
-8862
-8929
-8921
-8820
-8901
-8938
-8891
-8801
-8934
-8920
-8958
-9018
-8957
-9003
-8999
-9022
-8985
-9028
-9003
-9048
-9009
-9086
-9135
-8965
-9057
-9116
-8994
-9039
-9079
-9038
-9086
-9142
-9183
-9154
-9134
-9198
-9187
-9217
-9227
-9238
-9207
-9192
-9228
-9256
-9211
-9165
-9240
-9228
-9173
-9199
-9227
-9152
-9262
-9221
-9218
-9177
-9250
-9200
-9101
-9224
-9143
-9107
-9133
-9213
-9158
-9036
-9155
-9161
-9063
-9166
-9126
-9183
-9160
-9205
-9187
-9206
-9252
-9212
-9102
-9174
-9224
-9114
-9131
-9205
-9200
-9145
-9275
-9196
-9191
-9128
-9234
-9198
-9062
-9097
-9135
-9132
-9094
-9091
-9050
-9077
-9135
-9072
-9059
-9070
-9059
-9051
-9154
-9203
-8984
-9074
-9129
-9034
-9050
-9099
-9155
-9088
-9059
-9202
-9123
-8994
-9089
-9164
-9006
-9099
-9106
-9041
-9154
-9144
-9121
-9089
-9169
-9101
-9098
-9074
-9131
-9148
-9043
-9192
-9102
-9117
-9157
-9120
-9081
-9104
-9109
-9040
-9100
-9116
-9108
-8980
-9114
-9090
-8948
-8993
-9117
-9029
-8947
-9039
-9053
-9003
-9004
-9087
-9028
-8977
-9055
-9048
-8968
-9046
-9074
-9122
-9081
-9165
-9142
-9094
-9197
-9156
-9099
-9095
-9206
-9118
-9031
-9099
-9152
-9020
-9094
-9138
-9059
-9020
-9021
-9144
-9045
-9140
-9116
-9085
-9038
-9098
-9111
-9007
-9099
-9159
-9069
-9029
-9146
-9193
-9050
-8983
-9202
-9125
-9056
-9072
-9175
-9053
-9066
-9165
-9095
-9070
-9091
-9079
-9021
-9060
-8899
-8868
-9034
-9022
-8913
-9092
-9126
-9017
-9025
-9102
-9098
-9004
-9063
-9149
-9035
-9020
-9114
-9123
-9083
-9083
-9065
-9017
-9059
-9052
-9087
-9086
-9095
-9036
-9032
-9069
-8997
-8967
-9005
-9032
-8996
-9079
-9056
-9025
-9115
-9053
-9061
-9082
-9134
-9117
-9023
-9083
-9071
-9039
-9091
-9133
-9091
-9044
-9045
-9077
-9052
-9117
-9029
-9024
-9143
-9092
-9026
-9007
-9078
-9033
-9008
-8967
-8942
-8988
-9027
-9004
-9150
-9144
-9081
-8986
-9038
-9097
-8893
-8988
-9029
-8986
-8929
-8932
-8975
-9031
-8998
-9019
-8995
-8976
-9027
-8930
-8943
-9007
-8908
-8832
-8913
-8911
-8841
-8912
-8883
-8795
-8769
-8802
-8788
-8754
-8759
-8837
-8853
-8713
-8893
-8834
-8808
-8880
-8889
-8912
-8906
-8871
-8833
-8855
-8882
-8855
-8814
-8809
-8837
-8925
-8806
-8879
-8838
-8783
-8788
-8741
-8734
-8745
-8789
-8699
-8606
-8791
-8721
-8668
-8790
-8764
-8744
-8656
-8817
-8775
-8707
-8830
-8874
-8780
-8820
-8838
-8767
-8778
-8857
-8781
-8754
-8832
-8806
-8722
-8722
-8741
-8630
-8728
-8781
-8770
-8681
-8806
-8785
-8702
-8816
-8787
-8747
-8813
-8791
-8732
-8690
-8692
-8659
-8591
-8715
-8705
-8762
-8795
-8745
-8771
-8774
-8816
-8836
-8734
-8740
-8777
-8707
-8683
-8750
-8643
-8671
-8762
-8732
-8684
-8696
-8687
-8587
-8691
-8675
-8685
-8778
-8691
-8679
-8749
-8754
-8802
-8773
-8833
-8723
-8749
-8832
-8720
-8725
-8716
-8733
-8754
-8777
-8774
-8747
-8769
-8807
-8710
-8695
-8700
-8687
-8629
-8662
-8754
-8662
-8680
-8715
-8583
-8656
-8757
-8683
-8637
-8704
-8742
-8612
-8668
-8749
-8607
-8580
-8668
-8738
-8632
-8670
-8717
-8634
-8781
-8738
-8724
-8659
-8641
-8648
-8614
-8664
-8736
-8742
-8755
-8862
-8835
-8765
-8777
-8838
-8758
-8727
-8808
-8791
-8686
-8765
-8770
-8722
-8716
-8748
-8643
-8636
-8682
-8619
-8665
-8676
-8625
-8630
-8640
-8650
-8742
-8689
-8769
-8755
-8781
-8758
-8785
-8712
-8677
-8725
-8577
-8609
-8614
-8714
-8609
-8618
-8699
-8623
-8585
-8652
-8663
-8582
-8692
-8638
-8602
-8586
-8619
-8630
-8660
-8752
-8630
-8628
-8669
-8657
-8617
-8678
-8757
-8654
-8684
-8780
-8693
-8701
-8724
-8676
-8688
-8625
-8661
-8613
-8539
-8607
-8636
-8649
-8591
-8603
-8610
-8622
-8643
-8652
-8583
-8632
-8658
-8657
-8665
-8726
-8759
-8697
-8740
-8716
-8769
-8739
-8782
-8738
-8802
-8790
-8776
-8762
-8783
-8846
-8813
-8899
-8911
-8915
-8823
-8906
-8972
-8825
-8861
-8920
-8859
-8833
-8888
-8938
-8851
-8965
-8905
-8920
-8954
-9022
-8975
-8962
-9049
-9014
-8996
-8920
-9127
-8959
-8985
-8990
-8979
-9110
-9092
-9179
-9174
-9176
-9222
-9227
-9178
-9288
-9244
-9175
-9261
-9252
-9235
-9249
-9271
-9228
-9206
-9172
-9231
-9228
-9177
-9173
-9178
-9243
-9119
-9179
-9224
-9174
-9168
-9209
-9262
-9252
-9210
-9276
-9189
-9145
-9223
-9147
-9142
-9148
-9167
-9084
-9169
-9135
-9124
-9114
-9159
-9137
-9116
-9216
-9125
-9086
-9175
-9260
-9124
-9223
-9249
-9170
-9092
-9133
-9166
-9045
-9108
-9095
-9032
-9079
-9066
-9042
-9050
-9022
-9073
-9057
-9081
-9088
-9045
-9135
-9098
-9080
-9163
-9107
-9113
-9049
-9105
-9144
-9151
-9189
-9164
-9215
-9116
-9063
-9119
-9121
-9139
-9135
-9103
-9216
-9078
-9149
-9228
-9118
-9117
-9166
-9134
-9106
-9206
-9123
-9128
-9132
-9122
-9061
-9069
-9115
-9129
-8997
-9067
-9151
-9056
-9134
-9141
-9096
-9114
-9047
-9195
-9098
-9021
-9203
-9082
-9123
-9060
-9175
-9048
-9035
-9091
-9042
-9078
-9152
-9167
-9055
-9083
-9039
-9112
-9059
-9145
-9145
-9115
-9121
-9129
-9003
-8949
-8989
-8926
-8943
-8953
-8954
-8905
-8998
-8987
-8888
-8882
-8891
-8904
-8833
-8873
-8871
-8846
-8964
-8886
-8885
-8912
-8957
-8852
-8885
-8974
-8842
-8864
-8934
-8886
-8905
-8991
-8942
-8946
-8817
-8893
-8876
-8774
-8791
-8734
-8771
-8754
-8785
-8794
-8769
-8811
-8746
-8781
-8841
-8728
-8781
-8855
-8879
-8851
-8828
-8874
-8821
-8762
-8788
-8799
-8819
-8771
-8767
-8805
-8691
-8781
-8765
-8740
-8856
-8767
-8763
-8756
-8858
-8819
-8842
-8952
-8883
-8922
-8822
-8827
-8806
-8753
-8815
-8810
-8815
-8826
-8907
-8884
-8905
-8940
-8910
-8824
-8894
-8888
-8663
-8919
-8898
-8858
-8804
-8898
-8932
-8810
-8848
-8805
-8892
-8801
-8897
-8887
-8930
-8874
-8927
-8865
-8783
-8952
-8884
-8824
-8921
-8955
-8887
-8875
-8923
-8886
-8813
-8930
-8859
-8895
-8898
-8884
-8901
-8830
-8855
-8901
-8800
-8871
-8884
-8781
-8839
-8800
-8876
-8873
-8912
-8953
-8851
-8964
-8833
-8862
-8838
-8854
-8935
-8765
-9022
-8818
-8834
-8955
-8857
-8868
-8844
-8838
-8854
-8781
-8905
-8857
-8765
-8913
-8705
-8911
-8821
-8809
-8816
-8749
-8957
-8834
-8838
-8911
-8866
-8806
-8748
-8853
-8775
-8822
-8832
-8774
-8757
-8763
-8845
-8723
-8877
-8834
-8723
-8844
-8888
-8792
-8865
-8895
-8748
-8743
-8834
-8747
-8687
-8863
-8839
-8751
-8889
-8762
-8779
-8767
-8757
-8842
-8702
-8848
-8855
-8829
-8863
-8832
-8794
-8769
-8897
-8799
-8707
-8829
-8680
-8759
-8750
-8787
-8767
-8760
-8840
-8759
-8816
-8840
-8780
-8743
-8837
-8824
-8839
-8847
-8810
-8797
-8883
-8815
-8811
-8841
-8827
-8830
-8826
-8874
-8874
-8893
-8861
-8888
-8927
-8921
-8905
-8915
-8947
-8892
-8946
-8952
-8998
-8987
-8988
-9089
-8944
-8969
-9076
-9012
-8976
-9120
-9103
-9053
-9112
-9131
-9139
-9135
-9147
-9141
-9130
-9168
-9221
-9281
-9265
-9324
-9267
-9350
-9415
-9320
-9351
-9325
-9355
-9336
-9383
-9360
-9334
-9280
-9297
-9328
-9390
-9353
-9425
-9354
-9368
-9486
-9400
-9380
-9458
-9436
-9321
-9363
-9340
-9348
-9321
-9504
-9333
-9474
-9456
-9466
-9475
-9336
-9372
-9388
-9469
-9359
-9439
-9382
-9461
-9349
-9463
-9403
-9243
-9367
-9458
-9357
-9293
-9362
-9300
-9412
-9430
-9355
-9266
-9311
-9420
-9355
-9310
-9394
-9391
-9320
-9360
-9416
-9312
-9386
-9232
-9198
-9258
-9194
-9203
-9262
-9305
-9095
-9177
-9278
-9078
-9132
-9257
-9115
-9063
-9168
-9189
-8942
-9110
-9088
-9033
-9053
-9052
-8989
-8906
-9094
-9035
-8930
-9014
-9063
-8890
-9048
-8945
-9022
-9001
-8985
-9045
-8999
-8975
-8865
-8936
-8936
-8831
-8846
-8914
-8816
-8820
-8934
-8927
-8811
-8984
-8902
-8913
-8927
-8974
-8918
-8907
-8916
-8921
-8930
-8925
-9041
-8953
-8988
-8970
-8958
-8921
-8961
-8892
-8949
-8940
-8932
-8955
-8912
-8936
-8912
-8928
-8885
-8917
-8967
-8926
-8910
-8976
-8946
-8893
-8995
-8935
-8841
-8851
-8885
-8877
-8776
-8808
-8757
-8734
-8829
-8779
-8744
-8744
-8754
-8662
-8669
-8756
-8695
-8683
-8720
-8809
-8659
-8724
-8842
-8740
-8596
-8802
-8809
-8694
-8802
-8879
-8741
-8669
-8936
-8789
-8771
-8804
-8942
-8858
-8859
-8926
-8790
-8746
-8803
-8776
-8718
-8811
-8889
-8744
-8759
-8889
-8658
-8686
-8768
-8802
-8665
-8727
-8849
-8756
-8768
-8828
-8789
-8726
-8853
-8778
-8720
-8740
-8761
-8734
-8597
-8715
-8705
-8709
-8607
-8777
-8767
-8660
-8840
-8797
-8772
-8735
-8793
-8728
-8773
-8732
-8751
-8767
-8762
-8742
-8770
-8769
-8832
-8908
-8782
-8828
-8795
-8797
-8752
-8749
-8863
-8747
-8728
-8821
-8836
-8709
-8720
-8880
-8758
-8738
-8754
-8664
-8718
-8786
-8726
-8721
-8810
-8817
-8728
-8782
-8879
-8689
-8774
-8783
-8641
-8752
-8685
-8822
-8769
-8761
-8790
-8816
-8699
-8688
-8836
-8839
-8815
-8829
-8904
-8808
-8765
-8714
-8825
-8678
-8802
-8758
-8752
-8755
-8707
-8878
-8872
-8812
-8731
-8793
-8736
-8880
-8785
-8868
-8829
-8823
-8971
-8906
-8979
-8901
-8998
-8749
-8948
-8931
-8915
-8966
-8914
-9107
-8824
-9012
-9030
-8943
-8804
-8961
-8955
-8876
-8866
-8979
-8882
-8870
-8977
-8866
-9013
-8789
-8945
-8833
-8930
-8939
-8828
-8950
-8846
-8748
-8721
-8801
-8754
-8770
-8777
-8679
-8791
-8801
-8760
-8848
-8822
-8812
-8789
-8849
-8866
-8739
-8758
-8901
-8606
-8707
-8747
-8582
-8608
-8722
-8682
-8566
-8693
-8666
-8722
-8680
-8710
-8644
-8706
-8705
-8641
-8801
-8858
-8726
-8750
-8875
-8782
-8752
-8841
-8779
-8700
-8729
-8735
-8800
-8761
-8773
-8780
-8761
-8775
-8889
-8787
-8872
-8912
-8823
-8844
-8828
-8849
-8706
-8851
-8816
-8858
-8871
-8844
-8847
-8829
-8865
-8885
-8931
-8850
-9011
-8994
-8812
-8854
-8861
-8750
-8769
-8788
-8759
-8681
-8827
-8883
-8761
-8843
-8900
-8727
-8708
-8884
-8832
-8663
-8761
-8945
-8722
-8771
-8911
-8831
-8767
-8861
-8854
-8804
-8886
-8813
-8867
-8882
-8826
-8847
-8853
-8815
-8803
-8798
-8836
-8832
-8859
-8835
-8838
-8862
-8832
-8881
-8790
-8817
-8859
-8828
-8852
-8851
-8782
-8834
-8822
-8778
-8859
-8969
-8809
-8722
-8911
-8856
-8747
-8785
-8855
-8690
-8716
-8870
-8800
-8728
-8899
-8836
-8719
-8835
-8841
-8778
-8757
-8786
-8773
-8701
-8774
-8783
-8715
-8719
-8737
-8804
-8795
-8886
-8843
-8778
-8814
-8870
-8814
-8794
-8743
-8767
-8767
-8789
-8880
-8860
-8829
-8863
-8882
-8830
-8957
-8896
-8857
-8858
-8897
-8882
-8881
-8901
-8913
-8857
-8931
-8946
-8862
-8909
-8818
-8915
-8846
-9019
-9023
-8895
-8934
-8916
-9053
-8954
-8988
-8964
-8872
-8899
-8966
-9014
-8907
-8935
-8919
-8933
-8922
-8958
-9018
-8897
-8946
-9033
-9025
-8942
-9080
-9007
-8958
-9011
-9079
-9040
-8940
-8985
-8920
-9023
-8963
-9026
-8999
-9069
-8998
-8934
-9096
-9021
-8979
-9047
-9130
-8967
-8970
-9072
-9069
-8978
-9031
-9087
-8940
-9019
-9083
-9012
-9011
-9079
-9020
-8927
-8976
-8984
-8905
-9035
-9090
-8890
-8922
-8989
-8956
-8931
-9043
-8984
-8886
-8958
-8958
-8932
-8952
-9018
-9053
-8966
-8941
-8946
-8973
-8978
-8937
-8923
-8983
-9001
-8931
-8921
-8956
-8975
-8961
-8969
-8940
-8939
-9027
-9100
-9000
-8994
-8926
-9005
-8856
-8938
-8987
-8942
-8940
-8874
-9003
-8876
-8919
-8883
-8871
-8910
-8927
-8924
-8973
-8985
-8939
-8946
-9063
-9045
-8964
-8928
-8957
-8943
-8916
-8970
-8970
-8937
-8972
-8954
-9011
-8978
-9048
-9122
-8962
-8998
-8985
-8978
-8882
-8865
-8968
-8914
-8816
-8962
-8973
-8974
-8916
-9010
-8937
-8935
-8940
-8949
-8921
-8937
-9014
-8866
-9025
-8912
-8879
-8897
-8941
-8846
-8907
-8959
-8993
-8884
-8936
-9031
-8855
-8912
-8936
-8992
-8938
-8902
-8848
-8861
-8854
-8853
-8784
-8826
-8874
-8756
-8839
-8849
-8842
-8835
-8758
-8750
-8794
-8755
-8862
-8916
-8866
-8898
-8868
-8856
-8851
-8928
-8866
-8903
-8789
-8770
-8702
-8761
-8811
-8764
-8752
-8671
-8806
-8671
-8742
-8677
-8708
-8734
-8671
-8672
-8635
-8618
-8663
-8714
-8609
-8687
-8630
-8620
-8560
-8644
-8713
-8627
-8712
-8667
-8759
-8693
-8692
-8699
-8676
-8685
-8758
-8691
-8804
-8780
-8553
-8779
-8772
-8638
-8617
-8770
-8657
-8653
-8681
-8784
-8672
-8758
-8818
-8880
-8762
-8797
-8898
-8654
-8769
-8758
-8852
-8744
-8922
-8804
-8777
-8786
-8862
-8862
-8818
-8895
-8793
-8778
-8847
-8879
-8743
-8906
-8859
-8797
-8817
-8834
-8899
-8863
-8760
-8823
-8877
-8755
-8841
-8866
-8768
-8811
-8823
-8800
-8810
-8945
-8922
-8861
-8909
-9001
-8908
-8952
-9008
-8951
-8938
-8919
-8926
-8847
-8944
-8869
-8825
-8878
-8929
-8881
-8813
-8960
-8933
-8797
-8909
-8909
-8824
-8860
-8859
-8891
-8844
-8885
-8813
-8765
-8853
-8797
-8826
-8765
-8832
-8734
-8729
-8832
-8798
-8830
-8764
-8782
-8816
-8798
-8801
-8781
-8730
-8723
-8731
-8659
-8598
-8737
-8618
-8601
-8659
-8707
-8569
-8574
-8711
-8599
-8627
-8652
-8640
-8594
-8637
-8653
-8605
-8578
-8676
-8599
-8523
-8667
-8695
-8586
-8646
-8683
-8666
-8682
-8778
-8729
-8670
-8719
-8688
-8624
-8607
-8743
-8597
-8636
-8736
-8653
-8641
-8682
-8771
-8695
-8610
-8713
-8699
-8596
-8669
-8698
-8668
-8612
-8676
-8739
-8619
-8697
-8770
-8635
-8719
-8799
-8739
-8662
-8775
-8818
-8657
-8742
-8780
-8712
-8741
-8785
-8778
-8732
-8741
-8854
-8777
-8797
-8861
-8815
-8812
-8866
-8843
-8825
-8833
-8868
-8823
-8799
-8826
-8804
-8800
-8861
-8891
-8820
-8937
-8933
-8961
-8938
-8899
-8879
-8924
-8892
-8944
-8895
-8962
-8929
-8947
-8858
-8926
-8877
-8746
-8872
-8742
-8829
-8781
-8929
-8798
-8881
-8797
-8943
-8790
-8840
-8937
-8795
-8871
-8832
-8917
-8808
-8846
-8806
-8835
-8791
-8886
-8852
-8844
-8763
-8873
-8800
-8868
-8920
-8881
-8897
-8902
-8930
-8876
-8943
-8907
-8887
-8804
-8825
-8783
-8747
-8720
-8805
-8748
-8740
-8734
-8734
-8684
-8694
-8716
-8700
-8784
-8716
-8724
-8745
-8800
-8784
-8747
-8913
-8800
-8728
-8833
-8828
-8825
-8801
-8888
-8861
-8894
-8884
-8873
-8928
-8932
-8879
-8880
-8862
-8863
-8822
-8769
-8815
-8807
-8763
-8742
-8886
-8826
-8728
-8760
-8800
-8757
-8765
-8821
-8746
-8771
-8793
-8775
-8810
-8822
-8798
-8684
-8738
-8796
-8742
-8774
-8797
-8852
-8792
-8735
-8844
-8785
-8829
-8892
-8818
-8834
-8877
-8841
-8824
-8905
-8839
-8881
-8821
-8854
-8816
-8731
-8930
-8836
-8819
-8909
-8812
-8793
-8860
-8854
-8838
-8932
-8912
-8927
-8911
-8939
-8945
-8899
-8892
-8999
-8992
-8868
-9041
-8908
-8849
-8939
-8928
-8775
-8795
-8824
-8752
-8783
-8791
-8830
-8789
-8788
-8779
-8780
-8887
-8889
-8819
-8846
-8949
-8869
-8774
-8902
-8909
-8882
-8895
-8896
-8879
-8852
-8880
-8896
-8832
-8915
-8808
-8880
-8897
-8951
-8958
-8936
-9027
-8945
-8889
-8872
-9014
-8949
-8936
-8997
-9055
-8928
-8993
-8992
-8947
-8890
-9068
-9058
-8969
-9109
-9092
-9130
-9062
-9147
-9060
-9111
-9062
-8965
-8981
-8994
-8984
-9060
-8987
-9022
-9163
-9052
-9124
-9090
-9041
-9075
-9093
-9119
-9034
-9084
-9148
-9053
-9051
-9141
-9194
-9031
-9155
-9211
-9113
-9123
-9158
-9130
-9081
-9145
-9202
-9072
-9124
-9181
-9052
-9118
-9106
-9143
-9097
-9134
-9066
-9082
-9076
-9024
-9038
-8991
-9006
-9062
-9020
-9039
-9055
-8988
-9034
-9017
-9033
-8988
-9039
-9026
-9005
-9040
-9057
-8947
-8886
-8914
-8979
-8879
-8904
-8935
-8848
-8890
-8891
-8981
-8928
-8955
-8970
-8886
-8962
-8927
-8822
-8935
-8941
-8768
-8854
-8944
-8820
-8883
-8953
-9017
-8867
-8928
-8996
-8946
-8809
-8886
-8977
-8799
-8943
-8920
-8897
-8825
-8868
-8918
-8857
-8877
-8901
-8768
-8879
-8902
-8745
-8858
-8900
-8829
-8837
-8880
-8894
-8875
-8878
-8914
-8881
-8842
-8887
-8949
-8838
-8843
-8814
-8802
-8822
-8798
-8794
-8815
-8801
-8778
-8858
-8791
-8805
-8893
-8811
-8767
-8832
-8842
-8782
-8831
-8815
-8784
-8836
-8860
-8786
-8803
-8860
-8856
-8911
-8823
-8855
-8806
-8800
-8885
-8819
-8789
-8865
-8857
-8748
-8852
-8928
-8886
-8915
-8957
-8902
-8881
-8891
-8894
-8800
-8853
-8874
-8775
-8881
-8866
-8802
-8813
-8895
-8955
-8876
-8861
-8909
-8852
-8854
-8888
-8851
-8808
-8836
-8845
-8868
-8822
-8812
-8881
-8811
-8852
-8885
-8931
-8891
-8928
-8872
-8842
-8921
-8849
-8885
-8872
-8836
-8845
-8953
-8896
-8842
-8866
-8862
-8837
-8793
-8772
-8691
-8738
-8756
-8710
-8736
-8773
-8722
-8710
-8773
-8708
-8677
-8770
-8804
-8760
-8734
-8827
-8752
-8702
-8735
-8717
-8698
-8710
-8747
-8609
-8684
-8739
-8629
-8640
-8677
-8684
-8630
-8642
-8702
-8622
-8638
-8704
-8650
-8601
-8638
-8657
-8680
-8757
-8702
-8637
-8649
-8664
-8687
-8652
-8624
-8645
-8594
-8626
-8649
-8609
-8634
-8779
-8733
-8649
-8771
-8733
-8660
-8685
-8735
-8690
-8655
-8744
-8683
-8620
-8665
-8647
-8665
-8673
-8630
-8645
-8648
-8642
-8662
-8636
-8696
-8648
-8566
-8686
-8763
-8648
-8691
-8777
-8704
-8628
-8666
-8724
-8677
-8673
-8730
-8810
-8717
-8711
-8816
-8826
-8670
-8709
-8834
-8730
-8666
-8782
-8844
-8733
-8795
-8865
-8750
-8736
-8814
-8814
-8818
-8781
-8811
-8756
-8794
-8865
-8795
-8823
-8847
-8833
-8824
-8881
-8873
-8805
-8773
-8852
-8828
-8756
-8830
-8853
-8752
-8790
-8934
-8835
-8834
-8833
-8857
-8825
-8770
-8868
-8853
-8806
-8839
-8865
-8794
-8816
-8805
-8885
-8864
-8813
-8901
-8867
-8886
-8893
-8878
-8882
-8826
-8917
-8890
-8846
-8892
-8878
-8821
-8843
-8922
-8881
-8794
-8893
-8861
-8856
-9018
-8918
-8954
-8862
-8974
-8946
-8865
-8913
-8903
-8850
-8993
-9018
-8845
-8953
-8966
-8895
-8804
-8929
-8874
-8805
-8780
-8972
-8909
-8846
-8996
-8959
-8865
-8879
-8959
-8905
-8914
-8906
-8912
-8867
-8871
-8948
-8962
-8855
-8991
-9004
-8933
-9039
-9029
-9005
-9020
-9064
-8996
-8983
-9033
-8939
-8975
-9012
-8974
-8974
-9021
-8985
-8947
-8971
-9010
-8998
-8979
-8984
-8967
-9006
-8943
-9014
-9086
-9004
-9039
-9059
-8966
-9116
-9097
-8991
-9042
-9120
-9076
-9001
-9110
-9047
-8917
-8954
-9096
-9025
-8960
-9054
-9004
-8880
-8922
-9011
-8897
-8877
-8945
-8863
-8786
-8880
-8868
-8787
-8812
-8868
-8872
-8788
-8869
-8896
-8819
-8776
-8863
-8817
-8790
-8808
-8792
-8742
-8809
-8801
-8672
-8778
-8785
-8756
-8835
-8866
-8792
-8765
-8744
-8898
-8743
-8745
-8886
-8761
-8786
-8793
-8778
-8783
-8720
-8768
-8762
-8719
-8775
-8735
-8829
-8723
-8787
-8850
-8791
-8827
-8767
-8727
-8744
-8788
-8755
-8744
-8837
-8798
-8649
-8927
-8815
-8728
-8843
-8867
-8894
-8746
-8861
-8847
-8840
-8783
-8887
-8907
-8830
-8877
-8939
-8890
-8873
-8884
-8862
-8950
-8857
-8898
-8910
-9050
-9024
-8946
-9011
-9040
-8996
-9017
-9026
-8990
-9046
-9032
-8950
-8891
-8960
-8949
-8962
-8957
-9041
-9030
-8924
-8967
-9056
-8970
-8922
-8986
-9019
-8988
-9053
-9053
-9009
-9151
-8974
-8958
-9076
-9016
-8997
-8975
-9061
-9028
-9039
-9120
-9008
-9032
-9160
-9188
-9005
-9081
-9209
-9057
-9090
-9141
-9055
-8974
-9109
-9039
-9022
-9117
-9045
-9029
-9038
-9044
-9000
-9062
-9144
-9025
-8981
-9134
-9110
-9153
-9109
-9104
-9058
-9116
-9221
-9129
-9130
-9095
-9092
-9045
-9156
-9064
-9012
-9113
-9057
-9075
-9093
-9078
-9188
-9145
-9156
-9220
-9193
-9180
-9132
-9185
-9160
-9209
-9204
-9153
-9172
-9153
-9096
-9218
-9164
-9038
-9171
-9134
-9072
-9097
-9147
-9076
-9034
-9050
-9049
-9033
-9046
-9055
-9028
-9070
-9032
-9019
-8990
-9056
-8991
-9029
-9138
-9008
-8997
-9065
-9036
-8947
-9023
-9086
-8994
-8995
-9030
-9063
-9018
-8968
-9048
-9005
-9069
-9036
-9044
-9034
-9064
-9121
-9098
-9077
-9056
-9034
-9075
-9066
-8966
-9007
-9004
-8968
-8866
-8968
-8943
-8864
-8872
-9006
-8885
-8804
-8908
-8907
-8876
-8845
-8959
-8886
-8940
-8850
-8936
-8934
-8899
-8952
-8927
-8997
-8902
-8889
-8846
-8887
-8797
-8799
-8851
-8898
-8893
-8934
-8959
-8909
-8882
-8855
-8894
-8793
-8756
-8853
-8801
-8772
-8910
-8798
-8838
-8813
-8877
-8918
-8785
-8786
-8837
-8744
-8776
-8867
-8847
-8800
-8785
-8878
-8819
-8833
-8824
-8787
-8803
-8766
-8787
-8773
-8707
-8761
-8767
-8789
-8742
-8784
-8733
-8795
-8789
-8728
-8746
-8820
-8815
-8767
-8881
-8850
-8853
-8836
-8902
-8840
-8835
-8898
-8880
-8823
-8896
-8923
-8881
-8938
-8911
-8860
-8777
-8832
-8901
-8791
-8814
-8873
-8857
-8852
-8902
-8866
-8867
-8889
-8853
-8857
-8921
-8939
-8916
-8931
-8921
-8895
-8819
-8977
-8960
-8849
-8925
-9012
-8963
-8960
-8981
-9048
-8973
-9018
-8994
-8917
-9030
-8965
-9027
-8985
-8988
-8993
-9012
-9040
-9074
-9000
-9010
-9103
-9075
-8991
-9118
-9112
-8981
-9141
-9048
-9061
-9096
-8968
-9042
-9099
-9087
-9023
-9026
-9067
-9006
-9056
-9101
-9050
-8990
-8995
-9030
-9089
-9066
-9054
-8977
-8979
-9044
-8908
-8970
-8981
-8881
-8894
-8932
-9043
-8969
-8971
-8916
-8931
-8946
-8965
-9032
-8974
-8952
-8929
-9067
-8973
-8973
-8999
-9032
-8916
-8985
-9085
-8974
-9002
-8996
-8957
-8887
-8888
-8942
-8907
-8874
-8876
-8853
-8899
-8825
-8842
-8772
-8786
-8829
-8866
-8931
-8856
-8845
-8929
-8996
-9024
-8919
-8922
-8982
-8982
-8973
-8939
-8917
-8898
-8920
-9048
-8948
-8876
-9001
-8974
-8950
-8965
-9023
-8825
-8918
-8967
-8937
-8898
-8984
-8924
-8920
-8973
-8923
-8995
-9053
-9089
-8998
-9175
-9163
-9075
-9039
-9084
-9034
-9037
-9039
-9025
-8983
-9017
-8990
-9015
-9020
-9040
-9028
-8990
-9013
-8934
-8957
-8938
-9019
-8979
-8977
-8991
-8967
-9011
-9070
-8982
-9006
-9005
-9014
-8971
-9036
-8956
-8946
-8948
-8932
-8933
-8930
-9035
-8985
-9035
-8866
-8969
-8904
-8871
-8850
-8872
-8880
-8762
-8853
-8893
-8880
-8847
-8847
-8854
-8892
-8852
-8805
-8772
-8772
-8770
-8813
-8878
-8810
-8754
-8786
-8883
-8787
-8794
-8921
-8816
-8799
-8779
-8813
-8726
-8735
-8830
-8786
-8746
-8731
-8714
-8730
-8742
-8690
-8694
-8768
-8677
-8714
-8683
-8717
-8755
-8676
-8729
-8730
-8762
-8673
-8738
-8700
-8657
-8675
-8726
-8728
-8634
-8623
-8674
-8640
-8727
-8760
-8748
-8704
-8757
-8708
-8668
-8687
-8642
-8649
-8588
-8680
-8652
-8720
-8596
-8722
-8735
-8690
-8698
-8689
-8712
-8622
-8700
-8623
-8718
-8646
-8614
-8653
-8568
-8700
-8668
-8633
-8671
-8653
-8593
-8669
-8624
-8580
-8631
-8641
-8684
-8593
-8641
-8638
-8660
-8672
-8723
-8674
-8641
-8677
-8701
-8587
-8598
-8641
-8546
-8623
-8655
-8648
-8573
-8727
-8630
-8543
-8632
-8599
-8606
-8539
-8654
-8633
-8565
-8650
-8667
-8590
-8572
-8693
-8576
-8534
-8547
-8573
-8492
-8483
-8554
-8553
-8589
-8548
-8512
-8491
-8620
-8590
-8551
-8526
-8555
-8522
-8601
-8580
-8545
-8593
-8576
-8565
-8471
-8541
-8607
-8559
-8530
-8637
-8650
-8606
-8593
-8646
-8562
-8552
-8474
-8491
-8505
-8500
-8546
-8572
-8584
-8585
-8613
-8567
-8621
-8541
-8563
-8592
-8670
-8604
-8602
-8640
-8632
-8639
-8665
-8717
-8698
-8648
-8650
-8680
-8665
-8728
-8752
-8763
-8679
-8772
-8757
-8728
-8793
-8786
-8738
-8717
-8879
-8832
-8701
-8750
-8787
-8710
-8737
-8783
-8771
-8708
-8720
-8748
-8684
-8838
-8845
-8768
-8851
-8857
-8802
-8835
-8863
-8922
-8843
-8869
-8978
-8986
-8959
-8918
-8956
-8899
-8860
-8884
-8898
-8874
-8973
-8960
-8946
-8921
-8960
-8968
-8995
-8988
-9013
-8996
-8991
-8981
-8985
-9068
-8993
-9021
-8985
-9044
-9007
-9082
-9145
-9097
-9026
-9097
-9138
-9050
-9109
-9113
-9113
-9077
-9092
-9155
-9070
-9121
-9160
-9101
-9096
-9176
-9167
-9040
-9140
-9157
-9099
-9023
-9121
-9082
-9018
-9007
-9026
-9055
-9047
-9122
-9062
-9064
-9095
-9059
-9006
-9064
-9051
-8981
-8996
-9058
-8981
-8934
-8935
-8980
-8959
-8845
-8976
-9007
-8914
-8960
-9070
-8942
-8950
-9041
-8999
-8977
-9058
-9108
-9027
-9114
-9075
-9012
-9056
-9103
-9020
-8905
-9035
-9040
-8942
-9064
-9135
-9064
-9021
-9160
-9087
-8982
-9081
-9087
-9015
-9053
-9125
-9042
-9033
-9052
-9005
-9021
-9084
-9019
-8990
-8972
-9029
-8960
-9017
-9023
-9035
-9051
-9028
-9162
-9071
-9056
-9122
-9149
-9085
-9121
-9092
-9166
-9177
-9199
-9227
-9238
-9352
-9239
-9208
-9251
-9285
-9243
-9323
-9273
-9210
-9205
-9325
-9358
-9278
-9311
-9313
-9290
-9187
-9339
-9301
-9241
-9260
-9383
-9305
-9209
-9296
-9360
-9256
-9257
-9279
-9215
-9275
-9231
-9341
-9240
-9287
-9229
-9256
-9339
-9285
-9341
-9386
-9346
-9267
-9319
-9349
-9295
-9218
-9292
-9282
-9230
-9238
-9205
-9272
-9235
-9172
-9217
-9140
-9220
-9278
-9249
-9267
-9314
-9300
-9260
-9340
-9358
-9209
-9200
-9293
-9241
-9223
-9261
-9288
-9207
-9298
-9411
-9305
-9291
-9315
-9225
-9223
-9293
-9320
-9230
-9219
-9342
-9307
-9206
-9283
-9313
-9170
-9269
-9365
-9268
-9172
-9364
-9188
-9183
-9298
-9205
-9208
-9257
-9343
-9187
-9307
-9317
-9251
-9211
-9342
-9231
-9175
-9313
-9344
-9249
-9243
-9360
-9216
-9178
-9285
-9282
-9153
-9187
-9179
-9224
-9219
-9217
-9171
-9177
-9246
-9267
-9197
-9242
-9352
-9173
-9227
-9331
-9219
-9230
-9216
-9213
-9200
-9161
-9204
-9198
-9258
-9238
-9245
-9191
-9202
-9245
-9255
-9253
-9235
-9196
-9175
-9166
-9196
-9198
-9094
-9233
-9280
-9176
-9160
-9268
-9132
-9156
-9186
-9144
-9093
-9136
-9247
-9123
-9170
-9210
-9244
-9137
-9240
-9259
-9116
-9136
-9172
-9128
-9088
-9179
-9143
-9167
-9243
-9254
-9241
-9212
-9175
-9123
-9112
-9177
-9144
-9074
-9145
-9188
-9059
-9084
-9165
-9102
-9154
-9158
-9138
-9110
-9120
-9134
-9164
-9135
-9108
-9178
-9022
-9005
-9074
-9059
-9084
-9055
-9027
-9020
-8975
-8967
-8978
-9048
-9011
-8980
-8993
-9014
-9030
-8959
-9072
-9045
-8920
-8997
-8974
-8882
-9021
-8950
-9042
-9037
-8887
-8955
-8899
-8901
-8851
-8946
-8934
-8920
-8891
-8884
-8941
-8801
-8741
-8899
-8908
-8832
-8928
-8882
-8879
-8815
-8727
-8795
-8767
-8715
-8769
-8833
-8810
-8766
-8788
-8819
-8719
-8717
-8793
-8778
-8763
-8698
-8807
-8791
-8779
-8812
-8842
-8905
-8815
-8853
-8823
-8760
-8746
-8810
-8775
-8745
-8799
-8731
-8739
-8801
-8750
-8672
-8711
-8668
-8663
-8808
-8826
-8734
-8736
-8810
-8696
-8719
-8789
-8780
-8738
-8740
-8800
-8734
-8705
-8732
-8771
-8693
-8749
-8726
-8666
-8660
-8712
-8573
-8627
-8808
-8681
-8695
-8757
-8761
-8741
-8824
-8783
-8771
-8735
-8792
-8754
-8714
-8680
-8628
-8602
-8584
-8668
-8660
-8709
-8709
-8662
-8696
-8769
-8703
-8698
-8684
-8598
-8577
-8615
-8582
-8530
-8503
-8556
-8550
-8563
-8568
-8528
-8570
-8560
-8580
-8546
-8599
-8633
-8565
-8611
-8649
-8583
-8599
-8633
-8638
-8593
-8662
-8767
-8663
-8628
-8660
-8667
-8640
-8607
-8712
-8693
-8596
-8658
-8726
-8689
-8728
-8723
-8637
-8684
-8647
-8658
-8721
-8663
-8579
-8689
-8673
-8604
-8689
-8760
-8669
-8698
-8780
-8722
-8734
-8697
-8763
-8696
-8763
-8785
-8656
-8708
-8816
-8739
-8773
-8947
-8833
-8699
-8820
-8825
-8657
-8816
-8886
-8726
-8768
-8881
-8781
-8758
-8896
-8857
-8700
-8806
-8776
-8724
-8820
-8811
-8788
-8771
-8785
-8814
-8767
-8781
-8796
-8698
-8760
-8752
-8787
-8718
-8833
-8875
-8744
-8815
-8842
-8817
-8786
-8882
-8911
-8885
-8885
-8953
-8874
-8822
-8857
-8910
-8835
-8813
-8934
-8908
-8923
-8980
-8970
-8956
-8916
-8977
-8979
-8910
-8973
-8916
-8924
-8925
-8847
-8859
-8948
-8894
-8880
-8875
-8924
-8928
-8949
-8967
-8915
-8923
-8923
-8952
-8913
-8909
-8845
-8928
-8895
-8868
-8850
-8869
-8864
-8764
-8875
-8858
-8759
-8778
-8820
-8743
-8712
-8876
-8861
-8761
-8810
-8866
-8853
-8874
-8959
-8939
-8865
-8830
-8885
-8890
-8808
-8777
-8911
-8760
-8839
-8924
-8812
-8839
-8795
-8868
-8819
-8883
-8932
-8833
-8793
-8892
-8850
-8753
-8782
-8774
-8764
-8743
-8780
-8795
-8762
-8869
-8796
-8805
-8929
-8938
-8877
-8921
-9080
-8932
-8879
-9012
-8966
-8868
-8900
-8985
-9045
-8925
-8991
-9004
-9026
-8993
-9053
-9082
-9038
-9054
-9015
-9115
-9094
-9117
-9101
-9089
-9047
-9033
-9030
-9047
-8971
-9017
-8999
-9043
-9028
-9054
-9095
-9059
-9068
-9112
-9102
-9033
-9133
-9142
-9145
-9032
-9073
-9055
-8989
-8895
-9012
-8978
-8985
-9049
-9063
-9108
-9073
-9076
-9068
-9098
-9031
-9076
-9076
-9094
-9049
-9118
-9122
-9092
-9130
-9068
-9099
-9126
-9102
-9113
-9057
-9070
-9084
-9091
-9046
-9002
-9059
-9059
-9038
-9114
-9078
-9056
-9103
-9112
-9144
-9111
-9175
-9093
-9106
-9054
-9045
-9033
-8987
-9014
-8970
-9045
-9130
-9006
-9010
-9133
-9019
-9039
-9105
-9080
-8979
-8994
-9108
-9119
-9048
-9047
-9046
-9015
-8985
-9078
-9090
-9018
-9087
-9076
-9068
-9009
-8991
-9099
-8976
-8930
-9014
-8900
-8872
-8947
-8977
-8961
-8990
-8967
-8938
-9001
-8982
-8929
-9003
-8992
-8998
-8997
-9091
-9108
-8953
-9035
-9121
-9012
-8923
-9041
-9088
-8966
-8972
-9109
-9024
-9014
-9024
-9109
-9090
-9076
-9207
-9066
-9084
-9091
-9113
-9087
-9155
-9185
-9084
-9145
-9142
-9116
-9128
-9182
-9171
-9130
-9212
-9253
-9070
-9129
-9154
-9103
-9137
-9197
-9159
-9059
-9210
-9240
-9227
-9236
-9249
-9281
-9184
-9165
-9259
-9225
-9166
-9183
-9279
-9244
-9247
-9308
-9294
-9266
-9273
-9240
-9234
-9280
-9223
-9266
-9257
-9219
-9253
-9259
-9232
-9300
-9268
-9242
-9311
-9202
-9241
-9270
-9189
-9188
-9234
-9264
-9146
-9242
-9285
-9288
-9245
-9246
-9362
-9178
-9211
-9278
-9188
-9137
-9183
-9224
-9201
-9219
-9219
-9143
-9150
-9241
-9206
-9167
-9202
-9216
-9154
-9136
-9212
-9238
-9271
-9277
-9318
-9307
-9277
-9406
-9267
-9281
-9337
-9199
-9200
-9328
-9244
-9151
-9266
-9212
-9269
-9158
-9205
-9196
-9143
-9193
-9164
-9223
-9231
-9248
-9174
-9194
-9166
-9253
-9119
-9149
-9167
-9121
-9121
-9179
-9150
-9159
-9195
-9094
-9238
-9116
-9255
-9162
-9180
-9190
-9179
-9105
-9180
-9230
-9059
-9045
-9043
-9096
-9000
-9028
-9066
-8978
-8946
-9115
-8922
-8973
-8997
-8958
-8885
-8967
-8998
-8802
-8962
-8971
-8923
-8892
-8963
-8946
-8846
-8921
-8988
-8875
-8874
-8979
-8832
-8852
-8842
-8770
-8786
-8731
-8821
-8799
-8793
-8772
-8781
-8768
-8818
-8847
-8763
-8777
-8835
-8754
-8754
-8848
-8819
-8802
-8794
-8813
-8754
-8722
-8738
-8774
-8673
-8746
-8825
-8679
-8773
-8793
-8753
-8692
-8713
-8751
-8626
-8694
-8670
-8701
-8734
-8752
-8782
-8699
-8747
-8761
-8791
-8776
-8760
-8806
-8734
-8729
-8781
-8747
-8698
-8713
-8714
-8689
-8725
-8748
-8658
-8728
-8739
-8671
-8658
-8754
-8674
-8519
-8682
-8630
-8584
-8628
-8690
-8609
-8549
-8659
-8655
-8570
-8673
-8609
-8552
-8540
-8589
-8618
-8604
-8598
-8544
-8660
-8678
-8581
-8562
-8570
-8561
-8510
-8480
-8598
-8428
-8520
-8542
-8523
-8490
-8484
-8574
-8523
-8477
-8604
-8565
-8522
-8555
-8533
-8536
-8454
-8501
-8471
-8453
-8454
-8547
-8516
-8552
-8459
-8457
-8383
-8494
-8530
-8464
-8467
-8554
-8631
-8585
-8591
-8512
-8565
-8503
-8507
-8566
-8599
-8455
-8535
-8518
-8453
-8552
-8575
-8533
-8591
-8540
-8453
-8502
-8522
-8457
-8393
-8523
-8498
-8429
-8554
-8586
-8484
-8476
-8602
-8538
-8380
-8526
-8553
-8433
-8511
-8696
-8620
-8522
-8558
-8625
-8569
-8651
-8613
-8518
-8546
-8601
-8586
-8542
-8596
-8519
-8498
-8622
-8783
-8568
-8634
-8644
-8615
-8583
-8596
-8670
-8561
-8636
-8625
-8639
-8580
-8644
-8650
-8564
-8647
-8652
-8552
-8624
-8626
-8596
-8703
-8673
-8656
-8705
-8723
-8772
-8725
-8719
-8737
-8713
-8698
-8739
-8783
-8730
-8781
-8752
-8724
-8737
-8713
-8731
-8766
-8725
-8752
-8713
-8685
-8740
-8766
-8718
-8717
-8738
-8695
-8728
-8697
-8789
-8746
-8655
-8755
-8764
-8681
-8742
-8797
-8699
-8708
-8843
-8744
-8779
-8844
-8822
-8711
-8773
-8898
-8777
-8770
-8849
-8862
-8753
-8919
-8789
-8763
-8854
-8892
-8812
-8849
-8902
-8790
-8848
-8868
-8883
-8746
-8812
-8904
-8831
-8797
-8927
-8841
-8757
-8904
-8807
-8797
-8798
-8877
-8913
-8726
-8873
-8849
-8864
-8828
-8783
-8835
-8856
-8922
-8847
-8835
-8924
-8813
-8825
-8922
-8866
-8828
-8835
-8926
-8853
-8912
-8941
-8997
-8877
-8854
-8935
-8950
-8777
-8869
-8944
-8792
-8941
-8954
-8912
-8921
-9007
-8957
-9005
-8990
-8974
-8962
-9022
-9007
-8956
-8949
-8939
-8934
-8891
-8976
-8979
-8921
-8972
-8963
-8911
-8916
-8971
-8922
-8847
-9014
-8949
-8924
-8969
-8988
-8916
-9008
-9011
-9026
-8923
-8908
-8959
-8863
-9020
-8996
-9003
-8878
-8999
-8987
-9031
-9030
-9008
-9036
-9083
-9080
-9005
-9154
-9083
-9077
-9053
-9107
-9093
-9075
-9055
-9066
-8968
-9018
-9074
-9004
-9044
-9029
-9090
-9018
-9033
-9049
-9039
-8972
-9024
-9078
-9092
-9092
-9137
-9173
-9041
-9021
-9104
-9159
-9017
-9038
-9105
-9073
-9036
-9062
-9058
-9000
-8907
-8943
-8933
-8852
-8907
-8911
-8874
-8804
-8868
-8871
-8865
-8931
-8879
-8888
-8891
-8843
-8891
-8862
-8876
-8889
-8855
-8880
-8809
-8718
-8847
-8906
-8743
-8858
-8888
-8750
-8757
-8779
-8838
-8725
-8734
-8837
-8855
-8764
-8860
-8868
-8746
-8858
-8813
-8875
-8898
-8832
-8832
-8928
-8873
-8850
-8875
-8866
-8833
-8795
-8846
-8825
-8817
-8925
-8955
-8877
-8912
-8963
-8942
-8894
-8898
-8912
-8941
-8922
-8946
-8891
-8938
-8954
-8965
-8955
-8959
-8931
-8946
-9033
-8939
-8947
-8922
-8978
-8964
-8924
-8971
-8963
-8911
-8969
-9010
-8980
-8981
-9035
-9028
-8980
-9021
-9017
-9020
-9109
-9069
-9017
-9110
-9074
-9009
-9042
-9145
-9096
-9042
-9080
-9111
-9080
-9107
-9161
-9191
-9206
-9145
-9112
-9151
-9151
-9041
-9069
-9075
-9051
-9049
-9106
-9118
-9096
-9164
-9148
-9054
-9060
-9166
-9191
-9174
-9152
-9131
-9110
-9087
-9081
-9127
-9104
-9122
-9108
-9126
-9082
-9063
-9067
-8999
-9079
-9006
-9112
-9102
-9045
-9037
-9096
-9134
-9058
-9134
-9095
-9087
-9048
-9084
-9073
-9035
-9079
-9118
-9094
-9071
-9072
-9020
-9057
-9090
-9077
-9047
-9144
-9125
-9128
-9155
-9047
-9065
-9055
-9092
-9094
-9092
-9065
-9138
-9088
-9084
-9159
-9048
-9069
-9095
-9106
-9106
-9132
-9134
-9095
-9099
-9097
-9039
-9143
-9123
-9061
-9052
-9059
-9038
-9119
-9068
-9044
-9118
-9000
-9019
-9032
-9045
-8946
-8995
-9043
-9072
-9013
-9015
-9031
-9082
-9044
-8955
-9100
-9140
-9029
-8944
-9104
-9067
-9003
-9043
-9115
-9080
-9045
-9071
-9076
-8994
-8941
-8944
-8944
-8945
-8946
-8895
-8844
-8943
-8901
-8814
-8853
-8927
-8864
-8860
-8816
-8868
-8814
-8786
-8759
-8819
-8837
-8740
-8815
-8778
-8785
-8745
-8812
-8832
-8835
-8811
-8814
-8861
-8875
-8701
-8745
-8793
-8749
-8719
-8725
-8779
-8729
-8731
-8687
-8755
-8673
-8700
-8731
-8791
-8658
-8677
-8768
-8679
-8700
-8723
-8772
-8689
-8674
-8737
-8713
-8690
-8713
-8768
-8810
-8719
-8783
-8775
-8749
-8795
-8839
-8840
-8815
-8738
-8737
-8831
-8774
-8758
-8851
-8839
-8802
-8827
-8798
-8828
-8838
-8845
-8856
-8830
-8845
-8885
-8907
-8881
-8857
-8894
-8885
-8868
-8836
-8893
-8813
-8864
-8930
-8844
-8817
-8849
-8929
-8908
-8945
-8895
-8910
-8932
-8902
-8859
-8882
-8898
-8968
-8869
-8813
-8862
-8798
-8767
-8848
-8969
-8887
-8917
-8972
-8980
-8926
-8979
-9072
-9046
-8947
-9039
-9044
-8985
-9016
-9071
-9034
-9000
-9088
-8959
-9000
-8999
-9029
-9025
-8991
-9031
-8994
-9069
-9098
-9080
-9061
-9090
-9124
-9026
-9051
-9100
-8995
-9045
-9162
-9154
-9063
-9027
-9109
-8974
-8967
-8965
-8946
-8962
-8937
-8977
-8844
-8929
-8927
-8919
-8891
-8912
-8916
-8827
-8917
-8935
-8950
-8971
-8894
-8905
-8898
-8911
-8957
-8943
-8897
-8881
-8986
-8924
-8876
-8943
-8885
-8859
-8890
-8842
-8853
-8751
-8826
-8742
-8772
-8832
-8691
-8733
-8769
-8679
-8772
-8763
-8765
-8655
-8735
-8804
-8581
-8776
-8724
-8799
-8802
-8813
-8763
-8782
-8741
-8791
-8681
-8818
-8681
-8705
-8758
-8782
-8669
-8675
-9018
-8437
-8754
-8728
-8765
-8671
-8714
-8732
-8605
-8695
-8680
-8646
-8621
-8664
-8568
-8646
-8570
-8619
-8531
-8673
-8674
-8625
-8662
-8643
-8572
-8657
-8756
-8671
-8689
-8767
-8771
-8722
-8627
-8699
-8766
-8592
-8615
-8775
-8746
-8670
-8784
-8789
-8652
-8711
-8838
-8722
-8789
-8859
