01122018.PTO
COBE
2012/01/12 20:18:13.1400
100.0000 m/s  
10066 muestras
-7638
-7740
-7770
-7748
-7759
-7848
-7870
-7860
-7959
-7908
-7978
-7904
-8012
-8035
-8002
-8038
-8009
-8039
-7937
-8031
-7921
-7960
-7867
-7850
-7833
-7816
-7855
-7733
-7820
-7774
-7755
-7748
-7848
-7816
-7768
-7867
-7809
-7776
-7835
-7863
-7768
-7784
-7860
-7765
-7783
-7803
-7838
-7731
-7752
-7792
-7711
-7737
-7737
-7790
-7743
-7816
-7813
-7834
-7798
-7818
-7800
-7755
-7823
-7732
-7739
-7771
-7792
-7739
-7786
-7873
-7844
-7865
-7841
-7979
-7847
-7837
-7943
-7810
-7848
-7853
-7925
-7824
-7829
-7831
-7824
-7785
-7810
-7811
-7772
-7808
-7807
-7768
-7804
-7823
-7802
-7905
-7930
-7940
-7873
-7981
-7953
-7951
-7938
-7995
-7951
-7945
-7978
-7962
-7928
-7910
-7936
-7899
-7925
-7921
-7923
-7844
-7901
-7838
-7836
-7793
-7926
-7868
-7866
-7907
-7860
-7822
-7815
-7861
-7840
-7962
-7908
-8048
-8020
-8026
-8052
-8062
-7972
-7969
-8012
-7988
-8028
-7984
-8013
-7961
-7938
-7949
-7920
-7925
-7959
-7923
-8013
-8025
-7973
-7956
-8005
-7931
-7912
-7951
-7967
-7884
-7888
-7943
-7854
-7917
-7942
-7985
-7939
-8030
-8017
-8042
-8089
-8079
-8002
-8017
-7989
-7944
-7984
-7961
-7973
-7883
-7929
-7942
-7969
-7971
-7997
-8006
-8067
-8000
-8044
-7982
-8039
-7997
-7960
-8032
-7975
-8006
-7985
-7996
-7963
-7943
-7955
-7914
-7897
-7920
-7849
-7900
-7732
-7897
-7777
-7839
-7803
-7780
-7703
-7750
-7805
-7783
-7868
-7819
-7930
-7785
-7923
-7872
-7939
-7889
-7944
-7819
-7876
-7823
-7893
-7840
-7895
-7845
-7866
-7902
-7767
-7884
-7720
-7828
-7707
-7785
-7710
-7745
-7700
-7719
-7663
-7694
-7747
-7759
-7765
-7730
-7778
-7718
-7760
-7776
-7817
-7789
-7876
-7940
-7923
-7942
-7997
-7906
-7857
-7916
-7888
-7801
-7837
-7883
-7826
-7807
-7818
-7811
-7802
-7731
-7744
-7714
-7612
-7684
-7635
-7598
-7665
-7697
-7782
-7758
-7767
-7887
-7849
-7834
-7892
-7903
-7953
-7896
-7979
-7998
-7962
-7907
-7928
-7974
-7888
-7933
-7947
-7926
-7898
-7946
-7902
-7931
-7951
-7986
-7911
-7975
-7986
-7953
-7985
-7932
-7962
-7948
-7941
-7967
-7944
-7901
-7933
-7863
-7924
-7829
-7874
-7875
-7851
-7867
-7814
-7825
-7836
-7808
-7824
-7861
-7848
-7870
-7865
-7873
-7823
-7897
-7885
-7879
-7899
-7920
-7922
-7941
-7875
-7949
-7938
-7943
-7990
-7938
-7979
-8007
-8020
-7995
-8018
-8008
-8018
-7988
-8014
-8024
-8056
-8045
-8070
-8109
-8036
-8092
-8087
-8044
-8045
-8055
-8060
-7945
-7986
-7959
-7964
-7908
-7951
-8026
-7994
-8035
-8032
-8048
-8062
-8053
-8083
-8163
-8069
-8041
-8062
-8099
-8014
-7967
-8053
-8053
-8018
-8078
-8085
-8079
-8070
-8112
-8160
-8041
-8015
-8050
-8027
-8051
-8019
-8039
-7987
-7985
-8001
-8015
-8056
-8019
-8038
-7975
-8035
-8022
-7999
-8000
-8093
-8038
-8005
-8036
-8037
-8037
-8015
-8098
-8059
-8081
-8173
-8152
-8132
-8147
-8215
-8162
-8085
-8158
-8162
-8124
-8190
-8238
-8122
-8170
-8201
-8193
-8167
-8235
-8221
-8111
-8169
-8253
-8171
-8151
-8212
-8147
-8108
-8160
-8147
-8049
-8046
-8136
-8158
-8060
-8158
-8141
-8106
-8191
-8291
-8279
-8214
-8299
-8225
-8192
-8254
-8239
-8269
-8277
-8293
-8280
-8290
-8357
-8307
-8237
-8345
-8322
-8263
-8272
-8242
-8218
-8198
-8239
-8149
-8108
-8131
-8076
-8058
-8095
-8157
-8166
-8095
-8210
-8134
-8107
-8185
-8133
-8140
-8143
-8162
-8121
-8150
-8148
-8105
-8125
-8195
-8180
-8216
-8263
-8272
-8267
-8298
-8393
-8348
-8328
-8418
-8403
-8348
-8411
-8472
-8416
-8383
-8423
-8435
-8412
-8379
-8439
-8426
-8325
-8303
-8310
-8266
-8242
-8245
-8258
-8227
-8238
-8288
-8258
-8189
-8212
-8237
-8127
-8224
-8180
-8205
-8251
-8224
-8249
-8224
-8310
-8291
-8260
-8311
-8371
-8293
-8280
-8330
-8240
-8239
-8233
-8183
-8104
-8069
-8148
-8049
-8044
-8086
-8077
-7975
-8040
-8061
-7976
-8013
-8054
-8016
-8054
-8091
-8067
-8130
-8100
-8101
-8035
-8078
-8026
-8003
-8025
-8061
-8063
-8052
-8132
-8161
-8010
-8043
-8020
-7947
-7955
-7923
-7921
-7863
-7948
-7870
-7885
-7927
-7903
-7804
-7886
-7881
-7799
-7861
-7846
-7873
-7778
-7784
-7912
-7769
-7728
-7855
-7699
-7661
-7709
-7700
-7572
-7565
-7611
-7600
-7615
-7575
-7619
-7567
-7611
-7580
-7535
-7587
-7533
-7578
-7717
-7671
-7692
-7768
-7796
-7784
-7770
-7766
-7762
-7733
-7648
-7662
-7616
-7588
-7550
-7584
-7524
-7543
-7530
-7567
-7465
-7482
-7577
-7487
-7524
-7533
-7537
-7482
-7567
-7511
-7488
-7547
-7510
-7472
-7534
-7516
-7487
-7489
-7483
-7390
-7399
-7420
-7398
-7431
-7459
-7435
-7361
-7387
-7355
-7391
-7338
-7374
-7383
-7339
-7370
-7331
-7268
-7358
-7318
-7322
-7361
-7321
-7315
-7240
-7280
-7274
-7223
-7185
-7207
-7114
-7121
-7146
-7166
-7156
-7133
-7149
-7145
-7122
-7144
-7161
-7119
-7159
-7154
-7143
-7181
-7195
-7166
-7202
-7203
-7120
-7030
-7161
-7086
-7069
-7155
-7127
-7157
-7134
-7158
-7243
-7130
-7139
-7233
-7161
-7179
-7162
-7169
-7129
-7129
-7155
-7106
-7143
-7125
-7087
-7253
-7137
-7139
-7116
-7123
-7105
-7058
-7155
-7126
-7109
-7127
-7193
-7216
-7229
-7231
-7327
-7265
-7360
-7413
-7368
-7410
-7481
-7443
-7476
-7528
-7514
-7441
-7468
-7488
-7474
-7465
-7412
-7484
-7370
-7461
-7468
-7501
-7489
-7472
-7503
-7511
-7485
-7538
-7573
-7529
-7592
-7576
-7608
-7621
-7600
-7630
-7746
-7743
-7787
-7728
-7849
-7838
-7792
-7818
-7910
-7855
-7756
-7981
-7869
-7870
-7901
-7951
-7911
-7896
-7997
-7977
-7970
-8055
-8049
-8060
-8134
-8151
-8082
-8084
-8235
-8134
-8142
-8230
-8120
-8063
-8198
-8167
-8077
-8082
-8095
-8134
-8045
-8141
-8091
-8033
-8148
-8194
-8238
-8211
-8254
-8206
-8215
-8279
-8296
-8240
-8384
-8414
-8349
-8389
-8391
-8352
-8320
-8406
-8478
-8430
-8396
-8536
-8424
-8371
-8446
-8366
-8311
-8420
-8346
-8381
-8365
-8382
-8371
-8307
-8409
-8389
-8407
-8408
-8429
-8422
-8430
-8488
-8438
-8373
-8451
-8411
-8410
-8355
-8446
-8335
-8308
-8352
-8289
-8313
-8272
-8372
-8297
-8260
-8371
-8358
-8277
-8334
-8353
-8271
-8313
-8413
-8399
-8304
-8387
-8471
-8324
-8452
-8552
-8513
-8423
-8509
-8574
-8488
-8436
-8532
-8500
-8444
-8525
-8573
-8512
-8474
-8519
-8433
-8479
-8486
-8456
-8319
-8511
-8517
-8394
-8450
-8562
-8485
-8442
-8568
-8534
-8504
-8505
-8527
-8417
-8416
-8566
-8471
-8391
-8488
-8473
-8425
-8436
-8514
-8429
-8437
-8370
-8365
-8320
-8442
-8423
-8364
-8389
-8367
-8379
-8286
-8409
-8366
-8347
-8366
-8416
-8333
-8299
-8414
-8373
-8359
-8455
-8431
-8358
-8365
-8435
-8407
-8366
-8327
-8381
-8352
-8290
-8346
-8324
-8253
-8321
-8361
-8228
-8331
-8265
-8204
-8152
-8200
-8213
-8102
-8181
-8172
-8135
-8128
-8233
-8144
-8108
-8211
-8138
-8078
-8109
-8201
-8056
-8066
-8114
-8048
-8045
-8049
-8026
-7925
-7974
-8004
-7948
-7988
-7924
-7847
-7876
-7866
-7893
-7785
-7837
-7813
-7793
-7828
-7777
-7825
-7797
-7800
-7809
-7799
-7835
-7796
-7720
-7765
-7766
-7770
-7724
-7762
-7762
-7676
-7707
-7771
-7705
-7695
-7748
-7681
-7708
-7701
-7739
-7665
-7683
-7709
-7716
-7726
-7686
-7748
-7704
-7732
-7737
-7722
-7742
-7691
-7634
-7636
-7588
-7593
-7536
-7514
-7515
-7488
-7467
-7535
-7514
-7443
-7504
-7529
-7457
-7421
-7508
-7402
-7373
-7446
-7492
-7416
-7449
-7487
-7515
-7462
-7464
-7500
-7401
-7433
-7474
-7467
-7485
-7523
-7476
-7516
-7511
-7503
-7439
-7447
-7492
-7466
-7471
-7463
-7427
-7431
-7458
-7453
-7400
-7377
-7456
-7394
-7382
-7515
-7447
-7410
-7487
-7466
-7489
-7528
-7579
-7525
-7579
-7647
-7616
-7576
-7644
-7615
-7599
-7701
-7671
-7685
-7670
-7695
-7662
-7724
-7688
-7684
-7747
-7714
-7716
-7808
-7776
-7748
-7825
-7807
-7818
-7845
-7871
-7818
-7843
-7775
-7818
-7840
-7750
-7750
-7829
-7733
-7696
-7818
-7732
-7697
-7732
-7720
-7704
-7677
-7768
-7732
-7656
-7750
-7759
-7761
-7741
-7801
-7764
-7748
-7812
-7797
-7825
-7901
-7842
-7881
-7885
-7817
-7807
-7820
-7794
-7727
-7761
-7838
-7723
-7709
-7857
-7689
-7754
-7797
-7700
-7629
-7659
-7618
-7561
-7626
-7637
-7609
-7631
-7627
-7622
-7606
-7675
-7667
-7540
-7661
-7694
-7590
-7666
-7744
-7610
-7689
-7706
-7705
-7663
-7761
-7765
-7726
-7755
-7776
-7737
-7697
-7768
-7676
-7687
-7725
-7690
-7705
-7758
-7666
-7743
-7717
-7735
-7754
-7712
-7753
-7835
-7819
-7797
-7871
-7915
-7792
-7762
-7859
-7774
-7789
-7820
-7837
-7740
-7785
-7850
-7739
-7755
-7912
-7867
-7814
-7883
-7879
-7861
-7856
-7973
-8006
-7996
-8068
-8023
-8086
-8119
-8118
-8116
-8086
-8181
-8171
-8092
-8157
-8138
-8102
-8103
-8108
-8140
-8105
-8198
-8097
-8086
-8151
-8098
-8004
-7995
-8057
-7984
-7980
-8036
-7958
-7919
-7984
-7989
-7998
-8020
-8099
-8160
-8109
-8139
-8281
-8176
-8140
-8243
-8263
-8198
-8228
-8244
-8206
-8227
-8230
-8256
-8154
-8188
-8264
-8126
-8197
-8272
-8124
-8177
-8249
-8204
-8128
-8195
-8227
-8099
-8153
-8219
-8119
-8104
-8233
-8245
-8184
-8226
-8270
-8174
-8216
-8293
-8276
-8212
-8234
-8267
-8155
-8204
-8237
-8173
-8129
-8189
-8169
-8108
-8123
-8201
-8144
-8150
-8240
-8199
-8209
-8191
-8264
-8210
-8209
-8265
-8166
-8152
-8200
-8094
-8089
-8150
-8147
-8058
-8074
-8145
-8069
-8074
-8140
-8129
-8073
-8113
-8114
-8073
-8012
-8102
-8004
-7998
-8047
-8017
-8055
-8041
-8058
-8086
-8089
-8059
-8104
-8110
-8106
-8095
-8069
-8041
-8081
-8011
-8002
-7983
-7959
-7984
-7960
-7933
-7977
-7933
-7934
-7954
-7909
-8016
-8000
-8001
-8020
-8046
-8068
-8017
-8097
-8148
-8043
-8085
-8127
-8082
-8006
-8091
-8031
-7981
-8091
-8007
-7980
-8074
-8025
-7980
-8022
-7999
-7954
-7858
-8001
-7939
-7855
-8004
-7982
-7899
-7905
-8017
-8033
-7919
-8040
-8083
-7996
-8114
-8180
-8083
-8051
-8069
-8050
-8040
-8029
-8045
-7980
-7990
-8008
-8086
-7982
-7892
-7927
-7853
-7902
-8024
-7933
-7907
-8027
-8008
-7884
-7967
-8122
-7967
-8026
-8114
-8070
-7983
-8068
-8089
-7977
-8032
-8127
-8010
-7967
-8056
-8012
-7945
-7941
-8005
-7859
-7841
-7894
-7817
-7799
-7874
-7811
-7743
-7765
-7830
-7778
-7786
-7867
-7794
-7728
-7821
-7925
-7821
-7893
-7921
-7846
-7872
-7926
-7918
-7826
-7866
-7863
-7784
-7784
-7805
-7799
-7719
-7780
-7789
-7797
-7862
-7833
-7813
-7826
-7851
-7771
-7776
-7876
-7791
-7705
-7760
-7759
-7731
-7762
-7818
-7722
-7645
-7713
-7714
-7676
-7727
-7749
-7685
-7689
-7674
-7616
-7666
-7644
-7624
-7603
-7571
-7581
-7583
-7615
-7560
-7561
-7624
-7703
-7725
-7682
-7714
-7746
-7701
-7722
-7752
-7763
-7646
-7643
-7730
-7674
-7598
-7641
-7667
-7564
-7594
-7605
-7633
-7640
-7685
-7632
-7626
-7657
-7636
-7652
-7614
-7612
-7604
-7638
-7691
-7692
-7681
-7665
-7689
-7673
-7604
-7651
-7568
-7556
-7596
-7607
-7597
-7639
-7719
-7649
-7638
-7660
-7664
-7667
-7637
-7615
-7658
-7655
-7726
-7751
-7785
-7865
-7834
-7861
-7845
-7966
-8024
-7944
-7986
-8031
-8010
-7987
-7963
-8003
-8021
-7903
-8044
-8025
-7838
-7807
-7880
-7810
-7721
-7818
-7811
-7756
-7674
-7707
-7705
-7675
-7669
-7694
-7653
-7649
-7650
-7648
-7664
-7678
-7726
-7695
-7725
-7808
-7828
-7826
-7890
-7849
-7965
-7941
-7796
-7939
-7880
-7851
-7989
-7907
-7903
-7897
-7843
-7862
-7896
-7902
-7845
-7818
-7800
-7731
-7796
-7785
-7636
-7703
-7663
-7619
-7636
-7657
-7606
-7554
-7647
-7611
-7517
-7597
-7606
-7580
-7564
-7627
-7642
-7615
-7659
-7675
-7654
-7673
-7716
-7747
-7783
-7744
-7821
-7772
-7854
-7863
-7829
-7809
-7826
-7813
-7735
-7767
-7779
-7725
-7715
-7748
-7694
-7716
-7711
-7718
-7678
-7687
-7677
-7625
-7582
-7734
-7640
-7583
-7709
-7703
-7642
-7662
-7714
-7646
-7666
-7740
-7704
-7678
-7752
-7713
-7722
-7709
-7746
-7688
-7717
-7707
-7704
-7718
-7733
-7776
-7683
-7736
-7807
-7786
-7813
-7763
-7786
-7836
-7812
-7858
-7844
-7850
-7825
-7811
-7817
-7814
-7809
-7834
-7718
-7827
-7791
-7757
-7778
-7811
-7862
-7780
-7940
-7895
-7885
-7906
-7958
-7917
-7884
-7961
-7960
-7901
-7926
-7984
-7913
-7948
-7947
-7931
-7948
-7996
-8035
-7980
-8063
-8075
-7993
-7947
-8036
-8013
-7914
-8016
-8011
-7944
-7997
-8072
-7998
-7977
-7996
-8000
-7887
-7869
-7913
-7806
-7769
-7844
-7879
-7830
-7846
-7880
-7784
-7821
-7880
-7854
-7888
-7941
-8023
-8045
-8080
-8108
-8082
-8034
-8150
-8103
-8099
-8176
-8160
-8112
-8154
-8161
-8067
-8081
-8062
-8028
-7968
-7994
-7989
-7968
-7958
-8039
-7956
-7961
-7986
-7891
-7845
-7889
-7927
-7843
-7965
-7983
-7895
-7964
-8041
-7961
-7958
-8003
-7949
-7853
-7927
-8044
-7912
-7921
-8003
-7906
-7905
-7980
-7994
-7851
-7891
-8005
-7864
-7931
-7979
-7907
-7938
-7922
-8000
-7990
-7952
-8078
-8068
-8044
-8101
-8107
-8092
-8026
-8076
-8103
-8017
-8057
-7966
-7913
-7894
-7851
-7839
-7794
-7842
-7758
-7673
-7829
-7758
-7710
-7870
-7863
-7832
-7839
-7922
-7926
-7902
-7983
-7986
-7967
-8023
-8026
-8042
-8043
-8139
-8136
-8023
-8134
-8122
-8062
-8086
-8099
-8052
-8031
-8098
-7970
-7887
-8016
-7926
-7837
-7893
-7898
-7820
-7757
-7852
-7853
-7747
-7745
-7775
-7681
-7664
-7687
-7711
-7639
-7668
-7675
-7664
-7741
-7693
-7694
-7690
-7658
-7666
-7735
-7726
-7774
-7730
-7783
-7849
-7803
-7800
-7795
-7757
-7732
-7789
-7770
-7668
-7733
-7678
-7701
-7652
-7658
-7621
-7553
-7570
-7485
-7478
-7394
-7433
-7331
-7388
-7350
-7387
-7350
-7423
-7381
-7393
-7482
-7435
-7487
-7463
-7486
-7510
-7547
-7542
-7529
-7586
-7614
-7542
-7584
-7586
-7644
-7601
-7713
-7745
-7770
-7842
-7834
-7751
-7865
-7945
-7875
-7871
-7870
-7772
-7776
-7879
-7739
-7696
-7724
-7632
-7626
-7680
-7680
-7651
-7691
-7730
-7628
-7699
-7740
-7715
-7704
-7833
-7781
-7737
-7811
-7814
-7724
-7766
-7818
-7831
-7797
-7822
-7844
-7811
-7875
-7853
-7883
-7856
-7894
-7810
-7864
-7843
-7885
-8024
-8134
-8183
-8145
-8218
-8133
-8102
-8073
-8061
-8148
-8285
-8465
-8509
-8456
-8373
-8278
-8271
-8292
-8290
-8322
-8352
-8243
-8042
-7753
-7494
-7357
-7274
-7228
-7089
-6861
-6545
-6289
-6213
-6254
-6305
-6387
-6511
-6594
-6715
-6901
-7117
-7335
-7727
-8096
-8390
-8708
-9100
-9526
-9821
-10071
-10090
-9971
-9803
-9658
-9522
-9355
-9310
-9330
-9400
-9528
-9484
-8993
-8279
-7497
-6815
-6319
-6044
-5960
-5642
-5335
-4920
-4600
-4534
-4496
-4800
-5008
-5326
-5726
-5991
-6133
-6288
-6530
-6946
-7391
-7845
-8416
-8816
-9179
-9523
-10021
-10442
-10869
-11220
-11365
-11454
-11320
-10999
-10486
-9741
-9013
-8330
-8006
-7608
-7124
-6546
-5820
-5169
-4835
-4783
-4935
-5065
-4860
-4648
-4256
-4279
-4408
-4733
-5030
-5608
-6474
-7350
-8016
-8346
-8823
-9644
-10432
-10981
-11245
-11175
-11213
-11177
-11016
-10679
-10350
-10269
-10535
-10774
-10855
-10359
-9348
-8016
-6855
-5824
-5174
-4619
-4352
-4632
-4792
-4697
-4509
-4144
-3806
-4205
-4917
-5411
-5556
-6082
-6907
-7481
-7452
-7188
-6579
-6155
-6160
-6328
-6327
-6555
-7614
-9353
-11447
-13248
-14253
-14339
-13881
-12715
-11079
-9449
-8754
-8900
-9432
-9923
-10393
-10827
-10489
-8980
-7108
-5701
-5283
-6201
-7566
-8588
-8406
-7124
-6131
-5876
-5710
-4987
-4139
-3879
-4091
-4569
-5511
-7302
-8952
-9437
-9227
-9058
-9046
-9116
-9236
-9650
-9664
-9107
-8667
-8324
-8449
-8615
-8677
-8941
-8987
-8900
-8950
-8802
-8096
-7009
-6179
-5744
-5647
-5730
-5874
-6081
-6348
-6455
-6330
-6158
-6306
-6699
-6836
-7013
-7190
-7378
-7494
-7989
-8986
-10084
-11141
-11507
-10848
-9334
-7894
-7332
-8255
-10076
-11268
-11101
-9909
-8709
-7857
-7455
-7374
-7096
-6339
-5448
-5260
-5994
-7168
-8050
-8276
-7818
-7084
-6491
-6177
-6257
-6347
-6196
-6045
-6243
-6609
-7026
-7380
-8055
-8958
-9674
-9885
-10056
-10766
-11695
-12244
-11531
-9988
-8100
-6736
-6309
-6847
-7745
-8109
-7678
-6846
-6202
-5819
-6008
-6661
-7229
-7391
-6795
-5736
-4829
-4462
-4717
-5333
-6259
-7038
-7788
-8168
-8602
-8922
-8938
-8883
-9028
-9698
-10476
-10784
-10399
-10041
-9882
-10099
-10601
-11495
-12298
-12733
-12516
-11911
-10993
-9927
-8882
-8009
-7561
-7091
-6508
-5784
-5189
-4409
-3632
-2985
-2652
-2779
-3450
-4433
-5269
-5514
-5179
-4715
-4419
-4583
-4955
-5416
-5986
-6578
-7302
-8120
-9254
-10461
-11190
-11199
-10536
-9825
-9352
-9289
-9484
-9657
-9829
-9982
-9827
-9427
-8818
-8070
-7139
-6336
-5962
-5812
-5751
-5713
-5678
-5572
-5469
-5583
-5815
-6175
-6413
-6443
-6661
-7287
-8223
-9012
-9275
-8979
-8473
-8192
-8515
-8948
-9062
-8974
-9227
-9717
-10362
-10656
-10228
-9386
-8817
-8927
-9182
-9059
-8432
-7323
-6154
-5260
-4604
-4452
-4756
-5639
-6539
-7179
-7266
-7023
-6764
-6351
-5848
-5706
-6400
-7733
-8843
-9067
-8391
-7421
-6983
-7084
-7560
-7910
-7940
-7641
-7332
-7274
-7467
-7727
-8086
-8683
-9120
-9146
-8695
-8172
-8039
-8387
-8951
-9287
-9172
-8663
-7997
-7223
-6571
-6358
-6544
-7155
-7805
-8280
-8350
-8248
-7924
-7575
-7608
-7795
-7909
-7673
-7566
-7152
-6665
-6355
-6507
-6877
-7427
-7989
-7908
-7278
-6523
-6413
-6692
-7294
-7555
-7625
-7607
-7707
-7891
-8017
-8220
-8268
-8340
-8409
-8335
-7930
-7446
-7269
-7437
-7861
-8499
-8959
-9091
-8731
-8215
-7726
-7370
-7390
-7696
-7980
-8003
-7771
-7251
-6754
-6625
-7048
-7756
-8459
-8982
-9088
-8850
-8634
-8622
-8772
-8919
-8991
-8944
-8702
-8224
-7457
-6882
-6898
-7242
-7538
-7727
-7952
-7998
-7781
-7285
-6618
-6190
-6108
-6087
-5903
-5608
-5330
-5055
-5061
-5722
-6704
-7669
-8531
-9287
-9645
-9607
-9362
-9071
-9154
-9387
-9453
-9397
-9445
-9367
-8899
-8292
-7688
-7172
-6989
-7306
-7376
-7054
-6721
-6568
-6657
-6878
-7181
-7213
-7044
-6668
-6304
-6079
-6209
-6660
-7170
-7731
-8217
-8431
-8422
-8538
-8767
-8961
-9142
-9159
-8906
-8698
-8389
-8219
-8182
-8332
-8550
-8535
-8355
-7941
-7410
-6892
-6379
-6005
-5811
-5750
-5873
-6056
-6292
-6409
-6570
-6845
-7320
-7953
-8768
-9276
-9402
-9412
-9322
-9423
-9467
-9323
-8901
-8435
-8180
-8027
-7827
-7643
-7588
-7507
-7408
-7545
-7805
-7842
-7406
-6844
-6395
-6284
-6574
-7016
-7356
-7446
-7349
-7147
-7218
-7720
-8342
-8676
-8818
-8672
-8395
-8147
-7956
-7852
-7841
-8070
-8410
-8822
-9055
-9219
-9195
-8994
-8962
-8897
-8657
-8374
-8039
-7439
-7047
-6727
-6443
-6306
-6356
-6626
-6838
-7051
-6977
-6854
-6975
-7374
-7704
-7948
-8134
-8081
-7871
-7691
-7480
-7242
-7353
-7662
-8089
-8505
-8877
-8985
-8974
-9066
-9129
-9054
-8925
-8824
-8570
-7907
-7330
-7104
-7235
-7827
-8299
-8481
-8280
-8125
-7998
-7985
-7889
-7720
-7519
-7372
-7379
-7236
-7098
-7071
-7259
-7498
-7893
-8250
-8336
-8198
-8023
-7730
-7504
-7336
-7309
-7481
-7503
-7298
-6933
-6636
-6726
-6965
-7323
-7656
-7743
-7632
-7478
-7423
-7444
-7589
-7821
-8014
-8074
-8024
-7915
-7933
-8120
-8611
-9118
-9462
-9526
-9582
-9246
-8858
-8233
-7522
-7125
-7095
-7368
-7313
-7144
-6772
-6610
-6696
-7136
-7501
-7668
-7614
-7416
-7220
-6974
-6727
-6669
-6703
-6896
-7175
-7469
-7688
-7561
-7576
-7678
-7918
-8100
-8257
-8321
-8322
-8278
-7971
-7684
-7612
-7724
-7822
-7938
-7940
-7637
-7288
-7003
-6937
-7111
-7389
-7627
-7669
-7425
-7187
-7055
-6758
-6715
-6962
-7264
-7595
-7798
-8016
-8203
-8385
-8396
-8216
-8043
-7853
-7649
-7393
-7111
-6729
-6621
-6903
-7495
-8070
-8337
-8423
-8437
-8337
-8438
-8456
-8220
-8040
-7891
-7705
-7339
-7061
-6815
-6764
-6854
-6895
-7042
-7162
-7294
-7574
-7657
-7656
-7716
-7680
-7671
-7428
-6966
-6589
-6480
-6640
-6790
-7290
-7657
-8006
-8333
-8441
-8526
-8490
-8464
-8432
-8417
-8135
-7813
-7309
-7010
-7068
-7420
-7611
-7888
-7984
-7844
-7482
-7080
-6758
-6423
-6459
-6620
-6890
-6835
-6868
-6625
-6522
-6676
-7066
-7451
-8027
-8423
-8487
-8365
-8043
-7801
-7757
-7930
-7903
-7737
-7381
-7180
-6949
-7104
-7236
-7346
-7581
-7848
-8063
-8092
-7790
-7518
-7208
-7168
-7261
-7432
-7672
-7728
-7776
-7733
-7834
-7883
-8128
-8332
-8564
-8556
-8373
-7754
-7426
-7184
-7111
-7262
-7526
-7707
-7763
-7849
-7858
-7765
-7556
-7597
-7329
-7158
-6964
-6887
-6573
-6530
-6648
-6912
-7188
-7432
-7534
-7462
-7441
-7606
-7666
-7870
-8351
-8614
-8821
-8751
-8647
-8334
-8279
-8292
-8262
-8134
-8173
-8085
-7936
-7995
-8207
-7990
-7846
-7768
-7457
-6987
-6542
-6124
-5912
-6086
-6456
-6934
-7201
-7754
-7813
-7799
-7709
-7739
-7809
-8105
-8461
-8421
-8144
-8179
-8279
-8449
-8864
-9240
-9314
-9223
-9154
-8756
-8415
-8294
-8308
-8186
-8270
-8280
-8049
-7626
-7373
-6969
-6738
-6702
-6865
-7080
-7343
-7478
-7380
-7138
-7078
-7315
-7488
-7668
-7778
-7777
-7574
-7658
-7823
-8098
-8408
-8896
-9151
-9303
-9213
-8786
-8355
-8135
-8066
-7914
-8052
-8174
-8094
-8075
-8076
-8003
-7948
-8158
-8271
-8333
-8253
-7963
-7648
-7376
-7379
-7353
-7541
-7730
-7884
-7810
-7841
-7667
-7473
-7565
-7719
-7800
-7795
-7872
-7760
-7692
-7663
-7819
-7859
-7835
-7995
-8099
-8040
-7989
-8028
-8096
-8236
-8470
-8585
-8476
-8133
-7742
-7346
-7115
-7200
-7278
-7305
-7327
-7291
-7330
-7640
-7875
-7900
-7989
-7905
-7662
-7484
-7442
-7453
-7527
-7751
-8157
-8468
-8612
-8650
-8496
-8212
-7900
-7806
-7877
-8066
-8140
-8115
-8012
-7789
-7683
-7707
-7619
-7648
-7658
-7636
-7560
-7318
-7097
-7117
-7319
-7512
-7710
-7744
-7623
-7359
-7140
-7105
-7176
-7406
-7955
-8436
-8767
-8877
-8780
-8496
-8242
-8094
-8033
-8002
-7984
-7971
-7832
-7750
-7700
-7827
-8047
-8346
-8438
-8303
-8051
-7733
-7643
-7543
-7558
-7596
-7743
-7983
-8088
-8054
-7945
-7855
-7759
-7921
-8204
-8345
-8315
-8236
-8025
-7878
-7964
-8102
-8125
-8196
-8236
-8156
-7922
-7721
-7823
-7973
-8060
-8126
-8031
-7944
-7799
-7700
-7559
-7532
-7343
-7269
-7372
-7382
-7551
-7579
-7898
-8022
-8201
-8266
-8229
-7975
-7783
-7646
-7416
-7338
-7415
-7705
-7904
-8104
-8139
-8166
-8084
-8168
-8271
-8242
-8232
-8111
-7938
-7761
-7729
-7812
-7949
-8050
-8134
-7950
-7735
-7377
-7105
-6963
-7013
-7262
-7585
-7763
-7849
-7786
-7445
-7491
-7374
-7532
-7574
-8090
-8088
-8161
-8215
-8341
-8288
-8434
-8721
-8576
-8475
-7982
-7885
-7536
-7648
-7600
-7894
-8097
-8434
-8366
-8321
-7969
-7601
-7335
-7239
-7195
-7307
-7534
-7537
-7490
-7301
-7353
-7262
-7557
-7737
-7781
-7527
-7482
-7205
-7276
-7212
-7478
-7425
-7649
-7785
-7714
-7719
-7694
-7709
-7752
-8066
-8133
-8378
-8402
-8508
-8351
-8384
-8173
-8127
-8096
-8044
-7968
-7983
-7875
-7759
-7924
-8124
-8153
-8203
-8179
-7916
-7712
-7651
-7493
-7310
-7422
-7529
-7571
-7580
-7653
-7655
-7917
-8033
-8121
-8151
-8019
-7791
-7725
-7688
-7599
-7593
-7838
-8081
-8195
-8236
-8144
-8006
-7898
-7993
-8064
-8117
-8219
-8096
-7963
-7994
-7874
-7956
-8118
-8299
-8276
-8189
-8098
-7944
-7874
-8003
-8036
-8070
-8120
-8185
-8028
-7618
-7277
-6959
-6855
-6955
-7339
-7651
-7849
-7909
-7974
-7860
-7859
-7957
-8153
-8137
-8051
-7968
-7871
-7864
-7914
-8172
-8378
-8646
-8732
-8821
-8591
-8283
-8018
-7873
-7821
-7849
-7894
-8002
-7962
-7746
-7626
-7461
-7298
-7260
-7455
-7550
-7499
-7461
-7484
-7411
-7396
-7458
-7634
-7668
-7602
-7496
-7429
-7399
-7532
-7785
-8058
-8206
-8291
-8346
-8321
-8218
-7972
-7840
-7691
-7612
-7610
-7614
-7605
-7597
-7669
-7861
-7950
-8014
-7967
-7844
-7591
-7427
-7362
-7341
-7332
-7443
-7457
-7368
-7379
-7301
-7380
-7520
-7661
-7718
-7779
-7756
-7741
-7709
-7667
-7666
-7697
-7824
-7979
-7989
-7809
-7707
-7536
-7546
-7705
-7811
-8003
-8029
-8054
-7849
-7609
-7395
-7289
-7363
-7489
-7599
-7576
-7550
-7520
-7673
-7805
-8010
-8133
-8191
-8167
-7972
-7712
-7442
-7316
-7337
-7494
-7733
-7941
-8061
-8049
-7926
-7703
-7561
-7519
-7526
-7596
-7627
-7572
-7422
-7352
-7363
-7485
-7580
-7717
-7746
-7694
-7609
-7493
-7529
-7640
-7824
-8011
-8175
-8177
-8127
-7984
-7805
-7638
-7588
-7682
-7800
-7994
-8062
-8060
-8020
-7947
-7877
-7757
-7715
-7598
-7346
-7234
-7151
-7133
-7277
-7523
-7742
-7792
-7865
-7851
-7749
-7722
-7623
-7572
-7592
-7661
-7820
-7898
-7913
-7956
-7936
-7994
-7967
-7957
-8034
-7950
-7796
-7689
-7705
-7707
-7777
-7901
-7796
-7537
-7400
-7250
-7179
-7143
-7303
-7408
-7406
-7487
-7524
-7457
-7312
-7380
-7464
-7433
-7491
-7426
-7263
-7297
-7335
-7570
-7723
-7859
-8088
-8056
-8031
-7971
-7625
-7553
-7519
-7591
-7704
-7862
-7880
-7592
-7563
-7539
-7418
-7392
-7601
-7574
-7450
-7295
-7156
-6943
-6957
-7187
-7352
-7421
-7583
-7644
-7562
-7443
-7362
-7192
-7248
-7559
-7664
-7819
-7752
-7697
-7513
-7565
-7651
-7647
-7635
-7709
-7675
-7581
-7606
-7696
-7668
-7804
-8015
-7891
-7854
-7715
-7577
-7397
-7352
-7376
-7542
-7653
-7827
-7902
-7736
-7671
-7554
-7401
-7324
-7333
-7324
-7356
-7439
-7440
-7561
-7716
-7887
-8019
-7974
-7967
-7780
-7639
-7686
-7795
-7905
-8068
-8326
-8360
-8338
-8467
-8445
-8441
-8438
-8434
-8382
-8287
-8312
-8310
-8246
-8231
-8174
-8103
-8021
-7864
-7685
-7464
-7359
-7377
-7489
-7705
-7917
-7936
-7921
-7765
-7537
-7559
-7596
-7616
-7793
-7907
-7926
-7971
-8086
-8158
-8227
-8306
-8441
-8519
-8500
-8506
-8359
-8182
-8139
-8274
-8435
-8570
-8672
-8699
-8475
-8340
-8255
-8161
-8222
-8327
-8326
-8235
-8217
-8040
-7910
-7901
-7964
-7999
-7948
-7980
-7891
-7750
-7812
-7716
-7680
-7863
-8083
-8205
-8190
-8157
-7961
-7847
-7847
-7810
-7923
-8082
-8162
-8292
-8302
-8281
-8203
-8253
-8380
-8331
-8173
-8042
-7996
-7856
-7856
-7974
-8107
-8200
-8346
-8417
-8295
-8223
-8082
-7973
-7927
-7845
-7780
-7753
-7876
-7883
-7862
-7883
-7889
-7870
-7863
-7965
-7770
-7592
-7677
-7706
-7775
-7931
-8098
-8086
-8020
-8050
-7910
-7833
-7825
-7857
-7922
-8019
-8179
-8179
-8176
-8269
-8209
-8150
-8129
-8078
-7967
-7840
-7776
-7711
-7782
-7916
-8046
-7971
-8005
-7905
-7535
-7362
-7343
-7385
-7399
-7632
-7852
-7787
-7870
-7877
-7828
-7836
-7823
-7868
-7824
-7812
-7724
-7563
-7565
-7653
-7654
-7821
-7908
-7919
-7876
-7743
-7618
-7498
-7495
-7618
-7774
-7934
-8031
-7876
-7710
-7636
-7576
-7539
-7677
-7761
-7791
-7731
-7707
-7734
-7643
-7720
-7834
-7861
-7787
-7659
-7638
-7518
-7397
-7412
-7384
-7432
-7543
-7681
-7742
-7714
-7607
-7523
-7568
-7626
-7679
-7601
-7606
-7629
-7566
-7701
-7853
-7836
-7921
-8066
-8051
-7923
-7833
-7830
-7677
-7779
-7784
-7787
-7817
-7750
-7798
-7669
-7560
-7534
-7543
-7462
-7471
-7399
-7381
-7389
-7442
-7523
-7576
-7591
-7461
-7361
-7316
-7233
-7224
-7375
-7553
-7737
-7759
-7780
-7673
-7602
-7598
-7511
-7482
-7421
-7420
-7341
-7287
-7389
-7393
-7394
-7517
-7553
-7545
-7420
-7314
-7106
-6869
-6963
-6983
-7157
-7352
-7487
-7370
-7179
-7139
-7104
-7021
-7115
-7251
-7292
-7326
-7394
-7320
-7280
-7434
-7428
-7417
-7404
-7510
-7309
-7278
-7207
-7243
-7285
-7457
-7582
-7717
-7617
-7499
-7413
-7120
-7155
-7161
-7206
-7331
-7465
-7333
-7416
-7366
-7345
-7353
-7367
-7327
-7404
-7256
-7259
-7170
-7209
-7247
-7400
-7475
-7547
-7752
-7584
-7548
-7469
-7521
-7394
-7586
-7639
-7735
-7619
-7752
-7786
-7770
-7771
-7843
-7873
-7772
-7833
-7771
-7757
-7813
-7877
-8009
-8093
-8015
-8032
-7888
-7926
-7809
-7751
-7731
-7876
-7781
-7861
-7862
-7836
-7840
-7899
-7902
-7806
-7917
-7875
-7770
-7748
-7872
-7806
-7985
-8240
-8478
-8392
-8433
-8304
-8188
-8138
-8220
-8257
-8165
-8298
-8318
-8232
-8245
-8337
-8238
-8239
-8372
-8272
-8102
-8231
-8102
-8009
-8010
-8194
-8173
-8170
-8235
-8123
-7886
-7797
-7793
-7749
-7915
-8047
-8129
-8168
-8220
-8024
-7950
-7944
-8013
-7977
-7996
-8042
-7998
-8031
-8069
-8207
-8247
-8316
-8458
-8414
-8287
-8143
-8048
-7896
-7884
-7964
-8102
-8184
-8237
-8293
-8119
-8128
-7962
-7938
-7984
-8022
-7930
-7918
-8066
-7981
-7981
-8027
-8051
-8033
-7991
-7943
-7984
-7909
-8011
-8115
-8115
-8281
-8300
-8356
-8410
-8285
-8229
-8193
-8188
-8274
-8278
-8327
-8330
-8295
-8363
-8339
-8480
-8482
-8419
-8417
-8193
-8123
-8045
-8022
-8080
-8023
-8111
-8196
-8235
-8293
-8144
-8210
-8259
-8160
-8178
-8189
-8175
-8055
-8132
-8112
-8142
-8328
-8315
-8389
-8390
-8202
-8144
-8164
-8089
-8094
-8183
-8304
-8334
-8232
-8234
-8190
-8066
-8082
-8184
-8292
-8233
-8218
-8211
-8148
-8166
-8171
-8135
-8192
-8223
-8122
-8142
-8025
-7941
-7987
-8213
-8419
-8523
-8647
-8735
-8531
-8284
-8295
-8170
-8045
-8106
-8224
-8058
-8025
-8156
-8194
-8144
-8219
-8311
-8162
-8265
-8221
-8088
-8096
-8107
-8129
-8093
-8302
-8363
-8270
-8235
-8282
-8056
-8072
-8204
-8189
-8263
-8324
-8364
-8174
-8231
-8124
-8210
-8130
-8091
-8095
-7902
-7996
-8042
-8048
-8062
-8186
-8187
-8087
-8076
-8018
-7822
-7737
-7807
-7806
-7781
-7925
-7984
-7925
-8000
-8136
-8022
-8085
-8194
-8084
-7945
-8002
-8010
-7876
-7876
-8024
-8086
-8039
-8095
-8007
-7875
-7823
-7898
-7898
-7911
-8008
-8008
-7912
-7920
-7852
-7742
-7703
-7785
-7751
-7709
-7768
-7723
-7622
-7608
-7705
-7703
-7757
-7908
-7965
-7753
-7757
-7680
-7609
-7754
-7836
-7917
-7908
-7889
-7916
-7882
-7848
-7801
-7744
-7774
-7757
-7726
-7636
-7601
-7558
-7481
-7570
-7697
-7722
-7802
-7737
-7720
-7454
-7376
-7430
-7365
-7680
-7697
-7703
-7650
-7746
-7791
-7745
-7811
-7788
-7696
-7822
-7840
-7751
-7744
-7787
-7909
-7824
-7834
-7749
-7544
-7383
-7427
-7394
-7394
-7374
-7567
-7596
-7615
-7686
-7598
-7541
-7428
-7402
-7351
-7370
-7490
-7487
-7551
-7672
-7726
-7817
-7733
-7857
-7673
-7609
-7534
-7477
-7459
-7390
-7492
-7504
-7452
-7490
-7462
-7312
-7372
-7361
-7401
-7420
-7429
-7447
-7438
-7368
-7432
-7423
-7542
-7480
-7495
-7536
-7360
-7417
-7397
-7493
-7578
-7603
-7648
-7570
-7525
-7459
-7368
-7374
-7301
-7338
-7305
-7360
-7386
-7278
-7249
-7223
-7245
-7287
-7305
-7325
-7351
-7258
-7093
-7063
-7163
-7264
-7369
-7469
-7531
-7547
-7547
-7498
-7435
-7305
-7418
-7510
-7451
-7506
-7399
-7326
-7306
-7294
-7389
-7403
-7364
-7377
-7452
-7323
-7203
-7298
-7311
-7435
-7546
-7470
-7470
-7502
-7405
-7285
-7346
-7453
-7450
-7518
-7587
-7568
-7525
-7582
-7647
-7692
-7679
-7620
-7512
-7512
-7538
-7476
-7573
-7601
-7693
-7765
-7895
-7860
-7782
-7757
-7583
-7559
-7658
-7720
-7618
-7670
-7721
-7720
-7674
-7734
-7823
-7789
-7667
-7623
-7650
-7595
-7684
-7712
-7747
-7804
-7782
-7748
-7622
-7538
-7564
-7450
-7542
-7672
-7667
-7777
-7799
-7739
-7779
-7821
-7728
-7766
-7765
-7762
-7748
-7707
-7702
-7647
-7776
-7853
-7866
-7860
-7894
-7756
-7570
-7640
-7573
-7585
-7691
-7760
-7826
-7784
-7733
-7730
-7748
-7778
-7751
-7784
-7791
-7809
-7732
-7776
-7779
-7690
-7774
-7828
-7893
-7871
-7799
-7747
-7696
-7656
-7684
-7767
-7843
-7746
-7788
-7679
-7629
-7567
-7612
-7673
-7653
-7814
-7868
-7876
-7824
-7924
-7943
-7934
-8029
-8091
-8011
-7963
-7873
-7840
-7803
-7799
-7840
-7923
-7959
-7965
-8042
-7907
-7866
-7869
-7744
-7825
-7756
-7679
-7776
-7843
-7822
-7779
-7886
-7898
-7811
-7885
-7853
-7814
-7818
-7831
-7946
-7960
-8130
-8004
-8102
-8193
-8193
-8102
-8135
-8216
-8180
-8247
-8189
-8296
-8198
-8237
-8252
-8254
-8292
-8189
-8195
-8034
-7891
-8001
-8061
-8090
-8128
-8229
-8105
-8102
-8299
-8219
-8124
-8164
-8239
-8183
-8319
-8388
-8244
-8315
-8420
-8497
-8431
-8601
-8539
-8428
-8384
-8292
-8324
-8320
-8456
-8439
-8470
-8515
-8442
-8268
-8319
-8234
-8215
-8275
-8304
-8339
-8315
-8375
-8279
-8195
-8205
-8242
-8204
-8239
-8282
-8220
-8177
-8215
-8198
-8204
-8286
-8275
-8288
-8200
-8104
-8091
-8029
-8098
-8216
-8241
-8279
-8334
-8337
-8245
-8310
-8379
-8270
-8284
-8337
-8333
-8246
-8352
-8332
-8253
-8278
-8360
-8366
-8274
-8230
-8131
-8017
-7982
-8028
-7946
-7969
-8043
-7943
-7879
-7928
-7893
-7862
-7899
-8012
-7900
-7844
-8018
-7974
-7999
-8155
-8178
-8198
-8160
-8212
-8149
-8106
-8150
-8123
-8119
-8121
-8294
-8228
-8187
-8267
-8141
-8101
-8160
-8129
-8025
-7927
-7934
-7761
-7649
-7797
-7853
-7781
-7871
-7920
-7843
-7756
-7740
-7774
-7656
-7771
-7872
-7915
-8059
-8120
-8014
-8017
-8086
-8088
-8071
-8115
-8166
-8043
-8027
-8081
-8044
-7988
-8083
-8146
-8045
-7978
-8018
-7852
-7761
-7837
-7904
-7903
-7969
-8084
-7989
-7937
-7918
-7822
-7713
-7808
-7802
-7767
-7817
-7875
-7799
-7781
-7889
-7845
-7813
-7896
-7869
-7761
-7781
-7762
-7698
-7704
-7884
-7898
-7856
-7912
-7917
-7858
-7810
-7867
-7895
-7799
-7891
-7937
-7811
-7884
-7929
-7893
-7851
-7888
-7846
-7748
-7835
-7809
-7660
-7675
-7696
-7736
-7678
-7719
-7719
-7641
-7640
-7613
-7684
-7647
-7625
-7628
-7558
-7547
-7643
-7634
-7737
-7784
-7737
-7716
-7664
-7634
-7565
-7600
-7700
-7749
-7748
-7804
-7874
-7777
-7703
-7728
-7658
-7651
-7665
-7661
-7616
-7578
-7617
-7600
-7523
-7693
-7748
-7700
-7725
-7666
-7659
-7639
-7617
-7643
-7705
-7742
-7752
-7823
-7777
-7629
-7674
-7631
-7616
-7634
-7636
-7725
-7704
-7649
-7680
-7653
-7669
-7686
-7698
-7713
-7627
-7575
-7521
-7534
-7627
-7706
-7787
-7865
-7888
-7764
-7709
-7711
-7641
-7679
-7734
-7811
-7849
-7860
-7906
-7892
-7912
-7962
-7916
-7908
-7973
-7910
-7815
-7820
-7829
-7880
-7826
-7949
-7912
-7881
-7825
-7823
-7847
-7780
-7925
-7907
-7967
-7991
-7996
-7958
-7986
-7869
-7938
-7956
-7942
-7931
-7943
-8043
-7979
-8075
-8116
-8064
-8125
-8090
-8102
-8014
-7984
-8013
-8016
-8173
-8097
-8179
-8133
-8222
-8197
-8195
-8155
-8228
-8147
-8177
-8185
-8065
-8147
-8083
-8180
-8090
-8209
-8183
-8103
-8075
-8039
-7917
-7932
-8008
-8038
-7925
-8056
-8064
-7960
-8068
-8027
-7959
-7915
-8073
-8139
-8040
-8097
-8155
-7972
-8107
-8204
-8178
-8132
-8210
-8174
-8011
-7957
-7960
-7905
-7975
-8002
-7974
-7969
-7987
-7955
-7785
-7842
-7887
-7788
-7790
-7872
-7805
-7839
-7750
-7902
-7808
-7896
-7976
-7937
-7986
-7918
-7992
-7870
-7946
-8032
-8015
-8066
-8151
-8065
-8107
-8001
-8054
-7987
-7939
-8049
-7987
-8026
-8037
-8013
-7949
-7948
-8044
-8012
-7999
-8070
-7981
-8008
-8011
-8062
-8084
-8153
-8113
-8114
-8022
-8005
-7926
-7904
-7901
-7897
-7984
-7884
-7973
-7918
-7969
-8013
-8028
-8011
-7981
-7918
-7893
-7871
-7918
-7928
-7959
-8002
-8012
-8032
-8052
-8084
-7998
-7974
-8071
-8112
-8163
-8272
-8236
-8250
-8206
-8208
-8141
-8110
-8073
-8029
-7949
-7956
-7912
-7860
-7918
-7926
-7918
-7910
-7944
-7805
-7742
-7741
-7707
-7639
-7658
-7718
-7735
-7743
-7786
-7815
-7754
-7740
-7747
-7735
-7756
-7728
-7679
-7634
-7656
-7655
-7703
-7756
-7795
-7811
-7810
-7830
-7791
-7749
-7757
-7795
-7761
-7836
-7838
-7838
-7800
-7824
-7805
-7748
-7749
-7708
-7682
-7640
-7623
-7552
-7536
-7503
-7543
-7526
-7524
-7516
-7437
-7428
-7357
-7358
-7326
-7339
-7426
-7407
-7478
-7516
-7504
-7479
-7483
-7489
-7408
-7460
-7466
-7462
-7513
-7580
-7612
-7700
-7751
-7784
-7789
-7666
-7654
-7560
-7586
-7576
-7585
-7630
-7581
-7620
-7612
-7619
-7597
-7578
-7549
-7521
-7453
-7424
-7390
-7466
-7512
-7528
-7575
-7579
-7628
-7563
-7555
-7534
-7484
-7550
-7662
-7669
-7733
-7762
-7752
-7725
-7646
-7702
-7710
-7678
-7702
-7716
-7721
-7679
-7693
-7675
-7720
-7798
-7808
-7842
-7804
-7828
-7781
-7740
-7809
-7829
-7818
-7901
-7934
-7905
-7872
-7820
-7839
-7799
-7778
-7813
-7818
-7842
-7787
-7764
-7746
-7712
-7761
-7775
-7782
-7787
-7765
-7812
-7832
-7805
-7859
-7887
-7876
-7831
-7842
-7794
-7751
-7763
-7701
-7752
-7734
-7774
-7853
-7818
-7868
-7869
-7838
-7826
-7868
-7836
-7788
-7777
-7737
-7751
-7746
-7734
-7802
-7814
-7768
-7775
-7767
-7756
-7741
-7754
-7809
-7758
-7793
-7775
-7791
-7856
-7860
-7903
-7897
-7954
-7866
-7878
-7803
-7797
-7765
-7883
-7896
-7845
-7961
-7946
-7957
-7839
-7913
-7841
-7875
-7898
-7885
-7896
-7896
-7898
-7877
-7942
-7969
-7969
-7948
-7948
-7909
-7902
-7920
-7934
-7995
-8110
-8119
-8104
-8074
-8071
-7979
-7961
-7988
-7980
-8011
-8051
-8061
-8040
-8000
-7988
-8030
-8006
-8104
-8144
-8112
-8064
-8121
-8104
-8159
-8249
-8233
-8262
-8318
-8307
-8224
-8194
-8183
-8194
-8129
-8207
-8257
-8213
-8256
-8284
-8212
-8165
-8176
-8171
-8118
-8213
-8222
-8173
-8184
-8270
-8184
-8168
-8301
-8279
-8300
-8256
-8361
-8232
-8255
-8307
-8287
-8279
-8301
-8301
-8154
-8273
-8251
-8207
-8220
-8242
-8191
-8146
-8249
-8185
-8160
-8261
-8392
-8330
-8359
-8459
-8371
-8340
-8356
-8408
-8303
-8347
-8345
-8320
-8345
-8377
-8401
-8339
-8368
-8374
-8285
-8236
-8251
-8220
-8200
-8246
-8307
-8265
-8319
-8334
-8262
-8213
-8230
-8191
-8132
-8208
-8289
-8251
-8245
-8263
-8228
-8199
-8256
-8297
-8264
-8262
-8275
-8248
-8206
-8259
-8269
-8270
-8276
-8308
-8239
-8170
-8150
-8111
-8039
-8062
-8079
-8091
-8152
-8148
-8073
-8007
-8032
-7991
-8013
-7999
-8030
-7981
-7989
-8066
-7998
-8026
-8108
-8088
-8042
-8045
-8000
-7968
-7927
-7947
-7972
-7992
-8004
-8003
-8011
-7930
-7934
-7878
-7827
-7813
-7821
-7853
-7826
-7818
-7812
-7794
-7765
-7863
-7827
-7804
-7880
-7827
-7769
-7795
-7805
-7800
-7839
-7877
-7841
-7800
-7831
-7779
-7761
-7808
-7756
-7753
-7788
-7807
-7718
-7741
-7811
-7733
-7789
-7793
-7786
-7723
-7766
-7770
-7722
-7752
-7728
-7785
-7795
-7818
-7802
-7790
-7833
-7815
-7793
-7841
-7779
-7697
-7760
-7762
-7794
-7801
-7784
-7854
-7841
-7803
-7824
-7812
-7758
-7786
-7844
-7821
-7887
-7976
-7927
-7937
-7990
-7994
-7927
-8032
-8068
-8032
-8061
-8049
-8004
-7952
-7991
-7949
-7969
-7977
-7977
-7883
-7872
-7848
-7764
-7839
-7854
-7863
-7910
-7918
-7896
-7840
-7798
-7825
-7808
-7808
-7821
-7863
-7900
-7903
-7942
-7900
-7871
-7898
-7865
-7838
-7816
-7779
-7730
-7763
-7805
-7852
-7823
-7790
-7790
-7770
-7776
-7752
-7682
-7657
-7718
-7707
-7730
-7764
-7778
-7765
-7795
-7789
-7795
-7780
-7744
-7789
-7780
-7808
-7835
-7800
-7791
-7863
-7827
-7709
-7752
-7748
-7667
-7722
-7775
-7735
-7718
-7788
-7738
-7722
-7730
-7699
-7664
-7626
-7646
-7572
-7566
-7638
-7608
-7566
-7601
-7632
-7597
-7561
-7594
-7553
-7520
-7512
-7516
-7526
-7540
-7618
-7590
-7587
-7637
-7610
-7585
-7594
-7577
-7556
-7574
-7579
-7577
-7585
-7634
-7658
-7673
-7687
-7699
-7665
-7619
-7632
-7572
-7629
-7653
-7669
-7693
-7717
-7732
-7702
-7687
-7685
-7690
-7616
-7713
-7641
-7613
-7688
-7657
-7699
-7721
-7814
-7783
-7751
-7844
-7815
-7778
-7829
-7863
-7876
-7886
-7892
-7942
-7903
-7889
-7876
-7781
-7795
-7801
-7770
-7692
-7771
-7764
-7710
-7760
-7724
-7719
-7710
-7665
-7625
-7651
-7623
-7628
-7659
-7707
-7781
-7766
-7745
-7751
-7806
-7764
-7739
-7778
-7758
-7778
-7835
-7863
-7813
-7937
-7886
-7802
-7828
-7819
-7806
-7734
-7763
-7751
-7769
-7736
-7815
-7786
-7733
-7823
-7747
-7684
-7779
-7797
-7747
-7792
-7783
-7815
-7804
-7805
-7837
-7775
-7837
-7865
-7806
-7869
-7848
-7771
-7775
-7798
-7768
-7744
-7793
-7794
-7782
-7798
-7797
-7810
-7748
-7815
-7854
-7814
-7844
-7855
-7891
-7858
-7870
-7875
-7912
-7870
-7918
-7910
-7911
-7934
-7905
-7980
-7965
-7990
-7983
-7991
-7998
-7973
-7891
-7918
-7913
-7862
-7893
-7929
-7936
-7850
-7913
-7881
-7868
-7909
-7875
-7955
-7887
-7938
-7863
-7851
-7954
-7865
-7877
-7899
-7952
-7897
-7950
-7963
-7907
-7919
-7898
-7899
-7886
-7943
-7963
-7909
-7957
-7993
-7962
-7943
-7969
-7930
-7940
-7961
-7902
-7937
-7998
-8011
-7971
-7997
-8003
-7948
-7916
-7982
-7964
-8039
-8076
-8022
-8089
-8132
-8128
-8087
-8129
-8163
-8121
-8073
-8146
-8108
-8054
-8092
-8146
-8172
-8111
-8140
-8096
-7974
-8045
-8021
-7974
-7982
-8054
-8084
-8023
-8084
-8019
-8022
-8050
-8014
-7970
-8035
-8018
-8028
-8002
-8030
-8045
-7972
-8008
-8019
-7999
-7948
-8012
-7929
-7927
-7944
-8008
-7994
-8026
-8059
-7957
-7953
-7946
-7942
-7921
-7948
-7995
-7989
-8024
-7995
-7954
-7971
-7998
-8027
-7990
-8073
-8016
-8029
-7995
-7994
-7971
-7953
-8011
-8040
-8054
-8011
-8040
-7987
-7961
-7962
-7949
-7898
-7944
-7976
-7943
-7940
-8025
-8038
-8064
-8084
-8097
-8071
-8041
-8068
-8017
-8034
-8101
-8097
-8122
-8140
-8107
-8080
-8046
-8051
-7991
-8050
-8088
-8026
-8048
-8162
-8156
-8093
-8122
-8142
-8091
-8053
-8053
-7980
-7978
-8013
-8026
-8021
-8024
-8016
-7969
-7989
-8032
-8052
-8073
-8146
-8145
-8125
-8170
-8164
-8120
-8096
-8137
-8081
-8047
-8076
-8078
-8051
-8029
-8008
-7960
-7969
-8001
-7982
-7884
-7905
-7868
-7792
-7813
-7873
-7871
-7873
-7967
-7961
-7995
-8027
-8025
-8033
-8055
-8044
-8032
-8013
-8033
-8025
-8017
-8058
-8082
-8080
-8104
-8134
-8093
-8043
-8027
-8008
-7943
-8017
-8052
-8072
-8061
-8098
-8067
-8004
-8039
-7975
-7952
-7962
-7974
-8012
-8041
-8106
-8156
-8161
-8194
-8163
-8143
-8111
-8115
-8077
-8080
-8132
-8124
-8150
-8167
-8165
-8121
-8081
-8067
-8062
-8017
-8010
-8007
-7978
-7989
-7965
-7946
-7958
-7901
-7929
-7956
-7912
-7932
-7916
-7927
-7973
-7980
-7976
-8009
-7970
-7934
-8004
-8016
-7990
-8035
-8036
-8028
-8047
-8038
-8070
-8055
-8040
-8061
-8066
-8101
-8135
-8098
-8083
-8089
-8060
-8000
-8033
-8057
-8061
-8045
-7996
-7954
-7962
-7965
-7925
-7956
-7940
-7926
-7866
-7890
-7890
-7874
-7931
-7966
-7957
-7954
-7999
-7971
-7975
-8008
-7993
-8019
-7999
-7986
-8021
-7963
-7926
-7921
-7909
-7838
-7841
-7891
-7880
-7810
-7809
-7799
-7766
-7805
-7783
-7756
-7789
-7776
-7729
-7679
-7715
-7713
-7703
-7787
-7730
-7734
-7766
-7762
-7685
-7642
-7661
-7581
-7549
-7578
-7580
-7580
-7591
-7608
-7601
-7641
-7684
-7615
-7612
-7630
-7578
-7602
-7632
-7636
-7680
-7688
-7703
-7684
-7690
-7691
-7599
-7609
-7628
-7584
-7605
-7617
-7600
-7600
-7623
-7589
-7592
-7594
-7545
-7504
-7498
-7423
-7418
-7444
-7388
-7412
-7383
-7403
-7349
-7304
-7346
-7330
-7349
-7394
-7438
-7508
-7532
-7543
-7565
-7593
-7617
-7668
-7674
-7605
-7671
-7677
-7578
-7581
-7601
-7602
-7579
-7539
-7528
-7485
-7434
-7409
-7430
-7447
-7403
-7396
-7412
-7416
-7463
-7399
-7419
-7461
-7439
-7481
-7512
-7574
-7560
-7573
-7655
-7630
-7616
-7652
-7693
-7651
-7638
-7736
-7666
-7624
-7668
-7660
-7676
-7638
-7624
-7668
-7648
-7640
-7611
-7646
-7676
-7708
-7715
-7687
-7727
-7755
-7742
-7792
-7833
-7829
-7907
-7909
-7880
-7872
-7889
-7819
-7777
-7837
-7831
-7840
-7828
-7813
-7794
-7765
-7782
-7731
-7747
-7807
-7777
-7817
-7898
-7910
-7918
-7932
-7946
-7907
-7913
-7961
-7936
-7967
-8015
-7979
-7982
-8075
-8025
-7988
-8036
-8037
-7979
-8008
-7987
-7841
-7868
-7891
-7908
-7973
-7947
-7923
-7942
-7942
-7913
-7904
-7894
-7895
-7979
-7972
-8018
-8107
-8033
-8049
-8081
-8090
-8077
-8101
-8135
-8110
-8136
-8150
-8140
-8113
-8113
-8083
-8092
-8128
-8135
-8097
-8064
-8060
-8080
-8078
-8067
-8094
-8078
-8093
-8125
-8101
-8091
-8137
-8139
-8127
-8156
-8242
-8208
-8168
-8244
-8232
-8213
-8240
-8288
-8259
-8243
-8269
-8210
-8214
-8253
-8230
-8228
-8243
-8277
-8253
-8224
-8242
-8231
-8193
-8178
-8183
-8154
-8160
-8180
-8176
-8193
-8252
-8222
-8165
-8171
-8176
-8116
-8079
-8088
-8113
-8070
-8081
-8105
-8043
-8021
-8005
-8028
-7990
-8000
-8033
-8078
-8105
-8131
-8215
-8250
-8212
-8245
-8266
-8254
-8249
-8244
-8232
-8225
-8209
-8192
-8196
-8210
-8167
-8124
-8172
-8100
-8059
-8046
-8055
-8065
-8077
-8059
-8068
-8051
-8045
-8019
-8041
-8092
-8080
-8089
-8081
-8089
-8098
-8111
-8144
-8157
-8137
-8188
-8124
-8072
-8124
-8148
-8089
-8169
-8173
-8094
-8127
-8139
-8068
-8068
-8060
-8011
-8011
-7980
-7987
-7994
-8019
-7995
-8002
-8024
-8032
-7981
-8026
-8018
-7933
-7927
-7907
-7841
-7817
-7855
-7830
-7807
-7817
-7786
-7739
-7757
-7769
-7715
-7718
-7757
-7726
-7705
-7721
-7707
-7683
-7712
-7697
-7705
-7706
-7714
-7730
-7700
-7720
-7724
-7757
-7812
-7765
-7748
-7765
-7744
-7746
-7772
-7728
-7698
-7735
-7719
-7698
-7776
-7793
-7707
-7704
-7681
-7641
-7581
-7522
-7509
-7518
-7511
-7483
-7515
-7529
-7499
-7499
-7525
-7538
-7537
-7504
-7507
-7530
-7443
-7426
-7468
-7446
-7384
-7419
-7436
-7357
-7378
-7406
-7372
-7347
-7421
-7485
-7483
-7505
-7533
-7499
-7486
-7508
-7493
-7466
-7518
-7482
-7437
-7466
-7452
-7385
-7381
-7446
-7393
-7352
-7396
-7333
-7226
-7254
-7237
-7170
-7176
-7241
-7213
-7235
-7302
-7321
-7307
-7319
-7333
-7308
-7311
-7327
-7339
-7370
-7392
-7434
-7465
-7451
-7460
-7456
-7507
-7496
-7509
-7522
-7531
-7472
-7478
-7486
-7435
-7454
-7467
-7458
-7453
-7481
-7444
-7479
-7482
-7469
-7482
-7482
-7484
-7546
-7546
-7518
-7518
-7527
-7513
-7509
-7557
-7535
-7540
-7554
-7554
-7542
-7546
-7544
-7552
-7561
-7598
-7621
-7626
-7601
-7606
-7622
-7541
-7522
-7527
-7507
-7466
-7471
-7497
-7533
-7553
-7580
-7618
-7642
-7644
-7569
-7633
-7674
-7613
-7605
-7670
-7689
-7607
-7672
-7719
-7646
-7639
-7656
-7664
-7676
-7643
-7612
-7595
-7606
-7555
-7477
-7509
-7477
-7458
-7533
-7545
-7542
-7564
-7578
-7600
-7587
-7649
-7668
-7663
-7707
-7720
-7730
-7709
-7664
-7682
-7687
-7604
-7600
-7662
-7623
-7594
-7668
-7653
-7648
-7682
-7750
-7747
-7715
-7767
-7802
-7756
-7785
-7825
-7791
-7826
-7814
-7793
-7792
-7798
-7774
-7815
-7875
-7876
-7863
-7929
-7925
-7911
-7976
-7972
-7931
-7953
-7973
-7912
-7888
-7885
-7910
-7877
-7925
-7954
-7879
-7881
-7838
-7834
-7823
-7828
-7879
-7877
-7938
-7966
-8026
-8037
-8028
-8008
-8010
-8039
-7999
-7988
-7969
-7933
-7928
-7928
-7935
-7970
-7949
-7955
-7921
-7997
-7944
-7926
-7995
-8001
-8018
-8041
-8078
-8057
-8100
-8120
-8128
-8130
-8170
-8175
-8205
-8216
-8250
-8287
-8318
-8396
-8427
-8442
-8444
-8417
-8379
-8342
-8332
-8288
-8300
-8247
-8197
-8206
-8144
-8132
-8090
-8112
-8072
-8090
-8084
-8086
-8116
-8125
-8154
-8172
-8203
-8225
-8251
-8286
-8293
-8292
-8371
-8338
-8351
-8310
-8285
-8276
-8240
-8269
-8256
-8216
-8225
-8271
-8246
-8268
-8282
-8261
-8225
-8291
-8283
-8299
-8377
-8392
-8373
-8376
-8375
-8354
-8333
-8265
-8304
-8310
-8308
-8297
-8304
-8280
-8299
-8292
-8259
-8234
-8273
-8234
-8242
-8294
-8229
-8246
-8247
-8289
-8258
-8252
-8280
-8269
-8242
-8307
-8301
-8291
-8325
-8350
-8383
-8345
-8322
-8374
-8383
-8374
-8381
-8390
-8348
-8344
-8357
-8303
-8321
-8283
-8303
-8251
-8254
-8260
-8261
-8209
-8172
-8184
-8142
-8136
-8129
-8063
-8100
-8143
-8048
-8135
-8163
-8149
-8152
-8174
-8167
-8158
-8221
-8259
-8218
-8256
-8262
-8182
-8150
-8136
-8132
-8066
-8109
-8173
-8103
-8170
-8173
-8080
-8056
-8080
-8099
-7995
-8063
-8072
-7995
-8018
-8065
-8053
-8034
-8082
-8097
-8087
-8127
-8103
-8113
-8123
-8167
-8168
-8124
-8155
-8135
-8125
-8169
-8203
-8133
-8188
-8205
-8175
-8141
-8183
-8106
-8082
-8093
-8065
-8040
-8010
-8050
-7951
-7956
-7951
-7935
-7884
-7911
-7891
-7839
-7889
-7877
-7835
-7836
-7882
-7907
-7820
-7917
-7971
-7904
-7950
-7966
-8036
-8016
-8080
-8126
-8091
-8039
-8082
-8081
-8014
-8090
-8069
-8023
-8047
-8116
-8007
-7942
-8039
-8000
-7943
-7945
-7953
-7823
-7880
-7909
-7768
-7806
-7834
-7802
-7768
-7794
-7833
-7791
-7791
-7837
-7822
-7776
-7770
-7804
-7722
-7776
-7798
-7714
-7778
-7827
-7778
-7810
-7838
-7831
-7866
-7869
-7880
-7873
-7861
-7861
-7817
-7746
-7757
-7714
-7652
-7650
-7683
-7662
-7647
-7630
-7607
-7610
-7554
-7606
-7625
-7567
-7642
-7684
-7684
-7710
-7791
-7782
-7744
-7791
-7770
-7764
-7699
-7668
-7701
-7639
-7649
-7678
-7649
-7640
-7621
-7624
-7596
-7601
-7562
-7558
-7585
-7591
-7597
-7570
-7568
-7543
-7556
-7593
-7620
-7594
-7607
-7653
-7595
-7581
-7639
-7622
-7618
-7651
-7678
-7639
-7563
-7583
-7600
-7508
-7554
-7535
-7467
-7513
-7477
-7480
-7474
-7489
-7446
-7450
-7466
-7441
-7431
-7451
-7495
-7462
-7476
-7556
-7568
-7537
-7600
-7619
-7590
-7584
-7631
-7582
-7583
-7650
-7610
-7606
-7634
-7623
-7558
-7605
-7640
-7564
-7555
-7612
-7609
-7562
-7638
-7655
-7610
-7649
-7692
-7680
-7651
-7740
-7740
-7680
-7744
-7808
-7725
-7713
-7758
-7733
-7736
-7785
-7768
-7673
-7716
-7773
-7709
-7686
-7770
-7786
-7738
-7761
-7761
-7709
-7685
-7731
-7746
-7729
-7792
-7769
-7772
-7835
-7833
-7791
-7830
-7864
-7870
-7889
-7946
-7915
-7900
-7935
-7904
-7908
-7863
-7901
-7847
-7820
-7866
-7878
-7827
-7809
-7781
-7808
-7826
-7794
-7829
-7808
-7835
-7824
-7813
-7859
-7888
-7833
-7809
-7888
-7878
-7825
-7869
-7831
-7842
-7847
-7851
-7875
-7864
-7857
-7889
-7882
-7915
-7957
-7925
-7950
-7927
-7922
-7930
-7910
-7927
-7935
-7957
-7979
-7910
-7963
-7979
-7965
-7947
-8007
-7988
-7958
-7966
-7965
-7961
-7952
-7985
-7991
-7956
-7967
-8016
-7900
-7957
-7949
-7939
-7904
-7959
-7973
-7970
-7977
-8003
-8024
-8007
-8075
-8075
-8145
-8115
-8145
-8114
-8141
-8188
-8174
-8240
-8265
-8254
-8278
-8288
-8314
-8231
-8273
-8287
-8240
-8245
-8238
-8258
-8180
-8216
-8280
-8270
-8229
-8277
-8240
-8238
-8252
-8261
-8223
-8192
-8234
-8229
-8227
-8232
-8220
-8200
-8202
-8217
-8190
-8175
-8196
-8134
-8117
-8148
-8101
-8054
-8075
-8045
-8008
-7991
-8046
-8046
-8036
-8041
-8039
-8028
-8028
-8049
-8034
-8042
-8040
-8047
-8029
-8051
-8085
-8083
-8121
-8145
-8102
-8084
-8086
-8063
-8085
-8055
-8010
-8007
-7944
-7950
-7922
-7915
-7941
-7894
-7886
-7864
-7821
-7793
-7810
-7837
-7812
-7824
-7863
-7867
-7882
-7869
-7890
-7880
-7874
-7915
-7899
-7863
-7817
-7804
-7827
-7803
-7850
-7888
-7869
-7899
-7886
-7894
-7877
-7820
-7802
-7796
-7775
-7736
-7714
-7682
-7613
-7605
-7634
-7613
-7611
-7649
-7665
-7685
-7766
-7793
-7779
-7865
-7871
-7839
-7904
-7907
-7936
-7914
-7933
-7958
-7929
-7920
-7889
-7864
-7845
-7864
-7842
-7835
-7834
-7842
-7794
-7829
-7882
-7856
-7897
-7951
-8009
-7980
-8020
-8110
-8047
-8037
-8077
-8063
-8056
-8069
-8109
-8098
-8086
-8081
-8040
-8010
-8035
-8059
-8029
-8041
-8023
-7965
-7956
-8019
-8014
-7952
-7957
-7971
-7950
-7899
-8025
-7997
-7919
-8018
-8023
-8002
-8022
-8053
-8015
-7985
-8051
-8058
-8020
-8045
-8093
-8048
-8002
-8094
-8014
-8003
-8078
-8123
-8114
-8092
-8172
-8121
-8089
-8165
-8136
-8056
-8100
-8164
-8100
-8056
-8107
-8073
-8037
-8076
-8056
-7994
-8038
-7992
-7973
-7998
-8010
-7976
-8023
-8035
-7934
-7988
-7992
-8006
-8009
-7992
-8041
-8100
-8049
-8055
-8119
-8122
-8091
-8127
-8182
-8106
-8131
-8188
-8125
-8143
-8207
-8214
-8183
-8194
-8201
-8134
-8134
-8147
-8085
-8041
-8057
-8053
-8030
-8033
-8039
-7973
-7958
-7986
-7933
-7974
-8011
-8037
-8049
-8066
-8153
-8104
-8103
-8165
-8106
-8044
-8110
-8100
-8000
-7981
-8053
-7994
-7936
-8001
-7987
-7894
-7917
-7968
-7878
-7873
-7885
-7844
-7772
-7827
-7819
-7742
-7755
-7855
-7817
-7744
-7821
-7866
-7829
-7836
-7903
-7908
-7869
-7925
-7981
-7903
-7928
-7883
-7864
-7873
-7916
-7863
-7852
-7918
-7919
-7857
-7828
-7841
-7821
-7806
-7807
-7790
-7711
-7764
-7750
-7755
-7768
-7789
-7788
-7753
-7775
-7782
-7767
-7802
-7791
-7761
-7726
-7790
-7853
-7744
-7720
-7774
-7768
-7751
-7740
-7778
-7796
-7749
-7802
-7831
-7812
-7796
-7782
-7808
-7825
-7704
-7763
-7788
-7695
-7647
-7684
-7707
-7654
-7696
-7716
-7679
-7669
-7707
-7653
-7653
-7683
-7686
-7625
-7598
-7645
-7598
-7547
-7585
-7610
-7593
-7656
-7709
-7678
-7640
-7644
-7733
-7690
-7690
-7692
-7708
-7756
-7711
-7712
-7769
-7789
-7733
-7702
-7745
-7803
-7714
-7798
-7875
-7719
-7746
-7858
-7794
-7778
-7825
-7854
-7742
-7757
-7839
-7778
-7723
-7700
-7736
-7676
-7687
-7698
-7724
-7694
-7661
-7712
-7723
-7712
-7718
-7754
-7782
-7814
-7772
-7772
-7786
-7765
-7746
-7773
-7770
-7770
-7740
-7827
-7866
-7787
-7841
-7848
-7805
-7785
-7815
-7811
-7770
-7774
-7832
-7819
-7874
-7895
-7971
-8011
-7977
-8019
-8045
-8050
-8020
-8065
-8118
-8097
-8129
-8130
-8181
-8130
-8033
-8098
-8066
-8036
-7982
-8059
-8007
-7964
-7975
-8019
-8025
-8029
-8094
-8115
-8094
-8107
-8172
-8174
-8185
-8147
-8215
-8228
-8219
-8218
-8259
-8252
-8213
-8208
-8240
-8135
-8120
-8199
-8204
-8177
-8171
-8191
-8129
-8109
-8160
-8148
-8105
-8049
-8033
-8084
-8065
-8099
-8117
-8126
-8101
-8121
-8146
-8147
-8066
-8088
-8072
-8042
-8081
-8105
-8068
-8038
-8024
-8051
-8033
-7987
-8043
-7977
-7987
-7995
-8020
-7978
-7988
-7973
-8036
-8053
-7993
-7974
-7990
-8025
-8028
-8075
-8103
-8104
-8067
-8096
-8062
-8044
-8069
-8066
-8032
-8033
-8050
-8052
-8071
-8038
-8038
-8065
-7946
-7953
-8021
-8001
-7943
-7990
-8034
-7938
-7960
-8033
-7963
-7984
-8076
-8008
-8051
-8125
-8078
-8050
-8137
-8137
-8059
-8126
-8188
-8084
-8097
-8174
-8129
-8034
-8065
-8116
-8026
-8013
-8096
-8102
-8045
-8100
-8155
-8061
-8078
-8110
-8026
-8101
-8054
-8000
-8050
-8025
-7981
-8002
-8055
-8010
-7967
-8001
-7979
-7958
-7976
-7951
-7954
-7927
-7900
-7949
-7908
-7851
-7888
-7919
-7927
-7836
-7895
-7931
-7901
-7911
-8013
-8022
-8004
-8046
-8132
-8146
-8064
-8189
-8125
-8066
-8108
-8098
-8030
-8048
-8022
-8027
-8031
-7958
-7922
-7951
-7888
-7836
-7853
-7929
-7905
-7886
-7917
-7987
-7895
-7854
-7970
-7894
-7925
-7917
-8038
-7932
-7996
-8014
-8107
-7919
-7989
-8073
-7997
-7977
-7930
-8022
-7933
-7968
-7857
-7962
-7895
-7917
-7892
-7989
-7977
-7903
-7874
-7907
-7913
-7871
-7870
-7946
-7860
-7863
-7945
-7845
-7849
-7900
-7909
-7739
-7862
-7909
-7859
-7767
-7875
-7836
-7820
-7730
-7771
-7787
-7745
-7721
-7770
-7770
-7681
-7740
-7703
-7798
-7756
-7818
-7782
-7832
-7767
-7905
-7847
-7816
-7926
-7906
-7943
-7959
-7985
-8036
-8027
-8006
-8071
-7994
-8065
-7928
-8042
-7951
-7952
-7904
-7833
-7820
-7772
-7763
-7708
-7706
-7700
-7745
-7712
-7778
-7676
-7804
-7744
-7727
-7692
-7730
-7672
-7733
-7762
-7711
-7812
-7813
-7913
-7840
-7926
-7824
-7826
-7894
-7811
-7842
-7808
-7782
-7770
-7647
-7725
-7605
-7576
-7578
-7573
-7585
-7528
-7642
-7681
-7624
-7581
-7723
-7622
-7669
-7600
-7722
-7658
-7620
-7634
-7570
-7655
-7557
-7578
-7508
-7616
-7549
-7547
-7577
-7584
-7515
-7559
-7539
-7482
-7495
-7539
-7475
-7468
-7521
-7511
-7438
-7481
-7528
-7424
-7496
-7507
-7564
-7442
-7651
-7540
-7501
-7555
-7524
-7508
-7436
-7501
-7472
-7441
-7483
-7524
-7414
-7455
-7469
-7396
-7443
-7524
-7523
-7463
-7631
-7649
-7565
-7676
-7592
-7730
-7612
-7720
-7702
-7662
-7714
-7694
-7745
-7653
-7717
-7707
-7668
-7635
-7704
-7648
-7653
-7638
-7600
-7650
-7603
-7637
-7574
-7646
-7688
-7540
-7673
-7610
-7611
-7506
-7528
-7536
-7486
-7516
-7576
-7613
-7622
-7681
-7692
-7757
-7746
-7807
-7781
-7863
-7837
-7855
-7833
-7808
-7804
-7805
-7780
-7800
-7817
-7862
-7875
-7864
-7912
-7812
-7869
-7853
-7842
-7867
-7928
-7950
-7957
-8014
-8008
-7973
-7991
-8011
-8015
-8028
-8056
-8065
-8001
-8067
-8080
-8036
-8083
-8090
-8062
-8070
-8061
-8027
-7999
-7968
-8022
-7961
-7994
-8001
-7907
-7978
-7985
-8029
-7966
-8099
-8150
-8024
-8169
-8136
-8161
-8142
-8161
-8171
-8051
-8086
-8033
-7983
-8000
-7991
-7981
-7984
-7939
-8043
-8025
-7951
-8014
-7942
-7987
-8019
-7959
-7997
-8008
-7991
-7929
-8010
-8027
-7942
-7996
-8021
-8014
-7999
-8018
-8050
-7976
-7942
-7982
-7921
-7868
-7933
-7945
-7901
-7988
-8041
-8045
-8031
-8059
-8000
-8018
-8092
-8136
-8083
-8144
-8263
-8180
-8194
-8262
-8255
-8118
-8156
-8209
-8076
-8049
-8164
-8097
-7943
-8036
-8136
-7982
-7954
-7997
-7985
-7884
-7989
-7935
-7842
-7935
-7900
-7870
-7868
-8007
-7949
-7835
-7924
-7960
-7874
-7848
-7941
-7890
-7821
-7978
-7960
-7954
-8027
-8094
-7989
-7979
-7999
-7962
-7808
-7850
-7901
-7759
-7833
-7825
-7772
-7745
-7831
-7816
-7757
-7802
-7898
-7840
-7830
-7928
-7868
-7832
-7909
-7851
-7823
-7827
-7796
-7744
-7805
-7824
-7822
-7787
-7844
-7868
-7808
-7819
-7852
-7799
-7788
-7834
-7837
-7826
-7830
-7803
-7698
-7786
-7765
-7768
-7701
-7835
-7778
-7821
-7866
-7855
-7783
-7805
-7900
-7833
-7824
-7787
-7900
-7758
-7832
-7878
-7846
-7782
-7833
-7851
-7774
-7839
-7845
-7837
-7798
-7916
-7909
-7843
-7921
-7911
-7882
-7945
-7997
-7954
-7985
-7953
-7909
-7910
-7906
-7943
-7939
-7877
-7983
-7883
-7867
-7948
-7827
-7819
-7865
-7865
-7795
-7856
-7865
-7879
-7863
-7886
-7851
-7854
-7853
-7886
-7921
-7852
-7863
-7906
-7851
-7983
-8054
-7984
-8008
-8046
-8027
-8047
-8119
-8049
-8047
-8063
-8073
-8016
-8061
-8015
-8043
-7979
-8025
-8046
-7930
-7992
-7955
-7941
-7995
-7989
-7966
-7986
-7931
-7949
-8000
-7989
-7982
-8000
-7970
-7991
-8026
-7983
-8084
-8040
-8017
-8072
-8022
-8086
-8041
-8047
-8094
-8108
-8046
-8162
-8099
-8104
-8061
-8115
-8082
-8028
-8106
-7976
-7991
-7908
-8011
-7973
-7999
-7951
-7996
-7943
-7950
-8008
-7981
-7953
-7904
-7953
-7981
-7930
-7892
-7902
-7810
-7840
-7840
-7894
-7791
-7822
-7805
-7750
-7739
-7769
-7738
-7661
-7733
-7682
-7735
-7735
-7761
-7772
-7849
-7843
-7835
-7867
-7856
-7872
-7812
-7919
-7859
-7861
-7845
-7831
-7771
-7688
-7782
-7788
-7728
-7716
-7778
-7747
-7702
-7835
-7839
-7736
-7834
-7893
-7757
-7803
-7866
-7793
-7835
-7839
-7835
-7719
-7788
-7791
-7681
-7668
-7820
-7725
-7672
-7729
-7733
-7683
-7650
-7801
-7656
-7666
-7673
-7657
-7652
-7673
-7726
-7647
-7623
-7648
-7638
-7630
-7707
-7719
-7662
-7741
-7713
-7697
-7687
-7702
-7671
-7674
-7710
-7699
-7665
-7677
-7727
-7587
-7654
-7644
-7603
-7568
-7608
-7617
-7573
-7602
-7583
-7592
-7484
-7531
-7493
-7441
-7516
-7485
-7492
-7532
-7614
-7544
-7544
-7536
-7579
-7524
-7533
-7612
-7568
-7568
-7514
-7583
-7529
-7595
-7556
-7545
-7518
-7529
-7536
-7488
-7527
-7424
-7451
-7442
-7407
-7389
-7370
-7372
-7384
-7399
-7416
-7491
-7451
-7473
-7555
-7488
-7458
-7478
-7448
-7351
-7390
-7393
-7398
-7424
-7420
-7296
-7345
-7363
-7325
-7418
-7382
-7366
-7361
-7442
-7398
-7420
-7421
-7445
-7445
-7388
-7433
-7465
-7421
-7401
-7492
-7473
-7436
-7510
-7555
-7552
-7562
-7537
-7499
-7535
-7478
-7454
-7460
-7394
-7429
-7422
-7417
-7384
-7409
-7384
-7390
-7410
-7435
-7503
-7459
-7432
-7489
-7429
-7528
-7516
-7424
-7497
-7456
-7502
-7501
-7472
-7412
-7427
-7438
-7453
-7415
-7529
-7546
-7526
-7585
-7658
-7615
-7577
-7596
-7617
-7529
-7470
-7512
-7499
-7480
-7448
-7575
-7480
-7588
-7588
-7642
-7638
-7628
-7684
-7673
-7667
-7714
-7733
-7743
-7758
-7733
-7752
-7746
-7698
-7681
-7747
-7754
-7685
-7628
-7697
-7623
-7634
-7568
-7697
-7559
-7587
-7681
-7627
-7592
-7618
-7645
-7629
-7611
-7576
-7637
-7571
-7627
-7609
-7679
-7685
-7730
-7690
-7732
-7686
-7675
-7675
-7743
-7727
-7691
-7788
-7789
-7718
-7742
-7888
-7898
-7883
-7882
-7991
-7915
-7869
-7895
-7979
-7873
-7923
-7938
-7865
-7895
-7943
-7964
-7882
-7915
-7906
-7857
-7844
-7823
-7779
-7760
-7711
-7742
-7723
-7717
-7707
-7731
-7769
-7764
-7737
-7722
-7768
-7809
-7723
-7791
-7830
-7793
-7844
-7916
-7894
-7873
-7887
-7940
-7907
-7888
-7993
-7832
-7837
-7834
-7886
-7781
-7747
-7804
-7779
-7706
-7726
-7706
-7692
-7661
-7665
-7731
-7700
-7805
-7724
-7786
-7850
-7867
-7794
-7893
-7908
-7953
-8001
-7965
-8051
-8099
-8169
-8131
-8085
-8142
-8117
-7996
-7978
-8022
-8001
-7938
-7919
-7944
-7898
-7864
-7851
-7945
-8013
-7884
-7978
-8022
-8021
-7920
-8102
-8071
-7939
-8035
-8066
-8135
-8083
-8076
-8207
-8252
-8127
-8175
-8225
-8141
-8091
-8061
-8124
-8102
-8025
-8140
-8081
-8041
-7992
-8075
-7973
-7924
-7966
-7944
-7863
-7918
-8004
-7944
-7880
-7879
-7966
-7833
-7856
-7895
-7964
-7893
-7937
-7965
-7955
-7984
-7946
-7899
-7945
-7918
-7913
-7955
-7936
-7919
-7934
-7956
-7860
-7828
-7812
-7858
-7695
-7739
-7833
-7741
-7778
-7798
-7803
-7730
-7735
-7851
-7860
-7818
-7825
-7833
-7823
-7873
-7860
-7907
-7884
-7907
-7882
-7945
-7980
-7942
-7999
-8005
-7940
-7973
-8057
-8020
-8048
-8001
-8130
-8055
-7981
-8059
-8020
-7923
-7993
-7955
-7942
-7943
-7927
-7947
-7909
-7916
-7891
-7871
-7881
-7937
-7871
-7854
-7933
-7835
-7739
-7813
-7725
-7756
-7797
-7871
-7894
-7856
-7875
-7881
-7814
-7796
-7883
-7922
-7869
-7902
-7911
-7834
-7866
-7869
-7811
-7835
-7819
-7772
-7768
-7758
-7799
-7730
-7722
-7696
-7636
-7588
-7639
-7580
-7513
-7567
-7598
-7487
-7504
-7577
-7472
-7456
-7514
-7518
-7511
-7518
-7569
-7537
-7575
-7658
-7642
-7599
-7640
-7684
-7626
-7762
-7737
-7695
-7689
-7730
-7667
-7646
-7705
-7677
-7614
-7682
-7728
-7669
-7634
-7682
-7654
-7636
-7708
-7699
-7598
-7609
-7741
-7571
-7602
-7670
-7660
-7543
-7621
-7673
-7617
-7642
-7646
-7583
-7541
-7585
-7608
-7554
-7559
-7635
-7586
-7591
-7614
-7589
-7577
-7641
-7621
-7654
-7628
-7704
-7647
-7652
-7671
-7663
-7675
-7624
-7717
-7680
-7580
-7683
-7704
-7601
-7607
-7650
-7562
-7469
-7656
-7600
-7512
-7580
-7614
-7502
-7525
-7565
-7513
-7449
-7520
-7529
-7501
-7558
-7541
-7546
-7503
-7557
-7524
-7422
-7466
-7505
-7478
-7538
-7551
-7599
-7526
-7515
-7508
-7465
-7486
-7470
-7436
-7465
-7516
-7474
-7389
-7447
-7440
-7337
-7340
-7397
-7394
-7324
-7374
-7402
-7416
-7394
-7499
-7417
-7416
-7504
-7491
-7502
-7510
-7515
-7542
-7554
-7519
-7535
-7551
-7564
-7551
-7577
-7583
-7590
-7527
-7549
-7573
-7545
-7564
-7586
-7578
-7545
-7608
-7594
-7560
-7566
-7576
-7557
-7534
-7590
-7516
-7544
-7567
-7640
-7655
-7655
-7694
-7655
-7680
-7665
-7713
-7672
-7674
-7698
-7682
-7707
-7675
-7709
-7757
-7678
-7747
-7755
-7726
-7793
-7769
-7759
-7808
-7781
-7785
-7830
-7889
-7765
-7811
-7981
-7735
-7794
-7825
-7764
-7874
-7817
-7772
-7774
-7796
-7758
-7783
-7760
-7702
-7769
-7740
-7702
-7714
-7740
-7715
-7709
-7648
-7737
-7730
-7661
-7696
-7642
-7707
-7777
-7802
-7774
-7823
-7857
-7846
-7825
-7926
-7994
-7943
-7922
-7981
-7962
-7953
-7999
-7926
-7939
-7941
-7885
-7878
-7931
-7975
-8019
-8022
-7985
-8025
-7948
-7879
-7953
-7825
-7845
-7894
-7798
-7746
-7786
-7818
-7689
-7787
-7780
-7767
-7805
-7743
-7933
-7861
-7794
-7885
-7939
-8024
-7966
-7979
-7937
-7947
-7939
-7951
-7967
-7925
-7918
-7876
-7894
-7865
-7881
-7894
-7916
-7880
-7815
-7846
-7868
-7736
-7731
-7820
-7696
-7612
-7706
-7724
-7700
-7766
-7727
-7751
-7761
-7758
-7784
-7836
-7834
-7872
-7764
-7820
-7857
-7714
-7772
-7791
-7803
-7854
-7919
-7735
-7799
-7857
-7834
-7778
-7758
-7805
-7759
-7779
-7791
-7838
-7717
-7737
-7772
-7711
-7832
-7764
-7725
-7759
-7704
-7781
-7731
-7714
-7768
-7743
-7748
-7758
-7795
-7786
-7719
-7719
-7741
-7776
-7810
-7733
-7667
-7754
-7704
-7633
-7640
-7714
-7641
-7519
-7533
-7560
-7500
-7569
-7621
-7505
-7673
-7698
-7685
-7671
-7723
-7766
-7686
-7693
-7818
-7721
-7738
-7846
-7751
-7792
-7827
-7761
-7791
-7841
-7757
-7746
-7707
-7776
-7660
-7555
-7621
-7664
-7617
-7685
-7688
-7639
-7640
-7643
-7695
-7662
-7690
-7660
-7736
-7726
-7798
-7863
-7781
-7865
-7886
-7809
-7886
-7880
-7843
-7814
-7875
-7886
-7822
-7864
-7881
-7829
-7820
-7897
-7800
-7766
-7764
-7746
-7705
-7735
-7753
-7731
-7761
-7784
-7785
-7792
-7839
-7908
-7860
-7898
-7922
-7861
-7917
-7883
-7888
-7941
-7944
-7881
-7853
-7848
-7834
-7766
-7730
-7723
-7795
-7700
-7754
-7867
-7730
-7770
-7837
-7826
-7770
-7823
-7815
-7784
-7782
-7800
-7850
-7814
-7839
-7901
-7859
-7845
-7878
-7774
-7816
-7778
-7666
-7759
-7721
-7635
-7637
-7656
-7603
-7697
-7621
-7682
-7756
-7647
-7676
-7687
-7718
-7694
-7746
-7749
-7787
-7736
-7756
-7830
-7799
-7765
-7814
-7777
-7714
-7721
-7696
-7684
-7658
-7637
-7588
-7614
-7586
-7604
-7611
-7628
-7651
-7674
-7691
-7692
-7671
-7654
-7736
-7673
-7696
-7705
-7697
-7747
-7687
-7782
-7738
-7719
-7894
-7764
-7712
-7845
-7797
-7730
-7775
-7761
-7626
-7597
-7607
-7585
-7497
-7547
-7604
-7466
-7518
-7569
-7449
-7416
-7464
-7464
-7407
-7501
-7519
-7390
-7537
-7519
-7453
-7512
-7526
-7538
-7563
-7631
-7613
-7636
-7686
-7732
-7677
-7629
-7726
-7671
-7610
-7658
-7658
-7638
-7577
-7572
-7572
-7447
-7430
-7473
-7400
-7428
-7361
-7273
-7307
-7415
-7414
-7318
-7427
-7491
-7488
-7491
-7606
-7648
-7579
-7703
-7791
-7700
-7738
-7812
-7712
-7663
-7798
-7842
-7762
-7749
-7781
-7796
-7704
-7739
-7682
-7647
-7704
-7634
-7604
-7660
-7684
-7540
-7515
-7600
-7546
-7424
-7520
-7573
-7506
-7521
-7624
-7556
-7550
-7669
-7682
-7689
-7733
-7825
-7753
-7778
-7868
-7779
-7860
-7924
-7842
-7936
-7863
-7832
-7831
-7874
-7872
-7785
-7823
-7795
-7652
-7707
-7725
-7678
-7692
-7669
-7687
-7631
-7711
-7649
-7647
-7604
-7697
-7766
-7703
-7725
-7728
-7778
-7824
-7816
-7842
-7878
-7820
-7841
-7922
-7888
-7816
-7930
-7995
-7980
-8018
-8103
-7975
-8038
-8057
-8069
-8070
-8021
-7998
-8046
-8066
-8038
-7986
-7869
-8001
-7867
-7925
-7926
-7858
-7821
-7872
-7998
-7823
-7814
-7930
-7783
-7821
-7897
-7893
-7834
-7898
-7903
-7849
-7952
-7869
-7823
-7883
-7969
-7787
-7948
-7921
-7962
-7856
-7923
-7925
-7826
-7912
-7879
-7902
-7797
-7943
-7852
-7914
-7828
-7876
-7835
-7892
-7914
-7837
-7872
-7839
-7876
-7806
-7840
-7874
-7733
-7820
-7888
-7771
-7851
-7761
-7746
-7712
-7726
-7744
-7660
-7670
-7721
-7681
-7665
-7698
-7769
-7690
-7757
-7784
-7713
-7818
-7869
-7817
-7804
-7850
-7852
-7871
-7865
-7847
-7851
-7792
-7741
-7858
-7728
-7788
-7829
-7700
