01182016.PTO
COCZ
2012/01/18 20:16:38.9299
100.0000 m/s  
8077 muestras
-9626
-9623
-9626
-9631
-9634
-9635
-9638
-9636
-9636
-9634
-9638
-9639
-9640
-9639
-9637
-9635
-9630
-9628
-9626
-9626
-9620
-9618
-9614
-9614
-9614
-9615
-9616
-9621
-9622
-9621
-9621
-9624
-9627
-9628
-9631
-9633
-9635
-9630
-9629
-9629
-9630
-9630
-9630
-9633
-9631
-9632
-9634
-9636
-9635
-9636
-9639
-9640
-9641
-9641
-9642
-9639
-9639
-9638
-9638
-9637
-9637
-9638
-9637
-9639
-9642
-9638
-9641
-9643
-9642
-9640
-9640
-9640
-9640
-9640
-9637
-9641
-9646
-9648
-9647
-9646
-9648
-9651
-9652
-9655
-9653
-9645
-9642
-9644
-9649
-9655
-9653
-9654
-9651
-9648
-9647
-9640
-9642
-9634
-9634
-9632
-9630
-9629
-9629
-9631
-9634
-9638
-9639
-9643
-9645
-9647
-9645
-9642
-9641
-9641
-9641
-9645
-9643
-9644
-9645
-9647
-9651
-9652
-9651
-9647
-9646
-9644
-9643
-9642
-9644
-9647
-9644
-9645
-9646
-9645
-9643
-9640
-9639
-9639
-9640
-9639
-9637
-9634
-9635
-9632
-9631
-9633
-9635
-9636
-9640
-9643
-9642
-9643
-9639
-9638
-9639
-9639
-9639
-9637
-9638
-9643
-9645
-9647
-9650
-9651
-9651
-9651
-9650
-9652
-9650
-9647
-9643
-9639
-9639
-9638
-9642
-9641
-9640
-9640
-9642
-9642
-9644
-9647
-9644
-9642
-9644
-9642
-9645
-9645
-9646
-9647
-9649
-9651
-9649
-9649
-9651
-9654
-9651
-9650
-9648
-9647
-9648
-9645
-9642
-9643
-9635
-9636
-9632
-9633
-9635
-9637
-9637
-9635
-9636
-9634
-9637
-9633
-9635
-9634
-9634
-9635
-9636
-9634
-9639
-9636
-9637
-9636
-9636
-9639
-9640
-9638
-9634
-9637
-9635
-9634
-9634
-9640
-9640
-9645
-9645
-9649
-9652
-9649
-9646
-9647
-9649
-9649
-9652
-9652
-9651
-9648
-9646
-9643
-9637
-9624
-9608
-9601
-9632
-9715
-9825
-9902
-9898
-9825
-9719
-9585
-9432
-9334
-9361
-9516
-9705
-9826
-9851
-9785
-9657
-9523
-9466
-9523
-9633
-9742
-9835
-9913
-9903
-9794
-9685
-9641
-9605
-9503
-9375
-9340
-9436
-9565
-9657
-9751
-9902
-10039
-10034
-9839
-9540
-9276
-9167
-9278
-9563
-9877
-10063
-10061
-9892
-9615
-9363
-9324
-9544
-9816
-9876
-9683
-9390
-9182
-9198
-9514
-10036
-10477
-10533
-10169
-9640
-9209
-9007
-9080
-9408
-9817
-10072
-10085
-9960
-9792
-9626
-9527
-9555
-9667
-9710
-9616
-9487
-9450
-9579
-9844
-10115
-10227
-10095
-9804
-9487
-9279
-9287
-9496
-9711
-9756
-9635
-9554
-9685
-9928
-10054
-9981
-9814
-9647
-9525
-9467
-9480
-9540
-9641
-9757
-9859
-9912
-9868
-9700
-9501
-9483
-9714
-9997
-10041
-9787
-9481
-9400
-9558
-9789
-9978
-10073
-10007
-9751
-9420
-9227
-9324
-9649
-9950
-10043
-9935
-9742
-9595
-9575
-9643
-9760
-9902
-9959
-9844
-9633
-9442
-9328
-9358
-9590
-9950
-10212
-10156
-9805
-9461
-9344
-9410
-9527
-9646
-9702
-9648
-9566
-9577
-9701
-9829
-9900
-9935
-9938
-9849
-9630
-9383
-9264
-9303
-9454
-9688
-9905
-9948
-9822
-9679
-9578
-9520
-9560
-9740
-9935
-9940
-9744
-9587
-9624
-9715
-9712
-9686
-9712
-9698
-9600
-9460
-9370
-9425
-9645
-9946
-10168
-10156
-9868
-9481
-9206
-9151
-9315
-9615
-9848
-9857
-9707
-9619
-9714
-9870
-9895
-9766
-9650
-9634
-9619
-9523
-9444
-9499
-9671
-9878
-10041
-10095
-9971
-9670
-9359
-9253
-9381
-9567
-9665
-9695
-9738
-9780
-9770
-9718
-9684
-9659
-9629
-9644
-9734
-9822
-9807
-9685
-9538
-9468
-9522
-9671
-9783
-9768
-9656
-9575
-9590
-9653
-9672
-9614
-9532
-9523
-9652
-9842
-9933
-9814
-9573
-9450
-9560
-9738
-9770
-9649
-9525
-9456
-9388
-9339
-9407
-9619
-9834
-9944
-9964
-9903
-9735
-9503
-9348
-9382
-9564
-9750
-9810
-9714
-9572
-9510
-9584
-9736
-9821
-9767
-9670
-9620
-9601
-9575
-9548
-9553
-9605
-9675
-9729
-9768
-9789
-9742
-9629
-9565
-9637
-9777
-9851
-9817
-9724
-9635
-9557
-9481
-9429
-9412
-9406
-9432
-9553
-9733
-9847
-9874
-9877
-9879
-9859
-9795
-9691
-9570
-9463
-9414
-9481
-9647
-9792
-9802
-9719
-9636
-9590
-9595
-9643
-9693
-9681
-9630
-9627
-9702
-9756
-9723
-9676
-9679
-9672
-9612
-9575
-9622
-9690
-9683
-9662
-9737
-9836
-9796
-9611
-9441
-9414
-9473
-9527
-9566
-9617
-9695
-9790
-9884
-9930
-9872
-9722
-9584
-9516
-9487
-9474
-9486
-9513
-9533
-9583
-9711
-9852
-9881
-9801
-9718
-9673
-9647
-9630
-9615
-9615
-9626
-9609
-9573
-9560
-9594
-9639
-9642
-9612
-9629
-9709
-9797
-9824
-9748
-9603
-9513
-9540
-9629
-9667
-9580
-9448
-9413
-9525
-9680
-9771
-9788
-9774
-9756
-9716
-9642
-9551
-9463
-9414
-9450
-9559
-9641
-9629
-9576
-9537
-9534
-9590
-9726
-9865
-9888
-9775
-9638
-9577
-9560
-9523
-9463
-9428
-9426
-9442
-9496
-9600
-9707
-9737
-9681
-9630
-9647
-9696
-9689
-9583
-9440
-9376
-9438
-9584
-9718
-9763
-9722
-9667
-9640
-9611
-9573
-9534
-9519
-9552
-9630
-9701
-9706
-9619
-9492
-9433
-9476
-9539
-9529
-9482
-9490
-9604
-9777
-9907
-9910
-9795
-9622
-9473
-9396
-9370
-9346
-9309
-9328
-9450
-9622
-9772
-9874
-9947
-9957
-9860
-9694
-9550
-9478
-9407
-9328
-9331
-9472
-9657
-9734
-9684
-9583
-9531
-9556
-9622
-9676
-9678
-9637
-9602
-9628
-9686
-9694
-9630
-9540
-9473
-9443
-9465
-9506
-9530
-9536
-9589
-9738
-9898
-9921
-9778
-9582
-9459
-9440
-9469
-9482
-9475
-9487
-9526
-9601
-9696
-9779
-9818
-9803
-9743
-9654
-9561
-9517
-9536
-9558
-9544
-9533
-9559
-9585
-9563
-9529
-9561
-9661
-9758
-9801
-9776
-9678
-9552
-9467
-9479
-9552
-9601
-9587
-9552
-9547
-9568
-9609
-9662
-9722
-9764
-9752
-9718
-9697
-9663
-9573
-9465
-9459
-9554
-9629
-9606
-9540
-9526
-9581
-9646
-9711
-9788
-9840
-9821
-9758
-9688
-9613
-9530
-9460
-9431
-9445
-9502
-9592
-9696
-9767
-9777
-9758
-9736
-9676
-9580
-9508
-9502
-9519
-9527
-9558
-9638
-9722
-9739
-9694
-9657
-9671
-9697
-9690
-9652
-9603
-9584
-9634
-9717
-9773
-9749
-9669
-9588
-9530
-9493
-9483
-9528
-9649
-9795
-9882
-9908
-9900
-9851
-9739
-9588
-9474
-9434
-9428
-9428
-9467
-9565
-9707
-9854
-9958
-9962
-9844
-9695
-9595
-9575
-9583
-9578
-9569
-9585
-9641
-9708
-9777
-9811
-9782
-9700
-9608
-9563
-9579
-9606
-9611
-9625
-9695
-9781
-9813
-9755
-9635
-9519
-9464
-9492
-9576
-9658
-9719
-9767
-9802
-9810
-9787
-9748
-9694
-9617
-9526
-9490
-9538
-9611
-9639
-9641
-9691
-9801
-9893
-9892
-9814
-9714
-9627
-9574
-9579
-9609
-9613
-9585
-9582
-9647
-9742
-9789
-9765
-9716
-9689
-9692
-9716
-9728
-9687
-9604
-9532
-9543
-9631
-9702
-9697
-9668
-9693
-9767
-9822
-9813
-9748
-9667
-9625
-9641
-9697
-9740
-9729
-9678
-9623
-9600
-9622
-9657
-9671
-9654
-9650
-9698
-9776
-9826
-9822
-9763
-9695
-9646
-9597
-9543
-9505
-9509
-9543
-9599
-9692
-9818
-9906
-9891
-9800
-9716
-9675
-9639
-9581
-9515
-9476
-9505
-9619
-9784
-9880
-9852
-9780
-9757
-9763
-9709
-9610
-9548
-9567
-9628
-9690
-9746
-9771
-9727
-9637
-9577
-9583
-9618
-9643
-9668
-9709
-9753
-9786
-9815
-9826
-9800
-9714
-9614
-9537
-9491
-9470
-9475
-9548
-9676
-9819
-9918
-9952
-9911
-9798
-9655
-9533
-9486
-9512
-9561
-9602
-9628
-9675
-9752
-9818
-9831
-9780
-9709
-9667
-9662
-9651
-9619
-9609
-9640
-9677
-9690
-9688
-9684
-9662
-9614
-9586
-9617
-9687
-9732
-9749
-9760
-9778
-9782
-9741
-9673
-9603
-9552
-9510
-9501
-9537
-9602
-9674
-9732
-9781
-9800
-9780
-9754
-9732
-9681
-9592
-9527
-9542
-9605
-9641
-9633
-9630
-9665
-9731
-9795
-9830
-9815
-9754
-9683
-9646
-9635
-9612
-9560
-9522
-9539
-9606
-9682
-9733
-9748
-9722
-9695
-9706
-9742
-9746
-9699
-9641
-9630
-9641
-9637
-9616
-9598
-9610
-9631
-9657
-9676
-9690
-9692
-9684
-9685
-9714
-9766
-9804
-9790
-9703
-9572
-9471
-9459
-9527
-9612
-9658
-9697
-9778
-9876
-9903
-9839
-9742
-9663
-9609
-9571
-9547
-9551
-9576
-9603
-9663
-9770
-9872
-9896
-9830
-9737
-9672
-9640
-9630
-9621
-9614
-9615
-9642
-9713
-9776
-9754
-9667
-9597
-9590
-9624
-9669
-9723
-9771
-9796
-9803
-9814
-9803
-9741
-9630
-9527
-9485
-9501
-9567
-9665
-9755
-9813
-9852
-9901
-9922
-9862
-9735
-9615
-9556
-9544
-9553
-9585
-9640
-9701
-9742
-9784
-9841
-9864
-9815
-9719
-9645
-9638
-9671
-9688
-9682
-9682
-9701
-9726
-9728
-9705
-9664
-9632
-9641
-9697
-9771
-9813
-9819
-9803
-9773
-9722
-9662
-9629
-9623
-9610
-9586
-9599
-9666
-9734
-9758
-9760
-9783
-9813
-9816
-9790
-9733
-9653
-9583
-9557
-9580
-9625
-9656
-9674
-9692
-9710
-9731
-9759
-9774
-9757
-9721
-9693
-9694
-9686
-9639
-9578
-9559
-9595
-9650
-9699
-9739
-9765
-9761
-9743
-9720
-9690
-9647
-9626
-9644
-9673
-9660
-9627
-9629
-9655
-9666
-9643
-9644
-9684
-9724
-9726
-9705
-9704
-9731
-9753
-9736
-9692
-9637
-9581
-9549
-9554
-9592
-9647
-9695
-9742
-9780
-9807
-9814
-9786
-9713
-9619
-9538
-9490
-9490
-9519
-9561
-9621
-9705
-9788
-9823
-9803
-9746
-9685
-9631
-9590
-9592
-9623
-9656
-9668
-9670
-9678
-9683
-9671
-9651
-9630
-9619
-9624
-9663
-9717
-9750
-9744
-9722
-9704
-9682
-9645
-9587
-9534
-9494
-9488
-9543
-9659
-9777
-9836
-9830
-9812
-9791
-9742
-9646
-9536
-9471
-9479
-9548
-9636
-9698
-9716
-9706
-9714
-9742
-9735
-9690
-9643
-9636
-9654
-9661
-9647
-9640
-9645
-9648
-9645
-9647
-9653
-9656
-9641
-9625
-9641
-9697
-9766
-9791
-9761
-9692
-9621
-9568
-9551
-9554
-9566
-9582
-9613
-9664
-9710
-9738
-9739
-9710
-9662
-9630
-9639
-9658
-9627
-9555
-9513
-9544
-9608
-9644
-9647
-9653
-9669
-9698
-9732
-9748
-9715
-9638
-9587
-9581
-9585
-9556
-9526
-9541
-9585
-9624
-9668
-9721
-9751
-9727
-9680
-9665
-9669
-9655
-9605
-9559
-9549
-9577
-9608
-9632
-9644
-9648
-9644
-9637
-9632
-9629
-9632
-9633
-9642
-9658
-9675
-9678
-9661
-9608
-9537
-9494
-9511
-9573
-9642
-9696
-9734
-9757
-9753
-9722
-9671
-9604
-9536
-9496
-9499
-9540
-9594
-9637
-9666
-9702
-9738
-9752
-9732
-9679
-9612
-9563
-9552
-9569
-9593
-9614
-9645
-9675
-9686
-9661
-9614
-9589
-9598
-9621
-9651
-9693
-9736
-9749
-9716
-9667
-9627
-9595
-9566
-9541
-9524
-9520
-9544
-9614
-9708
-9768
-9768
-9741
-9710
-9673
-9614
-9549
-9509
-9503
-9525
-9562
-9621
-9686
-9738
-9753
-9728
-9686
-9652
-9633
-9612
-9589
-9583
-9609
-9652
-9672
-9662
-9642
-9623
-9614
-9614
-9625
-9647
-9675
-9701
-9720
-9735
-9736
-9703
-9629
-9549
-9507
-9526
-9585
-9636
-9660
-9659
-9667
-9695
-9731
-9744
-9713
-9664
-9618
-9587
-9571
-9569
-9576
-9593
-9625
-9661
-9690
-9705
-9700
-9674
-9654
-9663
-9698
-9716
-9695
-9653
-9626
-9621
-9622
-9629
-9643
-9657
-9680
-9716
-9751
-9764
-9737
-9689
-9648
-9629
-9626
-9636
-9645
-9633
-9609
-9609
-9650
-9695
-9707
-9690
-9678
-9685
-9704
-9712
-9709
-9681
-9648
-9634
-9641
-9650
-9632
-9605
-9599
-9624
-9681
-9745
-9792
-9803
-9784
-9760
-9740
-9709
-9655
-9589
-9546
-9569
-9626
-9686
-9726
-9762
-9799
-9813
-9790
-9746
-9710
-9677
-9641
-9619
-9641
-9685
-9717
-9720
-9702
-9679
-9671
-9689
-9716
-9724
-9706
-9701
-9731
-9771
-9774
-9731
-9690
-9672
-9665
-9650
-9626
-9611
-9621
-9670
-9747
-9828
-9864
-9845
-9789
-9719
-9654
-9608
-9594
-9594
-9614
-9653
-9717
-9785
-9810
-9792
-9766
-9749
-9731
-9703
-9685
-9689
-9697
-9696
-9694
-9707
-9724
-9731
-9726
-9717
-9710
-9708
-9711
-9725
-9743
-9753
-9758
-9764
-9762
-9724
-9667
-9616
-9595
-9605
-9638
-9680
-9727
-9759
-9768
-9769
-9763
-9744
-9704
-9651
-9616
-9622
-9643
-9652
-9656
-9675
-9710
-9745
-9757
-9753
-9736
-9721
-9713
-9706
-9703
-9689
-9670
-9661
-9655
-9647
-9646
-9653
-9676
-9704
-9720
-9725
-9727
-9729
-9729
-9714
-9681
-9653
-9637
-9629
-9629
-9631
-9638
-9649
-9672
-9701
-9721
-9722
-9700
-9670
-9656
-9669
-9692
-9692
-9665
-9635
-9631
-9640
-9631
-9616
-9622
-9660
-9714
-9754
-9766
-9759
-9735
-9697
-9656
-9617
-9597
-9591
-9597
-9614
-9635
-9666
-9705
-9739
-9750
-9736
-9714
-9697
-9678
-9646
-9609
-9597
-9625
-9676
-9719
-9729
-9714
-9680
-9653
-9640
-9647
-9671
-9689
-9695
-9702
-9714
-9716
-9697
-9654
-9613
-9579
-9579
-9608
-9643
-9669
-9692
-9733
-9772
-9790
-9762
-9704
-9645
-9599
-9574
-9586
-9614
-9643
-9672
-9712
-9763
-9794
-9788
-9755
-9704
-9663
-9638
-9637
-9652
-9663
-9668
-9677
-9699
-9706
-9699
-9673
-9657
-9651
-9658
-9674
-9702
-9730
-9730
-9710
-9692
-9690
-9681
-9649
-9607
-9596
-9622
-9670
-9709
-9731
-9733
-9737
-9744
-9748
-9729
-9683
-9636
-9613
-9617
-9631
-9650
-9671
-9697
-9713
-9727
-9736
-9733
-9712
-9676
-9653
-9653
-9667
-9680
-9679
-9663
-9641
-9632
-9650
-9683
-9711
-9729
-9743
-9751
-9742
-9713
-9685
-9666
-9654
-9642
-9641
-9664
-9687
-9679
-9663
-9670
-9704
-9738
-9740
-9720
-9703
-9696
-9692
-9685
-9677
-9661
-9647
-9646
-9651
-9649
-9643
-9649
-9667
-9693
-9718
-9736
-9748
-9746
-9720
-9669
-9620
-9594
-9585
-9583
-9599
-9639
-9691
-9733
-9756
-9755
-9734
-9699
-9664
-9639
-9628
-9625
-9621
-9630
-9652
-9681
-9702
-9716
-9705
-9683
-9662
-9660
-9675
-9685
-9695
-9706
-9715
-9718
-9714
-9695
-9669
-9637
-9614
-9614
-9638
-9674
-9710
-9745
-9770
-9778
-9764
-9726
-9672
-9617
-9568
-9547
-9564
-9616
-9669
-9712
-9748
-9764
-9751
-9721
-9692
-9674
-9652
-9623
-9613
-9633
-9666
-9674
-9665
-9666
-9692
-9720
-9725
-9703
-9676
-9666
-9687
-9722
-9743
-9735
-9713
-9696
-9681
-9661
-9632
-9614
-9621
-9654
-9692
-9731
-9761
-9762
-9736
-9696
-9667
-9646
-9628
-9609
-9604
-9615
-9638
-9664
-9691
-9712
-9719
-9719
-9724
-9729
-9715
-9696
-9676
-9659
-9647
-9650
-9673
-9695
-9690
-9672
-9671
-9695
-9730
-9742
-9733
-9716
-9705
-9698
-9692
-9677
-9654
-9633
-9631
-9655
-9680
-9690
-9689
-9696
-9709
-9715
-9715
-9708
-9690
-9670
-9663
-9674
-9692
-9689
-9664
-9640
-9634
-9652
-9672
-9691
-9710
-9727
-9744
-9752
-9747
-9721
-9680
-9641
-9621
-9616
-9624
-9645
-9673
-9699
-9718
-9736
-9758
-9762
-9739
-9697
-9659
-9637
-9624
-9626
-9638
-9663
-9692
-9716
-9736
-9742
-9722
-9682
-9650
-9647
-9668
-9692
-9707
-9709
-9706
-9694
-9677
-9661
-9641
-9622
-9619
-9650
-9697
-9723
-9734
-9744
-9755
-9752
-9719
-9676
-9637
-9613
-9600
-9599
-9619
-9664
-9719
-9766
-9786
-9772
-9744
-9718
-9690
-9659
-9632
-9629
-9651
-9684
-9706
-9717
-9720
-9716
-9711
-9699
-9687
-9682
-9681
-9688
-9700
-9716
-9727
-9719
-9698
-9671
-9649
-9639
-9640
-9652
-9669
-9683
-9699
-9723
-9736
-9734
-9713
-9686
-9659
-9629
-9611
-9613
-9633
-9654
-9671
-9697
-9727
-9749
-9749
-9733
-9712
-9688
-9671
-9661
-9663
-9667
-9668
-9674
-9682
-9691
-9689
-9684
-9689
-9708
-9730
-9737
-9735
-9721
-9688
-9654
-9639
-9648
-9662
-9657
-9655
-9668
-9687
-9702
-9706
-9705
-9710
-9713
-9715
-9715
-9698
-9676
-9662
-9658
-9665
-9672
-9680
-9683
-9684
-9676
-9679
-9697
-9719
-9726
-9719
-9715
-9712
-9698
-9669
-9634
-9609
-9607
-9625
-9665
-9714
-9748
-9758
-9752
-9739
-9725
-9695
-9656
-9624
-9605
-9608
-9634
-9667
-9690
-9695
-9696
-9713
-9725
-9712
-9682
-9666
-9673
-9684
-9692
-9695
-9704
-9706
-9694
-9673
-9656
-9645
-9636
-9646
-9664
-9687
-9715
-9746
-9764
-9756
-9716
-9667
-9639
-9620
-9598
-9586
-9603
-9651
-9711
-9749
-9767
-9759
-9727
-9691
-9670
-9656
-9639
-9625
-9630
-9649
-9673
-9692
-9706
-9714
-9708
-9699
-9694
-9694
-9680
-9659
-9656
-9676
-9698
-9702
-9693
-9678
-9661
-9645
-9634
-9641
-9663
-9689
-9718
-9747
-9763
-9756
-9726
-9690
-9660
-9636
-9626
-9626
-9643
-9667
-9686
-9702
-9714
-9722
-9719
-9715
-9706
-9692
-9667
-9647
-9642
-9645
-9645
-9646
-9658
-9676
-9691
-9695
-9694
-9687
-9692
-9698
-9708
-9703
-9682
-9664
-9658
-9663
-9657
-9645
-9650
-9674
-9694
-9707
-9720
-9731
-9732
-9719
-9700
-9685
-9676
-9662
-9654
-9654
-9656
-9659
-9659
-9661
-9664
-9666
-9666
-9674
-9689
-9706
-9717
-9715
-9696
-9665
-9638
-9625
-9625
-9628
-9629
-9648
-9685
-9719
-9733
-9724
-9710
-9698
-9687
-9665
-9640
-9619
-9613
-9622
-9646
-9677
-9708
-9726
-9732
-9726
-9707
-9687
-9670
-9663
-9662
-9668
-9682
-9698
-9705
-9692
-9667
-9644
-9634
-9642
-9661
-9682
-9700
-9713
-9721
-9727
-9723
-9701
-9668
-9640
-9620
-9606
-9604
-9616
-9644
-9675
-9706
-9744
-9769
-9755
-9706
-9653
-9625
-9615
-9618
-9625
-9642
-9666
-9686
-9707
-9722
-9723
-9704
-9678
-9666
-9669
-9674
-9674
-9674
-9678
-9682
-9684
-9674
-9658
-9639
-9629
-9640
-9662
-9684
-9697
-9707
-9719
-9721
-9700
-9675
-9653
-9636
-9618
-9610
-9620
-9645
-9672
-9689
-9699
-9704
-9706
-9706
-9701
-9674
-9640
-9617
-9620
-9637
-9650
-9658
-9663
-9670
-9673
-9674
-9675
-9676
-9677
-9681
-9687
-9690
-9678
-9651
-9625
-9613
-9615
-9628
-9645
-9667
-9680
-9685
-9691
-9701
-9709
-9706
-9693
-9684
-9682
-9668
-9652
-9648
-9652
-9654
-9660
-9671
-9689
-9695
-9686
-9673
-9675
-9683
-9691
-9698
-9693
-9676
-9650
-9637
-9628
-9626
-9624
-9642
-9672
-9698
-9712
-9715
-9717
-9705
-9680
-9652
-9634
-9623
-9621
-9627
-9647
-9676
-9704
-9723
-9729
-9726
-9709
-9694
-9684
-9680
-9681
-9677
-9677
-9683
-9688
-9690
-9685
-9679
-9669
-9656
-9654
-9670
-9695
-9718
-9729
-9736
-9738
-9730
-9709
-9682
-9651
-9632
-9631
-9648
-9682
-9719
-9749
-9769
-9780
-9771
-9749
-9711
-9677
-9655
-9653
-9672
-9698
-9718
-9728
-9732
-9739
-9743
-9736
-9724
-9712
-9706
-9696
-9691
-9692
-9710
-9724
-9725
-9719
-9708
-9699
-9691
-9691
-9694
-9706
-9730
-9764
-9786
-9777
-9746
-9711
-9693
-9684
-9675
-9671
-9674
-9689
-9714
-9734
-9749
-9754
-9745
-9733
-9723
-9713
-9696
-9675
-9660
-9658
-9672
-9686
-9703
-9717
-9723
-9722
-9723
-9721
-9723
-9721
-9715
-9713
-9714
-9711
-9701
-9694
-9684
-9676
-9677
-9687
-9703
-9718
-9724
-9720
-9716
-9714
-9714
-9711
-9697
-9683
-9681
-9684
-9692
-9695
-9693
-9696
-9701
-9711
-9712
-9709
-9709
-9707
-9710
-9712
-9715
-9702
-9681
-9659
-9649
-9658
-9675
-9696
-9712
-9727
-9732
-9737
-9731
-9717
-9698
-9677
-9668
-9660
-9657
-9649
-9657
-9681
-9708
-9726
-9734
-9737
-9724
-9698
-9674
-9663
-9663
-9671
-9680
-9697
-9702
-9700
-9688
-9674
-9665
-9657
-9657
-9667
-9685
-9704
-9716
-9718
-9709
-9695
-9683
-9668
-9656
-9642
-9631
-9636
-9659
-9688
-9707
-9720
-9729
-9729
-9708
-9674
-9637
-9613
-9608
-9619
-9640
-9658
-9677
-9695
-9705
-9703
-9688
-9671
-9664
-9666
-9666
-9665
-9673
-9685
-9692
-9694
-9687
-9679
-9670
-9665
-9663
-9669
-9680
-9689
-9706
-9720
-9720
-9709
-9689
-9664
-9643
-9627
-9624
-9632
-9647
-9661
-9674
-9693
-9708
-9709
-9698
-9681
-9663
-9645
-9629
-9621
-9624
-9632
-9642
-9661
-9675
-9679
-9675
-9671
-9666
-9669
-9674
-9677
-9680
-9675
-9661
-9649
-9643
-9647
-9650
-9657
-9671
-9682
-9695
-9699
-9707
-9707
-9704
-9697
-9690
-9688
-9686
-9680
-9672
-9673
-9678
-9691
-9702
-9707
-9707
-9707
-9704
-9701
-9691
-9683
-9679
-9683
-9691
-9686
-9668
-9657
-9651
-9655
-9669
-9687
-9712
-9725
-9722
-9713
-9699
-9682
-9662
-9644
-9632
-9629
-9643
-9662
-9685
-9704
-9716
-9725
-9725
-9717
-9704
-9688
-9676
-9671
-9672
-9686
-9703
-9713
-9711
-9705
-9702
-9703
-9701
-9694
-9694
-9705
-9725
-9745
-9751
-9744
-9731
-9714
-9701
-9689
-9678
-9662
-9667
-9693
-9719
-9743
-9758
-9766
-9762
-9740
-9705
-9678
-9663
-9658
-9664
-9678
-9700
-9727
-9748
-9755
-9752
-9742
-9731
-9721
-9713
-9705
-9703
-9710
-9725
-9739
-9748
-9747
-9744
-9735
-9721
-9713
-9714
-9726
-9734
-9748
-9764
-9770
-9765
-9743
-9718
-9701
-9693
-9698
-9713
-9730
-9752
-9766
-9782
-9794
-9794
-9785
-9769
-9751
-9733
-9723
-9716
-9722
-9730
-9741
-9760
-9776
-9783
-9779
-9769
-9770
-9770
-9764
-9755
-9752
-9756
-9753
-9744
-9739
-9740
-9740
-9743
-9743
-9747
-9749
-9752
-9760
-9766
-9760
-9745
-9734
-9732
-9734
-9723
-9713
-9712
-9725
-9738
-9749
-9757
-9762
-9761
-9757
-9759
-9756
-9754
-9751
-9748
-9744
-9741
-9737
-9737
-9743
-9745
-9753
-9771
-9786
-9803
-9804
-9795
-9783
-9767
-9754
-9743
-9736
-9733
-9732
-9739
-9757
-9776
-9792
-9795
-9791
-9780
-9767
-9757
-9742
-9727
-9714
-9720
-9742
-9762
-9765
-9751
-9739
-9733
-9731
-9734
-9738
-9749
-9762
-9770
-9772
-9770
-9762
-9750
-9737
-9726
-9723
-9725
-9734
-9748
-9764
-9780
-9797
-9810
-9807
-9789
-9758
-9731
-9712
-9703
-9709
-9722
-9747
-9768
-9781
-9793
-9800
-9794
-9773
-9748
-9732
-9729
-9733
-9744
-9752
-9758
-9767
-9775
-9777
-9775
-9765
-9755
-9761
-9769
-9782
-9792
-9793
-9786
-9776
-9766
-9759
-9747
-9728
-9716
-9721
-9745
-9767
-9783
-9792
-9798
-9800
-9792
-9778
-9759
-9739
-9726
-9721
-9726
-9737
-9752
-9771
-9787
-9796
-9792
-9786
-9780
-9770
-9763
-9759
-9767
-9775
-9779
-9772
-9757
-9751
-9753
-9762
-9769
-9775
-9777
-9778
-9781
-9783
-9780
-9770
-9760
-9751
-9747
-9743
-9740
-9741
-9740
-9742
-9749
-9761
-9771
-9770
-9762
-9749
-9742
-9732
-9727
-9722
-9720
-9721
-9717
-9712
-9714
-9717
-9724
-9732
-9738
-9747
-9749
-9750
-9744
-9726
-9703
-9682
-9677
-9679
-9681
-9689
-9704
-9722
-9736
-9742
-9739
-9733
-9720
-9703
-9691
-9683
-9681
-9675
-9678
-9687
-9694
-9694
-9690
-9684
-9671
-9664
-9664
-9671
-9679
-9680
-9679
-9680
-9675
-9667
-9656
-9647
-9640
-9634
-9635
-9644
-9665
-9685
-9699
-9706
-9699
-9679
-9651
-9623
-9602
-9589
-9590
-9609
-9638
-9660
-9669
-9671
-9665
-9658
-9642
-9629
-9619
-9612
-9611
-9619
-9637
-9648
-9648
-9643
-9646
-9648
-9648
-9643
-9637
-9635
-9637
-9641
-9652
-9658
-9661
-9654
-9642
-9626
-9603
-9593
-9594
-9610
-9627
-9643
-9660
-9670
-9668
-9649
-9622
-9603
-9594
-9589
-9587
-9584
-9590
-9602
-9618
-9636
-9645
-9640
-9635
-9632
-9629
-9620
-9608
-9610
-9614
-9616
-9617
-9619
-9621
-9616
-9612
-9612
-9624
-9632
-9634
-9636
-9639
-9641
-9631
-9624
-9618
-9613
-9605
-9605
-9611
-9624
-9633
-9642
-9655
-9659
-9659
-9654
-9654
-9650
-9642
-9633
-9632
-9636
-9638
-9634
-9632
-9636
-9645
-9656
-9666
-9679
-9684
-9680
-9673
-9670
-9658
-9644
-9633
-9625
-9627
-9631
-9642
-9653
-9665
-9672
-9679
-9687
-9687
-9679
-9662
-9655
-9649
-9648
-9645
-9653
-9669
-9683
-9693
-9693
-9687
-9677
-9672
-9672
-9681
-9688
-9695
-9700
-9704
-9700
-9687
-9674
-9670
-9670
-9672
-9678
-9687
-9705
-9715
-9726
-9734
-9732
-9721
-9702
-9684
-9670
-9664
-9661
-9671
-9692
-9722
-9746
-9759
-9765
-9756
-9745
-9731
-9719
-9708
-9701
-9709
-9727
-9743
-9752
-9753
-9751
-9751
-9739
-9727
-9724
-9730
-9742
-9752
-9754
-9752
-9746
-9736
-9725
-9709
-9696
-9691
-9697
-9713
-9730
-9742
-9757
-9769
-9774
-9767
-9749
-9730
-9714
-9700
-9695
-9699
-9711
-9726
-9735
-9753
-9766
-9772
-9768
-9760
-9749
-9737
-9730
-9729
-9734
-9738
-9740
-9744
-9749
-9749
-9750
-9747
-9749
-9757
-9760
-9762
-9757
-9749
-9740
-9728
-9723
-9725
-9725
-9727
-9727
-9732
-9736
-9741
-9744
-9754
-9755
-9751
-9747
-9742
-9739
-9731
-9727
-9726
-9730
-9734
-9741
-9744
-9747
-9747
-9750
-9759
-9766
-9762
-9753
-9747
-9741
-9734
-9719
-9709
-9702
-9705
-9716
-9735
-9753
-9762
-9764
-9760
-9752
-9737
-9720
-9708
-9705
-9705
-9705
-9713
-9723
-9733
-9734
-9736
-9740
-9741
-9738
-9727
-9723
-9727
-9731
-9734
-9740
-9742
-9736
-9720
-9707
-9701
-9702
-9705
-9714
-9726
-9740
-9747
-9754
-9752
-9738
-9716
-9695
-9684
-9674
-9672
-9674
-9694
-9718
-9740
-9749
-9749
-9739
-9728
-9713
-9699
-9695
-9692
-9698
-9712
-9723
-9732
-9739
-9743
-9745
-9739
-9732
-9726
-9724
-9724
-9723
-9727
-9736
-9737
-9731
-9718
-9704
-9690
-9683
-9682
-9691
-9708
-9719
-9734
-9741
-9737
-9728
-9708
-9694
-9683
-9674
-9674
-9680
-9692
-9705
-9717
-9722
-9732
-9735
-9733
-9727
-9722
-9716
-9706
-9700
-9703
-9710
-9714
-9720
-9724
-9726
-9724
-9724
-9724
-9728
-9729
-9731
-9732
-9731
-9725
-9719
-9712
-9707
-9704
-9702
-9707
-9713
-9717
-9719
-9721
-9727
-9734
-9729
-9723
-9718
-9717
-9713
-9707
-9700
-9701
-9708
-9714
-9722
-9723
-9726
-9726
-9732
-9741
-9743
-9740
-9737
-9730
-9721
-9709
-9699
-9702
-9709
-9717
-9728
-9744
-9754
-9761
-9756
-9745
-9735
-9724
-9713
-9710
-9710
-9711
-9717
-9729
-9745
-9756
-9762
-9759
-9746
-9739
-9737
-9740
-9746
-9751
-9754
-9756
-9758
-9754
-9744
-9726
-9720
-9726
-9733
-9744
-9755
-9761
-9767
-9771
-9768
-9761
-9745
-9729
-9718
-9714
-9718
-9730
-9742
-9755
-9770
-9779
-9784
-9779
-9771
-9754
-9734
-9724
-9720
-9723
-9732
-9748
-9758
-9768
-9768
-9763
-9758
-9750
-9746
-9745
-9752
-9755
-9756
-9754
-9754
-9752
-9747
-9746
-9745
-9743
-9743
-9745
-9758
-9778
-9791
-9797
-9796
-9787
-9774
-9758
-9745
-9737
-9730
-9729
-9740
-9755
-9769
-9775
-9780
-9786
-9784
-9775
-9765
-9750
-9739
-9739
-9742
-9748
-9756
-9760
-9761
-9763
-9757
-9750
-9746
-9752
-9758
-9754
-9750
-9744
-9738
-9731
-9724
-9718
-9719
-9722
-9732
-9744
-9755
-9763
-9766
-9771
-9777
-9772
-9765
-9764
-9760
-9759
-9751
-9744
-9742
-9746
-9751
-9751
-9756
-9759
-9757
-9757
-9755
-9755
-9755
-9752
-9748
-9737
-9724
-9713
-9704
-9706
-9716
-9729
-9743
-9751
-9755
-9747
-9737
-9725
-9710
-9701
-9693
-9693
-9697
-9704
-9709
-9716
-9724
-9730
-9735
-9734
-9726
-9719
-9710
-9707
-9711
-9717
-9721
-9720
-9718
-9715
-9711
-9707
-9707
-9710
-9717
-9725
-9734
-9739
-9739
-9732
-9727
-9715
-9695
-9677
-9667
-9670
-9678
-9693
-9712
-9729
-9739
-9738
-9735
-9723
-9711
-9702
-9696
-9695
-9696
-9704
-9716
-9726
-9737
-9738
-9728
-9724
-9720
-9714
-9713
-9714
-9716
-9719
-9722
-9723
-9720
-9712
-9703
-9699
-9695
-9697
-9697
-9700
-9710
-9721
-9732
-9735
-9726
-9709
-9691
-9677
-9669
-9664
-9669
-9681
-9697
-9711
-9719
-9725
-9731
-9735
-9731
-9723
-9717
-9711
-9714
-9715
-9715
-9721
-9729
-9736
-9735
-9730
-9728
-9727
-9729
-9737
-9743
-9741
-9734
-9731
-9726
-9723
-9716
-9713
-9716
-9718
-9722
-9726
-9731
-9731
-9731
-9732
-9726
-9717
-9712
-9709
-9711
-9718
-9721
-9724
-9725
-9723
-9724
-9725
-9730
-9734
-9736
-9741
-9742
-9742
-9739
-9731
-9726
-9722
-9716
-9711
-9711
-9717
-9727
-9738
-9749
-9753
-9752
-9740
-9727
-9717
-9708
-9705
-9708
-9715
-9723
-9726
-9734
-9744
-9750
-9755
-9754
-9748
-9741
-9733
-9728
-9732
-9737
-9740
-9736
-9734
-9732
-9727
-9720
-9717
-9721
-9731
-9740
-9746
-9750
-9752
-9752
-9745
-9736
-9722
-9707
-9697
-9695
-9700
-9710
-9718
-9724
-9732
-9730
-9724
-9712
-9703
-9695
-9686
-9685
-9689
-9693
-9702
-9715
-9726
-9735
-9734
-9726
-9716
-9712
-9712
-9718
-9722
-9726
-9730
-9729
-9724
-9712
-9703
-9699
-9697
-9698
-9699
-9699
-9705
-9715
-9717
-9717
-9706
-9692
-9681
-9669
-9661
-9659
-9666
-9678
-9695
-9705
-9711
-9711
-9710
-9705
-9699
-9693
-9689
-9681
-9677
-9680
-9679
-9682
-9685
-9687
-9683
-9682
-9677
-9674
-9674
-9674
-9679
-9682
-9685
-9683
-9678
-9673
-9672
-9671
-9674
-9681
-9685
-9693
-9697
-9702
-9705
-9701
-9698
-9695
-9694
-9692
-9685
-9681
-9679
-9680
-9681
-9685
-9687
-9685
-9689
-9688
-9689
-9689
-9688
-9682
-9680
-9677
-9670
-9665
-9663
-9663
-9660
-9660
-9665
-9672
-9685
-9696
-9699
-9694
-9684
-9676
-9671
-9666
-9666
-9669
-9680
-9692
-9695
-9696
-9697
-9695
-9700
-9699
-9694
-9687
-9682
-9683
-9688
-9695
-9696
-9696
-9695
-9693
-9690
-9689
-9693
-9698
-9706
-9716
-9725
-9726
-9722
-9716
-9707
-9698
-9688
-9684
-9683
-9689
-9704
-9717
-9732
-9743
-9746
-9743
-9731
-9716
-9703
-9694
-9692
-9693
-9703
-9709
-9717
-9724
-9726
-9726
-9722
-9719
-9714
-9715
-9715
-9722
-9724
-9729
-9736
-9738
-9735
-9730
-9728
-9725
-9725
-9728
-9736
-9745
-9756
-9762
-9761
-9760
-9753
-9744
-9733
-9722
-9723
-9727
-9738
-9752
-9763
-9771
-9767
-9763
-9751
-9741
-9738
-9737
-9734
-9732
-9737
-9739
-9744
-9752
-9760
-9762
-9761
-9761
-9757
-9758
-9757
-9760
-9763
-9765
-9765
-9764
-9760
-9759
-9759
-9758
-9763
-9764
-9765
-9770
-9774
-9775
-9773
-9768
-9760
-9754
-9749
-9744
-9742
-9748
-9754
-9763
-9765
-9768
-9772
-9778
-9778
-9776
-9772
-9765
-9763
-9761
-9759
-9754
-9748
-9749
-9756
-9759
-9766
-9769
-9780
-9790
-9792
-9790
-9781
-9769
-9756
-9747
-9740
-9740
-9743
-9749
-9760
-9771
-9777
-9785
-9789
-9787
-9780
-9773
-9767
-9761
-9761
-9763
-9767
-9772
-9774
-9771
-9765
-9760
-9755
-9755
-9758
-9766
-9774
-9782
-9783
-9779
-9774
-9768
-9765
-9758
-9753
-9750
-9756
-9769
-9783
-9795
-9800
-9801
-9797
-9785
-9771
-9761
-9754
-9755
-9761
-9769
-9780
-9790
-9798
-9806
-9803
-9797
-9788
-9776
-9769
-9764
-9764
-9765
-9765
-9762
-9761
-9756
-9755
-9753
-9751
-9755
-9759
-9764
-9768
-9771
-9776
-9782
-9782
-9776
-9763
-9749
-9739
-9737
-9742
-9755
-9766
-9780
-9787
-9786
-9780
-9770
-9764
-9759
-9757
-9755
-9751
-9745
-9748
-9747
-9751
-9756
-9756
-9755
-9750
-9752
-9749
-9748
-9750
-9753
-9754
-9750
-9744
-9735
-9730
-9729
-9732
-9737
-9741
-9744
-9751
-9756
-9756
-9753
-9747
-9742
-9734
-9730
-9723
-9722
-9722
-9726
-9735
-9736
-9735
-9733
-9737
-9738
-9737
-9733
-9728
-9722
-9719
-9718
-9717
-9720
-9721
-9718
-9716
-9716
-9715
-9723
-9729
-9734
-9733
-9726
-9719
-9706
-9696
-9692
-9692
-9699
-9707
-9715
-9719
-9719
-9718
-9721
-9723
-9721
-9719
-9711
-9705
-9701
-9705
-9709
-9714
-9715
-9709
-9707
-9701
-9702
-9702
-9706
-9712
-9717
-9717
-9719
-9721
-9713
-9703
-9692
-9688
-9685
-9684
-9684
-9693
-9705
-9717
-9728
-9729
-9721
-9710
-9697
-9685
-9683
-9682
-9682
-9688
-9697
-9708
-9717
-9724
-9726
-9722
-9713
-9704
-9697
-9699
-9702
-9706
-9711
-9707
-9707
-9702
-9699
-9696
-9693
-9694
-9695
-9696
-9699
-9702
-9708
-9715
-9717
-9716
-9707
-9698
-9689
-9686
-9693
-9708
-9726
-9735
-9743
-9744
-9741
-9740
-9735
-9730
-9727
-9721
-9719
-9722
-9724
-9729
-9733
-9736
-9734
-9729
-9724
-9719
-9719
-9716
-9717
-9715
-9717
-9715
-9710
-9709
-9708
-9714
-9717
-9719
-9720
-9723
-9728
-9732
-9736
-9735
-9734
-9728
-9721
-9719
-9717
-9719
-9727
-9737
-9746
-9752
-9755
-9761
-9765
-9770
-9774
-9769
-9763
-9755
-9747
-9746
-9747
-9746
-9750
-9753
-9754
-9754
-9760
-9769
-9780
-9785
-9784
-9780
-9771
-9757
-9751
-9752
-9753
-9758
-9761
-9765
-9768
-9770
-9772
-9774
-9774
-9770
-9763
-9758
-9759
-9760
-9762
-9770
-9779
-9784
-9783
-9781
-9778
-9778
-9783
-9790
-9795
-9799
-9796
-9800
-9804
-9807
-9805
-9801
-9797
-9795
-9796
-9798
-9813
-9825
-9835
-9836
-9832
-9825
-9815
-9807
-9800
-9793
-9787
-9789
-9794
-9802
-9811
-9816
-9820
-9821
-9816
-9807
-9798
-9790
-9790
-9795
-9800
-9802
-9802
-9800
-9793
-9791
-9790
-9790
-9793
-9798
-9802
-9801
-9801
-9804
-9805
-9806
-9801
-9794
-9786
-9776
-9774
-9776
-9786
-9796
-9802
-9806
-9803
-9800
-9791
-9783
-9778
-9775
-9773
-9773
-9774
-9777
-9783
-9791
-9797
-9795
-9794
-9789
-9784
-9780
-9777
-9776
-9774
-9772
-9767
-9760
-9755
-9751
-9749
-9750
-9752
-9753
-9756
-9758
-9760
-9766
-9764
-9759
-9751
-9740
-9736
-9737
-9738
-9746
-9752
-9756
-9759
-9755
-9752
-9747
-9745
-9745
-9743
-9739
-9734
-9731
-9725
-9721
-9720
-9722
-9723
-9720
-9720
-9721
-9719
-9722
-9722
-9719
-9714
-9708
-9701
-9690
-9685
-9683
-9687
-9690
-9694
-9701
-9702
-9707
-9710
-9708
-9703
-9692
-9686
-9682
-9680
-9679
-9682
-9684
-9679
-9679
-9675
-9666
-9662
-9659
-9660
-9661
-9661
-9661
-9663
-9659
-9657
-9650
-9645
-9639
-9634
-9634
-9635
-9642
-9650
-9661
-9662
-9660
-9654
-9643
-9635
-9628
-9629
-9627
-9624
-9627
-9633
-9638
-9646
-9652
-9655
-9650
-9640
-9630
-9626
-9620
-9624
-9627
-9632
-9638
-9638
-9635
-9631
-9632
-9628
-9628
-9629
-9633
-9636
-9638
-9638
-9640
-9637
-9629
-9623
-9615
-9611
-9611
-9609
-9613
-9621
-9629
-9640
-9650
-9654
-9649
-9641
-9634
-9627
-9621
-9620
-9626
-9636
-9644
-9650
-9654
-9652
-9646
-9640
-9638
-9636
-9640
-9641
-9643
-9645
-9644
-9645
-9644
-9649
-9650
-9653
-9655
-9663
-9671
-9673
-9677
-9682
-9687
-9688
-9685
-9683
-9680
-9675
-9675
-9678
-9684
-9688
-9688
-9691
-9695
-9697
-9698
-9698
-9701
-9698
-9693
-9691
-9689
-9692
-9695
-9699
-9703
-9705
-9709
-9713
-9723
-9724
-9722
-9723
-9723
-9725
-9722
-9716
-9713
-9716
-9721
-9731
-9737
-9745
-9750
-9752
-9755
-9754
-9752
-9747
-9746
-9746
-9745
-9746
-9748
-9755
-9760
-9759
-9760
-9757
-9755
-9757
-9758
-9761
-9765
-9767
-9768
-9767
-9764
-9761
-9757
-9755
-9757
-9756
-9759
-9767
-9779
-9784
-9792
-9796
-9792
-9791
-9785
-9780
-9778
-9777
-9777
-9779
-9784
-9788
-9792
-9793
-9794
-9792
-9785
-9778
-9775
-9772
-9768
-9771
-9772
-9773
-9778
-9784
-9786
-9784
-9777
-9775
-9779
-9786
-9795
-9801
-9802
-9801
-9797
-9789
-9785
-9783
-9784
-9784
-9788
-9791
-9799
-9808
-9813
-9816
-9810
-9804
-9801
-9796
-9789
-9785
-9786
-9789
-9793
-9795
-9793
-9795
-9798
-9801
-9803
-9805
-9804
-9801
-9801
-9798
-9796
-9797
-9801
-9803
-9800
-9797
-9794
-9792
-9795
-9797
-9798
-9803
-9805
-9803
-9798
-9794
-9793
-9791
-9788
-9787
-9790
-9794
-9798
-9806
-9811
-9813
-9811
-9804
-9800
-9800
-9802
-9806
-9809
-9807
-9806
-9808
-9810
-9808
-9805
-9801
-9800
-9806
-9809
-9811
-9808
-9800
-9796
-9791
-9789
-9788
-9785
-9781
-9780
-9784
-9795
-9807
-9816
-9819
-9812
-9799
-9785
-9781
-9781
-9791
-9797
-9803
-9808
-9806
-9808
-9803
-9799
-9798
-9797
-9801
-9808
-9811
-9808
-9806
-9802
-9798
-9795
-9793
-9792
-9791
-9793
-9791
-9794
-9801
-9810
-9813
-9813
-9808
-9801
-9791
-9781
-9777
-9781
-9789
-9798
-9807
-9807
-9807
-9811
-9817
-9815
-9808
-9800
-9792
-9787
-9784
-9785
-9790
-9798
-9802
-9794
-9782
-9770
-9764
-9767
-9774
-9784
-9792
-9794
-9790
-9784
-9777
-9769
-9761
-9760
-9761
-9761
-9761
-9766
-9767
-9772
-9776
-9773
-9773
-9772
-9764
-9755
-9748
-9740
-9737
-9737
-9743
-9752
-9756
-9759
-9762
-9764
-9763
-9760
-9763
-9762
-9762
-9760
-9759
-9756
-9751
-9747
-9743
-9744
-9746
-9752
-9755
-9763
-9765
-9766
-9765
-9763
-9763
-9757
-9750
-9743
-9741
-9742
-9750
-9757
-9760
-9759
-9753
-9746
-9743
-9743
-9744
-9744
-9739
-9731
-9725
-9720
-9719
-9725
-9731
-9736
-9737
-9732
-9727
-9733
-9737
-9739
-9740
-9738
-9731
-9727
-9723
-9720
-9723
-9721
-9721
-9722
-9726
-9733
-9737
-9740
-9745
-9739
-9731
-9721
-9714
-9713
-9715
-9715
-9713
-9711
-9710
-9707
-9706
-9710
-9712
-9713
-9712
-9714
-9705
-9701
-9700
-9698
-9698
-9697
-9695
-9690
-9686
-9684
-9690
-9696
-9705
-9706
-9705
-9703
-9702
-9699
-9699
-9693
-9686
-9685
-9686
-9693
-9699
-9708
-9715
-9714
-9706
-9697
-9688
-9685
-9684
-9686
-9687
-9687
-9686
-9685
-9687
-9689
-9698
-9698
-9695
-9687
-9683
-9683
-9684
-9691
-9697
-9699
-9693
-9687
-9678
-9674
-9674
-9680
-9690
-9701
-9710
-9714
-9714
-9710
-9704
-9695
-9687
-9684
-9687
-9691
-9699
-9705
-9710
-9714
-9709
-9703
-9694
-9686
-9682
-9677
-9676
-9679
-9684
-9689
-9695
-9693
-9690
-9690
-9689
-9687
-9688
-9697
-9706
-9711
-9712
-9713
-9706
-9701
-9696
-9692
-9692
-9693
-9700
-9711
-9719
-9725
-9724
-9719
-9714
-9710
-9713
-9713
-9713
-9714
-9714
-9715
-9720
-9718
-9718
-9720
-9719
-9717
-9714
-9708
-9705
-9709
-9710
-9716
-9721
-9720
-9719
-9714
-9710
-9710
-9710
-9713
-9722
-9731
-9740
-9738
-9736
-9730
-9721
-9720
-9722
-9727
-9735
-9741
-9744
-9742
-9743
-9746
-9746
-9752
-9750
-9754
-9746
-9738
-9736
-9734
-9743
-9750
-9759
-9756
-9754
-9750
-9740
-9738
-9738
-9751
-9765
-9772
-9772
-9764
-9765
-9766
-9766
-9764
-9763
-9763
-9755
-9745
-9740
-9741
-9749
-9761
-9773
-9780
-9777
-9763
-9750
-9747
-9748
-9754
-9758
-9765
-9773
-9776
-9780
-9784
-9796
-9798
-9790
-9774
-9758
-9749
-9738
-9738
-9741
-9753
-9758
-9764
-9767
-9765
-9761
-9748
-9741
-9738
-9749
-9764
-9770
-9775
-9777
-9776
-9772
-9768
-9768
-9770
-9768
-9765
-9761
-9759
-9764
-9770
-9779
-9788
-9795
-9796
-9797
-9787
-9776
-9761
-9744
-9740
-9745
-9757
-9775
-9783
-9786
-9790
-9780
-9770
-9756
-9745
-9737
-9737
-9741
-9758
-9777
-9784
-9787
-9787
-9784
-9779
-9766
-9756
-9757
-9765
-9780
-9782
-9777
-9770
-9761
-9755
-9751
-9751
-9751
-9753
-9753
-9756
-9763
-9762
-9762
-9758
-9758
-9764
-9763
-9763
-9754
-9746
-9740
-9739
-9746
-9753
-9762
-9770
-9768
-9762
-9757
-9755
-9752
-9746
-9738
-9733
-9731
-9731
-9734
-9739
-9741
-9739
-9741
-9743
-9743
-9743
-9738
-9735
-9732
-9727
-9724
-9723
-9724
-9728
-9732
-9736
-9738
-9737
-9742
-9745
-9751
-9754
-9752
-9748
-9739
-9728
-9721
-9716
-9720
-9733
-9742
-9747
-9747
-9745
-9736
-9725
-9713
-9703
-9694
-9694
-9701
-9710
-9718
-9726
-9727
-9722
-9716
-9711
-9710
-9714
-9719
-9716
-9714
-9712
-9714
-9713
-9708
-9705
-9702
-9702
-9707
-9710
-9707
-9703
-9699
-9697
-9701
-9709
-9711
-9709
-9705
-9699
-9698
-9701
-9707
-9713
-9715
-9712
-9711
-9714
-9715
-9717
-9712
-9705
-9701
-9700
-9701
-9706
-9711
-9715
-9719
-9720
-9718
-9712
-9712
-9712
-9713
-9716
-9715
-9714
-9709
-9708
-9709
-9713
-9721
-9724
-9723
-9722
-9722
-9724
-9726
-9726
-9727
-9725
-9726
-9724
-9723
-9724
-9727
-9734
-9733
-9730
-9727
-9721
-9716
-9717
-9717
-9721
-9725
-9729
-9734
-9738
-9743
-9746
-9747
-9746
-9741
-9735
-9729
-9722
-9720
-9723
-9730
-9735
-9741
-9744
-9749
-9746
-9740
-9733
-9724
-9719
-9715
-9716
-9720
-9727
-9734
-9736
-9736
-9740
-9739
-9740
-9739
-9738
-9736
-9736
-9740
-9744
-9747
-9748
-9751
-9753
-9752
-9750
-9749
-9751
-9758
-9762
-9766
-9763
-9761
-9753
-9750
-9746
-9741
-9740
-9739
-9739
-9743
-9747
-9747
-9752
-9752
-9755
-9756
-9757
-9753
-9751
-9750
-9754
-9759
-9763
-9768
-9767
-9766
-9760
-9759
-9756
-9758
-9759
-9761
-9762
-9762
-9761
-9756
-9753
-9750
-9749
-9744
-9743
-9746
-9751
-9753
-9758
-9763
-9764
-9765
-9761
-9757
-9755
-9749
-9746
-9749
-9750
-9747
-9745
-9743
-9743
-9748
-9748
-9751
-9758
-9763
-9767
-9772
-9770
-9762
-9757
-9751
-9751
-9755
-9760
-9769
-9778
-9779
-9777
-9776
-9779
-9773
-9767
-9764
-9760
-9756
-9751
-9751
-9753
-9757
-9763
-9766
-9769
-9769
-9766
-9764
-9762
-9765
-9766
-9769
-9772
-9773
-9779
-9777
-9777
-9776
-9772
-9770
-9767
-9764
-9763
-9759
-9759
-9759
-9757
-9754
-9755
-9758
-9759
-9761
-9763
-9770
-9779
-9785
-9787
-9790
-9792
-9789
-9784
-9786
-9784
-9784
-9786
-9786
-9792
-9797
-9793
-9790
-9792
-9792
-9796
-9794
-9794
-9795
-9795
-9795
-9795
-9797
-9799
-9797
-9795
-9796
-9798
-9799
-9801
-9808
-9811
-9812
-9814
-9811
-9808
-9803
-9799
-9801
-9799
-9798
-9797
-9795
-9801
-9805
-9809
-9816
-9819
-9814
-9809
-9805
-9805
-9810
-9809
-9813
-9818
-9820
-9821
-9821
-9822
-9820
-9818
-9815
-9815
-9819
-9817
-9820
-9823
-9820
-9812
-9805
-9802
-9801
-9801
-9800
-9806
-9806
-9808
-9810
-9815
-9818
-9818
-9816
-9812
-9807
-9797
-9788
-9787
-9791
-9793
-9798
-9797
-9796
-9792
-9786
-9782
-9783
-9786
-9785
-9789
-9791
-9790
-9790
-9788
-9786
-9786
-9782
-9781
-9781
-9780
-9779
-9777
-9779
-9780
-9777
-9774
-9770
-9767
-9762
-9762
-9761
-9768
-9774
-9774
-9778
-9778
-9775
-9769
-9763
-9759
-9759
-9755
-9753
-9754
-9753
-9752
-9750
-9753
-9755
-9755
-9753
-9748
-9747
-9742
-9737
-9733
-9734
-9736
-9730
-9729
-9731
-9730
-9731
-9734
-9737
-9742
-9740
-9739
-9742
-9736
-9728
-9725
-9725
-9723
-9721
-9721
-9720
-9723
-9720
-9718
-9717
-9716
-9712
-9710
-9714
-9714
-9710
-9707
-9707
-9710
-9711
-9708
-9704
-9702
-9702
-9698
-9695
-9702
-9705
-9707
-9706
-9704
-9702
-9691
-9685
-9682
-9683
-9684
-9687
-9693
-9696
-9697
-9697
-9698
-9702
-9703
-9699
-9696
-9696
-9695
-9697
-9700
-9705
-9707
-9702
-9700
-9697
-9693
-9685
-9681
-9678
-9679
-9681
-9684
-9687
-9689
-9685
-9679
-9675
-9672
-9667
-9667
-9671
-9676
-9679
-9680
-9682
-9683
-9683
-9678
-9678
-9676
-9674
-9669
-9669
-9672
-9680
-9685
-9691
-9691
-9688
-9685
-9683
-9685
-9685
-9688
-9685
-9688
-9688
-9689
-9688
-9691
-9694
-9694
-9696
-9698
-9701
-9699
-9698
-9702
-9708
-9711
-9710
-9704
-9698
-9693
-9691
-9695
-9702
-9703
-9704
-9701
-9700
-9696
-9692
-9692
-9692
-9695
-9692
-9691
-9691
-9695
-9695
-9696
-9696
-9696
-9694
-9695
-9701
-9704
-9706
-9700
-9697
-9697
-9698
-9701
-9702
-9707
-9710
-9708
-9711
-9713
-9716
-9719
-9726
-9730
-9731
-9727
-9719
-9715
-9714
-9718
-9719
-9723
-9725
-9722
-9719
-9719
-9722
-9723
-9724
-9724
-9723
-9721
-9718
-9717
-9716
-9717
-9717
-9716
-9714
-9709
-9709
-9710
-9713
-9718
-9722
-9723
-9725
-9728
-9725
-9724
-9726
-9725
-9727
-9730
-9730
-9737
-9743
-9750
-9750
-9747
-9743
-9737
-9734
-9731
-9732
-9731
-9733
-9735
-9735
-9733
-9733
-9730
-9730
-9728
-9730
-9735
-9735
-9737
-9738
-9743
-9744
-9741
-9737
-9732
-9734
-9733
-9732
-9738
-9744
-9747
-9747
-9748
-9750
-9750
-9750
-9749
-9746
-9740
-9737
-9736
-9738
-9742
-9749
-9754
-9757
-9756
-9751
-9748
-9749
-9750
-9753
-9754
-9755
-9755
-9755
-9756
-9761
-9763
-9765
-9765
-9764
-9767
-9769
-9769
-9769
-9769
-9766
-9763
-9761
-9763
-9762
-9763
-9768
-9771
-9776
-9778
-9783
-9786
-9785
-9784
-9784
-9787
-9791
-9790
-9791
-9794
-9793
-9795
-9793
-9796
-9796
-9794
-9794
-9791
-9794
-9794
-9797
-9796
-9794
-9794
-9791
-9792
-9794
-9793
-9794
-9794
-9795
-9799
-9799
-9801
-9801
-9798
-9795
-9788
-9788
-9791
-9795
-9802
-9805
-9806
-9805
-9802
-9807
-9811
-9814
-9816
-9814
-9810
-9807
-9799
-9799
-9803
-9806
-9807
-9805
-9801
-9797
-9798
-9799
-9805
-9808
-9807
-9808
-9805
-9802
-9799
-9794
-9793
-9795
-9795
-9796
-9799
-9804
-9807
-9812
-9817
-9820
-9818
-9813
-9807
-9806
-9800
-9796
-9798
-9799
-9803
-9805
-9805
-9806
-9805
-9802
-9797
-9797
-9797
-9795
-9797
-9795
-9794
-9787
-9780
-9779
-9778
-9776
-9777
-9780
-9782
-9785
-9785
-9783
-9781
-9783
-9781
-9777
-9775
-9772
-9769
-9775
-9779
-9786
-9787
-9788
-9790
-9784
-9779
-9776
-9774
-9771
-9768
-9762
-9762
-9761
-9759
-9757
-9755
-9756
-9756
-9757
-9757
-9752
-9751
-9750
-9747
-9745
-9744
-9742
-9743
-9741
-9737
-9737
-9733
-9734
-9736
-9738
-9741
-9743
-9742
-9738
-9739
-9740
-9741
-9737
-9735
-9735
-9735
-9737
-9734
-9735
-9735
-9736
-9738
-9738
-9737
-9731
-9731
-9730
-9729
-9728
-9723
-9722
-9722
-9720
-9725
-9733
-9741
-9746
-9743
-9737
-9730
-9725
-9720
-9718
-9716
-9718
-9719
-9718
-9720
-9721
-9720
-9716
-9715
-9719
-9720
-9722
-9719
-9718
-9719
-9716
-9718
-9719
-9721
-9719
-9717
-9715
-9715
-9721
-9724
-9731
-9738
-9743
-9741
-9738
-9736
-9731
-9730
-9728
-9732
-9730
-9728
-9729
-9730
-9733
-9732
-9733
-9732
-9728
-9725
-9720
-9719
-9716
-9713
-9714
-9714
-9716
-9717
-9718
-9723
-9724
-9719
-9717
-9718
-9715
-9715
-9718
-9726
-9734
-9734
-9732
-9732
-9732
-9733
-9738
-9739
-9741
-9738
-9736
-9738
-9735
-9736
-9734
-9730
-9728
-9725
-9723
-9721
-9725
-9728
-9727
-9728
-9729
-9725
-9721
-9721
-9724
-9725
-9725
-9728
-9727
-9730
-9729
-9728
-9731
-9734
-9733
-9733
-9735
-9733
-9734
-9733
-9733
-9734
-9737
-9742
-9743
-9748
-9750
-9752
-9751
-9753
-9752
-9751
-9751
-9751
-9752
-9753
-9754
-9750
-9747
-9744
-9743
-9743
-9745
-9743
-9741
-9737
-9738
-9735
-9735
-9739
-9741
-9740
-9740
-9743
-9742
-9746
-9744
-9747
-9748
-9749
-9752
-9754
-9754
-9758
-9760
-9760
-9761
-9758
-9753
-9749
-9749
-9752
-9757
-9758
-9761
-9762
-9765
-9764
-9763
-9765
-9768
-9766
-9769
-9773
-9774
-9775
-9773
-9775
-9773
-9774
-9776
-9781
-9781
-9781
-9777
-9775
-9777
-9777
-9777
-9777
-9779
-9776
-9772
-9771
-9771
-9773
-9774
-9775
-9778
-9778
-9779
-9780
-9781
-9781
-9777
-9773
-9774
-9774
-9775
-9779
-9785
-9787
-9784
-9783
-9780
-9777
-9777
-9780
-9783
-9788
-9792
-9795
-9791
-9790
-9790
-9792
-9794
-9795
-9795
-9793
-9793
-9792
-9792
-9789
-9791
-9790
-9788
-9785
-9782
-9783
-9781
-9776
-9777
-9777
-9779
-9781
-9780
-9781
-9776
-9775
-9772
-9771
-9773
-9773
-9774
-9776
-9780
-9780
-9777
-9777
-9777
-9780
-9783
-9785
-9789
-9791
-9791
-9789
-9789
-9790
-9790
-9787
-9790
-9789
-9787
-9786
-9784
-9787
-9786
-9790
-9792
-9793
-9791
-9787
-9783
-9780
-9778
-9777
-9779
-9780
-9783
-9784
-9786
-9785
-9787
-9785
-9785
-9787
-9785
-9788
-9790
-9792
-9793
-9794
-9790
-9786
-9785
-9782
-9782
-9787
-9785
-9784
-9785
-9786
-9785
-9781
-9784
-9784
-9785
-9790
-9790
-9791
-9794
-9792
-9788
-9788
-9787
-9787
-9786
-9786
-9789
-9784
-9783
-9783
-9786
-9784
-9785
-9789
-9791
-9792
-9788
-9787
-9787
-9790
-9792
-9791
-9789
-9789
-9784
-9784
-9782
-9782
-9784
-9784
-9787
-9787
-9788
-9784
-9782
-9781
-9777
-9778
-9776
-9775
-9776
-9775
-9775
-9771
-9772
-9772
-9774
-9775
-9775
-9776
-9777
-9777
-9774
-9774
-9772
-9774
-9775
-9774
-9776
-9776
-9771
-9765
-9764
-9765
-9769
-9770
-9775
-9775
-9774
-9770
-9765
-9760
-9756
-9756
-9759
-9766
-9765
-9762
-9757
-9754
-9752
-9747
-9751
-9756
-9756
-9759
-9758
-9755
-9754
-9751
-9752
-9755
-9759
-9758
-9756
-9751
-9747
-9744
-9740
-9741
-9738
-9743
-9746
-9747
-9748
-9747
-9745
-9744
-9743
-9745
-9751
-9752
-9759
-9760
-9761
-9762
-9763
-9762
-9758
-9754
-9753
-9752
-9751
-9755
-9755
-9751
-9750
-9746
-9740
-9737
-9737
-9735
-9734
-9732
-9728
-9723
-9723
-9722
-9722
-9724
-9721
-9724
-9720
-9723
-9724
-9725
-9725
-9723
-9724
-9725
-9727
-9726
-9724
-9725
-9728
-9727
-9731
-9732
-9733
-9731
-9728
-9725
-9726
-9725
-9724
-9726
-9725
-9723
-9718
-9715
-9714
-9711
-9712
-9718
-9718
-9721
-9724
-9724
-9724
-9726
-9726
-9731
-9737
-9737
-9737
-9734
-9732
-9733
-9737
-9741
-9745
-9742
-9743
-9740
-9735
-9733
-9731
-9735
-9736
-9739
-9737
-9737
-9736
-9737
-9733
-9732
-9731
-9730
-9730
-9734
-9739
-9744
-9747
-9750
-9754
-9754
-9757
-9755
-9755
-9757
-9761
-9762
-9767
-9767
-9769
-9765
-9764
-9765
-9765
-9767
-9770
-9775
-9777
-9783
-9782
-9780
-9781
-9781
-9783
-9781
-9779
-9775
-9769
-9765
-9765
-9766
-9765
-9768
-9768
-9767
-9766
-9764
-9765
-9770
-9774
-9774
-9779
-9781
-9781
-9781
-9783
-9782
-9780
-9781
-9782
-9784
-9785
-9787
-9788
-9789
-9792
-9796
-9798
-9795
-9790
-9791
-9791
-9793
-9793
-9794
-9796
-9796
-9797
-9794
-9796
-9793
-9792
-9795
-9796
-9800
-9799
-9797
-9799
-9803
-9803
-9800
-9798
-9797
-9794
-9793
-9791
-9787
-9787
-9784
-9786
-9788
-9790
-9790
-9789
-9789
-9789
-9789
-9791
-9790
-9792
-9795
-9792
-9794
-9791
-9793
-9797
-9798
-9798
-9796
-9793
-9790
-9792
-9793
-9799
-9801
-9803
-9803
-9804
-9807
-9809
-9811
-9813
-9813
-9811
-9805
-9803
-9802
-9802
-9807
-9807
-9809
-9812
-9807
-9804
-9801
-9797
-9796
-9795
-9796
-9798
-9796
-9793
-9788
-9784
-9783
-9786
-9787
-9787
-9788
-9790
-9791
-9794
-9794
-9794
-9794
-9792
-9793
-9794
-9795
-9792
-9794
-9794
-9794
-9794
-9793
-9793
-9796
-9793
-9787
-9783
-9777
-9779
-9779
-9784
-9788
-9791
-9790
-9785
-9783
-9779
-9778
-9776
-9774
-9772
-9772
-9770
-9772
-9775
-9776
-9777
-9778
-9778
-9777
-9777
-9776
-9777
-9777
-9776
-9772
-9770
-9767
-9769
-9770
-9774
-9779
-9780
-9779
-9774
-9770
-9769
-9769
-9770
-9775
-9772
-9766
-9758
-9749
-9744
-9743
-9746
-9752
-9755
-9757
-9758
-9755
-9753
-9755
-9754
-9756
-9758
-9759
-9757
-9753
-9752
-9750
-9751
-9757
-9762
-9766
-9768
-9768
-9760
-9756
-9752
-9748
-9751
-9751
-9755
-9754
-9752
-9746
-9739
-9733
-9731
-9729
-9734
-9741
-9745
-9743
-9740
-9739
-9737
-9739
-9737
-9737
-9738
-9737
-9735
-9734
-9739
-9742
-9740
-9742
-9743
-9745
-9746
-9744
-9739
-9734
-9728
-9725
-9721
-9720
-9725
-9722
-9724
-9724
-9722
-9718
-9718
-9715
-9714
-9715
-9717
-9717
-9714
-9715
-9716
-9713
-9715
-9713
-9710
-9712
-9709
-9707
-9702
-9697
-9692
-9692
-9695
-9700
-9705
-9706
-9704
-9698
-9694
-9691
-9687
-9689
-9693
-9697
-9700
-9704
-9703
-9696
-9693
-9692
-9694
-9692
-9697
-9703
-9703
-9706
-9702
-9700
-9701
-9702
-9704
-9702
-9701
-9702
-9700
-9696
-9693
-9691
-9691
-9691
-9693
-9696
-9696
-9695
-9697
-9699
-9697
-9698
-9700
-9705
-9704
-9705
-9704
-9705
-9705
-9703
-9704
-9707
-9714
-9715
-9717
-9716
-9717
-9722
-9719
-9718
-9717
-9716
-9716
-9712
-9710
-9708
-9710
-9709
-9709
-9710
-9710
-9712
-9715
-9717
-9717
-9717
-9717
-9717
-9716
-9720
-9722
-9724
-9721
-9720
-9717
-9716
-9714
-9716
-9719
-9720
-9720
-9717
-9714
-9705
-9703
-9708
-9710
-9714
-9719
-9720
-9718
-9715
-9712
-9708
-9709
-9711
-9718
-9722
-9723
-9725
-9723
-9724
-9723
-9722
-9724
-9727
-9731
-9736
-9736
-9735
-9736
-9732
-9731
-9731
-9736
-9740
-9740
-9740
-9741
-9740
-9736
-9735
-9733
-9729
-9729
-9726
-9721
-9720
-9717
-9721
-9722
-9724
-9726
-9727
-9728
-9726
-9726
-9723
-9722
-9724
-9727
-9734
-9738
-9740
-9742
-9738
-9736
-9739
-9739
-9740
-9740
-9745
-9746
-9747
-9750
-9749
-9752
-9753
-9754
-9753
-9754
-9755
-9752
-9749
-9752
-9754
-9759
-9761
-9761
-9763
-9762
-9762
-9759
-9761
-9761
-9761
-9764
-9766
-9767
-9764
-9762
-9762
-9764
-9761
-9765
-9762
-9762
-9765
-9766
-9766
-9766
-9766
-9767
-9770
-9767
-9772
-9770
-9771
-9771
-9771
-9774
-9778
-9782
-9781
-9785
-9784
-9782
-9780
-9783
-9783
-9786
-9789
-9790
-9798
-9803
-9804
-9801
-9801
-9798
-9793
-9792
-9794
-9792
-9792
-9794
-9795
-9797
-9794
-9794
-9796
-9798
-9801
-9802
-9801
-9804
-9802
-9802
-9808
-9812
-9818
-9822
-9821
-9819
-9819
-9817
-9818
-9821
-9826
-9827
-9828
-9832
-9830
-9825
-9824
-9824
-9827
-9828
-9830
-9832
-9831
-9832
-9831
-9830
-9828
-9826
-9823
-9824
-9825
-9827
-9828
-9829
-9829
-9828
-9828
-9835
-9837
-9840
-9841
-9841
-9841
-9837
-9836
-9834
-9838
-9835
-9835
-9835
-9836
-9835
-9838
-9841
-9842
-9841
-9842
-9843
-9845
-9845
-9843
-9842
-9841
-9840
-9834
-9837
-9837
-9841
-9842
-9842
-9846
-9845
-9845
-9844
-9844
-9847
-9847
-9844
-9843
-9842
-9841
-9838
-9839
-9837
-9840
-9837
-9835
-9833
-9829
-9831
-9827
-9828
-9827
-9828
-9826
-9826
-9825
-9828
-9828
-9830
-9833
-9832
-9835
-9838
-9838
-9836
-9835
-9834
-9836
-9834
-9837
-9833
-9831
-9826
-9819
-9815
-9817
-9818
-9818
-9821
-9820
-9817
-9812
-9808
-9805
-9803
-9800
-9801
-9799
-9798
-9801
-9801
-9807
-9809
-9806
-9805
-9801
-9799
-9799
-9799
-9798
-9797
-9798
-9796
-9794
-9794
-9791
-9788
-9786
-9781
-9779
-9776
-9776
-9771
-9770
-9770
-9769
-9765
-9765
-9766
-9765
-9764
-9762
-9760
-9753
-9752
-9750
-9753
-9750
-9749
-9746
-9746
-9745
-9746
-9747
-9749
-9749
-9746
-9751
-9753
-9755
-9756
-9760
-9759
-9761
-9755
-9751
-9747
-9742
-9736
-9736
-9736
-9737
-9736
-9734
-9738
-9734
-9734
-9732
-9734
-9733
-9734
-9733
-9734
-9734
-9728
-9730
-9730
-9735
-9738
-9741
-9739
-9738
-9735
-9732
-9733
-9737
-9741
-9737
-9733
-9729
-9726
-9722
-9723
-9728
-9730
-9736
-9737
-9743
-9743
-9743
-9744
-9743
-9747
-9745
-9745
-9746
-9747
-9746
-9744
-9746
-9748
-9752
-9752
-9755
-9756
-9757
-9753
-9751
-9755
-9753
-9752
-9749
-9753
-9754
-9753
-9752
-9752
-9752
-9750
-9749
-9750
-9750
-9755
-9759
-9760
-9759
-9757
-9758
-9754
-9755
-9756
-9761
-9766
-9769
-9771
-9773
-9775
-9774
-9773
-9774
-9774
-9776
-9773
-9766
-9767
-9764
-9765
-9765
-9768
-9772
-9774
-9776
-9775
-9772
-9767
-9763
-9761
-9763
-9764
-9768
-9773
-9774
-9774
-9770
-9765
-9764
-9764
-9765
-9765
-9769
-9772
-9773
-9773
-9776
-9779
-9780
-9781
-9777
-9776
-9770
-9769
-9769
-9769
-9770
-9767
-9766
-9764
-9760
-9759
-9759
-9755
-9753
-9751
-9752
-9753
-9755
-9755
-9757
-9760
-9762
-9764
-9764
-9767
-9771
-9772
-9772
-9772
-9768
-9768
-9768
-9771
-9770
-9770
-9771
-9770
-9768
-9763
-9759
-9754
-9749
-9743
-9738
-9740
-9744
-9743
-9746
-9744
-9745
-9750
-9754
-9761
-9766
-9770
-9769
-9769
-9764
-9763
-9763
-9766
-9769
-9770
-9772
-9766
-9763
-9761
-9761
-9758
-9757
-9758
-9757
-9757
-9754
-9755
-9754
-9753
-9755
-9755
-9756
-9761
-9763
-9766
-9769
-9769
-9769
-9764
-9759
-9761
-9760
-9762
-9767
-9767
-9769
-9766
-9768
-9768
-9767
-9769
-9772
-9774
-9775
-9775
-9774
-9774
-9774
-9774
-9771
-9771
