01221720.PTO
MINZ
2012/01/22 17:20:33.5100
100.0000 m/s  
14603 muestras
236
245
259
253
258
253
273
267
283
259
267
262
270
267
270
253
257
245
251
258
256
264
248
249
249
232
241
241
233
253
239
245
227
244
244
248
254
238
241
259
261
263
261
258
265
258
250
267
252
243
239
251
235
231
245
254
243
260
250
251
259
278
269
274
273
274
271
279
274
274
269
264
262
255
251
255
257
257
247
243
241
233
256
249
249
249
257
243
256
261
266
268
271
267
267
266
268
268
259
259
265
259
265
260
273
260
275
257
252
258
281
263
266
255
267
258
271
263
267
267
265
271
273
273
269
283
279
272
260
256
239
251
245
249
249
241
234
247
265
263
261
260
263
252
267
263
273
265
271
273
265
266
258
265
259
249
248
233
245
269
258
265
257
271
271
278
275
274
273
280
275
277
271
273
273
267
267
249
247
233
257
257
252
247
243
235
257
269
266
260
283
274
272
287
280
269
279
275
266
271
264
262
261
253
239
243
237
252
254
261
254
257
255
257
271
265
263
258
269
258
266
265
271
259
267
254
233
243
239
239
238
239
238
256
236
253
257
255
247
264
257
257
262
253
252
263
267
244
253
250
255
263
265
247
244
245
251
253
246
242
245
248
240
262
257
251
250
263
253
263
259
265
256
264
260
255
256
267
264
274
274
259
263
261
268
254
246
229
251
245
237
247
245
249
248
249
239
241
249
255
251
259
241
241
255
256
253
250
252
250
259
257
256
263
259
254
263
254
264
266
265
259
258
250
259
251
271
261
274
259
243
243
259
257
261
257
255
267
271
275
276
280
280
285
283
266
256
266
263
264
263
227
242
260
253
240
248
235
230
231
244
237
247
259
255
255
263
251
251
256
250
257
252
253
247
264
261
257
253
249
247
275
267
268
273
269
271
252
261
251
256
247
255
244
247
241
259
262
254
254
252
247
258
276
249
253
266
263
259
273
253
259
255
255
256
253
271
264
269
257
255
243
243
235
249
233
242
249
257
245
261
264
259
262
270
261
262
269
265
274
261
261
236
257
252
262
255
245
245
246
240
249
247
243
247
243
246
240
263
255
258
263
274
271
284
276
279
281
283
271
260
270
267
296
272
272
255
257
244
252
255
254
241
253
234
245
256
251
253
275
266
261
275
258
263
262
259
245
250
247
255
255
250
250
249
247
253
257
244
241
253
258
235
253
264
257
253
261
247
255
259
271
276
274
271
257
272
258
274
267
263
263
258
249
251
242
253
238
241
225
217
239
252
259
260
269
267
262
266
267
261
267
244
261
261
268
267
265
266
263
269
251
255
264
276
261
265
235
252
250
273
258
263
263
249
259
253
263
266
269
253
273
260
269
261
266
254
264
258
252
263
275
264
256
253
260
265
270
281
259
259
248
244
243
247
244
257
260
258
266
249
260
251
268
264
279
260
265
277
281
267
263
263
261
263
264
264
255
264
252
259
253
252
257
268
251
258
253
248
255
275
277
265
276
264
270
275
279
267
266
266
264
264
265
256
255
255
250
246
247
248
249
256
250
242
249
249
261
266
253
239
240
241
258
265
260
271
292
275
271
275
280
257
263
249
239
223
246
245
243
245
245
236
250
242
241
253
227
244
251
251
242
263
273
281
275
265
266
274
263
270
264
250
237
246
253
251
257
252
245
245
259
247
252
242
257
251
251
246
268
280
265
277
285
267
258
283
271
279
275
268
255
255
275
284
273
255
269
276
268
263
287
261
257
261
257
237
245
251
245
243
231
229
245
248
254
259
257
268
262
271
268
266
261
255
239
250
242
251
255
257
270
253
250
239
259
261
264
250
259
250
260
254
248
243
255
239
258
258
249
273
269
271
281
267
245
262
256
255
239
245
241
238
257
245
240
245
253
245
256
238
261
260
261
252
267
247
254
266
263
263
258
267
245
255
247
270
259
261
255
261
256
257
250
246
239
257
259
249
245
258
271
252
255
256
271
265
272
264
269
247
262
273
266
263
260
269
257
276
253
259
262
260
255
261
254
267
252
273
252
248
243
252
267
265
259
259
255
245
258
263
244
252
267
257
267
249
256
252
250
257
241
237
237
244
241
239
235
243
248
251
260
257
237
241
239
250
239
255
241
236
245
242
251
247
262
258
276
255
263
263
268
269
272
262
264
265
259
262
252
254
249
254
243
249
256
259
251
259
241
255
238
263
263
268
276
259
266
261
267
273
273
248
248
238
253
256
264
259
254
269
265
254
255
261
273
271
265
272
261
286
277
283
268
265
261
272
265
261
259
253
255
253
250
247
264
243
262
253
241
257
263
266
268
271
265
291
286
292
284
291
273
277
281
275
281
279
255
247
247
239
229
230
244
238
239
238
225
234
261
249
245
253
264
262
284
272
279
277
276
281
278
269
277
282
286
274
269
255
251
263
261
264
259
255
253
262
269
255
265
261
251
253
254
247
266
253
260
255
265
244
254
257
253
255
250
246
251
272
261
263
257
258
246
256
247
233
236
235
227
241
239
236
249
250
248
242
252
250
281
277
278
261
268
257
267
255
255
256
256
257
251
264
245
257
263
271
253
265
250
267
276
270
263
263
267
262
261
257
236
245
228
225
258
259
269
253
275
260
256
265
265
263
259
257
263
270
253
267
266
257
255
261
256
263
271
276
262
270
266
263
268
266
263
264
276
255
268
272
276
271
273
255
269
260
264
260
255
255
239
249
232
246
239
237
228
247
233
242
239
255
252
262
259
259
261
261
267
279
275
267
268
265
272
263
271
251
265
259
252
256
254
256
249
251
244
256
258
271
258
270
250
264
260
279
269
273
253
266
267
255
239
256
246
229
237
227
230
233
255
234
252
242
245
249
269
257
270
259
253
253
249
242
232
245
243
245
246
248
241
242
232
230
239
238
259
270
279
268
275
253
251
252
251
243
254
238
233
236
234
231
241
241
237
241
251
239
247
254
237
253
235
244
245
260
264
257
243
247
245
261
251
255
259
262
269
265
268
277
282
273
277
270
279
280
285
286
280
281
267
267
265
276
269
269
265
262
256
259
247
252
244
231
222
222
239
232
240
237
233
251
265
263
285
269
274
260
266
261
266
259
245
256
253
262
261
250
262
262
259
245
244
251
258
272
277
263
268
268
279
284
287
270
262
240
243
217
237
231
244
247
246
253
257
261
250
257
245
238
235
259
265
301
295
273
273
278
261
257
264
263
248
269
263
259
263
263
262
259
256
246
250
245
249
239
250
240
267
274
279
295
285
278
269
267
259
268
264
269
262
284
266
287
287
292
282
275
255
254
261
256
256
255
243
239
250
242
252
247
247
247
259
248
256
261
267
271
277
273
256
267
259
261
264
267
252
267
263
267
269
277
253
256
251
245
253
237
246
237
252
234
263
271
287
274
289
268
272
280
269
259
253
251
244
246
241
236
235
251
246
261
256
254
266
271
271
263
262
255
275
283
276
265
264
251
270
261
267
263
258
255
235
252
243
241
249
244
243
249
239
245
249
253
241
245
239
240
261
248
248
251
233
237
241
247
242
246
257
238
245
245
241
260
272
267
259
256
250
247
245
254
240
252
247
270
273
278
274
273
265
269
267
284
279
277
278
255
263
261
258
266
266
250
249
240
240
235
233
221
227
232
240
245
256
255
269
280
271
276
265
269
267
292
271
279
266
266
261
272
260
239
244
247
255
249
264
245
273
260
263
265
270
274
288
277
269
265
282
278
279
281
253
258
253
259
256
264
247
255
253
259
243
260
252
256
255
252
251
248
259
243
255
244
237
243
256
253
265
251
250
256
265
275
265
274
258
252
256
257
238
255
247
255
240
244
239
247
246
243
243
247
233
252
262
262
273
253
254
256
254
249
251
246
246
244
249
241
243
261
261
263
255
251
251
247
249
255
252
256
259
284
271
271
265
258
267
268
271
264
275
277
269
266
268
256
268
269
268
269
245
253
258
260
244
253
258
251
262
271
267
262
260
271
269
261
254
255
267
260
255
251
257
257
267
254
273
275
289
285
301
292
294
287
279
271
264
261
247
237
228
231
219
230
231
239
245
255
259
267
271
291
295
299
303
273
262
256
259
250
243
246
234
224
231
240
253
259
266
255
259
269
258
281
272
252
247
255
239
249
255
254
249
267
264
275
274
263
259
251
229
232
237
240
254
257
256
243
251
245
256
253
253
245
263
260
259
251
233
244
233
244
240
240
228
239
255
265
255
265
273
269
276
285
257
263
266
263
265
254
265
244
241
232
231
229
238
245
255
251
253
251
251
258
245
235
229
241
253
257
262
269
265
273
272
272
271
277
271
261
259
251
254
256
254
253
259
235
263
257
267
259
272
260
253
264
272
274
279
269
257
249
246
242
237
223
226
219
233
244
241
257
259
271
258
250
264
270
273
266
276
257
257
266
271
269
282
271
287
271
260
247
254
245
240
246
233
242
243
255
237
252
251
261
269
286
279
272
285
274
267
275
268
265
268
239
238
236
243
241
249
256
250
253
247
250
275
275
275
276
278
273
274
277
260
277
268
263
253
247
251
265
259
263
244
237
242
245
254
233
242
245
254
255
271
259
267
260
266
265
268
270
268
279
273
264
249
252
240
251
259
268
278
302
318
335
341
317
311
291
266
251
248
235
227
196
190
162
182
184
218
251
259
255
257
238
229
227
211
207
201
205
199
217
199
214
216
231
227
235
232
259
279
296
297
305
302
293
302
299
315
321
352
357
363
349
333
328
337
337
342
343
327
341
334
349
367
383
390
391
364
333
267
243
204
167
145
118
85
61
45
46
53
81
117
119
131
94
88
54
49
59
85
111
145
175
211
251
300
352
423
495
535
565
578
561
529
515
475
449
420
413
417
435
427
397
386
338
299
229
193
126
88
49
-3
-34
-56
-71
-52
-22
7
28
43
82
91
115
136
141
163
194
215
244
255
278
306
341
373
393
451
467
525
532
520
480
447
393
380
367
375
374
381
352
334
313
303
341
343
348
314
280
224
215
193
190
194
207
204
194
177
155
123
120
110
117
128
119
103
81
77
51
61
73
87
128
158
169
209
231
265
295
306
312
298
285
252
236
233
253
287
335
397
441
460
480
465
445
422
387
376
333
320
307
325
331
375
398
411
415
397
347
352
332
301
261
188
121
63
59
50
77
121
151
161
181
182
205
228
250
256
232
210
177
169
168
183
221
258
283
342
365
369
350
351
321
306
289
269
256
249
243
237
252
252
277
281
283
267
238
199
186
175
188
181
187
191
179
199
207
236
283
337
336
344
308
265
210
183
143
138
110
115
145
182
233
291
339
345
354
359
355
340
315
271
234
207
213
236
296
329
359
383
390
389
402
401
395
367
308
279
223
216
185
188
175
186
203
214
246
282
289
272
221
175
123
101
110
112
142
167
210
261
310
356
401
430
441
431
401
358
296
268
230
219
230
251
290
365
391
411
402
398
361
324
276
217
163
97
69
43
69
121
171
213
235
226
230
202
212
200
198
174
167
149
167
193
226
279
321
381
411
459
462
457
420
361
303
257
225
217
225
224
233
250
287
309
365
360
337
287
237
177
139
121
124
118
151
157
175
219
253
307
331
335
305
281
229
230
212
212
189
186
201
225
279
321
373
414
436
417
413
382
346
312
283
219
206
187
213
248
289
307
310
310
304
299
267
233
183
155
91
86
87
124
141
181
198
216
224
247
248
272
270
257
242
221
207
197
219
249
289
335
355
384
394
396
407
403
363
333
281
263
221
216
196
221
241
273
293
327
327
302
280
255
225
189
177
142
131
127
131
175
223
256
311
325
319
299
271
255
244
239
206
199
185
195
211
260
291
319
332
345
336
329
307
289
269
242
235
232
234
245
273
278
295
297
328
325
344
315
291
261
213
175
159
149
166
179
217
261
298
337
350
377
361
313
259
235
193
176
180
190
214
227
264
279
318
324
351
341
325
278
238
207
203
200
219
219
229
247
247
263
265
271
284
299
273
255
207
181
145
157
147
177
205
243
269
285
299
304
319
314
298
281
247
220
220
200
219
251
283
314
340
343
337
337
328
305
275
264
225
210
184
175
172
174
186
231
257
288
286
299
270
250
246
211
199
180
175
175
199
213
227
265
312
318
348
332
315
294
284
262
237
241
247
249
273
283
297
343
356
380
367
344
307
275
228
195
187
158
161
175
201
216
276
300
334
339
342
297
268
237
212
201
191
176
164
176
189
223
249
289
302
329
308
312
281
251
212
204
173
186
191
225
257
299
333
345
383
379
371
332
285
238
211
193
191
215
231
275
297
324
314
331
324
323
307
301
258
235
222
211
195
205
207
226
245
247
266
265
262
275
273
251
232
207
185
160
184
191
212
263
307
335
362
369
356
336
321
298
273
255
224
224
222
235
269
309
321
365
366
347
330
302
277
248
228
176
159
162
184
199
224
250
265
290
297
301
291
281
253
233
188
163
160
170
171
196
202
229
258
297
304
303
297
258
246
239
229
221
235
239
255
282
329
346
397
416
410
383
350
307
263
240
217
231
212
211
217
259
251
276
270
284
283
265
226
192
169
151
161
167
182
172
193
195
219
228
265
285
308
305
292
263
240
199
195
196
209
237
273
311
339
353
354
365
371
333
292
259
222
210
209
221
227
243
273
300
313
303
305
283
259
229
219
193
177
175
181
185
194
204
234
263
270
274
273
282
265
269
243
248
226
215
211
241
266
290
325
348
356
353
335
305
283
266
244
199
196
180
193
214
244
273
300
312
308
303
269
237
205
193
172
197
187
187
179
212
225
271
288
324
323
309
285
257
239
211
213
208
209
212
236
245
279
285
299
307
323
308
280
267
229
215
207
202
189
215
233
261
268
292
293
304
310
294
273
237
216
196
191
200
219
227
261
291
334
322
334
326
301
263
254
220
206
216
207
211
215
241
240
269
274
293
295
312
289
285
255
237
208
199
178
190
193
211
242
266
285
304
312
295
284
268
241
209
201
189
192
226
249
289
311
337
332
340
323
323
309
315
293
277
249
243
259
267
287
312
318
307
318
314
296
280
268
238
234
202
200
182
192
206
225
237
263
297
323
313
299
281
230
210
207
205
195
205
216
220
243
277
306
313
343
337
321
298
290
271
271
257
267
263
268
296
313
317
330
331
313
305
281
257
209
211
193
199
208
229
247
287
306
316
321
336
335
329
310
271
245
205
195
203
194
217
241
260
272
294
304
305
310
303
260
243
210
205
208
225
249
277
296
320
335
359
348
347
329
294
266
245
213
194
205
209
225
243
266
267
298
299
283
266
261
263
262
239
231
197
173
172
195
224
235
276
293
304
300
285
279
251
235
227
183
199
204
217
257
267
303
312
339
326
313
283
258
244
247
226
241
237
237
263
268
279
297
308
314
327
307
271
246
246
215
206
216
208
194
211
234
253
260
264
269
277
273
243
231
193
174
175
187
182
214
245
264
293
320
315
308
322
303
290
260
245
215
221
231
249
255
273
287
294
291
306
307
296
280
249
229
192
201
203
211
214
235
221
247
250
253
261
270
269
258
237
220
197
187
184
191
219
222
257
293
302
315
324
309
304
300
256
242
210
192
187
233
239
282
282
300
304
281
267
264
256
266
249
250
223
211
227
236
252
269
287
277
299
301
293
289
277
253
241
221
205
196
199
213
201
240
249
287
288
287
270
244
200
192
192
184
188
196
236
253
289
317
323
337
324
299
290
252
252
224
235
229
227
221
245
254
281
277
294
292
275
256
259
243
213
229
211
211
223
226
239
258
285
301
323
331
323
298
291
233
225
201
199
211
218
220
241
249
263
277
305
293
289
289
259
249
235
226
224
247
253
263
271
304
306
315
305
301
283
265
249
242
229
205
211
212
231
245
281
289
316
321
303
299
294
297
273
273
239
212
204
218
220
253
257
279
283
288
275
268
253
235
215
202
191
202
221
229
270
264
282
289
301
291
280
272
247
231
231
224
231
252
257
266
274
290
297
299
298
297
287
271
255
264
244
217
228
201
209
213
247
255
287
308
305
304
301
272
255
238
217
211
216
228
236
275
289
306
292
293
281
289
257
234
216
221
221
240
258
267
282
286
290
291
299
297
313
311
293
263
232
213
224
219
237
247
249
248
258
280
265
285
277
288
257
255
235
227
212
211
222
239
253
275
290
302
305
303
284
264
266
239
217
217
211
201
223
247
247
277
280
275
273
282
265
269
250
243
234
233
230
259
264
285
283
294
289
301
303
287
269
253
241
229
234
222
219
222
245
252
295
308
321
313
306
297
279
254
241
248
235
217
210
236
249
286
315
315
310
306
285
258
255
235
228
239
235
219
248
251
281
287
301
294
294
293
293
289
256
236
241
228
223
244
236
241
251
282
279
304
315
304
295
285
242
209
214
213
231
243
264
280
286
290
316
309
307
295
282
252
235
212
210
219
235
246
244
263
268
273
280
297
267
287
277
285
262
246
243
246
241
241
268
279
286
289
301
285
279
272
261
237
225
197
187
206
229
258
275
288
288
299
294
299
277
263
238
234
199
205
219
235
239
274
288
297
297
307
301
280
268
243
228
225
226
212
241
225
245
249
263
280
293
284
271
255
247
232
250
235
234
238
224
225
248
279
293
305
299
280
287
267
239
213
213
196
207
199
219
228
256
269
303
304
301
297
283
251
235
236
226
225
239
248
231
245
254
260
263
274
270
277
263
271
238
245
228
225
223
217
238
244
258
269
297
302
301
288
269
245
237
197
191
202
199
219
242
266
289
297
288
287
259
240
212
231
224
216
220
207
232
250
279
269
289
275
285
275
299
267
272
255
239
211
205
211
223
236
253
252
271
274
277
281
248
242
221
209
202
213
207
204
229
255
273
287
297
285
283
266
269
249
251
242
243
235
231
225
233
245
275
281
277
279
270
266
243
269
238
235
251
247
238
257
261
282
291
306
300
309
297
284
276
260
237
231
227
240
260
260
260
276
277
286
286
311
301
293
272
247
223
229
233
251
248
265
263
275
293
287
290
273
261
252
231
231
237
227
245
259
266
259
279
293
293
288
290
283
275
279
271
256
256
238
225
250
249
281
278
291
293
304
287
292
273
266
239
228
205
201
229
243
274
295
305
299
305
303
291
275
250
217
209
212
213
231
237
263
283
285
289
291
299
292
276
289
258
254
263
260
253
236
239
243
271
280
311
307
317
288
285
259
251
241
235
229
222
206
211
239
269
273
280
279
259
256
247
237
223
228
227
225
242
247
259
283
290
290
306
293
294
267
268
251
229
209
209
219
227
225
233
251
261
279
283
281
274
274
249
244
225
216
217
223
212
226
225
244
260
281
280
274
285
255
246
236
223
219
220
229
247
253
280
283
299
317
302
298
291
275
259
237
219
216
209
249
273
298
287
284
296
272
281
291
280
269
255
230
217
208
219
220
260
266
267
265
285
293
296
287
288
262
254
239
224
225
215
239
253
268
293
294
278
273
265
255
232
227
220
212
234
217
230
248
274
299
302
288
293
287
284
275
261
243
231
236
225
231
243
253
257
278
275
277
254
265
253
261
241
228
221
213
227
229
237
246
269
273
280
281
296
273
277
260
244
222
225
243
241
245
249
258
280
311
317
323
307
297
277
261
247
257
251
263
259
263
265
263
288
276
300
296
283
261
259
245
230
211
218
208
240
239
250
263
270
271
281
284
267
272
241
223
211
208
201
245
253
271
291
306
306
316
314
300
280
268
247
236
230
227
242
255
281
275
287
285
285
285
290
277
262
257
251
267
243
243
220
236
218
263
267
281
277
294
280
278
276
260
245
237
226
229
229
229
257
283
286
280
279
265
266
267
251
247
246
238
231
256
257
257
265
276
267
264
250
247
242
237
225
215
214
215
236
245
249
262
270
272
288
289
283
268
272
254
237
233
232
238
247
249
255
257
256
268
271
284
258
264
254
247
241
229
215
239
239
252
255
269
267
263
269
248
261
256
261
254
243
235
235
243
253
276
289
279
269
276
271
275
281
267
248
241
227
220
228
235
243
276
281
277
285
268
277
272
267
244
242
233
233
228
249
247
255
267
274
291
285
285
273
272
251
257
250
256
233
251
238
238
243
267
268
269
269
258
265
269
267
258
264
241
255
238
255
262
267
267
285
284
277
271
271
253
247
235
211
214
230
247
245
262
269
281
286
295
285
270
257
240
227
218
216
229
248
247
257
255
269
276
307
289
291
263
253
253
249
250
251
264
248
258
264
271
266
288
286
308
285
271
253
257
245
219
211
203
213
242
255
255
278
275
285
291
290
277
275
255
244
242
229
232
258
271
277
286
285
293
287
297
283
259
244
219
226
231
239
239
240
251
269
277
290
290
297
282
275
263
255
251
257
243
242
243
253
255
267
273
266
273
261
261
249
262
241
237
226
232
213
248
256
272
291
298
289
277
271
258
259
251
251
251
246
245
257
255
247
253
258
260
263
280
267
276
260
251
229
244
240
263
253
249
263
286
301
313
309
304
286
271
249
243
241
223
232
237
248
243
259
271
280
283
286
262
256
240
235
249
230
230
235
256
247
271
277
281
279
277
273
275
278
250
251
241
237
230
247
251
253
262
271
270
293
289
299
279
271
245
237
226
225
231
253
244
255
268
268
284
275
277
264
248
220
200
221
221
241
256
251
245
275
271
296
283
280
273
269
253
237
239
232
219
229
237
233
262
277
289
286
297
265
293
287
280
268
261
230
240
229
233
238
243
261
260
269
256
251
253
258
234
237
227
234
244
257
249
261
265
272
296
292
274
262
245
229
228
215
241
235
250
243
256
260
250
266
275
282
283
279
265
259
258
271
246
244
228
239
250
259
263
275
285
278
271
254
245
239
235
229
224
212
237
248
269
270
279
271
285
285
277
263
247
240
225
221
231
231
250
271
276
286
275
288
299
305
285
277
263
237
249
238
254
236
251
252
264
269
280
266
277
271
253
253
240
233
243
235
232
236
259
272
277
296
278
280
288
268
266
273
260
251
249
239
237
252
269
270
287
265
271
259
251
253
258
252
234
215
229
243
260
267
279
286
285
288
282
273
260
251
236
233
216
232
230
238
242
243
254
269
269
285
290
283
279
259
248
241
251
242
235
237
241
259
271
291
281
292
281
253
243
253
235
251
250
237
240
256
263
277
274
267
262
268
252
247
259
238
247
239
249
245
241
257
273
269
272
263
284
286
283
283
265
243
237
237
236
247
248
253
263
287
277
285
293
279
269
253
239
227
238
231
244
243
253
247
281
279
285
288
273
248
268
262
260
259
261
253
259
272
263
277
273
282
264
277
260
276
257
263
251
249
237
245
263
261
272
274
275
271
297
281
277
279
277
248
235
229
235
249
239
240
246
254
258
268
276
268
252
244
231
249
252
232
243
251
242
243
271
278
285
293
282
259
253
235
246
244
247
240
236
238
233
251
265
271
283
283
281
281
265
250
245
240
217
211
226
221
231
250
253
244
255
258
259
256
254
235
234
225
249
253
258
259
277
269
275
265
261
267
262
271
249
244
242
237
253
258
249
262
264
277
271
282
272
279
275
258
256
243
245
236
239
222
239
243
262
269
285
275
251
251
254
249
247
241
233
241
242
256
257
283
269
289
273
267
270
285
289
278
274
253
245
250
264
252
260
239
255
264
274
269
275
265
272
265
254
253
257
261
264
261
257
271
271
294
285
294
265
246
231
233
233
239
236
229
240
243
256
260
277
271
287
264
263
244
257
255
274
266
253
259
269
267
268
265
258
263
257
275
248
265
254
250
233
249
227
249
251
245
242
254
263
268
281
271
273
256
245
241
239
235
231
243
248
245
269
286
281
291
265
270
249
234
233
254
251
243
240
249
250
280
282
274
284
270
267
276
274
255
255
249
237
221
235
237
273
276
283
266
264
257
270
277
271
258
246
243
238
270
261
261
277
270
258
264
261
263
257
265
249
240
250
234
256
253
264
254
265
262
283
278
281
274
273
267
268
287
269
276
271
260
260
276
266
281
288
275
260
259
243
236
247
239
241
239
249
257
271
287
288
279
283
261
273
251
243
240
228
225
229
248
245
268
285
274
264
270
264
272
248
241
220
211
218
224
226
230
231
254
261
260
277
266
269
271
259
236
234
239
236
238
239
242
251
260
276
279
286
282
279
271
254
245
240
234
219
235
219
223
241
241
255
262
253
237
253
252
250
241
249
223
249
254
274
265
282
275
272
264
258
265
260
258
253
253
243
247
248
268
264
268
257
256
273
275
274
266
247
240
240
230
229
221
259
263
264
269
272
289
304
298
290
264
247
259
249
257
252
270
247
264
280
281
280
275
268
265
254
250
251
251
249
236
239
218
221
240
270
272
278
269
273
276
289
281
273
270
252
256
260
261
261
275
273
273
272
280
277
283
269
253
235
214
233
237
250
239
246
245
250
260
273
259
274
268
249
255
258
254
265
269
258
253
268
274
281
286
287
295
274
267
262
265
245
247
248
247
239
254
268
254
270
249
259
254
269
247
266
265
243
228
231
248
256
269
267
275
278
299
291
291
259
263
249
251
247
255
249
266
267
254
251
263
263
271
277
276
271
261
271
263
277
252
252
253
233
237
245
251
249
269
259
237
237
233
227
236
243
236
245
267
267
278
289
279
292
287
286
275
275
250
253
232
220
221
238
228
245
243
249
237
263
261
259
264
262
243
243
249
250
263
253
249
240
253
248
274
271
281
284
274
245
239
256
243
249
252
266
250
270
274
281
277
271
258
257
267
256
250
243
237
249
250
251
267
258
276
269
255
241
256
265
265
266
255
245
233
256
251
265
260
261
261
266
263
266
262
265
254
249
241
243
251
245
258
259
253
256
281
291
295
280
276
252
255
255
254
246
243
244
237
255
262
265
264
277
268
264
253
267
267
270
257
249
238
249
279
278
277
274
259
248
244
253
259
256
267
247
256
245
241
249
253
261
274
269
268
274
266
260
249
241
217
233
241
238
248
281
279
286
299
294
299
284
291
247
249
224
240
254
257
250
255
252
262
266
276
263
280
269
255
255
258
234
237
251
236
238
231
255
261
285
263
271
258
252
249
243
235
221
219
216
231
246
254
247
276
269
266
273
270
279
281
272
267
247
245
251
251
263
246
259
267
263
263
271
250
247
229
222
237
242
246
249
272
263
276
277
291
276
287
273
254
248
254
243
248
237
237
253
256
266
273
280
275
275
267
269
271
273
254
267
259
235
230
247
266
265
273
273
265
264
268
249
245
235
235
239
248
260
271
269
270
274
272
261
265
279
261
275
263
248
236
254
251
242
249
250
240
257
259
259
273
263
262
249
251
244
261
246
251
255
265
259
291
289
285
279
263
247
246
253
256
251
254
247
249
255
261
266
272
279
281
263
257
252
263
243
247
239
239
233
266
267
268
266
273
264
271
273
265
263
256
238
242
236
245
263
251
281
276
290
283
303
289
282
276
271
248
253
269
252
265
266
258
251
280
271
269
265
265
253
249
242
251
241
234
229
212
215
217
255
259
256
260
250
238
254
235
245
246
243
244
245
259
251
261
267
285
264
271
274
287
267
275
248
244
221
235
265
249
243
256
262
258
267
260
259
249
265
229
239
241
243
252
239
233
238
231
251
269
261
258
255
265
237
255
251
247
253
266
269
268
271
269
273
280
273
269
283
261
256
249
250
228
237
227
253
259
277
267
283
283
279
293
283
269
264
261
237
236
245
255
247
256
252
245
249
251
259
265
270
263
255
251
258
251
254
244
265
245
252
256
268
268
268
268
249
249
263
257
254
252
231
239
250
261
258
256
270
272
255
251
249
267
253
260
265
247
258
271
281
272
292
265
255
265
265
253
255
239
231
225
223
243
237
262
262
266
262
259
263
285
272
275
266
260
249
259
254
243
251
253
255
268
273
265
279
269
270
251
263
250
257
258
257
256
246
262
272
266
259
271
245
243
251
257
242
247
240
247
243
264
271
273
283
285
293
275
271
271
287
273
265
248
233
230
254
253
257
260
255
257
265
271
257
244
253
239
223
234
225
248
239
251
238
257
262
270
288
266
258
251
238
243
254
248
251
248
255
249
259
260
260
265
259
247
243
247
237
252
243
248
231
249
243
275
280
278
276
282
268
283
269
247
247
232
232
207
241
229
247
252
267
266
284
285
303
276
281
269
262
254
250
262
264
266
271
277
265
281
275
259
272
265
249
243
259
257
268
271
263
247
266
267
280
273
277
259
270
255
256
260
242
246
247
239
249
268
274
291
293
296
270
281
279
274
269
249
235
237
240
242
249
258
259
258
277
252
273
269
250
249
245
239
250
263
274
270
280
267
256
273
269
268
270
275
247
247
239
247
223
229
217
231
231
224
260
258
269
273
276
270
278
285
284
285
288
265
271
282
283
274
276
269
258
249
246
229
228
225
215
232
219
246
253
256
246
256
264
261
262
279
262
262
261
251
255
250
255
264
277
279
287
283
279
289
274
267
259
255
235
253
267
267
253
259
254
267
276
291
277
272
262
253
247
251
256
251
255
253
253
249
258
258
268
257
265
245
238
245
258
241
238
249
240
251
255
269
269
285
278
281
277
294
284
282
272
258
254
241
241
246
247
245
261
258
254
257
271
253
258
255
240
233
243
226
253
242
247
238
249
263
259
275
251
247
245
246
248
255
254
237
260
275
261
277
267
257
257
263
241
247
249
239
245
235
235
229
241
251
261
274
263
255
253
262
272
264
241
241
223
234
220
237
233
241
258
252
243
261
261
269
268
257
246
247
253
243
269
257
271
265
281
267
274
269
262
241
249
238
248
259
245
250
259
253
255
283
283
291
288
285
271
277
269
261
267
243
239
242
249
246
255
256
261
260
258
232
252
258
255
246
251
241
238
254
258
258
254
253
236
253
245
248
239
236
233
242
230
245
259
256
257
258
264
254
272
280
271
278
277
268
269
271
271
265
269
253
258
277
259
278
277
277
268
265
235
245
236
232
219
228
223
218
250
250
261
253
267
263
274
273
269
266
261
245
251
255
252
263
263
258
250
259
249
261
275
278
259
272
253
260
259
257
243
265
241
253
248
253
255
262
251
248
255
251
248
256
268
253
259
259
269
283
295
283
283
264
259
262
259
268
258
272
258
248
253
263
260
263
257
257
264
256
269
276
267
254
254
237
256
255
267
258
272
267
265
271
281
264
266
258
243
249
252
268
268
269
253
256
251
268
269
259
260
250
252
255
245
260
249
253
271
259
271
275
285
275
267
253
237
241
249
250
253
254
241
252
245
252
248
265
241
249
235
234
238
250
248
246
235
235
235
261
270
278
285
276
280
275
285
272
277
261
256
250
241
242
261
255
254
258
257
243
246
254
260
254
243
239
240
254
252
260
268
255
280
272
266
283
287
273
269
258
257
250
269
269
265
253
250
252
265
264
268
272
254
245
251
264
249
260
239
241
255
272
265
289
283
289
280
261
259
252
260
252
245
244
246
254
265
264
254
260
252
255
268
280
275
273
256
257
246
265
243
259
268
256
253
264
252
279
284
274
257
250
237
233
248
235
225
237
238
236
263
257
283
286
286
280
270
252
259
257
247
245
239
242
254
267
265
260
250
252
247
255
254
251
251
253
249
245
253
259
265
274
275
261
272
253
259
267
256
245
238
231
235
254
259
253
251
269
265
285
276
282
279
272
252
253
242
248
252
244
233
237
239
248
259
254
252
247
258
251
267
257
265
255
261
257
263
271
275
274
271
261
236
265
255
271
259
256
225
228
230
237
239
250
243
258
262
265
272
271
275
262
274
260
257
259
260
265
283
272
267
267
267
267
269
259
236
241
233
244
249
252
244
258
246
252
259
269
267
263
268
250
252
249
244
245
255
239
244
253
264
261
278
258
260
267
268
269
278
273
269
278
266
275
268
293
275
285
273
269
267
284
260
249
239
230
234
237
236
241
250
246
255
257
241
260
271
271
271
270
268
264
266
275
257
269
256
269
291
288
277
270
250
249
236
233
243
236
235
235
239
247
250
252
274
277
284
275
279
275
287
275
259
255
245
253
260
259
252
255
243
254
250
255
251
271
259
248
235
245
262
271
268
258
245
239
245
250
256
245
255
247
239
227
233
227
228
227
229
236
245
253
256
264
254
251
251
256
261
265
264
263
249
265
255
280
279
261
268
257
250
251
241
233
241
235
224
224
240
228
258
267
261
251
249
261
264
268
251
253
256
250
247
265
242
257
257
254
239
260
274
265
281
265
261
257
263
254
270
265
267
252
271
267
265
269
272
265
265
244
245
239
238
243
241
238
234
247
252
257
263
258
248
267
257
270
275
266
265
245
263
265
269
270
269
273
268
255
261
260
277
261
275
275
273
289
289
289
286
273
261
275
270
275
266
257
239
237
241
244
247
257
252
261
248
248
268
281
281
265
269
256
268
269
274
269
273
267
267
262
261
275
266
278
256
260
242
251
248
264
260
259
227
243
259
253
257
261
275
257
285
272
271
265
273
257
273
252
265
264
273
270
260
255
250
269
275
273
251
246
220
235
247
248
238
251
239
241
245
264
263
281
273
261
261
251
252
248
263
238
255
235
251
246
251
239
250
249
243
252
254
247
253
269
239
263
261
285
276
267
249
257
245
255
251
263
259
251
257
246
249
255
243
243
247
238
246
245
258
248
269
263
245
249
249
263
264
263
262
271
262
273
267
275
255
260
255
258
264
274
249
267
263
252
258
258
275
255
278
249
249
243
252
257
271
253
255
243
258
250
257
259
265
274
267
263
266
269
264
263
253
235
235
253
242
260
260
255
251
255
269
267
275
272
272
259
260
249
260
255
255
270
260
256
260
271
263
271
261
253
245
271
250
268
265
247
243
244
241
242
254
255
257
253
254
257
272
266
287
277
280
270
292
277
291
293
276
271
264
269
249
254
241
233
225
247
239
253
258
269
261
274
265
269
277
265
265
251
255
251
268
259
263
265
260
259
283
273
283
284
281
268
262
264
252
262
257
254
251
251
249
267
265
271
263
244
241
249
252
240
246
242
234
238
251
235
261
251
247
229
239
240
237
244
250
248
258
255
267
285
282
277
271
279
279
295
290
282
290
285
267
260
257
253
249
250
241
225
233
225
244
252
254
244
257
236
250
269
263
278
274
272
266
283
263
262
269
258
239
243
251
252
245
256
242
244
247
250
264
265
267
253
256
249
267
256
269
250
275
243
252
271
268
267
282
267
265
262
262
265
247
254
233
229
247
250
261
251
251
252
241
245
244
264
257
257
268
242
258
248
246
241
248
239
245
257
261
272
269
255
243
236
227
243
233
243
233
243
246
252
249
257
252
275
249
248
251
260
253
255
255
227
244
249
240
241
246
249
247
243
237
245
242
245
241
245
232
241
256
262
263
285
255
277
285
285
282
272
262
255
247
266
244
249
251
250
247
243
239
241
231
239
257
239
242
241
252
250
265
257
252
263
277
275
282
287
281
275
276
278
273
272
278
260
254
249
259
256
274
271
276
260
263
265
273
245
265
267
267
276
287
278
277
291
279
276
270
267
259
276
268
265
241
255
260
270
258
252
255
260
256
279
276
277
287
283
279
263
274
263
273
268
268
263
259
262
267
268
259
262
251
252
253
271
259
253
254
255
263
273
269
271
272
267
263
251
272
253
276
271
266
251
276
268
273
271
261
260
258
262
268
269
250
263
260
245
242
250
243
257
261
266
254
276
268
271
283
265
258
246
254
252
256
245
247
234
240
235
248
251
245
243
239
227
225
227
223
233
237
231
232
261
265
283
269
272
255
257
267
269
268
270
253
253
242
241
250
235
247
255
249
241
247
251
250
264
262
253
260
256
250
253
254
266
266
274
267
285
271
257
246
244
225
232
245
237
241
245
246
238
260
261
257
253
251
227
252
244
259
257
266
257
259
259
263
267
272
281
268
265
253
274
269
273
261
254
234
244
269
268
265
275
269
258
258
262
261
258
268
256
268
240
258
258
261
244
265
250
243
263
263
259
255
262
235
256
255
253
247
255
249
263
245
263
256
262
256
243
242
239
257
256
263
256
261
251
273
276
273
263
274
279
275
281
275
268
263
261
258
255
253
259
255
275
275
279
273
267
282
281
272
264
253
245
248
248
247
239
263
247
238
243
256
264
272
270
257
257
247
269
281
281
271
266
256
260
265
262
248
255
236
237
239
246
244
234
249
221
227
233
241
247
254
246
241
236
256
250
266
251
250
251
251
259
267
266
263
269
261
250
251
267
258
272
262
250
248
258
264
276
273
269
258
268
293
281
281
279
273
261
257
243
241
235
235
235
243
226
243
261
247
256
242
235
234
241
235
239
246
248
243
260
262
267
269
264
275
257
246
254
259
253
252
242
233
236
260
257
255
260
264
270
279
284
281
284
277
268
269
269
245
271
269
278
273
252
246
257
263
249
247
242
224
219
251
231
252
240
249
243
255
269
271
272
265
249
254
244
253
268
266
282
272
258
243
268
260
247
257
259
252
264
262
243
257
252
253
243
266
266
278
277
279
260
266
256
278
278
263
261
253
243
246
266
259
253
261
268
247
262
251
253
242
258
243
241
251
256
270
269
265
261
262
250
271
262
265
242
243
231
237
249
244
240
251
255
245
259
258
271
266
283
265
264
261
273
266
260
252
251
255
262
271
269
275
269
268
245
258
254
246
258
258
249
245
250
247
254
263
265
250
261
259
275
269
263
249
254
252
261
262
275
271
283
268
267
267
261
252
237
244
228
229
237
250
239
252
233
239
252
247
255
249
244
246
247
247
247
250
270
259
285
257
261
275
286
280
280
262
245
241
261
248
251
252
251
257
255
263
269
272
273
273
265
261
268
274
272
252
257
235
237
229
243
225
250
236
237
243
259
240
255
251
251
265
253
267
267
280
285
282
282
287
288
290
271
272
253
248
253
252
249
248
265
250
249
245
266
241
265
262
261
257
237
244
247
254
247
240
235
241
259
265
251
263
246
265
272
277
268
259
266
247
232
248
248
259
257
248
260
257
257
265
271
259
259
258
245
247
261
252
262
260
256
251
248
268
249
252
253
254
253
261
258
275
264
267
263
254
253
272
279
268
268
265
269
263
264
255
261
252
260
254
265
274
274
289
279
261
256
255
263
263
243
254
239
251
259
267
263
253
254
259
254
253
251
250
264
257
254
244
255
250
255
251
255
241
256
257
275
267
264
255
254
251
259
267
264
261
269
243
246
261
253
270
259
265
247
258
262
255
256
269
267
266
259
259
267
249
255
257
273
249
259
263
255
250
249
243
240
252
260
269
263
273
245
259
271
274
271
267
253
263
259
256
254
255
253
246
262
244
272
265
274
258
262
238
241
248
261
255
255
227
232
246
249
253
255
260
256
265
263
265
267
271
246
255
246
247
256
274
262
262
256
243
243
249
255
249
266
255
274
267
276
268
269
262
256
255
257
258
269
264
241
246
230
243
256
264
255
261
255
257
258
270
252
254
254
246
247
243
251
245
258
239
245
238
247
268
279
269
277
272
270
273
280
272
262
257
247
249
239
247
231
245
245
238
238
255
268
267
267
271
265
263
267
283
292
271
283
275
265
266
278
269
255
248
255
243
247
243
243
257
246
240
243
255
260
272
252
256
240
245
240
239
236
242
242
242
262
254
259
245
257
245
235
239
260
254
272
261
257
262
268
279
281
281
267
256
265
269
283
293
271
263
260
246
233
244
247
249
244
242
238
244
254
247
259
244
238
231
256
259
261
271
249
242
248
226
259
243
247
262
254
264
246
273
263
276
283
276
274
279
277
277
277
257
250
254
262
247
255
246
249
252
249
245
255
253
255
238
233
216
215
237
235
240
241
245
251
269
267
277
275
282
271
277
263
261
260
253
256
253
260
253
276
267
268
257
272
254
267
271
271
266
267
263
265
259
269
256
253
247
243
254
238
246
255
253
264
262
250
265
265
272
255
249
255
243
271
267
263
269
272
263
256
255
256
255
263
268
254
267
266
291
284
274
257
260
250
271
256
268
249
264
252
261
259
261
251
263
243
236
246
243
249
249
252
231
245
243
243
255
254
249
253
250
268
276
283
281
283
281
256
267
271
271
265
257
265
257
270
269
265
278
275
245
253
238
251
253
259
253
261
257
266
259
265
257
268
259
251
255
259
263
269
261
255
249
251
259
265
269
247
254
256
253
253
249
248
241
253
232
236
247
249
247
255
245
252
263
271
277
285
276
266
255
268
269
265
271
249
257
252
253
257
262
264
260
256
249
252
265
267
264
278
266
270
263
274
269
267
268
276
273
284
281
285
271
252
257
243
247
250
266
251
260
251
244
257
271
263
263
256
256
263
257
271
257
264
255
262
267
269
267
289
281
283
277
270
264
283
281
269
265
264
249
263
267
255
263
248
245
240
253
246
242
242
247
243
252
239
249
247
227
236
229
242
249
269
255
255
259
253
243
259
251
249
245
259
275
261
282
271
282
275
249
243
245
231
266
252
251
250
246
246
257
255
264
251
253
246
238
249
243
243
247
247
236
245
229
239
245
243
241
253
251
256
265
265
270
257
279
269
287
272
264
259
265
252
258
245
245
247
246
241
227
243
231
257
245
241
229
247
246
261
269
263
260
261
260
249
267
257
258
257
258
249
251
253
264
256
251
237
229
246
246
263
265
269
273
281
275
291
285
285
271
282
273
271
272
289
268
282
255
247
267
261
273
258
252
237
249
250
243
245
244
231
240
241
248
253
263
256
266
273
254
266
272
273
272
261
249
260
252
259
263
261
259
255
269
259
267
260
262
256
263
256
262
251
267
255
267
267
257
273
280
276
263
263
248
253
251
258
245
259
237
255
255
246
259
266
265
265
255
247
246
255
261
249
255
233
246
255
266
270
279
271
250
264
268
239
258
253
242
255
251
254
260
260
249
264
248
252
267
273
275
269
273
259
276
262
275
255
257
246
255
259
269
256
266
269
252
245
244
243
244
238
243
235
245
243
255
265
264
271
269
267
266
275
269
267
275
258
266
260
261
266
284
263
275
252
271
273
277
275
270
265
271
258
279
261
248
248
245
260
249
271
251
269
262
267
252
260
255
275
269
255
254
255
265
269
273
256
268
259
259
251
269
262
274
273
263
268
259
267
261
277
263
267
261
273
270
288
263
254
263
270
274
268
281
285
275
276
260
266
290
273
281
262
260
250
264
265
264
271
267
264
269
259
257
269
243
251
251
262
251
263
254
263
251
245
235
247
257
256
251
243
236
223
257
261
269
265
265
265
280
263
270
259
267
263
258
244
241
257
247
249
240
247
237
265
255
265
258
271
255
267
275
265
270
267
249
240
244
233
252
251
252
238
248
244
256
265
256
260
254
248
247
262
255
259
264
266
256
267
249
253
253
246
246
244
237
235
243
241
246
231
239
227
249
251
253
245
251
249
239
251
258
253
271
259
259
261
248
252
247
237
233
226
223
232
245
256
241
265
268
281
293
298
302
288
289
275
271
275
276
263
267
243
243
241
231
235
230
221
218
227
237
237
238
251
248
260
266
271
290
293
280
279
276
261
264
255
250
253
255
229
240
236
235
220
237
222
227
243
254
268
279
277
273
298
283
293
287
285
285
284
275
282
277
288
271
274
251
251
249
251
259
257
258
244
251
252
264
276
274
275
279
275
277
268
274
268
263
262
251
246
246
244
241
255
239
257
270
285
266
277
245
250
258
258
267
264
272
263
271
255
260
249
277
266
274
258
259
262
277
269
269
273
253
264
271
267
259
268
261
262
270
266
256
268
258
250
242
234
249
247
259
240
243
239
237
235
247
243
265
253
263
269
272
280
272
290
285
291
282
262
269
269
249
249
235
231
219
231
234
237
229
216
237
247
245
257
263
261
267
263
282
266
279
275
260
252
246
249
263
259
255
258
250
263
259
273
251
257
254
252
257
266
250
265
271
268
255
267
269
263
274
260
260
249
247
241
258
253
254
245
252
243
263
251
247
248
239
226
235
231
237
251
259
250
233
251
245
261
261
253
251
255
260
259
261
265
271
271
267
265
275
271
283
272
265
255
267
272
277
281
283
267
265
272
249
256
254
245
247
252
253
264
264
271
264
269
259
241
245
246
247
253
241
244
255
277
271
287
282
267
280
276
271
282
267
276
248
273
255
259
249
259
254
262
235
247
248
247
252
246
246
249
260
249
261
264
257
248
260
257
257
251
257
247
239
232
221
245
235
245
247
235
233
256
262
265
265
269
249
263
263
253
256
255
247
248
256
257
255
249
264
256
257
243
254
255
269
261
265
258
251
262
269
252
252
256
244
253
246
251
251
247
243
246
237
245
254
249
266
251
256
247
252
260
262
256
266
239
258
268
274
262
277
265
255
262
252
257
253
277
257
258
255
256
243
255
224
225
219
217
233
249
251
266
264
265
264
257
258
254
269
262
259
260
267
281
289
280
269
265
258
253
262
267
251
264
247
256
261
262
258
277
263
265
263
279
257
267
283
262
266
255
254
254
272
256
258
250
265
263
266
268
264
265
253
263
271
268
269
273
269
269
258
264
251
275
258
246
253
265
259
260
276
257
271
265
282
270
283
277
284
279
272
273
278
275
271
275
253
243
253
262
244
259
237
248
257
275
256
254
259
258
253
264
254
260
264
275
278
269
269
262
278
270
277
277
252
252
264
261
263
270
255
255
253
263
249
256
260
260
256
254
255
271
257
269
259
255
256
265
283
277
283
271
260
263
279
259
268
259
268
255
260
247
252
260
261
254
253
250
255
284
262
279
264
266
257
266
260
245
249
246
239
248
249
237
252
251
253
240
255
250
262
260
263
256
258
241
263
265
257
259
244
256
252
269
256
262
257
267
256
267
262
253
262
254
252
243
245
235
259
256
248
251
236
243
257
242
245
241
245
249
254
268
267
276
284
265
253
264
267
265
261
275
255
267
265
271
267
261
255
251
239
245
247
248
243
246
251
234
253
253
255
259
267
237
235
253
253
249
261
257
243
250
251
261
265
259
263
265
249
269
264
263
258
264
263
249
251
242
259
267
261
253
260
253
259
250
263
239
237
228
229
238
235
237
251
255
253
263
268
265
248
267
240
254
263
275
265
273
254
251
249
260
246
257
259
246
254
245
257
254
257
255
271
267
262
287
280
271
281
273
249
261
249
253
248
262
254
254
263
273
260
273
261
266
271
257
267
265
267
268
272
245
252
255
269
264
275
264
261
269
269
265
259
263
252
259
267
258
261
263
271
275
271
257
264
263
268
252
247
246
244
267
263
257
269
249
257
250
259
245
255
253
251
254
255
258
257
258
260
258
244
254
254
272
257
260
276
265
280
283
265
281
265
263
262
251
250
240
244
239
239
235
245
243
259
264
265
257
256
265
287
273
249
269
255
263
257
259
248
256
253
258
259
263
250
255
268
249
253
250
258
259
256
250
256
249
245
253
253
257
263
281
267
265
286
289
271
269
268
251
239
249
239
247
248
232
224
226
233
245
242
241
246
247
257
256
267
258
254
253
255
249
259
251
253
245
269
255
260
267
267
277
271
271
258
263
270
278
272
276
272
271
257
257
258
245
249
251
243
247
265
249
257
251
246
231
259
250
264
276
265
267
267
271
269
270
262
269
269
255
231
252
228
227
223
232
206
225
232
237
249
249
256
250
273
267
283
275
277
277
277
271
286
273
270
264
274
250
249
271
263
261
248
249
236
247
259
254
254
259
264
275
269
265
264
255
268
262
264
247
253
252
253
248
259
232
249
262
270
260
250
236
235
247
252
236
249
249
256
260
261
268
281
288
280
287
269
268
267
283
268
258
263
261
267
263
257
249
261
245
237
243
244
235
245
251
259
243
250
255
257
266
251
257
255
269
275
286
265
275
255
259
269
279
263
269
274
263
257
268
259
251
263
251
260
251
265
260
272
270
270
274
269
266
279
277
269
273
258
268
263
267
257
267
265
255
233
237
241
241
255
241
243
229
252
253
268
262
279
269
283
283
284
269
282
273
268
267
279
271
267
291
277
259
264
265
257
266
255
248
241
249
245
244
252
238
236
242
237
247
253
252
263
261
256
248
273
259
268
264
259
256
265
264
255
263
250
243
247
265
259
266
245
255
253
259
245
267
255
267
255
265
255
254
267
265
276
272
260
252
247
255
255
250
251
241
244
246
238
262
241
262
248
257
237
260
247
264
276
272
263
273
284
271
271
257
241
248
255
249
253
253
255
239
247
239
256
259
247
253
249
241
247
257
245
250
249
252
233
252
250
246
257
255
255
277
264
265
258
265
261
259
259
266
272
269
261
266
261
247
261
265
266
264
261
251
254
273
265
267
244
241
230
238
233
249
238
251
249
249
223
244
260
265
265
259
263
248
272
274
272
267
275
256
263
255
252
247
259
254
244
254
250
258
248
252
237
243
231
258
245
252
236
251
243
246
259
253
250
259
275
259
272
265
279
275
285
259
272
261
269
271
277
256
251
239
240
248
260
252
249
269
251
262
269
269
259
277
274
274
269
277
281
283
281
258
263
263
279
275
270
252
262
259
266
277
274
272
268
268
255
253
271
271
265
273
251
246
255
271
259
273
265
257
259
253
259
267
254
255
263
242
240
249
239
232
245
245
234
243
255
243
252
245
239
243
243
251
248
257
238
265
259
270
275
279
272
284
285
275
279
278
277
266
283
260
245
235
241
233
238
235
229
225
237
242
249
250
245
249
254
254
277
280
277
276
275
276
277
285
268
265
259
259
248
261
257
255
251
255
255
258
263
259
267
269
261
263
261
263
283
287
298
283
285
277
282
299
277
288
269
263
256
279
266
261
249
257
251
266
252
252
268
253
269
257
255
253
265
272
265
258
263
255
279
279
266
267
253
249
244
263
254
262
265
263
243
258
252
270
262
266
257
265
257
254
266
258
247
244
249
247
260
255
262
258
265
256
261
259
258
269
275
249
249
240
240
241
248
242
225
231
219
226
237
225
219
236
227
246
257
257
245
259
271
259
267
260
268
271
273
265
255
243
252
256
253
244
244
257
250
254
259
256
257
261
239
261
249
259
262
254
234
233
229
244
237
244
237
260
259
270
275
283
278
280
274
266
266
270
268
261
262
245
235
238
246
247
247
254
237
247
254
262
260
261
256
255
260
253
255
250
249
241
267
249
257
256
258
251
255
241
247
245
269
264
271
261
259
261
274
263
267
250
250
255
258
253
261
260
260
252
262
241
254
252
256
247
253
235
249
245
250
245
251
237
244
255
258
247
265
262
257
261
259
252
279
283
286
293
288
282
279
284
275
291
271
275
259
269
254
252
255
257
253
255
267
252
259
261
265
251
251
248
257
252
252
259
259
259
253
258
241
249
241
249
252
269
255
266
261
260
258
250
252
261
256
255
261
250
259
260
280
252
263
262
265
263
264
269
255
261
267
268
267
269
253
271
251
256
259
260
265
272
273
268
260
264
264
271
277
260
259
253
251
245
261
265
266
266
273
253
269
264
270
267
263
263
248
258
255
267
257
264
265
277
277
293
275
278
277
281
269
272
274
266
266
267
249
255
254
256
260
256
251
235
249
255
263
260
257
258
273
273
275
289
277
273
270
271
267
273
273
267
255
267
255
256
247
254
253
257
256
248
258
252
267
273
269
269
281
263
260
263
263
261
261
248
231
243
246
243
247
241
226
240
241
257
253
254
248
252
269
248
260
261
260
271
279
261
266
271
275
257
269
255
260
260
253
259
252
243
249
259
264
267
254
265
255
262
257
263
253
248
237
235
233
233
228
234
230
217
241
233
245
261
237
245
245
245
255
254
259
258
273
267
258
269
260
258
265
265
251
251
238
259
261
265
241
247
246
244
256
252
257
255
260
273
271
261
263
251
257
235
240
245
243
251
261
248
250
247
250
257
259
261
247
262
243
264
275
271
266
267
269
269
267
269
269
257
260
251
255
246
263
269
279
264
268
267
271
255
257
244
243
233
232
240
243
240
244
253
241
238
244
265
260
288
273
262
261
262
269
267
274
259
258
246
259
254
273
253
264
253
248
253
261
266
268
255
253
249
248
258
252
257
241
239
237
248
237
249
245
243
256
261
253
253
258
255
277
266
254
260
265
266
263
253
251
236
253
248
247
252
237
240
245
243
237
248
231
247
235
243
239
259
249
267
268
258
253
253
273
266
263
263
260
269
275
254
265
255
257
259
261
247
248
246
260
244
249
242
248
259
256
262
257
259
265
271
272
256
255
253
245
272
259
274
260
269
275
268
277
263
266
268
267
262
260
246
267
269
265
254
261
270
252
265
265
273
263
252
252
262
248
254
251
262
247
251
249
241
253
246
229
242
234
246
263
263
269
253
266
259
270
257
262
255
268
261
263
255
256
270
275
265
246
253
251
261
261
268
266
270
258
265
263
263
267
263
265
244
253
238
239
249
251
238
242
254
256
252
265
262
262
273
263
289
283
291
267
259
257
258
256
252
249
253
239
240
245
241
256
258
271
266
275
282
277
283
284
265
275
279
269
274
275
279
272
275
256
271
264
279
277
286
260
285
275
275
268
273
267
250
258
258
256
261
266
254
275
259
272
252
257
246
251
243
244
253
257
256
264
272
250
266
274
280
277
288
275
279
275
269
268
270
263
269
259
255
252
254
261
254
260
245
241
251
251
255
266
245
257
254
266
253
255
253
252
249
265
249
253
262
256
267
261
243
261
255
243
247
251
239
243
249
247
251
268
258
263
256
276
265
275
273
266
266
254
244
258
254
255
249
252
262
250
250
265
248
256
254
245
268
258
255
256
265
267
259
262
259
269
259
253
249
249
239
256
248
253
247
249
259
259
270
265
273
271
269
282
287
279
281
272
267
261
265
261
255
254
247
234
241
232
249
243
250
265
244
260
255
283
278
274
277
271
264
262
260
257
263
247
246
225
250
244
261
253
258
262
265
251
272
273
258
256
253
256
249
265
248
262
248
259
245
251
242
253
256
255
239
256
253
235
261
256
255
253
254
257
265
263
252
246
251
239
251
245
249
249
240
246
233
247
237
238
252
234
237
249
244
243
246
237
234
241
252
242
260
261
263
257
260
235
253
243
251
247
246
233
249
250
270
273
279
260
274
286
269
272
283
278
274
282
275
277
277
273
267
272
234
245
249
238
244
230
235
243
246
245
248
253
259
245
265
256
263
262
263
270
271
270
257
271
275
272
272
275
265
281
264
271
267
267
265
258
258
265
261
273
255
250
258
252
269
263
260
268
258
248
247
253
258
244
256
254
241
267
262
263
264
269
251
259
264
255
243
256
261
252
249
243
247
251
262
246
247
241
250
256
259
247
273
253
267
264
273
260
267
271
257
259
245
243
243
256
251
244
247
250
249
265
266
255
259
257
258
265
255
260
271
256
258
246
260
247
261
252
242
233
235
234
249
241
231
230
221
231
244
263
249
254
260
257
268
251
255
280
272
269
253
263
255
261
271
271
259
269
267
272
277
275
271
267
272
269
282
281
260
267
245
242
248
252
253
259
252
250
237
251
241
243
254
242
241
255
265
264
263
263
267
267
277
276
287
272
280
269
249
251
250
239
235
254
246
235
252
267
262
280
269
272
275
281
271
280
259
270
260
271
255
249
245
241
248
249
248
254
257
255
267
255
240
233
260
257
261
259
263
276
260
270
259
259
272
266
247
261
244
257
256
267
264
252
265
263
274
275
267
279
272
277
292
283
284
290
291
275
269
274
265
272
259
258
249
253
246
269
252
257
247
248
231
250
248
255
243
265
257
269
265
256
266
264
260
251
245
244
245
249
259
239
246
230
253
264
262
265
265
266
261
265
266
269
287
294
275
285
278
281
271
271
249
233
230
245
244
248
250
241
256
226
243
226
236
234
255
247
252
254
251
255
263
253
256
251
257
262
258
264
253
254
251
249
255
252
241
253
246
247
256
252
259
258
271
255
275
282
280
285
292
273
263
263
270
263
259
257
238
245
239
243
255
251
247
262
251
246
247
260
264
273
276
259
257
259
252
258
245
247
257
251
268
249
263
245
249
239
250
247
252
241
241
248
244
251
265
266
265
284
273
273
280
271
260
268
261
251
259
268
262
263
275
269
277
263
270
265
263
255
261
248
242
251
248
243
237
252
242
258
254
265
255
275
271
286
285
315
284
304
287
281
279
266
265
263
263
261
264
247
247
247
262
255
247
256
241
241
250
243
248
250
238
237
234
246
252
266
263
273
271
276
267
288
283
277
259
255
251
264
268
256
264
252
245
238
246
229
245
244
245
238
246
241
256
257
254
257
241
248
256
260
249
262
259
253
252
273
251
245
259
269
267
268
261
257
261
263
268
247
253
257
263
256
257
240
236
224
241
256
235
247
245
247
245
269
257
259
243
253
240
252
241
251
250
251
233
237
238
243
249
247
257
260
269
269
279
281
272
275
292
269
271
265
256
258
254
244
231
229
225
233
227
233
229
233
243
251
241
245
232
243
247
239
260
254
260
256
259
238
258
249
257
259
263
246
252
267
278
275
273
256
257
255
255
263
253
256
255
269
259
257
259
259
269
268
244
247
253
241
246
237
242
217
219
225
237
247
242
248
256
271
272
273
266
275
271
287
255
277
279
288
267
291
264
270
263
277
268
277
276
264
259
267
265
263
268
264
268
262
267
266
289
267
275
251
247
262
263
251
254
248
239
259
262
264
247
259
253
256
250
264
260
269
266
277
266
265
273
285
283
278
276
263
269
271
272
267
275
257
254
252
265
245
244
251
245
246
250
252
261
263
257
258
245
251
249
279
262
259
256
246
251
249
249
238
250
238
241
236
248
243
242
250
253
250
245
260
269
281
257
263
262
269
262
277
253
271
255
259
259
266
258
261
257
253
252
253
261
247
267
249
247
255
258
259
280
281
277
269
277
271
282
273
269
290
274
275
260
261
248
250
262
246
243
256
256
259
265
252
251
250
270
247
263
251
259
260
267
262
282
276
268
277
266
271
263
279
270
282
260
249
243
253
251
268
262
265
264
263
257
263
262
256
247
251
243
250
259
243
259
250
261
243
255
255
255
259
255
241
243
257
274
264
261
260
257
259
248
256
241
237
256
261
260
262
269
255
265
267
256
251
271
281
285
282
277
276
287
276
269
265
264
262
255
246
248
257
255
253
250
237
230
245
241
236
233
245
235
245
271
258
269
269
264
260
270
255
255
253
255
241
240
231
237
248
253
264
259
252
258
269
274
269
258
265
247
264
247
248
253
263
263
270
270
277
280
281
285
271
271
261
266
251
243
247
239
221
236
247
246
241
239
247
244
256
247
255
261
263
261
259
255
253
267
270
273
271
245
261
280
259
263
246
259
248
254
250
245
245
257
250
265
259
265
266
269
261
255
247
259
267
268
259
257
247
237
245
257
256
245
250
254
245
240
248
235
245
255
240
253
252
261
263
272
269
255
252
259
262
259
241
245
241
241
256
248
262
247
274
265
262
264
277
273
281
281
278
267
267
251
256
259
239
241
243
246
251
251
232
244
237
245
250
251
255
249
259
253
253
261
266
257
274
253
263
252
271
259
266
263
261
254
262
253
252
246
255
254
250
255
251
254
249
253
248
246
247
264
260
258
254
256
270
278
287
271
290
271
280
278
256
247
253
248
255
243
243
235
256
261
234
259
246
251
256
276
273
285
265
267
239
249
251
240
235
231
245
244
239
246
249
249
271
261
271
267
282
276
269
279
269
264
265
261
249
250
252
249
241
243
235
235
241
249
237
252
254
275
275
277
275
262
265
269
288
269
267
263
266
254
259
251
247
234
233
228
223
220
205
225
216
228
229
227
236
245
252
257
257
258
263
288
280
274
274
271
270
264
263
261
259
248
255
240
254
251
269
266
254
264
273
275
272
289
275
278
276
278
258
270
245
243
237
235
236
234
223
228
238
245
243
241
259
261
291
275
281
269
282
271
279
269
268
269
281
262
269
275
264
274
270
263
249
255
256
253
263
255
245
253
240
252
268
250
257
253
257
253
267
265
266
260
267
255
259
260
271
263
277
259
249
257
257
267
253
255
245
250
235
262
252
265
251
263
260
262
271
279
273
274
279
261
269
267
273
264
262
259
253
259
263
264
263
257
268
268
254
256
255
264
260
269
259
253
265
281
286
285
263
266
264
269
262
250
259
238
253
252
253
259
259
254
277
265
264
267
273
271
275
277
261
261
282
280
278
265
262
252
250
256
251
249
256
245
262
258
249
263
257
257
249
230
249
245
271
262
267
256
250
247
263
247
247
247
250
250
260
259
259
274
261
275
268
263
261
271
248
252
245
245
246
267
259
253
267
253
249
246
259
241
235
240
245
241
254
247
254
269
260
265
249
237
245
249
237
242
235
242
244
260
245
245
252
252
253
260
257
252
267
263
257
249
263
244
250
237
246
243
243
251
263
257
254
248
247
239
237
260
231
244
244
257
247
262
272
283
279
277
257
265
261
269
275
262
254
258
249
255
268
259
254
247
258
247
252
249
240
247
247
243
225
245
249
258
254
263
259
269
257
267
261
254
244
249
258
251
268
249
257
270
263
251
279
266
271
265
275
265
264
264
269
270
265
248
253
245
250
255
242
250
240
253
250
254
263
263
257
265
259
259
253
257
269
255
263
241
251
253
261
255
260
246
265
262
265
273
265
273
272
273
262
278
269
280
269
270
252
258
246
257
248
260
241
235
249
243
243
251
234
241
251
246
260
257
257
250
255
243
225
249
245
251
254
257
262
279
274
281
268
281
261
271
274
265
270
261
271
257
261
245
253
253
263
259
260
249
262
272
261
249
253
237
238
244
262
259
261
270
251
254
241
244
236
255
241
253
250
255
252
267
249
247
241
242
251
257
257
253
268
269
277
283
276
263
271
269
270
266
258
263
254
247
239
245
237
231
234
242
226
241
237
247
245
260
259
258
273
263
272
275
273
258
267
254
250
249
262
262
281
274
272
272
268
278
287
260
249
261
253
256
251
255
242
251
260
247
249
249
249
257
259
235
244
243
264
269
279
262
267
267
276
266
283
266
281
275
288
267
286
270
275
275
277
270
270
275
261
277
261
264
239
262
250
246
255
251
254
256
253
255
249
247
243
253
239
235
241
237
252
260
260
254
265
261
261
263
254
265
239
269
257
259
273
269
280
279
269
274
274
272
276
263
261
250
267
264
272
255
243
249
261
258
261
249
249
247
263
261
253
259
245
256
254
255
242
247
253
252
251
260
247
243
256
253
253
245
252
256
263
242
256
239
242
244
263
251
263
278
278
271
266
253
258
271
273
260
266
268
247
260
247
256
242
243
241
241
245
253
259
266
242
248
257
236
259
255
253
243
247
247
253
267
262
263
271
267
267
280
257
259
251
249
241
245
231
244
254
253
243
259
249
257
278
283
280
272
279
270
278
267
259
251
247
228
242
238
241
239
246
246
251
265
265
269
275
268
260
273
259
263
269
262
253
248
253
239
253
251
245
251
245
244
252
253
258
243
249
233
235
236
232
233
235
216
224
228
231
245
250
251
246
254
247
256
252
253
241
269
266
271
270
268
273
265
265
253
257
251
262
265
259
253
265
257
279
263
259
246
248
245
241
231
235
231
250
253
255
259
254
258
251
268
256
263
265
263
269
273
273
256
275
269
278
268
275
266
274
267
267
265
269
258
265
260
256
261
271
279
276
282
259
249
263
266
260
265
239
253
255
245
243
251
256
255
263
253
258
263
267
247
263
241
239
254
269
258
259
260
250
259
252
251
248
256
258
265
263
271
253
270
265
276
261
261
251
272
274
259
257
245
252
257
277
259
273
261
271
275
273
262
271
266
257
259
256
253
252
258
253
255
239
258
249
270
261
259
277
267
263
271
259
256
270
255
276
263
253
259
272
265
257
244
247
253
275
264
263
261
259
253
257
273
251
257
262
273
263
270
254
271
267
261
254
261
264
269
288
281
281
286
279
275
277
269
268
244
250
245
237
245
235
237
248
249
248
250
245
272
269
279
273
285
281
294
289
277
262
275
272
258
257
249
253
240
238
238
263
241
269
265
261
255
258
250
257
257
255
237
240
243
238
249
247
242
241
259
253
267
261
274
273
287
275
275
265
250
260
262
249
238
254
240
271
250
266
256
261
272
262
269
263
263
275
268
255
263
267
264
254
261
235
238
233
243
239
254
239
255
258
262
266
259
263
247
271
253
262
253
253
253
261
257
268
263
277
270
273
261
246
253
251
247
231
241
227
243
253
260
254
271
253
266
281
264
264
257
267
255
261
241
245
251
252
250
259
242
255
249
265
258
260
241
249
256
248
244
246
261
245
267
249
253
262
270
263
267
263
263
255
259
235
231
235
218
234
233
244
230
252
248
241
252
256
256
271
260
251
257
263
263
258
271
249
261
245
245
251
265
250
256
239
244
251
246
246
249
264
236
248
236
241
233
243
246
258
252
268
263
281
271
258
261
267
265
260
253
251
256
253
251
246
253
241
248
251
235
239
250
239
253
263
257
265
259
269
273
277
265
265
255
259
231
253
229
240
249
246
241
253
256
238
256
252
248
249
256
251
275
273
284
261
282
273
277
272
263
259
258
266
256
257
252
258
260
256
243
264
266
261
274
263
267
273
271
269
275
267
268
269
285
261
279
259
272
275
265
262
259
266
262
273
265
268
258
277
264
273
271
265
256
283
265
259
267
268
259
266
265
252
255
244
251
236
233
223
233
236
243
247
263
257
269
273
269
275
274
264
273
280
266
267
273
261
254
260
251
249
247
255
264
263
251
251
267
262
269
264
273
250
273
267
273
269
267
263
274
277
261
257
266
261
262
250
248
258
256
269
265
271
267
270
280
276
275
277
262
249
257
249
250
247
259
253
261
258
254
251
267
259
262
253
252
261
257
257
242
257
257
271
276
268
263
277
254
264
273
275
270
278
283
263
268
262
257
273
266
263
263
258
269
262
238
244
255
255
269
263
263
246
265
261
249
246
241
243
241
266
251
242
234
231
233
242
233
245
245
261
273
272
283
269
268
260
261
253
248
247
271
271
265
253
261
251
269
263
253
260
233
248
244
251
241
251
245
260
258
267
