01221720.PTO
MINE
2012/01/22 17:20:33.5100
100.0000 m/s  
14603 muestras
223
241
229
242
238
248
247
252
245
250
231
227
233
253
250
241
232
216
219
231
234
223
219
212
223
215
224
227
235
237
233
241
226
233
245
239
219
229
209
206
209
218
209
219
203
193
201
209
210
203
212
211
211
214
216
223
245
231
247
219
222
221
241
223
221
223
215
209
222
233
222
224
216
215
217
213
209
209
212
218
204
211
221
235
245
238
233
225
227
243
260
240
236
230
230
228
245
236
245
240
233
239
237
240
253
259
249
244
228
229
243
259
245
235
239
234
222
230
242
226
225
225
214
218
239
227
232
221
229
223
221
229
237
231
222
217
219
217
225
245
231
227
220
227
225
252
232
232
233
257
235
251
246
252
262
259
237
223
239
242
237
225
210
204
209
202
204
199
193
195
184
193
203
217
206
211
213
209
199
216
217
231
232
223
212
207
225
234
233
225
213
213
199
205
225
212
210
209
221
211
216
229
229
243
248
235
233
239
243
241
237
231
219
237
233
237
238
238
213
205
205
209
211
216
203
215
207
192
219
231
233
235
239
229
237
241
244
229
235
222
212
217
209
225
217
207
204
203
190
193
193
208
206
217
201
205
237
227
235
228
227
215
219
239
236
228
215
203
215
211
214
215
207
201
201
199
199
206
215
218
212
229
209
226
251
257
254
254
253
249
254
258
265
248
246
229
225
214
230
233
235
209
210
209
202
210
231
204
213
196
187
197
197
209
203
209
202
206
219
226
236
243
245
243
243
241
251
253
271
253
239
234
243
261
259
241
244
238
233
229
239
227
222
229
217
210
207
211
215
219
198
207
193
197
204
220
209
211
213
200
222
231
219
213
213
190
200
203
209
199
205
211
203
209
215
231
248
235
237
232
228
245
260
273
249
250
247
241
236
243
235
229
233
206
208
209
214
202
213
197
195
188
213
209
219
209
207
198
219
221
231
233
215
221
227
230
237
238
227
224
217
218
212
230
217
217
217
204
198
207
221
225
233
222
222
219
231
229
245
228
230
235
229
232
238
241
239
241
231
227
216
224
228
247
223
212
203
225
219
222
219
211
218
218
207
215
223
219
223
206
216
211
234
221
232
227
227
217
247
239
237
237
221
214
212
209
205
210
203
192
185
192
177
197
212
205
216
211
213
213
243
229
234
229
231
225
251
235
246
233
229
223
227
223
219
228
221
226
225
216
202
225
225
225
217
213
211
231
245
236
234
222
203
217
227
227
226
224
227
215
220
209
224
231
229
217
234
223
215
227
228
222
215
216
207
226
222
228
219
221
209
228
229
225
234
244
234
220
224
226
245
243
239
228
220
229
240
239
242
216
220
221
227
235
229
229
235
235
233
237
234
251
246
258
241
247
245
244
247
247
228
234
233
231
254
248
251
246
253
238
241
241
245
250
255
232
216
212
215
210
211
198
185
193
194
200
203
200
191
195
197
199
221
223
219
234
237
236
247
239
247
247
248
214
217
229
235
223
229
216
213
215
216
231
228
225
226
223
204
223
223
227
230
234
216
209
212
224
212
212
209
198
207
210
196
203
211
181
179
187
197
201
206
219
223
227
234
231
245
249
243
244
221
232
235
241
232
236
213
221
245
235
232
234
236
229
231
218
230
230
237
228
229
215
204
225
242
226
228
211
218
219
218
220
237
232
223
221
222
221
222
234
217
215
211
221
225
231
243
235
227
216
224
223
232
219
229
201
211
213
237
215
233
227
227
229
243
235
225
238
229
231
221
231
230
251
237
247
234
236
228
248
240
239
245
231
221
219
235
223
234
225
213
208
212
223
236
234
225
218
225
223
243
242
241
240
234
235
233
241
227
245
225
232
219
231
224
229
223
221
217
205
217
220
233
236
235
208
218
213
246
220
217
211
212
200
199
196
197
182
196
193
179
188
181
201
199
199
191
189
199
211
227
215
209
206
217
208
227
212
222
215
208
204
221
217
223
214
220
201
216
216
220
226
220
215
215
243
225
241
228
236
218
219
205
224
212
212
211
206
192
188
201
205
219
221
217
204
219
225
240
242
243
231
233
237
222
225
223
223
229
231
220
229
222
231
219
226
215
222
235
229
235
235
207
206
220
221
244
231
239
220
233
224
226
231
244
224
241
229
234
232
246
244
241
238
236
237
242
243
245
244
228
239
237
239
231
229
238
219
225
234
236
232
243
231
232
200
219
221
233
214
223
216
203
221
232
213
211
214
203
203
209
204
223
229
217
210
211
201
215
224
220
228
220
220
227
242
257
251
255
247
250
280
273
267
260
257
251
237
234
233
232
235
217
229
204
212
207
213
202
193
183
198
194
211
195
196
200
197
199
205
218
218
235
238
224
223
230
234
261
243
245
244
238
235
245
245
228
227
227
230
233
247
245
255
254
241
249
256
245
244
239
231
220
221
223
226
223
206
210
199
197
206
214
211
212
206
213
210
226
226
232
246
235
232
229
242
231
234
244
225
214
215
221
234
228
229
221
210
217
208
223
209
219
219
197
199
209
211
203
213
186
189
193
209
203
214
204
220
220
229
223
249
233
242
236
247
230
232
231
215
221
211
211
201
227
215
230
225
205
203
227
227
228
231
224
217
219
226
221
233
225
229
242
236
223
235
221
236
239
227
230
223
234
232
241
224
225
209
241
217
229
227
225
207
200
201
204
213
212
217
216
217
225
251
246
255
248
239
228
238
237
239
237
239
221
247
241
234
241
235
242
230
230
207
217
220
219
212
208
212
219
234
224
231
232
229
224
237
225
222
227
221
213
227
223
225
229
226
218
209
202
211
222
221
215
211
199
189
197
198
201
199
199
191
193
200
206
203
219
216
219
238
225
240
238
245
223
221
211
228
220
211
197
207
189
192
199
200
210
203
218
200
221
232
232
239
242
235
241
237
245
253
247
244
217
211
217
213
213
208
200
214
207
210
196
212
212
213
211
205
203
209
217
218
228
211
218
242
259
251
259
237
237
235
242
249
251
251
255
233
230
241
244
244
233
233
215
219
211
229
223
234
233
217
211
220
215
218
220
199
209
197
202
211
216
225
210
189
192
213
230
231
235
234
227
231
238
240
241
246
238
242
238
253
240
252
251
255
261
257
266
262
263
251
242
223
203
213
229
222
221
201
187
199
231
237
243
241
235
237
228
219
222
224
214
224
225
214
214
215
207
205
196
184
194
220
242
242
263
266
261
265
281
256
274
276
276
255
260
244
263
251
251
243
229
225
225
215
211
204
197
195
185
211
183
190
187
195
186
187
196
199
215
222
223
223
215
220
237
239
231
222
214
207
218
210
210
202
202
195
209
224
216
223
221
229
220
229
227
239
251
247
230
233
216
226
223
225
206
199
203
211
234
229
229
234
221
213
212
210
206
215
210
201
184
205
207
209
203
195
194
201
189
210
207
221
208
205
207
212
228
211
218
215
225
227
237
227
239
245
250
228
216
227
237
236
229
216
212
225
219
222
211
217
211
211
199
203
206
191
211
220
198
202
219
229
227
237
241
205
216
216
223
221
227
218
213
213
233
238
241
235
235
225
210
231
219
228
237
233
211
215
213
220
210
227
212
203
207
220
226
223
219
219
210
219
235
235
244
251
261
243
251
262
257
251
247
231
225
228
234
217
205
209
187
196
186
195
196
199
199
211
196
205
213
223
224
224
244
227
232
245
249
238
242
223
210
225
237
229
233
233
221
219
219
238
233
237
230
235
229
221
214
239
217
225
217
202
218
217
221
217
227
213
217
227
243
232
260
245
245
229
242
236
246
241
242
234
225
233
242
239
229
244
229
243
232
245
229
241
257
244
241
252
245
236
246
237
225
213
218
215
226
216
222
220
214
214
242
232
237
240
246
242
252
252
233
248
241
227
221
230
219
232
222
230
222
215
205
215
211
218
215
215
215
219
216
214
217
215
195
195
223
229
215
230
215
216
219
229
225
239
223
233
217
232
230
253
240
225
227
225
223
225
224
195
213
190
186
165
201
186
206
205
200
197
215
233
245
245
232
229
221
237
234
236
220
233
227
211
201
211
209
204
200
204
187
184
200
192
212
211
199
195
225
227
241
236
238
218
221
224
241
235
228
231
225
211
217
236
222
218
233
228
223
229
238
228
242
219
214
210
208
208
196
209
213
213
207
204
235
216
229
226
218
207
225
246
246
247
264
240
242
249
233
236
223
224
223
221
210
206
202
212
198
200
185
192
211
202
213
213
202
187
215
229
225
234
241
225
227
247
252
242
233
237
211
224
226
238
241
257
245
245
227
247
244
241
229
238
232
226
235
245
241
229
227
214
222
211
223
219
231
214
216
214
233
235
238
233
233
221
228
243
248
242
223
228
201
205
228
221
215
227
235
240
232
238
239
247
256
235
240
245
255
252
249
215
220
196
201
215
230
213
214
220
206
209
201
202
202
212
211
209
207
228
221
228
225
220
209
216
215
228
221
228
221
216
213
224
223
213
227
221
208
216
225
225
237
231
209
193
198
215
204
210
193
199
197
206
214
217
219
223
234
227
236
234
240
228
249
228
222
224
245
234
238
233
226
220
236
235
254
239
237
240
238
238
245
251
239
249
232
240
242
244
236
232
237
197
186
189
199
180
174
172
173
167
191
193
210
220
233
221
225
235
247
231
229
235
229
221
244
258
256
265
255
249
242
258
263
255
260
259
255
251
249
251
252
234
251
234
249
234
257
243
239
202
184
153
175
181
161
163
149
145
123
133
106
115
115
139
143
157
134
151
135
133
129
124
155
189
245
263
283
292
290
285
318
330
363
391
415
419
442
451
449
429
413
395
369
343
309
283
228
180
126
81
31
36
27
0
-5
11
0
2
17
17
12
23
21
29
88
118
152
166
192
220
281
327
378
399
405
379
363
363
371
425
436
428
406
388
350
349
329
309
272
242
212
170
163
153
143
135
141
117
121
136
164
153
140
101
83
72
103
152
183
205
230
231
215
237
262
272
260
267
232
232
219
230
240
256
266
271
279
300
325
344
342
343
355
319
339
335
333
329
338
327
300
308
325
331
328
332
280
272
221
200
157
133
96
108
115
132
147
160
159
171
152
135
129
102
83
44
37
16
16
38
73
97
133
152
163
188
217
214
203
187
182
208
219
257
287
323
337
394
418
471
505
518
497
502
482
459
421
416
387
336
293
246
247
257
289
299
315
288
245
177
118
80
38
-19
-78
-103
-136
-127
-93
-53
-25
40
73
99
133
150
157
173
171
187
222
274
339
391
443
481
509
504
510
507
525
497
496
471
445
423
440
439
432
427
397
366
347
323
268
213
150
101
33
-17
-85
-144
-159
-183
-167
-154
-125
-65
-27
-20
-4
-18
-48
-61
-38
-57
-41
5
74
169
273
357
414
450
473
472
479
484
483
495
467
464
470
482
515
569
583
571
552
511
466
435
408
355
317
245
164
77
15
-44
-64
-89
-73
-83
-63
-58
-23
-16
-37
-49
-45
-54
-59
-35
-9
39
104
175
219
293
338
366
383
379
369
354
363
369
397
414
428
459
486
487
503
489
445
409
357
284
241
191
142
97
72
37
23
51
64
77
89
103
92
103
105
113
109
99
82
81
93
92
130
145
181
211
251
258
297
324
311
306
300
249
249
259
286
303
319
345
328
343
347
356
331
308
255
222
173
166
176
180
180
199
190
170
166
175
161
173
172
151
153
153
170
158
167
162
167
191
212
255
303
325
346
364
348
349
319
287
242
223
181
171
201
223
236
275
284
255
220
186
140
103
99
97
93
111
142
172
165
185
209
215
227
245
250
240
229
232
213
221
227
229
221
229
229
241
250
282
289
316
321
316
286
260
233
221
210
203
220
217
259
296
353
354
353
325
277
263
257
226
209
184
185
178
188
201
215
238
247
239
208
191
179
179
173
179
178
170
191
211
240
230
251
257
271
291
299
294
285
280
249
222
211
213
239
262
274
297
293
315
317
331
325
323
287
261
207
179
134
109
116
115
131
147
175
180
173
157
137
110
104
93
99
80
97
105
107
142
173
190
207
221
226
230
257
285
281
307
315
311
298
307
296
311
323
327
356
359
372
369
371
333
293
224
203
167
197
177
183
203
214
211
216
204
177
153
114
74
40
41
47
82
92
123
143
174
189
211
225
231
246
251
264
276
300
291
315
323
303
282
303
315
344
371
392
390
378
362
325
299
249
211
181
173
152
161
141
155
147
150
138
125
107
76
60
41
23
31
69
113
145
171
198
209
229
255
281
291
277
277
277
266
273
281
307
321
333
355
331
355
345
338
310
306
275
269
261
245
212
188
168
154
168
177
205
223
233
223
226
185
174
159
122
107
115
106
119
170
192
227
252
268
272
272
265
247
220
225
199
205
215
229
263
282
292
303
293
273
268
262
267
251
245
216
209
208
195
163
155
134
147
182
207
209
223
245
227
222
187
178
155
159
160
172
187
202
258
286
292
283
279
233
223
205
203
192
215
215
224
257
270
274
285
284
297
283
269
281
285
289
277
266
247
233
259
243
221
220
215
209
213
232
219
199
191
147
114
93
87
97
139
168
200
211
239
264
281
271
250
231
218
202
203
191
189
213
220
232
250
282
278
285
278
245
223
203
205
202
194
200
197
202
211
231
238
229
244
237
225
211
195
181
175
156
141
125
142
175
178
211
219
233
251
274
295
289
271
255
237
231
222
237
249
270
314
330
344
345
342
307
284
251
212
182
181
177
187
199
185
185
198
212
204
204
178
167
137
125
126
149
132
132
144
127
111
145
165
184
227
253
271
283
287
266
264
246
239
223
244
275
300
325
341
348
356
337
327
313
253
232
199
180
156
183
185
201
209
214
196
197
209
190
181
167
169
159
166
151
159
151
163
161
165
156
200
223
220
231
230
239
223
252
232
227
221
236
243
287
325
351
363
369
376
355
335
309
279
251
234
225
219
229
263
279
292
287
280
237
235
237
218
191
181
160
141
147
146
167
177
208
197
208
195
197
199
196
187
189
174
175
182
176
175
173
210
223
264
290
310
309
310
306
289
274
272
242
238
231
219
231
256
276
289
273
268
249
198
171
154
139
139
168
185
195
224
233
239
244
245
208
206
199
213
201
200
191
183
187
210
237
242
243
244
254
268
293
305
291
266
259
204
173
164
163
152
168
179
189
205
224
230
221
202
175
147
128
131
132
151
162
185
191
211
236
254
248
249
249
215
214
218
227
205
220
224
233
230
257
275
289
287
302
319
316
323
317
290
264
249
210
201
189
206
210
225
224
217
219
208
211
196
168
143
134
143
140
148
169
177
214
219
253
252
253
243
242
226
203
203
219
232
234
257
237
243
255
285
289
292
286
266
240
238
230
223
215
204
208
200
211
233
254
266
279
280
275
273
270
238
217
197
165
147
159
176
186
217
232
243
254
249
233
226
202
197
201
195
201
234
272
281
307
307
291
308
312
275
262
245
231
214
222
212
199
194
187
184
196
194
208
216
220
225
215
207
171
178
139
132
128
122
125
187
207
217
234
242
222
213
220
207
195
193
198
199
227
252
296
319
321
333
307
294
286
289
267
266
243
225
207
226
210
215
228
247
237
260
261
266
274
257
239
216
195
194
206
178
180
172
198
192
224
244
245
241
228
204
189
186
177
179
194
207
203
234
247
276
282
279
257
249
218
213
202
179
171
171
172
183
225
233
235
246
262
241
251
241
250
224
227
212
200
192
182
195
181
179
172
184
194
207
203
211
192
200
173
174
192
191
199
217
233
229
263
289
292
286
275
223
197
167
187
189
192
200
218
235
238
252
245
235
223
213
193
205
207
210
203
217
191
206
215
231
231
248
229
224
243
254
256
247
229
212
203
182
191
200
218
243
276
291
284
285
281
269
241
227
189
190
198
209
224
248
250
259
264
269
269
254
231
211
187
169
171
181
177
151
173
166
169
188
211
223
220
215
216
221
220
213
208
203
193
201
200
221
238
267
267
267
261
249
253
247
214
208
189
165
171
181
213
221
251
252
247
249
238
217
205
180
168
159
163
165
187
201
195
214
214
210
228
236
226
219
208
195
197
216
219
212
229
227
231
233
260
257
270
267
269
247
247
225
220
189
190
205
205
220
247
274
274
277
276
271
241
242
206
191
180
156
177
197
215
231
245
249
245
227
227
211
215
194
193
183
181
196
222
216
201
219
222
215
237
257
251
258
242
220
190
188
180
189
183
204
207
219
242
265
279
277
278
240
227
218
217
205
212
217
231
229
260
265
276
269
245
223
201
210
206
220
201
215
206
213
207
236
225
237
247
245
257
258
248
242
233
230
202
192
220
233
243
243
249
258
270
292
296
281
261
243
231
222
208
213
215
238
245
257
252
284
280
270
269
252
218
211
208
210
209
206
200
219
231
247
261
259
243
235
231
223
214
217
201
195
188
175
183
215
227
229
237
244
239
239
247
255
235
236
201
184
191
190
195
214
236
251
263
262
275
273
263
235
212
180
175
204
209
215
237
239
243
258
247
245
229
219
193
200
201
205
212
207
214
208
211
217
241
250
251
244
261
238
252
249
239
209
201
169
176
183
213
232
255
247
247
245
217
213
201
193
172
171
162
189
214
236
231
237
231
219
237
230
216
212
199
189
191
199
223
210
225
213
211
211
222
241
262
253
239
229
202
205
190
199
182
201
185
199
202
213
216
221
219
213
205
194
186
179
195
180
189
193
234
251
267
261
265
257
256
248
247
217
203
207
201
201
204
218
212
226
232
223
219
227
216
229
207
189
176
183
215
217
216
208
229
220
221
223
239
216
221
206
202
192
193
193
190
207
195
204
233
265
275
275
260
249
215
220
212
211
209
188
198
203
217
243
253
254
251
221
211
197
218
210
223
233
212
213
232
240
239
240
231
239
243
259
256
262
245
237
229
207
210
227
217
229
233
237
246
256
279
267
253
229
195
180
177
184
191
205
207
219
231
249
256
270
237
239
221
208
211
226
232
234
223
222
213
241
241
244
243
233
219
220
205
200
187
179
172
149
141
150
187
200
206
225
234
227
245
258
232
227
216
200
209
226
234
253
260
264
258
266
263
261
252
251
229
215
206
203
236
229
257
247
254
245
253
251
234
207
208
189
201
219
213
211
203
206
205
208
202
219
230
251
241
233
227
243
251
235
230
206
211
200
237
239
253
272
286
260
267
250
233
219
198
189
185
188
197
214
219
208
211
208
184
206
188
186
177
187
172
185
202
219
221
233
223
220
226
225
245
243
245
229
229
209
210
203
187
183
182
197
205
241
259
268
275
269
242
237
231
225
211
220
215
229
244
256
258
260
240
215
215
204
211
207
199
179
194
190
201
213
229
229
241
239
231
247
245
257
257
255
243
241
224
228
233
233
233
235
244
247
264
261
250
241
235
220
223
214
217
213
223
211
233
252
276
285
269
247
214
212
204
207
199
196
176
194
189
195
204
203
205
209
197
181
170
182
188
187
193
180
190
206
218
233
239
233
237
251
269
273
275
254
245
234
215
221
214
231
223
237
239
246
248
264
251
239
213
199
200
213
223
219
230
225
245
254
261
257
251
235
222
204
199
201
211
218
216
209
211
213
233
227
223
240
232
236
244
255
254
247
226
221
218
236
236
259
275
257
255
244
259
245
256
222
205
187
174
184
216
225
236
231
246
249
248
261
238
237
219
211
215
228
216
242
237
245
233
231
234
244
251
241
229
221
213
228
233
229
221
207
202
210
223
226
228
243
247
233
218
229
227
235
213
218
207
229
220
241
239
243
237
223
212
220
217
199
198
181
163
171
194
203
229
243
243
234
232
246
238
241
203
199
185
191
191
202
196
197
199
199
210
221
237
245
261
251
211
209
232
226
240
226
218
219
227
229
263
263
261
249
241
218
208
209
191
193
191
199
193
231
235
242
247
222
205
208
197
203
201
181
187
183
202
199
205
220
194
197
196
183
223
234
229
246
226
212
200
208
205
210
213
217
212
255
254
287
247
241
221
209
209
206
206
204
207
216
211
210
229
234
231
208
198
181
192
199
206
193
201
189
187
209
205
228
243
239
237
233
227
233
237
228
230
224
213
210
229
220
229
225
230
221
242
238
248
219
215
178
189
181
200
199
199
213
221
235
242
260
267
251
243
232
203
208
213
225
214
216
205
206
221
215
207
221
217
199
197
199
213
205
231
223
227
224
239
245
255
245
242
230
245
272
269
256
223
224
205
200
218
223
235
243
242
229
238
251
241
238
216
199
188
179
197
216
229
226
232
219
232
231
239
223
237
221
202
206
228
231
237
251
239
233
232
243
243
248
237
220
207
205
213
213
209
205
208
215
236
242
265
263
290
264
259
254
256
231
237
221
200
191
211
231
243
255
241
239
218
216
219
221
203
215
205
206
210
229
220
227
234
220
230
234
248
238
252
251
219
211
227
230
226
225
216
219
218
243
252
252
251
251
234
221
213
222
205
222
215
221
218
239
264
275
285
277
269
269
252
245
255
245
238
232
236
250
269
268
264
251
229
212
217
220
229
225
204
192
188
218
232
229
210
220
218
219
226
227
240
229
239
218
201
198
207
192
203
205
198
201
232
242
250
257
231
208
206
215
219
223
220
224
221
239
239
243
222
216
195
177
173
183
197
191
184
180
187
181
214
211
209
196
205
189
202
209
219
226
216
195
195
187
191
217
223
241
228
225
225
254
247
225
208
204
182
198
203
214
210
220
229
221
240
229
227
235
226
212
193
191
215
211
223
223
214
211
214
246
237
239
231
223
210
224
217
225
205
217
189
197
208
221
237
247
256
246
237
236
256
234
237
218
219
204
222
227
225
240
256
239
223
237
229
223
213
207
189
193
203
211
219
233
229
214
213
229
239
239
225
204
206
174
204
209
216
215
216
207
196
223
230
233
242
234
219
233
234
247
241
245
229
212
208
245
255
275
253
260
246
228
233
215
200
205
203
174
177
197
220
225
251
232
225
226
229
231
226
217
209
203
213
223
228
235
220
242
213
235
235
241
227
247
244
223
224
236
234
220
233
207
218
213
233
245
253
248
244
215
205
207
222
221
235
217
204
227
255
257
252
257
237
215
220
241
221
228
217
203
216
208
221
212
217
215
215
204
211
214
249
226
236
201
199
215
241
237
222
238
207
209
220
233
230
245
221
223
188
193
194
213
211
221
209
217
211
241
238
222
239
208
209
208
224
213
219
223
208
204
233
245
249
242
239
238
226
243
240
258
245
241
227
217
213
225
223
218
215
203
197
215
227
210
219
205
190
185
201
183
212
214
223
209
214
235
252
252
239
227
206
203
199
217
211
233
226
229
222
258
255
249
248
247
223
232
246
242
259
250
243
217
234
231
260
259
249
231
219
213
233
238
228
227
206
199
189
215
226
243
245
257
244
243
239
245
235
224
200
193
213
210
238
234
228
244
228
232
247
235
227
228
236
215
221
244
246
251
248
240
230
233
246
259
245
243
231
221
207
208
204
199
195
206
195
201
211
234
243
245
235
210
229
229
233
230
233
205
197
222
245
243
247
245
243
241
229
255
227
216
217
213
201
206
213
217
209
219
189
173
190
195
183
180
182
170
170
181
202
197
214
206
217
203
214
223
224
229
239
209
202
199
203
207
195
211
191
202
221
243
240
251
237
212
204
211
211
209
201
210
217
207
231
251
253
252
238
215
205
222
227
219
223
231
205
221
237
242
245
251
238
235
229
253
258
267
255
243
223
201
219
229
223
225
230
218
215
249
257
246
255
228
215
209
220
231
219
231
231
219
213
237
235
245
220
230
205
205
221
241
225
234
237
227
232
266
259
255
259
245
240
229
224
223
221
216
204
187
201
205
220
227
213
217
199
207
211
208
193
196
179
174
177
194
190
204
227
220
213
226
238
239
237
235
211
205
208
212
233
229
229
216
205
226
246
250
239
249
223
210
213
242
231
242
228
227
217
215
226
239
251
238
221
210
226
229
240
205
216
198
200
195
227
220
231
247
247
226
251
252
250
236
229
221
219
239
253
273
271
249
230
228
230
239
237
218
229
219
209
224
250
235
247
241
232
217
227
226
245
239
225
196
199
196
203
201
205
200
192
198
197
233
231
238
232
223
202
221
229
216
222
229
220
231
249
259
256
250
233
212
221
223
218
221
205
209
203
202
217
235
239
235
222
203
194
235
238
243
235
237
199
211
223
218
209
217
205
217
229
221
233
224
233
217
205
188
203
192
199
187
185
172
179
215
215
215
219
221
203
221
230
234
221
232
224
232
229
245
253
247
253
246
230
216
232
222
233
219
218
192
217
225
227
225
223
218
210
224
230
233
226
227
201
209
211
219
224
225
225
239
230
237
258
271
245
247
225
213
227
227
220
232
251
238
233
250
268
255
268
240
223
195
183
207
219
217
211
204
199
205
225
220
204
234
208
199
231
241
247
232
228
203
211
223
245
239
260
250
251
236
245
235
237
225
200
189
194
211
237
218
227
237
220
209
224
227
227
224
208
193
195
211
233
226
225
206
209
198
220
219
225
220
230
223
227
235
252
232
241
229
208
220
235
250
249
260
250
228
227
242
238
225
207
209
197
210
221
246
242
241
249
232
232
247
263
237
255
229
219
219
235
243
249
264
237
231
236
239
235
243
219
220
200
207
222
230
213
212
204
186
183
206
211
209
227
209
201
201
227
208
217
209
195
197
217
233
243
241
238
239
217
213
221
227
217
215
201
196
211
239
234
233
227
208
199
198
212
193
206
195
187
181
179
191
219
205
212
200
199
205
225
239
234
225
207
201
207
223
207
214
199
200
193
217
226
229
230
225
201
206
195
206
210
219
219
215
216
219
239
233
222
224
203
198
223
233
222
230
228
215
210
234
220
236
236
235
226
232
240
249
234
233
211
195
196
218
233
213
216
223
229
228
253
249
237
235
214
209
219
217
228
233
231
228
219
230
238
253
246
241
232
219
212
230
238
228
225
232
211
211
215
223
222
211
211
191
211
203
232
227
233
225
218
220
235
238
241
229
233
235
221
247
240
237
230
231
207
224
244
253
251
252
239
229
244
249
251
237
221
208
212
210
236
241
241
251
267
248
253
265
250
252
252
243
213
231
249
256
253
255
221
225
221
234
223
211
214
206
200
196
207
207
191
193
201
188
210
233
252
247
253
242
231
243
250
246
253
243
227
229
235
259
261
270
256
245
239
245
253
259
247
247
235
206
219
245
247
227
242
221
209
210
223
207
210
196
200
185
200
206
214
229
227
227
212
231
255
256
250
255
233
225
234
244
232
231
232
218
221
243
253
252
258
231
225
207
226
222
227
223
215
200
205
207
224
222
213
218
201
201
208
209
195
198
201
179
193
213
212
215
224
214
220
216
235
243
248
227
223
204
199
209
221
200
197
193
194
201
221
222
217
221
215
201
188
195
203
223
202
214
208
219
220
242
219
207
204
196
206
199
209
207
203
199
199
189
207
194
195
198
193
182
187
199
216
219
205
193
185
203
223
239
231
232
231
233
231
251
231
224
219
216
199
186
203
202
213
219
223
209
212
219
230
231
227
203
215
217
228
242
228
223
218
204
213
227
224
216
219
210
185
213
209
221
213
212
204
206
222
234
238
232
235
232
236
219
237
224
214
207
206
194
207
226
227
225
229
197
196
225
213
230
210
205
184
208
215
241
239
244
240
248
243
241
258
255
251
239
240
224
225
244
249
231
241
213
214
229
231
243
225
228
221
225
234
242
241
227
215
216
204
221
230
235
219
227
221
207
210
214
211
208
216
203
217
228
228
233
235
230
213
229
231
233
247
246
239
227
220
243
264
259
239
239
231
227
255
273
258
251
245
229
246
240
245
231
249
245
241
236
253
252
255
250
237
213
216
234
235
226
215
223
215
236
253
253
244
235
229
216
220
241
225
233
232
213
199
217
225
233
232
214
237
220
240
243
255
236
236
225
220
229
239
242
236
232
211
213
219
234
218
227
210
193
181
181
188
193
187
185
189
179
208
217
217
202
221
217
219
215
213
215
233
239
233
226
230
241
249
251
228
219
215
229
234
230
202
189
193
194
197
209
212
196
208
196
196
213
231
221
225
207
189
186
206
211
221
232
215
221
218
234
241
235
220
228
217
210
212
253
240
250
237
227
225
252
241
234
231
223
201
210
219
224
237
223
209
199
213
220
230
219
227
227
226
210
214
227
216
218
201
193
191
213
222
248
229
231
209
237
228
234
233
210
218
201
217
217
234
233
235
233
223
209
249
248
237
220
215
200
211
223
223
225
215
193
199
224
219
227
222
217
199
209
225
230
247
233
232
225
207
224
253
252
249
241
229
205
227
226
228
222
232
225
228
241
240
247
237
249
233
241
230
233
246
236
233
231
214
231
241
245
237
240
233
237
245
252
249
249
237
217
234
212
223
242
239
239
222
217
223
239
234
222
214
198
174
199
204
200
195
195
187
191
213
220
236
233
224
205
212
215
238
228
237
220
227
230
231
243
243
227
233
213
211
238
237
236
239
233
218
229
239
235
241
243
228
223
218
233
235
235
228
208
209
207
215
216
207
205
211
193
205
196
213
201
212
203
179
192
198
214
222
231
216
219
218
242
243
253
241
232
232
237
243
249
238
227
225
213
212
210
223
215
230
206
207
215
227
230
250
224
216
197
216
218
216
220
209
207
195
208
211
220
212
211
193
191
181
216
214
219
226
213
227
242
252
244
243
221
226
219
220
226
238
233
230
225
209
207
228
229
228
221
201
197
214
237
220
228
210
199
201
214
220
227
215
219
219
210
217
209
223
208
211
204
209
205
233
234
239
245
242
237
248
252
243
250
234
225
221
228
235
237
228
217
205
210
198
218
219
215
211
204
193
211
216
227
229
208
221
216
238
229
241
237
233
223
212
212
211
219
217
211
203
216
223
252
253
264
234
230
231
234
246
232
225
222
213
225
236
233
235
227
221
213
215
220
225
233
229
216
211
215
226
240
249
238
225
217
213
246
229
213
208
218
194
215
211
226
230
240
235
229
245
250
263
260
249
231
233
225
233
233
229
229
226
225
209
241
238
233
230
225
211
225
215
229
215
205
183
184
197
208
213
217
212
199
210
220
237
237
237
224
220
222
226
231
238
241
255
224
221
230
235
235
224
221
194
195
203
223
206
216
209
212
219
245
240
255
242
243
229
213
233
244
235
245
243
223
231
241
257
245
243
237
228
227
230
232
229
235
210
205
204
215
214
223
215
220
216
211
240
234
236
238
227
203
206
223
229
238
240
227
227
223
237
233
233
224
227
220
214
226
240
239
234
239
211
221
231
240
247
243
213
199
213
240
231
229
221
212
214
213
219
209
233
226
224
211
219
227
240
233
233
227
215
229
248
246
242
251
228
235
227
233
215
228
213
193
179
196
201
206
204
201
197
201
201
204
223
204
225
201
207
207
230
233
245
239
245
236
241
241
239
251
240
218
205
214
231
231
226
214
195
196
225
240
241
232
248
218
220
223
237
223
234
233
217
212
230
214
239
232
224
203
203
207
219
229
216
211
202
202
212
231
225
225
231
219
212
228
234
239
245
239
215
214
223
223
237
221
218
205
218
229
234
233
219
222
209
193
189
197
193
199
195
194
179
200
211
219
212
206
191
201
220
239
242
235
223
211
225
224
231
229
222
225
221
214
232
227
219
229
207
203
198
217
219
231
239
229
216
235
232
244
236
232
228
210
210
220
232
229
220
218
216
213
229
217
222
206
209
187
211
221
234
235
239
221
222
229
228
238
233
234
224
231
225
236
251
261
251
244
214
227
241
239
241
233
218
211
225
225
230
215
221
203
217
212
224
224
234
239
225
230
229
250
247
237
237
217
193
223
227
232
224
223
209
207
231
220
231
215
218
197
206
200
222
214
237
221
215
210
223
234
237
230
236
218
216
236
243
241
232
245
215
225
240
243
253
252
249
232
228
223
232
228
217
201
201
191
208
225
218
223
222
191
202
214
219
220
218
226
205
223
219
223
223
225
206
193
198
212
216
215
200
207
197
204
220
230
226
232
229
215
220
230
250
239
263
240
232
226
221
231
241
227
201
206
204
229
231
243
238
227
204
205
226
221
217
219
215
192
205
229
237
223
242
206
197
199
213
221
226
218
224
211
225
230
253
243
242
249
245
251
252
247
230
237
217
208
205
228
220
229
229
207
201
223
244
235
247
221
219
202
219
223
224
215
221
217
215
217
234
223
238
247
219
203
219
237
224
240
222
214
203
213
229
229
229
219
214
210
223
233
233
220
214
201
197
201
215
217
225
227
217
207
247
247
240
237
232
220
233
238
237
243
241
234
231
227
226
243
244
233
233
208
213
217
233
226
225
207
196
197
221
212
225
219
223
216
217
218
214
213
222
210
208
200
209
229
236
244
239
240
241
281
271
251
253
241
222
227
233
235
244
242
243
214
231
221
238
222
225
205
207
195
222
233
225
214
209
208
199
238
229
235
232
238
209
234
221
232
237
240
216
200
206
225
237
225
233
224
211
209
234
229
224
221
224
215
219
241
241
254
259
241
223
241
227
235
229
219
187
193
208
218
217
213
203
193
183
201
217
222
210
208
207
179
203
214
227
243
246
235
227
237
243
227
233
225
200
205
212
227
229
220
219
217
213
237
245
249
233
249
222
205
218
226
220
213
217
195
191
200
221
221
240
221
213
218
219
240
242
243
246
249
226
238
243
250
233
245
209
218
224
234
221
222
209
197
197
223
216
217
233
216
214
216
227
234
238
229
229
219
209
218
233
226
227
232
208
215
221
231
217
227
198
190
198
217
207
223
215
219
217
216
232
229
232
232
234
210
213
227
236
235
246
232
221
213
238
228
221
227
220
203
222
222
228
234
220
227
213
205
227
239
243
238
243
226
239
253
265
245
238
219
215
205
230
219
227
227
224
219
214
218
225
229
217
221
201
223
231
244
235
247
240
215
223
251
233
240
245
229
218
218
234
215
209
213
208
201
199
215
221
225
225
213
205
220
223
227
211
225
207
203
213
237
219
226
227
233
209
220
229
229
230
219
210
190
203
224
219
216
215
205
206
215
228
220
219
236
227
222
237
247
239
245
238
237
217
249
249
263
255
240
225
236
229
244
246
224
221
211
225
224
254
236
247
233
236
215
230
230
231
231
234
204
207
232
230
235
221
214
199
203
199
211
218
220
207
203
201
218
233
229
243
233
225
229
250
246
257
258
249
226
229
243
253
238
233
229
217
221
220
219
227
221
216
223
211
235
235
234
227
233
209
201
213
219
209
209
194
177
198
207
215
195
199
201
210
200
217
220
220
218
228
221
217
231
214
238
226
219
211
203
225
217
215
231
212
206
211
220
223
219
227
205
198
198
225
226
231
213
231
217
227
234
245
232
232
219
221
239
238
233
232
247
216
230
225
255
239
253
248
233
214
220
239
240
229
222
209
207
229
244
246
242
253
238
223
244
239
230
237
232
213
211
209
229
226
235
209
212
203
209
218
221
211
223
199
215
226
227
227
228
253
225
231
241
247
239
242
224
212
193
209
211
212
205
193
192
184
194
200
197
201
214
202
200
200
213
208
212
218
195
199
224
238
241
252
236
230
226
240
239
253
225
237
221
217
228
229
215
229
226
213
210
215
223
205
233
215
197
206
229
238
235
223
215
216
211
220
230
230
219
205
203
191
208
207
204
197
197
198
195
215
225
223
223
219
210
215
227
231
229
229
231
228
237
234
244
243
236
245
221
225
217
234
215
231
210
204
210
229
223
228
224
211
200
229
230
235
227
221
212
213
217
227
236
233
240
230
223
207
239
243
221
220
206
188
207
216
219
218
206
220
192
227
230
237
246
246
249
243
244
254
258
248
260
243
234
235
251
241
241
233
235
216
235
234
238
224
218
205
203
221
223
233
235
231
220
216
217
236
231
233
220
213
199
219
234
224
229
227
226
204
222
216
223
215
223
211
213
225
233
232
257
243
246
233
254
267
265
253
249
244
229
243
256
238
230
230
213
215
233
245
241
240
225
211
219
222
223
226
217
205
198
193
218
231
223
218
218
218
209
235
236
243
249
244
225
233
247
262
261
259
245
235
240
244
253
241
217
214
212
204
221
215
206
199
215
199
204
209
211
205
214
203
187
186
209
210
221
218
206
214
218
241
246
232
234
232
227
219
221
221
217
215
208
197
213
232
240
226
234
215
216
221
235
234
235
231
210
217
213
221
226
229
213
217
199
209
221
225
217
219
210
207
216
236
241
235
231
223
218
237
234
240
242
219
221
223
225
227
235
238
228
220
215
225
234
243
227
225
207
209
213
241
234
225
226
217
219
233
233
233
233
220
223
207
217
220
233
233
229
223
220
224
242
238
229
218
194
206
221
237
203
223
221
207
213
234
235
248
246
247
239
238
258
258
274
252
246
221
211
225
234
214
221
211
203
204
216
219
214
226
224
212
223
228
238
253
237
226
217
219
225
252
249
244
241
224
237
239
247
223
232
229
218
213
239
239
237
246
233
228
213
225
231
228
217
222
204
228
227
247
228
236
217
217
209
244
231
231
221
212
199
210
217
219
222
205
195
190
204
221
221
214
213
200
212
220
225
228
222
231
223
219
219
239
235
237
231
221
188
211
213
214
203
205
197
189
193
216
220
215
227
217
238
219
253
236
248
236
229
206
226
229
233
223
230
207
199
229
231
233
218
216
203
210
208
223
219
220
211
221
216
212
229
223
222
214
209
193
201
209
209
198
197
191
202
209
225
226
219
213
196
200
215
234
222
239
221
237
219
237
239
242
236
236
225
223
253
247
240
237
235
214
227
219
221
221
223
213
210
214
211
215
225
217
221
206
190
216
218
226
211
223
203
211
224
227
214
213
204
201
209
207
217
212
221
206
217
210
222
239
242
223
235
215
229
239
238
229
223
232
213
225
223
224
218
226
215
210
210
224
223
229
230
211
214
207
218
227
235
226
239
216
231
234
243
226
218
213
213
206
212
211
229
233
210
207
211
219
217
229
210
220
211
213
229
240
223
209
217
203
215
234
241
243
235
234
215
227
226
235
235
241
235
218
237
250
239
256
232
234
225
236
243
239
228
234
227
217
222
224
231
229
246
217
215
227
231
247
241
231
224
218
239
217
241
237
215
218
214
213
218
223
226
218
208
203
215
230
229
228
222
208
206
215
233
236
243
232
215
221
230
220
229
209
211
207
209
204
226
221
232
225
222
221
242
253
249
261
251
248
253
263
260
261
249
228
223
241
227
237
233
227
218
203
198
214
227
222
220
213
217
201
245
251
249
262
254
251
257
259
257
261
263
257
245
253
231
243
237
224
217
209
219
225
237
233
234
225
221
229
245
239
239
222
213
197
216
221
225
214
222
209
213
209
213
231
229
221
208
203
227
245
264
246
237
229
216
233
238
230
229
239
232
217
236
232
233
235
227
215
231
214
232
229
229
212
225
214
216
227
238
227
221
202
212
221
235
239
237
222
203
205
215
217
224
218
192
193
198
207
227
219
218
204
207
208
205
221
224
212
235
218
225
225
230
235
231
210
182
196
211
221
221
226
211
228
226
249
247
237
237
233
227
225
231
234
227
229
236
206
213
217
230
213
229
203
194
201
214
217
216
216
208
207
197
209
213
229
211
209
190
200
210
221
202
217
198
197
197
221
226
220
231
215
215
227
230
229
240
231
237
241
241
251
267
270
267
276
246
244
249
251
243
231
200
191
201
210
206
189
199
188
201
211
213
215
221
225
220
221
229
217
233
225
219
214
206
203
233
241
235
227
206
207
215
241
225
225
226
215
211
221
231
229
225
227
209
217
210
211
240
211
212
201
190
207
215
208
212
211
207
195
214
209
207
229
217
215
202
223
228
241
235
232
224
223
232
244
245
233
236
211
209
218
227
217
229
218
223
224
237
226
231
236
223
224
222
231
240
237
219
211
198
202
208
226
216
217
220
213
224
229
232
239
253
245
224
223
226
227
245
238
240
225
231
233
245
232
227
198
213
201
213
223
223
219
219
219
221
230
227
248
249
249
217
235
240
247
227
212
200
188
199
205
211
214
205
207
209
211
227
233
220
227
229
225
222
223
243
237
242
225
206
220
210
223
218
209
184
188
205
222
225
228
224
241
232
223
244
245
244
245
239
227
231
241
241
237
231
201
208
214
212
217
194
213
189
203
204
211
237
236
237
228
227
236
249
247
253
245
233
215
221
225
220
216
225
194
202
205
225
220
231
231
229
225
233
232
246
230
236
217
215
232
241
255
245
253
222
220
247
242
237
253
245
227
239
238
247
246
259
242
245
236
247
237
261
243
236
225
218
230
226
230
213
221
193
220
226
225
226
240
235
233
226
236
237
244
238
233
231
225
235
243
240
225
227
210
223
219
217
209
217
227
208
217
235
239
232
237
224
219
213
231
236
246
239
220
199
207
219
227
214
212
215
194
212
211
233
215
233
217
217
221
241
231
249
240
233
225
223
233
232
236
225
221
225
219
222
237
231
228
217
221
231
251
246
239
252
225
219
204
221
225
221
208
188
193
211
203
206
220
204
214
201
201
213
213
217
207
200
194
195
225
219
231
225
215
221
239
239
247
249
245
230
245
251
249
252
247
242
234
229
237
237
244
238
232
223
204
214
219
210
223
183
188
184
198
200
211
199
205
196
215
224
225
235
225
236
206
204
215
235
239
246
239
231
212
227
227
222
213
205
205
211
221
211
215
219
206
194
209
201
226
220
225
212
213
207
223
235
220
226
212
195
205
213
199
207
205
208
195
223
226
229
247
252
241
243
242
247
265
254
259
250
239
236
247
239
234
223
223
197
209
221
207
211
206
203
192
199
196
200
203
213
207
215
213
229
241
241
231
216
215
219
232
229
221
226
231
206
233
212
225
237
247
227
221
245
244
244
253
242
226
229
221
240
234
239
235
233
229
222
239
235
228
241
220
218
220
225
234
228
235
209
204
219
243
243
245
227
219
206
220
229
223
216
217
230
220
231
234
236
231
248
219
219
224
229
224
225
214
192
189
203
219
212
209
203
207
201
229
227
235
231
232
221
211
224
241
235
233
228
202
211
227
233
228
236
230
241
235
250
251
250
251
248
242
236
235
223
243
231
228
198
197
213
219
201
213
197
188
185
204
201
206
213
201
209
215
218
227
230
223
234
217
225
219
243
247
239
235
223
226
237
239
236
233
222
215
227
239
222
231
220
213
197
191
201
197
193
183
186
170
181
192
214
194
203
195
189
202
206
216
219
226
233
215
233
245
239
253
257
234
240
247
247
267
262
249
231
231
219
237
239
223
231
221
217
222
232
227
229
227
232
216
236
229
244
249
236
235
223
217
228
233
222
217
203
198
191
233
221
214
215
198
193
209
221
219
229
243
231
219
243
237
261
252
247
230
235
235
243
247
229
234
229
209
201
228
211
215
221
199
199
214
225
234
229
236
205
211
233
232
241
228
237
214
224
235
246
235
234
234
237
221
235
233
233
229
228
214
202
204
222
220
230
235
207
227
235
243
243
245
232
218
217
229
228
236
232
220
213
199
215
216
209
199
210
187
183
201
197
205
209
210
199
211
224
233
227
241
230
235
225
229
245
243
242
251
233
230
265
254
255
235
241
221
225
225
237
235
242
225
223
227
223
225
236
233
224
234
217
241
234
244
239
232
205
211
219
227
215
220
209
192
209
219
213
215
220
214
209
213
232
223
239
236
249
237
233
262
266
256
257
252
227
249
253
249
250
250
235
213
218
229
219
229
217
198
192
202
211
215
220
208
205
205
210
227
225
222
217
209
203
207
225
211
214
232
221
215
226
221
221
242
234
231
217
227
225
241
223
228
217
207
228
229
230
211
219
203
193
199
215
204
211
207
198
199
202
209
217
220
216
209
214
223
223
225
212
226
203
205
205
231
228
220
228
210
210
204
228
201
231
199
193
193
214
217
219
213
210
215
223
214
220
211
207
212
195
207
206
224
212
222
221
202
198
226
213
219
229
204
206
204
223
227
243
236
237
223
241
237
243
227
241
235
224
213
217
217
211
221
215
200
205
221
212
220
217
215
224
229
242
239
245
244
227
219
215
229
233
225
239
224
234
225
246
257
242
252
233
231
234
247
231
235
227
231
212
221
209
217
229
228
219
224
219
233
240
229
234
221
211
223
239
231
224
217
214
207
216
220
229
218
221
207
205
218
219
235
222
231
207
213
215
255
252
244
248
243
227
231
261
227
239
223
221
201
228
217
228
219
227
206
210
210
220
216
205
206
201
188
201
217
223
229
218
229
217
228
221
218
225
229
213
221
223
238
243
251
242
221
239
227
253
256
246
239
222
225
232
247
231
230
231
228
206
219
212
220
232
231
204
207
211
217
209
213
193
197
207
227
250
242
245
246
242
231
247
248
252
249
255
228
245
247
249
228
243
224
210
214
231
229
229
222
219
214
215
223
235
223
228
231
229
213
224
217
216
205
211
180
203
209
224
216
221
215
217
220
237
250
247
240
241
243
243
259
243
245
239
253
233
235
248
254
234
238
213
188
209
222
221
210
217
208
205
217
225
218
233
221
234
223
226
235
239
238
236
218
211
209
223
236
223
248
219
227
228
239
233
241
232
218
214
234
211
224
213
214
215
205
216
233
231
226
219
188
189
194
217
213
215
213
193
200
205
213
195
209
209
211
211
220
223
253
257
254
239
236
253
254
259
235
248
229
229
233
252
228
234
230
213
206
209
213
197
213
210
193
194
199
223
233
234
219
209
209
229
242
235
227
241
219
215
231
233
218
228
225
213
213
237
230
237
239
241
233
229
227
233
243
233
241
237
225
236
249
230
225
237
221
219
241
227
234
220
223
213
227
243
236
247
228
227
211
214
225
224
210
216
215
219
209
218
230
215
229
217
218
215
229
221
235
225
217
200
215
217
234
232
219
213
209
205
209
203
201
198
195
195
194
219
219
222
215
223
193
210
212
224
237
241
224
221
235
233
251
241
255
242
244
237
246
251
239
239
230
210
207
227
217
216
210
202
185
201
222
225
215
222
200
209
225
228
234
215
223
213
217
207
227
223
231
219
224
207
222
224
225
229
224
212
205
235
235
222
229
230
214
220
223
242
235
242
237
228
226
221
242
233
226
229
227
206
217
224
227
215
223
197
207
209
219
211
217
213
209
213
214
227
215
221
207
207
208
232
252
244
229
243
229
234
244
249
233
227
241
236
237
241
234
229
245
220
209
209
212
215
224
227
211
214
207
229
241
228
221
219
202
212
223
231
204
214
213
207
208
213
207
221
231
226
225
227
243
243
251
243
249
244
239
254
261
251
242
236
218
230
231
243
227
243
233
214
231
229
237
229
217
210
209
211
223
223
233
217
223
213
231
238
243
226
234
221
216
208
217
205
201
207
180
171
192
213
209
214
214
215
209
233
239
241
247
243
241
238
237
253
247
227
234
226
218
215
229
210
223
228
215
221
221
237
240
238
239
223
220
234
226
233
205
212
210
193
184
199
201
192
201
187
185
198
219
201
223
212
210
211
233
229
239
227
239
236
237
236
245
236
223
238
222
211
214
227
234
233
229
213
221
249
249
261
253
249
251
249
256
246
253
247
249
249
246
226
246
232
234
228
212
212
217
235
227
219
207
197
193
215
205
215
211
204
196
210
213
221
224
235
219
230
232
242
243
230
231
221
214
213
239
249
239
236
249
244
249
260
251
257
251
250
228
237
235
246
249
245
220
211
201
226
229
196
196
205
196
196
208
200
201
210
221
204
223
211
214
211
216
200
199
209
211
228
235
223
216
215
209
233
228
225
211
231
220
213
240
233
228
234
215
208
212
221
220
217
216
195
209
193
208
203
199
189
197
202
200
212
221
215
217
221
212
227
238
224
232
225
208
215
215
233
224
217
219
201
209
201
212
225
211
226
221
222
227
235
229
224
236
232
214
219
227
231
239
238
225
226
221
235
232
235
203
211
217
222
236
233
219
221
216
216
215
227
237
226
237
208
211
220
230
223
224
213
202
204
209
216
207
205
196
212
209
215
222
227
204
211
202
204
216
229
233
229
239
221
229
233
251
228
233
227
229
219
239
220
227
209
201
202
198
213
223
223
216
219
217
217
227
237
226
239
233
224
233
247
243
249
247
247
228
241
239
241
251
235
229
225
227
224
233
223
231
223
211
210
233
226
224
227
209
218
231
252
239
241
233
234
224
239
225
244
248
231
229
227
217
236
246
244
227
226
231
222
247
243
238
236
224
219
223
236
230
232
230
219
221
226
227
244
225
233
222
232
239
244
244
232
221
212
210
226
241
217
219
221
220
209
219
218
225
221
229
213
231
237
254
260
254
243
236
235
252
267
261
245
238
226
225
244
239
226
231
213
211
206
227
216
226
228
226
204
217
209
233
215
213
203
207
206
211
226
226
231
237
238
221
233
232
254
241
252
232
251
263
268
271
267
260
255
259
255
270
253
248
243
242
231
228
214
196
201
200
180
179
189
187
195
185
178
152
179
197
219
217
220
207
223
233
249
239
239
230
233
237
217
234
237
235
223
221
208
211
226
235
221
232
207
219
228
243
243
248
235
219
222
231
236
228
243
220
233
226
213
226
225
220
218
200
199
212
213
215
207
211
176
191
208
209
211
212
209
206
202
207
219
221
227
206
199
188
197
208
221
203
210
193
206
211
231
215
218
215
203
225
227
232
233
228
217
227
221
229
231
241
220
222
217
211
223
209
221
215
219
216
211
209
219
200
225
201
188
197
209
209
208
203
200
192
185
193
193
207
191
204
197
197
201
221
210
238
227
227
239
249
246
238
251
236
234
221
225
231
243
234
217
208
213
228
246
239
237
244
248
245
244
253
236
249
240
229
220
227
223
233
225
209
194
194
201
200
212
208
201
204
221
223
257
237
249
228
236
239
254
249
254
241
235
219
213
219
205
229
209
206
192
202
206
213
215
215
203
221
214
218
221
223
222
212
219
208
233
234
241
228
225
208
227
232
230
227
221
203
207
243
219
232
219
227
217
240
219
237
237
239
230
233
220
222
233
234
225
221
201
204
223
222
230
218
218
194
206
211
213
215
213
207
201
207
206
221
225
234
225
225
199
222
237
243
230
223
215
224
235
242
239
243
239
231
254
239
259
251
261
240
241
238
241
238
248
231
236
235
225
248
243
236
233
231
219
233
222
232
226
229
223
225
246
238
236
249
247
238
243
231
252
243
255
229
241
217
227
233
241
221
225
223
224
221
217
219
221
221
217
230
221
227
228
229
219
206
208
209
221
226
225
214
211
199
215
220
215
214
225
206
223
217
223
223
246
243
231
249
233
249
246
243
229
225
209
231
220
230
216
221
220
201
206
206
205
205
219
193
192
209
217
212
223
213
207
199
207
217
213
207
213
207
203
219
227
230
226
246
221
226
229
248
242
235
235
229
234
237
229
232
233
212
214
218
232
226
229
227
230
229
227
219
232
215
215
216
206
209
209
223
210
218
219
212
217
234
223
246
238
234
229
243
233
240
248
247
241
240
233
236
250
240
262
247
239
229
245
243
241
244
235
221
230
237
223
236
235
241
233
258
245
250
250
251
243
243
241
254
249
250
244
229
214
207
235
221
235
224
217
213
227
228
225
227
237
220
224
229
219
235
239
231
219
211
221
231
229
232
227
209
207
210
228
209
218
211
202
193
207
215
227
223
232
215
212
207
223
227
219
218
215
210
218
236
229
229
233
229
218
227
229
222
216
222
213
208
208
205
212
209
203
197
194
191
218
213
200
203
192
199
207
206
199
208
215
219
217
231
224
230
240
239
227
225
237
246
245
251
231
245
234
233
239
235
220
223
214
207
227
219
203
210
226
189
191
197
191
198
202
201
180
191
189
205
189
192
189
198
205
207
205
205
204
214
225
224
227
238
241
253
237
222
244
235
251
255
259
247
234
235
243
241
245
238
233
228
224
236
227
234
233
233
209
210
213
213
203
213
190
184
198
193
215
210
219
212
216
225
239
232
249
244
247
229
249
274
263
265
255
248
226
244
251
255
245
250
223
227
224
242
236
235
227
214
213
210
216
215
212
216
213
197
205
210
230
226
228
217
213
227
243
233
233
223
213
219
212
226
196
207
196
198
193
201
209
217
225
219
216
203
219
229
232
219
223
198
195
203
212
205
208
202
198
183
198
200
196
202
200
190
179
185
201
206
208
214
212
223
229
239
236
236
237
233
228
241
234
230
243
224
226
217
237
229
235
243
234
226
228
225
236
239
227
224
208
215
221
234
217
221
226
234
220
233
224
232
237
237
217
217
237
225
246
234
233
224
228
231
245
244
241
228
223
215
227
230
217
227
215
204
212
221
229
234
241
233
216
233
234
249
245
225
227
223
224
228
225
219
213
222
224
212
238
230
237
249
237
214
229
244
237
233
234
226
216
225
214
224
217
226
218
218
207
224
209
207
205
214
188
189
207
197
203
195
196
188
200
208
204
206
211
191
198
217
217
229
213
227
217
215
211
223
221
217
217
215
194
215
214
210
215
225
223
216
234
239
249
255
253
237
245
244
255
243
241
227
217
209
209
213
207
206
215
199
201
221
217
227
214
227
220
223
235
236
243
243
237
247
233
233
250
243
264
255
255
239
253
249
253
245
247
229
215
230
235
223
221
245
225
224
241
245
237
243
243
245
236
247
249
260
255
253
254
237
248
246
234
235
249
237
242
237
248
221
241
235
216
222
236
224
227
233
233
238
234
239
247
252
236
234
227
231
235
238
220
227
226
211
209
216
218
199
221
213
209
206
217
226
245
237
226
225
235
252
247
245
231
247
235
238
238
235
228
245
228
223
219
241
222
219
223
209
207
200
223
221
225
224
222
209
215
215
230
225
217
219
207
215
236
230
226
235
226
221
227
240
235
239
233
217
211
215
230
232
215
200
212
213
223
215
223
207
220
198
197
203
217
212
223
227
218
208
225
233
215
218
215
199
195
206
205
210
204
205
207
211
211
221
230
224
241
222
223
224
236
229
239
229
223
215
233
216
221
218
209
195
199
209
213
213
214
219
201
204
195
217
207
213
200
203
187
198
201
205
207
209
194
202
218
211
210
214
220
207
223
218
223
225
224
237
223
210
231
245
234
234
227
225
217
221
202
203
199
205
185
209
198
209
215
213
218
201
217
218
238
233
231
218
219
216
226
219
230
224
215
203
198
218
215
205
197
204
197
202
200
210
206
209
210
224
222
219
229
231
228
233
214
219
234
225
228
223
233
205
232
227
233
223
239
231
225
227
240
243
239
248
233
239
229
233
236
228
215
211
203
209
218
217
213
227
232
209
213
219
217
225
233
211
207
208
226
218
215
219
211
223
215
249
247
233
240
247
228
244
239
249
233
245
234
235
235
243
233
247
243
231
237
243
252
234
245
230
225
213
220
232
223
211
218
213
209
211
216
217
225
232
219
211
219
229
218
217
206
205
206
212
219
223
227
233
233
227
237
241
242
237
250
235
234
235
251
241
249
233
216
228
252
251
241
240
235
240
227
234
224
227
221
225
230
224
221
235
232
234
231
236
217
226
244
217
230
225
210
209
214
217
217
224
229
223
231
231
233
241
229
237
228
225
238
243
237
236
223
228
226
243
238
235
247
231
229
227
245
225
236
238
226
210
219
215
225
218
221
214
207
207
229
227
222
211
218
217
228
232
216
221
229
225
229
231
233
213
214
209
205
197
206
208
224
213
221
217
209
207
218
210
219
216
221
205
225
238
230
239
233
233
217
235
249
246
239
233
229
245
232
234
228
216
217
209
217
211
220
210
218
224
226
203
233
220
219
205
209
199
186
197
194
206
191
193
192
205
203
224
219
227
212
230
219
223
234
223
225
229
228
216
227
235
235
228
232
220
217
219
229
221
226
211
209
216
199
211
207
213
205
217
199
198
210
199
213
213
206
211
210
233
237
247
255
235
259
256
260
253
248
237
238
219
241
224
236
220
224
217
204
226
230
225
224
231
221
233
230
241
228
239
230
237
238
234
231
229
214
211
209
197
196
203
207
200
213
198
201
213
215
215
223
220
218
230
239
240
236
252
238
250
240
245
249
246
248
252
244
245
247
262
249
240
235
220
220
231
241
228
236
213
211
216
235
215
218
221
220
211
221
221
235
242
232
236
225
217
221
223
219
220
216
206
207
204
210
197
209
206
224
223
213
224
245
238
237
226
233
235
243
241
239
227
227
230
237
242
212
230
221
223
220
231
219
219
222
212
215
223
226
228
240
229
225
207
219
223
224
211
211
209
209
212
227
218
215
220
205
217
213
219
215
232
230
221
213
238
229
243
231
227
221
224
212
234
217
201
216
201
201
194
213
203
214
212
217
206
206
213
207
215
203
202
209
214
220
223
201
209
211
206
202
209
199
199
204
214
201
221
219
221
231
229
227
213
236
239
237
237
224
211
221
225
226
223
217
223
222
222
228
251
235
237
249
238
229
247
234
233
226
227
213
217
233
212
213
215
215
207
221
219
231
221
219
210
219
213
228
235
219
229
229
213
212
238
249
251
247
233
225
248
253
258
249
249
246
248
253
242
247
236
241
232
238
217
240
237
236
236
225
214
230
241
248
229
229
211
205
219
219
223
221
222
219
219
219
228
221
227
219
224
216
216
227
236
223
209
216
203
225
227
224
215
217
200
213
212
207
213
202
202
186
203
201
216
219
213
218
227
217
226
225
227
218
231
220
216
225
225
217
220
217
205
218
220
224
225
221
225
204
227
235
238
247
232
228
239
222
251
245
249
226
238
227
223
223
233
215
237
235
220
233
226
243
245
243
230
231
241
247
247
248
237
235
202
215
223
214
205
204
213
190
200
208
225
216
227
211
225
218
236
233
251
235
231
228
233
238
236
223
212
217
211
219
218
227
216
227
231
216
227
245
236
249
244
223
227
223
228
221
228
209
213
212
221
221
223
217
227
232
223
226
229
247
235
243
225
225
219
235
223
232
227
223
218
223
232
226
225
217
221
225
223
246
248
247
244
233
227
225
243
238
234
250
227
233
235
238
236
243
225
234
220
247
235
240
239
232
236
216
203
228
229
218
205
185
186
188
200
182
183
188
188
205
206
211
217
214
220
206
211
207
221
235
227
221
212
214
215
224
222
219
207
209
207
219
225
220
225
217
209
223
230
233
225
233
235
231
235
232
237
242
228
225
219
224
233
247
231
239
231
239
232
245
250
249
240
223
221
224
224
220
217
207
199
189
191
195
220
206
212
210
218
213
217
224
212
215
218
206
203
218
205
214
215
215
194
220
211
220
220
219
218
210
218
223
245
226
227
215
221
209
229
228
230
214
213
203
211
215
221
232
235
231
224
229
234
242
234
227
227
238
230
241
232
232
219
215
224
225
233
230
229
234
229
211
225
230
239
223
229
205
213
230
229
230
225
209
217
223
215
219
217
215
215
226
213
223
228
239
229
245
227
239
247
253
262
259
268
238
242
239
243
235
224
215
229
220
217
212
204
204
202
217
191
207
209
222
221
231
210
222
222
241
228
233
229
216
231
226
229
239
236
224
224
215
227
238
239
220
225
218
206
223
231
224
223
226
221
233
234
244
232
241
225
229
237
234
239
241
234
239
234
229
231
233
236
221
233
200
213
217
223
207
202
197
211
201
217
207
217
225
219
225
223
212
216
230
214
225
210
226
217
252
232
229
214
214
207
217
220
221
220
204
211
216
214
211
221
220
209
209
217
222
228
225
221
227
226
227
234
255
237
241
233
240
232
235
238
239
233
224
208
216
215
217
226
216
217
199
212
214
241
234
232
219
223
219
229
232
211
235
234
239
229
235
223
225
221
226
216
221
231
239
240
229
235
233
239
232
244
233
216
219
226
215
230
219
228
211
220
207
213
227
223
235
228
209
224
226
214
226
207
212
204
211
193
211
213
216
213
221
210
212
215
219
228
229
223
220
235
237
224
235
221
206
219
216
206
221
197
200
198
215
200
201
195
206
201
203
189
217
220
236
237
229
219
223
261
247
251
247
245
224
239
225
240
219
223
217
237
235
228
238
242
233
231
217
207
221
221
213
217
227
225
233
242
239
234
233
232
223
234
229
227
223
227
206
223
208
226
243
247
247
254
241
246
249
257
243
230
239
232
251
244
245
241
228
235
232
229
218
235
245
233
224
220
217
228
243
233
220
233
223
230
225
227
215
231
227
212
241
234
232
226
224
215
221
208
216
210
220
213
207
214
217
229
239
237
232
223
227
231
241
233
221
242
222
229
229
233
227
228
226
221
220
233
227
251
235
225
233
221
236
230
226
217
215
228
213
221
235
227
232
238
222
241
233
235
242
247
225
220
227
239
236
236
224
223
232
218
225
215
223
213
216
213
211
211
222
226
237
217
213
207
215
221
227
219
208
195
202
209
218
219
201
195
197
209
203
208
207
204
215
209
208
209
225
225
232
225
230
245
258
259
251
244
243
245
249
243
246
236
231
228
225
209
193
218
206
215
204
203
204
229
211
219
225
216
227
229
235
225
232
217
217
215
217
205
208
205
200
193
214
206
215
213
221
224
199
202
217
229
231
234
231
221
207
230
225
222
227
219
219
217
207
217
225
215
223
208
220
213
225
217
223
207
207
209
225
231
221
237
230
225
228
244
227
251
238
228
233
229
224
244
233
227
218
221
217
220
221
215
214
207
202
206
213
205
205
211
227
214
216
223
212
227
225
223
221
221
223
239
242
240
215
223
207
229
226
223
221
219
223
226
224
219
219
225
229
207
227
210
217
213
222
209
199
203
208
211
217
207
206
212
206
227
228
225
234
230
219
218
233
229
231
234
224
224
230
233
234
221
243
237
238
252
239
239
235
227
242
229
229
218
229
233
227
225
213
225
241
233
224
227
193
204
205
215
201
198
187
187
203
205
211
200
196
208
215
207
221
216
227
224
242
229
227
233
243
241
261
237
230
230
245
243
239
239
231
234
231
243
249
251
257
250
244
227
241
239
245
234
236
226
230
232
236
231
247
231
222
235
241
239
231
232
217
225
206
211
215
213
219
227
196
207
213
223
217
225
223
221
234
234
237
242
245
233
245
242
245
229
237
233
229
223
215
223
226
224
221
219
218
229
227
260
228
238
231
218
230
227
217
228
217
216
212
220
211
205
230
220
226
209
215
223
229
226
229
219
223
225
232
221
218
230
213
221
217
225
216
233
228
224
201
207
208
226
231
222
233
227
247
255
255
247
253
241
243
243
249
233
237
233
215
213
200
215
211
225
204
208
200
208
207
224
211
211
208
200
206
214
212
204
212
203
204
218
229
222
244
240
241
235
242
227
231
233
232
227
233
231
236
229
221
214
204
201
199
211
200
220
227
221
221
221
222
230
236
245
241
232
251
242
248
240
235
229
247
233
241
241
235
238
233
232
216
223
217
224
234
207
223
229
226
235
221
226
225
236
249
248
258
252
238
236
238
235
245
240
236
232
229
223
237
241
238
226
227
215
207
217
219
218
215
208
205
212
212
219
225
235
225
225
222
227
226
232
239
234
233
216
237
233
249
239
241
219
237
237
241
239
236
223
231
237
224
225
215
216
212
217
209
214
224
230
220
217
206
204
218
215
211
207
207
202
218
210
211
203
223
199
200
188
201
212
201
204
205
190
191
210
218
221
208
215
199
223
224
233
215
219
194
205
198
209
204
213
216
202
205
196
227
233
236
221
229
230
239
248
254
239
245
245
229
236
222
216
215
228
201
193
205
210
210
231
215
228
227
221
232
227
240
229
219
211
221
235
228
204
220
208
220
206
219
197
203
202
200
200
219
221
235
251
244
247
244
251
243
238
230
227
235
216
231
235
219
220
227
222
235
211
240
223
244
243
239
234
241
229
244
235
233
220
227
227
224
234
221
242
227
236
238
237
234
244
241
233
227
239
244
234
241
224
219
217
219
219
225
214
210
208
212
205
215
209
216
225
217
207
221
227
221
231
217
205
204
225
220
223
229
215
193
221
235
224
219
221
225
221
240
233
251
243
250
246
233
222
244
227
233
224
220
206
217
228
235
237
234
225
223
235
238
232
230
229
226
225
220
216
235
214
227
223
212
214
221
214
212
216
218
206
216
222
215
230
234
234
240
249
240
244
246
252
235
238
223
245
237
237
229
221
208
224
231
233
231
235
231
216
238
223
226
219
219
221
226
221
219
216
235
218
227
215
215
235
227
236
235
242
238
248
249
238
241
243
233
226
228
227
231
228
229
215
227
233
238
247
253
236
237
226
233
251
228
220
217
224
211
228
227
217
220
225
203
218
207
214
209
217
203
189
199
203
215
210
201
200
204
200
221
227
236
229
235
230
229
242
233
231
243
254
252
252
243
243
239
246
225
223
217
229
232
227
215
211
206
205
220
215
213
205
229
203
203
205
209
199
215
205
199
203
220
216
226
219
213
223
218
225
217
223
219
222
213
217
221
223
207
215
218
202
216
217
223
217
225
213
207
205
222
216
232
211
215
217
221
235
227
233
225
236
227
230
237
240
228
245
231
221
226
225
223
227
223
223
216
218
214
213
212
211
217
212
219
222
226
221
224
231
230
212
220
216
214
228
209
206
213
229
216
225
220
218
229
247
230
242
234
235
231
217
235
249
255
245
246
245
237
241
253
232
246
233
231
217
224
218
217
216
217
201
203
203
217
227
218
234
222
226
223
239
245
235
228
225
226
239
232
222
230
208
211
200
219
213
208
213
218
205
220
205
225
235
237
229
225
225
216
231
219
228
231
232
218
227
211
210
205
205
199
193
202
195
197
205
203
213
224
221
237
231
234
225
227
223
230
225
219
219
218
221
226
229
212
217
222
217
192
208
217
215
215
221
211
210
200
213
227
222
230
221
219
212
229
229
230
220
241
229
233
235
239
232
244
231
228
242
229
221
225
238
213
215
215
243
227
232
215
233
231
218
239
220
221
224
226
210
218
215
219
227
228
221
220
226
231
239
241
231
236
233
235
243
253
250
244
265
242
246
251
241
241
257
244
234
227
241
231
234
227
201
225
209
218
201
202
195
195
188
199
195
200
184
198
192
177
177
195
211
210
220
211
201
221
241
226
243
216
218
216
216
226
