01240918.PTO
ABLN
2012/01/24 09:18:11.4199
100.0000 m/s  
8720 muestras
-9412
-9417
-9412
-9410
-9406
-9404
-9403
-9399
-9391
-9384
-9381
-9381
-9381
-9377
-9383
-9394
-9402
-9411
-9417
-9423
-9424
-9421
-9413
-9406
-9402
-9400
-9408
-9413
-9410
-9404
-9406
-9411
-9418
-9417
-9416
-9421
-9422
-9415
-9405
-9399
-9395
-9397
-9394
-9395
-9397
-9403
-9408
-9411
-9421
-9426
-9432
-9434
-9436
-9435
-9430
-9427
-9424
-9433
-9435
-9431
-9427
-9424
-9426
-9427
-9421
-9419
-9420
-9422
-9426
-9425
-9422
-9415
-9408
-9403
-9398
-9400
-9406
-9407
-9407
-9414
-9414
-9408
-9408
-9408
-9412
-9412
-9416
-9413
-9409
-9409
-9413
-9414
-9404
-9407
-9411
-9406
-9400
-9394
-9397
-9402
-9410
-9416
-9416
-9419
-9423
-9429
-9436
-9436
-9435
-9437
-9441
-9441
-9439
-9439
-9436
-9433
-9433
-9433
-9426
-9423
-9428
-9427
-9424
-9421
-9417
-9414
-9412
-9407
-9404
-9407
-9399
-9395
-9398
-9398
-9397
-9401
-9406
-9407
-9412
-9414
-9415
-9412
-9414
-9419
-9414
-9408
-9411
-9411
-9409
-9416
-9420
-9424
-9425
-9423
-9421
-9424
-9426
-9423
-9421
-9419
-9415
-9407
-9400
-9395
-9393
-9395
-9395
-9397
-9400
-9403
-9409
-9408
-9410
-9412
-9414
-9416
-9421
-9425
-9428
-9431
-9427
-9432
-9436
-9435
-9437
-9439
-9434
-9428
-9429
-9427
-9423
-9414
-9405
-9395
-9389
-9390
-9388
-9387
-9383
-9383
-9385
-9393
-9397
-9399
-9400
-9405
-9408
-9410
-9412
-9422
-9433
-9434
-9440
-9442
-9444
-9443
-9448
-9453
-9453
-9454
-9458
-9458
-9454
-9451
-9452
-9453
-9451
-9452
-9445
-9431
-9427
-9426
-9424
-9420
-9414
-9413
-9405
-9407
-9410
-9411
-9413
-9415
-9413
-9413
-9417
-9422
-9424
-9427
-9434
-9438
-9443
-9450
-9453
-9454
-9457
-9462
-9460
-9458
-9457
-9446
-9443
-9443
-9444
-9437
-9429
-9429
-9428
-9430
-9432
-9433
-9432
-9435
-9430
-9425
-9424
-9417
-9415
-9413
-9412
-9402
-9399
-9401
-9403
-9408
-9408
-9411
-9411
-9417
-9422
-9425
-9427
-9430
-9432
-9433
-9427
-9422
-9417
-9411
-9415
-9415
-9416
-9411
-9407
-9407
-9410
-9417
-9424
-9425
-9423
-9424
-9426
-9422
-9422
-9421
-9416
-9415
-9415
-9417
-9416
-9423
-9430
-9436
-9434
-9439
-9444
-9445
-9444
-9440
-9434
-9431
-9430
-9424
-9419
-9411
-9408
-9410
-9417
-9421
-9419
-9420
-9424
-9427
-9434
-9436
-9432
-9430
-9435
-9439
-9434
-9430
-9430
-9431
-9428
-9424
-9422
-9420
-9415
-9416
-9416
-9415
-9419
-9418
-9418
-9416
-9414
-9411
-9404
-9401
-9400
-9404
-9401
-9403
-9416
-9426
-9426
-9425
-9430
-9434
-9438
-9441
-9443
-9437
-9427
-9420
-9421
-9412
-9402
-9397
-9398
-9402
-9402
-9400
-9402
-9397
-9396
-9397
-9388
-9384
-9387
-9390
-9389
-9387
-9382
-9380
-9381
-9384
-9386
-9390
-9398
-9403
-9409
-9406
-9404
-9408
-9412
-9416
-9412
-9414
-9415
-9413
-9409
-9406
-9407
-9402
-9399
-9398
-9394
-9391
-9389
-9388
-9388
-9387
-9389
-9386
-9382
-9381
-9380
-9379
-9378
-9381
-9387
-9397
-9400
-9402
-9405
-9410
-9416
-9422
-9425
-9426
-9424
-9421
-9421
-9414
-9413
-9411
-9411
-9414
-9415
-9418
-9417
-9416
-9416
-9418
-9419
-9417
-9413
-9411
-9406
-9402
-9403
-9407
-9407
-9406
-9405
-9406
-9411
-9414
-9419
-9422
-9420
-9423
-9434
-9434
-9432
-9433
-9429
-9431
-9435
-9433
-9437
-9442
-9438
-9434
-9436
-9435
-9434
-9433
-9430
-9433
-9437
-9438
-9442
-9445
-9445
-9449
-9453
-9456
-9460
-9452
-9445
-9444
-9436
-9432
-9433
-9432
-9428
-9427
-9426
-9429
-9436
-9435
-9437
-9439
-9439
-9443
-9452
-9455
-9453
-9455
-9457
-9461
-9463
-9457
-9453
-9452
-9446
-9445
-9444
-9436
-9429
-9432
-9433
-9430
-9432
-9433
-9435
-9436
-9437
-9435
-9429
-9427
-9429
-9424
-9417
-9419
-9418
-9416
-9418
-9417
-9417
-9421
-9424
-9427
-9431
-9432
-9425
-9425
-9425
-9425
-9426
-9421
-9419
-9412
-9413
-9415
-9407
-9404
-9407
-9410
-9409
-9406
-9405
-9405
-9397
-9394
-9394
-9396
-9404
-9404
-9404
-9403
-9406
-9410
-9407
-9410
-9408
-9405
-9403
-9403
-9408
-9409
-9405
-9399
-9401
-9401
-9394
-9390
-9390
-9391
-9397
-9399
-9396
-9400
-9402
-9397
-9393
-9392
-9389
-9387
-9387
-9383
-9386
-9391
-9395
-9399
-9401
-9405
-9409
-9415
-9425
-9430
-9429
-9421
-9416
-9418
-9423
-9428
-9421
-9390
-9339
-9293
-9267
-9252
-9258
-9287
-9310
-9327
-9353
-9371
-9387
-9425
-9491
-9556
-9626
-9686
-9755
-9871
-10005
-10137
-10221
-10259
-10258
-10201
-10112
-9972
-9783
-9608
-9477
-9297
-9067
-8847
-8606
-8397
-8236
-8004
-7644
-7351
-7301
-7423
-7608
-7761
-7895
-8073
-8341
-8815
-9437
-10050
-10621
-11077
-11458
-11797
-12080
-12280
-12320
-12264
-12209
-12140
-12016
-11750
-11322
-10849
-10293
-9632
-8941
-8318
-7790
-7298
-6872
-6534
-6300
-6312
-6496
-6634
-6726
-6772
-6807
-6951
-7248
-7629
-8019
-8483
-9094
-9745
-10443
-11196
-11906
-12637
-13357
-13908
-14213
-14265
-14130
-13854
-13331
-12552
-11603
-10635
-9720
-8846
-7966
-7073
-6278
-5621
-5150
-4804
-4639
-4727
-4982
-5365
-5849
-6412
-7117
-8045
-9036
-9897
-10607
-11136
-11650
-12274
-12790
-13070
-13218
-13279
-13119
-12783
-12414
-11945
-11335
-10675
-9938
-9279
-8703
-8177
-7813
-7412
-7067
-6925
-6909
-6906
-6972
-7144
-7324
-7426
-7413
-7408
-7540
-7856
-8361
-9074
-9843
-10532
-11056
-11452
-11906
-12259
-12301
-12217
-12118
-11985
-11799
-11497
-11161
-10689
-10177
-9831
-9424
-8992
-8547
-7990
-7518
-7089
-6664
-6341
-6262
-6372
-6516
-6782
-7252
-7848
-8505
-9279
-10047
-10666
-11152
-11722
-12259
-12546
-12517
-12198
-11761
-11214
-10722
-10263
-9712
-9144
-8644
-8297
-8103
-8068
-8041
-8080
-8278
-8290
-8171
-8162
-8285
-8464
-8623
-8709
-8743
-8818
-9128
-9729
-10427
-10989
-11288
-11436
-11466
-11339
-11034
-10693
-10339
-10029
-9727
-9296
-8788
-8375
-8253
-8384
-8587
-8671
-8622
-8619
-8749
-8938
-9024
-8896
-8726
-8667
-8826
-9065
-9219
-9347
-9536
-9857
-10246
-10692
-11131
-11443
-11638
-11549
-11172
-10702
-10298
-9951
-9482
-8904
-8440
-8212
-8096
-8066
-7941
-7879
-8090
-8360
-8562
-8651
-8580
-8436
-8338
-8271
-8301
-8454
-8686
-8985
-9429
-9980
-10481
-10962
-11387
-11601
-11637
-11518
-11314
-11006
-10605
-10141
-9661
-9412
-9343
-9249
-9056
-8896
-8831
-8866
-8995
-9024
-8908
-8654
-8361
-8102
-7847
-7550
-7260
-7193
-7355
-7802
-8416
-9068
-9692
-10207
-10716
-11121
-11428
-11669
-11776
-11686
-11372
-10907
-10407
-10109
-10038
-10008
-9870
-9587
-9304
-9099
-8937
-8692
-8430
-8158
-7825
-7627
-7574
-7451
-7226
-7191
-7453
-7901
-8423
-8992
-9650
-10356
-11006
-11420
-11483
-11386
-11303
-11159
-10922
-10568
-10100
-9718
-9509
-9357
-9238
-9182
-9206
-9276
-9289
-9136
-8883
-8746
-8764
-8799
-8657
-8391
-8248
-8314
-8559
-8863
-9227
-9607
-9961
-10298
-10558
-10749
-10779
-10633
-10324
-9960
-9561
-9233
-9009
-8769
-8689
-8823
-9140
-9364
-9524
-9690
-9783
-9887
-9893
-9917
-9854
-9649
-9486
-9257
-8869
-8591
-8521
-8469
-8650
-9014
-9461
-9923
-10105
-10004
-9691
-9368
-9194
-9109
-9008
-8957
-8929
-9003
-9154
-9230
-9472
-9806
-10100
-10286
-10328
-10389
-10415
-10347
-10175
-9863
-9537
-9307
-9206
-9193
-9211
-9248
-9235
-9287
-9494
-9493
-9315
-9096
-8753
-8417
-8130
-7988
-7951
-8109
-8434
-8767
-9119
-9504
-9866
-10097
-10356
-10567
-10697
-10946
-11149
-11076
-10704
-10261
-9919
-9712
-9692
-9654
-9395
-9102
-9055
-9142
-8999
-8723
-8525
-8264
-8033
-7911
-7865
-7879
-7890
-8094
-8538
-8947
-9353
-9762
-10148
-10528
-10979
-11439
-11569
-11342
-10944
-10559
-10153
-9706
-9249
-8918
-8728
-8722
-8831
-8902
-8974
-9041
-9076
-8897
-8608
-8523
-8650
-8753
-8732
-8692
-8763
-8926
-9118
-9411
-9786
-10012
-10217
-10576
-10906
-11054
-10934
-10692
-10424
-10122
-9835
-9458
-9026
-8699
-8549
-8446
-8384
-8467
-8513
-8569
-8604
-8668
-8765
-8779
-8871
-9013
-9129
-9236
-9380
-9569
-9786
-10104
-10513
-10824
-10972
-10984
-10885
-10745
-10481
-10099
-9738
-9332
-8843
-8549
-8531
-8532
-8462
-8393
-8425
-8544
-8671
-8909
-9155
-9260
-9291
-9183
-8991
-8900
-8988
-9209
-9459
-9731
-10043
-10239
-10352
-10494
-10558
-10533
-10415
-10184
-9918
-9603
-9240
-9040
-8974
-8862
-8774
-8793
-8829
-8880
-9004
-9248
-9437
-9430
-9403
-9354
-9194
-8989
-8775
-8603
-8619
-8773
-8990
-9323
-9698
-10013
-10165
-10199
-10265
-10258
-10148
-10057
-10004
-9969
-9909
-9750
-9568
-9526
-9561
-9526
-9512
-9600
-9643
-9577
-9357
-8974
-8564
-8215
-7964
-7859
-7862
-7910
-8012
-8244
-8667
-9188
-9631
-9961
-10235
-10462
-10609
-10690
-10729
-10706
-10587
-10373
-10181
-10020
-9834
-9718
-9703
-9724
-9777
-9797
-9686
-9505
-9264
-8885
-8468
-8092
-7788
-7639
-7622
-7661
-7809
-8135
-8588
-9056
-9476
-9893
-10310
-10627
-10804
-10847
-10749
-10520
-10252
-10047
-9856
-9632
-9407
-9269
-9286
-9432
-9692
-9955
-10044
-9941
-9754
-9521
-9198
-8784
-8406
-8193
-8125
-8163
-8316
-8520
-8751
-8985
-9202
-9387
-9562
-9763
-9965
-10087
-10022
-9861
-9724
-9614
-9501
-9442
-9502
-9625
-9804
-10022
-10209
-10310
-10299
-10212
-10052
-9830
-9566
-9244
-8918
-8666
-8520
-8484
-8541
-8691
-8922
-9133
-9275
-9341
-9343
-9285
-9223
-9233
-9218
-9124
-9038
-9006
-9025
-9151
-9383
-9707
-10086
-10390
-10596
-10687
-10636
-10497
-10283
-10019
-9712
-9392
-9111
-8860
-8673
-8584
-8601
-8726
-8910
-9116
-9317
-9478
-9561
-9542
-9450
-9327
-9156
-8989
-8860
-8766
-8790
-8938
-9197
-9535
-9880
-10199
-10446
-10545
-10474
-10235
-9894
-9514
-9168
-8922
-8742
-8645
-8658
-8778
-9013
-9331
-9644
-9906
-10109
-10224
-10180
-9979
-9735
-9469
-9193
-8973
-8795
-8667
-8648
-8762
-8988
-9276
-9560
-9780
-9953
-10072
-10040
-9833
-9556
-9281
-9056
-8926
-8871
-8872
-8922
-9048
-9289
-9611
-9892
-10055
-10164
-10247
-10229
-10108
-9891
-9574
-9245
-8973
-8792
-8706
-8729
-8832
-8973
-9160
-9341
-9514
-9696
-9834
-9849
-9715
-9490
-9259
-9098
-9013
-8984
-9023
-9164
-9393
-9681
-9938
-10087
-10148
-10162
-10147
-10086
-9947
-9673
-9304
-8970
-8745
-8637
-8622
-8712
-8887
-9135
-9418
-9633
-9757
-9800
-9784
-9727
-9622
-9455
-9258
-9066
-8883
-8771
-8785
-8947
-9252
-9627
-9956
-10161
-10287
-10351
-10311
-10183
-9980
-9716
-9407
-9104
-8877
-8776
-8791
-8889
-9085
-9349
-9582
-9706
-9716
-9655
-9519
-9337
-9136
-8921
-8740
-8615
-8576
-8659
-8848
-9086
-9365
-9678
-9952
-10183
-10343
-10358
-10238
-9998
-9718
-9461
-9245
-9104
-9026
-9029
-9132
-9317
-9534
-9718
-9878
-10004
-10035
-9920
-9676
-9385
-9079
-8795
-8539
-8366
-8311
-8391
-8567
-8790
-9053
-9332
-9645
-9950
-10184
-10246
-10129
-9897
-9622
-9388
-9223
-9118
-9084
-9133
-9271
-9491
-9757
-10000
-10182
-10273
-10252
-10116
-9858
-9519
-9151
-8832
-8570
-8375
-8325
-8427
-8638
-8894
-9166
-9404
-9582
-9711
-9795
-9817
-9749
-9617
-9478
-9366
-9262
-9187
-9221
-9381
-9637
-9904
-10134
-10291
-10347
-10362
-10333
-10190
-9897
-9487
-9059
-8690
-8408
-8253
-8231
-8320
-8523
-8815
-9142
-9421
-9623
-9765
-9840
-9852
-9789
-9660
-9512
-9390
-9302
-9278
-9320
-9431
-9613
-9799
-9932
-9984
-9982
-9936
-9838
-9698
-9513
-9294
-9093
-8953
-8848
-8773
-8763
-8836
-9017
-9291
-9578
-9803
-9938
-9990
-9956
-9839
-9636
-9375
-9118
-8914
-8797
-8789
-8896
-9075
-9333
-9654
-9944
-10153
-10248
-10222
-10087
-9865
-9615
-9389
-9195
-9026
-8901
-8857
-8916
-9031
-9191
-9397
-9599
-9749
-9812
-9790
-9696
-9544
-9355
-9166
-9009
-8902
-8896
-8994
-9171
-9364
-9539
-9724
-9905
-10058
-10100
-10022
-9854
-9620
-9340
-9071
-8891
-8797
-8781
-8872
-9041
-9226
-9427
-9648
-9865
-10035
-10115
-10064
-9896
-9672
-9440
-9231
-9062
-8953
-8921
-8977
-9121
-9291
-9452
-9588
-9678
-9730
-9710
-9611
-9445
-9236
-9042
-8892
-8792
-8765
-8850
-9070
-9374
-9709
-9988
-10178
-10269
-10270
-10210
-10070
-9850
-9570
-9305
-9069
-8873
-8724
-8678
-8777
-8977
-9217
-9425
-9576
-9662
-9703
-9710
-9670
-9556
-9391
-9227
-9100
-9024
-9005
-9069
-9234
-9481
-9758
-9977
-10096
-10102
-10016
-9857
-9630
-9367
-9093
-8851
-8683
-8625
-8653
-8766
-8986
-9283
-9599
-9853
-10028
-10111
-10081
-9956
-9751
-9504
-9254
-9049
-8935
-8901
-8905
-8926
-8994
-9143
-9353
-9565
-9722
-9783
-9753
-9652
-9501
-9320
-9137
-8993
-8926
-8942
-9023
-9191
-9418
-9670
-9922
-10133
-10260
-10265
-10148
-9930
-9646
-9333
-9038
-8801
-8644
-8599
-8666
-8811
-9005
-9195
-9378
-9527
-9615
-9638
-9595
-9525
-9415
-9263
-9116
-9018
-9017
-9140
-9341
-9571
-9793
-9991
-10152
-10273
-10330
-10298
-10148
-9909
-9628
-9313
-9002
-8735
-8561
-8501
-8566
-8719
-8922
-9134
-9320
-9473
-9583
-9634
-9598
-9497
-9349
-9190
-9060
-8997
-9049
-9196
-9422
-9695
-9972
-10228
-10388
-10445
-10418
-10278
-10045
-9758
-9452
-9155
-8876
-8663
-8558
-8560
-8690
-8921
-9180
-9415
-9591
-9703
-9744
-9696
-9571
-9391
-9202
-9063
-8980
-8941
-8958
-9057
-9259
-9558
-9882
-10169
-10347
-10387
-10306
-10137
-9919
-9669
-9422
-9191
-9011
-8893
-8856
-8926
-9087
-9286
-9484
-9639
-9727
-9748
-9690
-9549
-9323
-9072
-8862
-8725
-8695
-8764
-8891
-9079
-9326
-9620
-9916
-10148
-10284
-10325
-10275
-10129
-9901
-9641
-9394
-9187
-9082
-9066
-9103
-9161
-9246
-9381
-9518
-9634
-9704
-9711
-9632
-9451
-9214
-8984
-8803
-8690
-8657
-8724
-8872
-9072
-9331
-9624
-9896
-10101
-10210
-10228
-10161
-10007
-9776
-9504
-9225
-9008
-8907
-8919
-9037
-9200
-9376
-9565
-9753
-9895
-9943
-9877
-9724
-9522
-9304
-9076
-8861
-8703
-8635
-8687
-8849
-9089
-9343
-9563
-9737
-9868
-9937
-9944
-9889
-9768
-9604
-9403
-9194
-9040
-8995
-9052
-9196
-9411
-9647
-9864
-10023
-10089
-10055
-9922
-9713
-9464
-9199
-8955
-8743
-8592
-8559
-8666
-8880
-9140
-9395
-9610
-9774
-9878
-9912
-9865
-9715
-9506
-9322
-9189
-9112
-9077
-9081
-9155
-9309
-9522
-9753
-9954
-10086
-10121
-10056
-9898
-9672
-9423
-9185
-8982
-8833
-8745
-8725
-8799
-8967
-9189
-9422
-9631
-9782
-9846
-9820
-9703
-9510
-9285
-9086
-8963
-8919
-8936
-9005
-9145
-9370
-9632
-9879
-10062
-10158
-10176
-10118
-9979
-9752
-9462
-9181
-8972
-8857
-8838
-8895
-8997
-9146
-9337
-9534
-9693
-9781
-9797
-9734
-9595
-9376
-9139
-8948
-8829
-8805
-8870
-9013
-9200
-9415
-9646
-9844
-9968
-10027
-10022
-9952
-9820
-9616
-9377
-9167
-9028
-8984
-9031
-9134
-9256
-9392
-9550
-9712
-9824
-9862
-9823
-9717
-9562
-9367
-9152
-8947
-8804
-8752
-8794
-8929
-9130
-9365
-9602
-9803
-9937
-9979
-9939
-9843
-9705
-9540
-9359
-9202
-9110
-9087
-9149
-9289
-9479
-9681
-9839
-9932
-9945
-9856
-9703
-9530
-9358
-9180
-8988
-8825
-8718
-8696
-8767
-8934
-9166
-9412
-9639
-9823
-9944
-9979
-9934
-9813
-9656
-9482
-9323
-9209
-9134
-9133
-9214
-9354
-9530
-9707
-9858
-9951
-9953
-9866
-9695
-9463
-9225
-9018
-8865
-8776
-8751
-8803
-8932
-9101
-9297
-9512
-9712
-9859
-9932
-9913
-9813
-9648
-9466
-9305
-9195
-9137
-9119
-9143
-9228
-9378
-9543
-9701
-9822
-9890
-9896
-9823
-9667
-9442
-9196
-8991
-8851
-8805
-8840
-8914
-9048
-9247
-9468
-9660
-9800
-9875
-9883
-9820
-9690
-9523
-9339
-9177
-9084
-9055
-9092
-9184
-9325
-9496
-9659
-9781
-9835
-9837
-9790
-9694
-9543
-9344
-9128
-8941
-8837
-8820
-8889
-9040
-9237
-9460
-9667
-9816
-9901
-9913
-9874
-9786
-9653
-9467
-9256
-9085
-8995
-8999
-9072
-9198
-9353
-9522
-9689
-9823
-9889
-9868
-9780
-9649
-9500
-9334
-9160
-9019
-8943
-8937
-9002
-9135
-9319
-9526
-9721
-9864
-9926
-9898
-9796
-9651
-9488
-9326
-9173
-9051
-8995
-9017
-9099
-9234
-9419
-9628
-9807
-9911
-9931
-9859
-9718
-9537
-9360
-9196
-9052
-8947
-8896
-8923
-9022
-9165
-9345
-9537
-9710
-9841
-9912
-9899
-9797
-9648
-9482
-9330
-9207
-9119
-9079
-9097
-9184
-9333
-9501
-9664
-9781
-9847
-9846
-9763
-9615
-9417
-9197
-9001
-8868
-8814
-8838
-8924
-9070
-9246
-9428
-9597
-9735
-9828
-9871
-9837
-9711
-9533
-9340
-9183
-9093
-9062
-9087
-9160
-9269
-9407
-9551
-9677
-9762
-9795
-9777
-9699
-9551
-9349
-9136
-8957
-8855
-8833
-8881
-8986
-9144
-9345
-9561
-9741
-9848
-9886
-9858
-9769
-9624
-9461
-9300
-9162
-9081
-9063
-9115
-9241
-9417
-9611
-9780
-9875
-9894
-9854
-9778
-9657
-9489
-9284
-9076
-8919
-8835
-8826
-8886
-9007
-9180
-9385
-9576
-9721
-9792
-9797
-9761
-9692
-9585
-9460
-9328
-9218
-9162
-9168
-9250
-9375
-9519
-9669
-9795
-9866
-9868
-9804
-9694
-9555
-9399
-9229
-9078
-8984
-8935
-8944
-9006
-9118
-9284
-9472
-9655
-9781
-9823
-9797
-9722
-9615
-9489
-9346
-9214
-9125
-9095
-9133
-9219
-9335
-9477
-9637
-9786
-9880
-9891
-9816
-9663
-9477
-9297
-9151
-9050
-8986
-8976
-9024
-9116
-9245
-9400
-9566
-9697
-9770
-9785
-9745
-9653
-9526
-9392
-9260
-9153
-9105
-9132
-9220
-9344
-9476
-9608
-9734
-9837
-9901
-9891
-9796
-9639
-9446
-9244
-9074
-8954
-8904
-8930
-9037
-9206
-9382
-9524
-9632
-9707
-9742
-9736
-9677
-9560
-9400
-9241
-9123
-9074
-9090
-9149
-9250
-9386
-9529
-9660
-9759
-9812
-9819
-9775
-9694
-9572
-9423
-9275
-9156
-9075
-9031
-9061
-9165
-9308
-9475
-9629
-9723
-9760
-9758
-9716
-9619
-9471
-9301
-9152
-9053
-9020
-9030
-9094
-9213
-9374
-9554
-9703
-9787
-9788
-9733
-9640
-9532
-9410
-9292
-9183
-9101
-9070
-9085
-9149
-9251
-9395
-9552
-9686
-9764
-9775
-9725
-9637
-9521
-9386
-9247
-9122
-9052
-9037
-9068
-9142
-9263
-9429
-9608
-9744
-9814
-9811
-9743
-9640
-9514
-9377
-9229
-9101
-9037
-9045
-9105
-9199
-9305
-9428
-9559
-9678
-9761
-9778
-9730
-9612
-9464
-9306
-9160
-9062
-9017
-9029
-9092
-9184
-9302
-9445
-9587
-9703
-9772
-9781
-9717
-9600
-9459
-9316
-9186
-9098
-9080
-9130
-9227
-9354
-9483
-9600
-9710
-9792
-9824
-9789
-9687
-9549
-9400
-9258
-9137
-9056
-9023
-9049
-9140
-9264
-9398
-9512
-9604
-9670
-9709
-9714
-9664
-9565
-9440
-9303
-9186
-9117
-9111
-9164
-9267
-9419
-9567
-9688
-9777
-9820
-9805
-9734
-9619
-9479
-9330
-9196
-9088
-9020
-9019
-9088
-9209
-9368
-9518
-9617
-9673
-9687
-9678
-9631
-9551
-9444
-9332
-9238
-9176
-9154
-9167
-9218
-9312
-9454
-9598
-9719
-9791
-9812
-9779
-9695
-9573
-9433
-9296
-9172
-9089
-9052
-9070
-9141
-9247
-9383
-9543
-9679
-9761
-9771
-9718
-9620
-9494
-9367
-9252
-9174
-9138
-9140
-9174
-9238
-9348
-9488
-9630
-9734
-9770
-9749
-9685
-9598
-9483
-9348
-9223
-9126
-9084
-9091
-9136
-9213
-9318
-9441
-9573
-9679
-9730
-9725
-9676
-9583
-9457
-9319
-9190
-9102
-9080
-9126
-9204
-9295
-9413
-9545
-9648
-9722
-9762
-9746
-9673
-9555
-9421
-9284
-9160
-9081
-9067
-9122
-9213
-9319
-9434
-9550
-9649
-9717
-9744
-9711
-9633
-9520
-9383
-9248
-9135
-9068
-9056
-9105
-9207
-9320
-9440
-9546
-9637
-9700
-9712
-9669
-9583
-9477
-9363
-9250
-9155
-9106
-9111
-9173
-9281
-9414
-9541
-9645
-9721
-9753
-9738
-9676
-9579
-9466
-9346
-9234
-9136
-9075
-9064
-9101
-9203
-9345
-9498
-9617
-9695
-9733
-9719
-9658
-9566
-9446
-9331
-9232
-9147
-9099
-9103
-9177
-9302
-9451
-9590
-9684
-9720
-9722
-9689
-9610
-9497
-9368
-9255
-9178
-9142
-9132
-9157
-9219
-9307
-9422
-9541
-9633
-9687
-9694
-9659
-9588
-9483
-9371
-9261
-9184
-9155
-9151
-9182
-9244
-9342
-9463
-9588
-9690
-9740
-9740
-9683
-9573
-9437
-9298
-9181
-9113
-9102
-9137
-9196
-9280
-9391
-9509
-9611
-9674
-9688
-9659
-9596
-9503
-9391
-9269
-9173
-9120
-9127
-9180
-9255
-9346
-9439
-9533
-9625
-9690
-9708
-9679
-9609
-9512
-9397
-9275
-9172
-9112
-9102
-9142
-9223
-9326
-9441
-9551
-9631
-9680
-9689
-9661
-9596
-9499
-9386
-9267
-9170
-9125
-9142
-9215
-9324
-9436
-9534
-9621
-9691
-9723
-9711
-9652
-9569
-9470
-9363
-9263
-9180
-9132
-9140
-9202
-9300
-9414
-9517
-9606
-9670
-9700
-9685
-9624
-9530
-9419
-9307
-9216
-9158
-9133
-9149
-9210
-9306
-9426
-9551
-9653
-9717
-9724
-9675
-9580
-9481
-9393
-9308
-9237
-9184
-9158
-9181
-9249
-9353
-9477
-9589
-9670
-9716
-9727
-9685
-9598
-9485
-9374
-9283
-9220
-9180
-9170
-9192
-9252
-9357
-9482
-9592
-9660
-9690
-9669
-9606
-9510
-9403
-9298
-9215
-9168
-9157
-9190
-9254
-9344
-9438
-9526
-9611
-9674
-9703
-9691
-9636
-9548
-9433
-9318
-9231
-9183
-9169
-9183
-9226
-9299
-9394
-9493
-9581
-9639
-9668
-9661
-9610
-9521
-9400
-9273
-9171
-9123
-9142
-9204
-9287
-9381
-9486
-9591
-9676
-9724
-9724
-9684
-9599
-9488
-9368
-9258
-9176
-9141
-9155
-9193
-9261
-9347
-9450
-9541
-9593
-9608
-9591
-9559
-9505
-9435
-9346
-9247
-9175
-9143
-9159
-9224
-9316
-9420
-9533
-9635
-9703
-9721
-9697
-9639
-9563
-9471
-9369
-9263
-9171
-9129
-9148
-9221
-9332
-9452
-9555
-9635
-9682
-9687
-9656
-9592
-9500
-9398
-9293
-9209
-9156
-9147
-9187
-9254
-9340
-9440
-9541
-9629
-9679
-9675
-9622
-9535
-9442
-9361
-9287
-9215
-9169
-9170
-9216
-9298
-9400
-9506
-9589
-9649
-9680
-9673
-9621
-9521
-9408
-9311
-9231
-9181
-9162
-9168
-9205
-9272
-9367
-9475
-9577
-9650
-9682
-9674
-9617
-9530
-9426
-9329
-9250
-9195
-9171
-9182
-9227
-9297
-9386
-9484
-9572
-9636
-9667
-9646
-9578
-9473
-9354
-9251
-9181
-9146
-9152
-9189
-9260
-9364
-9467
-9560
-9621
-9647
-9638
-9601
-9544
-9457
-9353
-9248
-9164
-9128
-9144
-9199
-9281
-9369
-9459
-9545
-9609
-9651
-9662
-9636
-9577
-9483
-9370
-9267
-9186
-9147
-9159
-9216
-9303
-9405
-9510
-9602
-9660
-9682
-9673
-9628
-9551
-9451
-9335
-9235
-9176
-9164
-9197
-9264
-9348
-9447
-9552
-9629
-9663
-9655
-9615
-9546
-9471
-9396
-9321
-9248
-9194
-9175
-9194
-9254
-9343
-9442
-9541
-9623
-9668
-9680
-9658
-9604
-9533
-9452
-9366
-9286
-9227
-9207
-9226
-9281
-9368
-9471
-9574
-9659
-9697
-9685
-9627
-9546
-9460
-9375
-9296
-9231
-9195
-9195
-9234
-9312
-9403
-9493
-9582
-9650
-9684
-9667
-9605
-9524
-9433
-9350
-9276
-9223
-9204
-9216
-9255
-9315
-9390
-9473
-9552
-9616
-9657
-9646
-9594
-9518
-9423
-9337
-9269
-9226
-9214
-9239
-9296
-9371
-9444
-9517
-9587
-9639
-9657
-9630
-9554
-9456
-9355
-9269
-9214
-9183
-9186
-9222
-9290
-9376
-9463
-9539
-9592
-9622
-9622
-9586
-9513
-9417
-9315
-9222
-9158
-9126
-9132
-9177
-9262
-9367
-9461
-9537
-9579
-9598
-9589
-9550
-9491
-9413
-9321
-9236
-9185
-9178
-9198
-9247
-9330
-9421
-9504
-9567
-9597
-9607
-9593
-9559
-9504
-9421
-9334
-9252
-9195
-9172
-9181
-9222
-9295
-9394
-9489
-9569
-9612
-9614
-9585
-9531
-9461
-9369
-9285
-9217
-9179
-9183
-9225
-9290
-9375
-9474
-9571
-9641
-9664
-9643
-9589
-9517
-9433
-9350
-9274
-9219
-9192
-9204
-9246
-9299
-9366
-9448
-9534
-9596
-9626
-9618
-9572
-9511
-9442
-9374
-9308
-9261
-9240
-9250
-9289
-9343
-9423
-9513
-9606
-9674
-9699
-9672
-9606
-9521
-9429
-9346
-9269
-9208
-9190
-9217
-9280
-9364
-9447
-9524
-9598
-9652
-9666
-9638
-9570
-9484
-9398
-9321
-9259
-9223
-9225
-9262
-9316
-9380
-9447
-9510
-9565
-9607
-9626
-9605
-9554
-9477
-9392
-9311
-9244
-9214
-9223
-9265
-9326
-9395
-9461
-9529
-9590
-9629
-9640
-9611
-9547
-9463
-9376
-9300
-9248
-9224
-9231
-9277
-9350
-9431
-9512
-9571
-9611
-9626
-9617
-9580
-9523
-9443
-9352
-9276
-9221
-9202
-9210
-9252
-9320
-9403
-9484
-9547
-9579
-9580
-9553
-9504
-9437
-9364
-9297
-9244
-9216
-9214
-9240
-9299
-9389
-9479
-9559
-9612
-9635
-9628
-9592
-9538
-9471
-9398
-9329
-9272
-9237
-9231
-9256
-9310
-9385
-9470
-9547
-9598
-9613
-9600
-9563
-9507
-9435
-9361
-9289
-9230
-9202
-9208
-9249
-9317
-9393
-9479
-9560
-9618
-9639
-9619
-9574
-9502
-9415
-9335
-9273
-9242
-9245
-9274
-9318
-9367
-9428
-9503
-9573
-9612
-9609
-9568
-9511
-9446
-9378
-9315
-9263
-9236
-9236
-9266
-9311
-9367
-9427
-9494
-9564
-9617
-9632
-9608
-9553
-9475
-9396
-9318
-9255
-9225
-9226
-9263
-9330
-9401
-9478
-9548
-9595
-9619
-9607
-9563
-9494
-9415
-9333
-9257
-9199
-9178
-9206
-9268
-9345
-9414
-9483
-9537
-9581
-9609
-9601
-9560
-9498
-9429
-9363
-9306
-9259
-9229
-9235
-9288
-9363
-9438
-9496
-9540
-9567
-9574
-9558
-9511
-9449
-9370
-9285
-9215
-9176
-9168
-9201
-9265
-9352
-9438
-9513
-9574
-9611
-9621
-9592
-9538
-9469
-9397
-9334
-9292
-9260
-9247
-9269
-9325
-9401
-9480
-9537
-9570
-9586
-9568
-9524
-9457
-9386
-9312
-9252
-9217
-9204
-9218
-9251
-9308
-9391
-9481
-9562
-9610
-9619
-9599
-9549
-9489
-9425
-9368
-9317
-9282
-9269
-9283
-9325
-9387
-9457
-9526
-9582
-9616
-9623
-9594
-9543
-9471
-9388
-9315
-9261
-9236
-9238
-9261
-9306
-9370
-9443
-9521
-9588
-9626
-9631
-9603
-9550
-9483
-9410
-9335
-9278
-9262
-9274
-9314
-9373
-9434
-9495
-9546
-9595
-9622
-9606
-9562
-9497
-9424
-9351
-9296
-9257
-9239
-9260
-9302
-9352
-9409
-9465
-9522
-9569
-9595
-9593
-9565
-9518
-9450
-9372
-9307
-9259
-9240
-9255
-9306
-9379
-9446
-9513
-9573
-9608
-9615
-9596
-9543
-9471
-9395
-9332
-9278
-9237
-9224
-9254
-9319
-9396
-9478
-9547
-9594
-9612
-9601
-9567
-9518
-9457
-9391
-9330
-9280
-9242
-9240
-9268
-9325
-9404
-9475
-9532
-9570
-9588
-9581
-9549
-9491
-9430
-9377
-9321
-9267
-9227
-9219
-9249
-9308
-9389
-9474
-9542
-9585
-9606
-9599
-9564
-9506
-9429
-9357
-9299
-9261
-9249
-9259
-9289
-9342
-9418
-9489
-9547
-9584
-9587
-9567
-9518
-9458
-9391
-9334
-9286
-9257
-9249
-9261
-9299
-9354
-9423
-9485
-9538
-9567
-9575
-9556
-9506
-9436
-9363
-9298
-9262
-9247
-9252
-9271
-9303
-9364
-9426
-9485
-9532
-9559
-9560
-9530
-9476
-9401
-9332
-9274
-9231
-9222
-9242
-9285
-9340
-9405
-9466
-9523
-9568
-9583
-9575
-9543
-9487
-9420
-9347
-9277
-9240
-9238
-9261
-9312
-9373
-9436
-9502
-9555
-9584
-9589
-9564
-9518
-9460
-9390
-9318
-9257
-9220
-9223
-9260
-9315
-9376
-9435
-9490
-9532
-9556
-9557
-9538
-9503
-9455
-9406
-9352
-9298
-9269
-9262
-9280
-9329
-9391
-9462
-9525
-9574
-9599
-9597
-9564
-9511
-9452
-9395
-9335
-9281
-9247
-9244
-9281
-9340
-9416
-9482
-9529
-9568
-9582
-9562
-9519
-9457
-9402
-9354
-9310
-9277
-9258
-9268
-9305
-9363
-9429
-9488
-9537
-9564
-9564
-9543
-9501
-9452
-9400
-9355
-9317
-9283
-9263
-9271
-9302
-9353
-9413
-9472
-9527
-9561
-9575
-9565
-9520
-9457
-9393
-9339
-9300
-9280
-9280
-9300
-9344
-9404
-9471
-9530
-9571
-9587
-9585
-9566
-9519
-9448
-9380
-9327
-9292
-9280
-9287
-9317
-9355
-9404
-9459
-9509
-9547
-9571
-9571
-9547
-9493
-9421
-9357
-9303
-9276
-9274
-9291
-9318
-9367
-9427
-9493
-9540
-9570
-9583
-9575
-9545
-9491
-9427
-9366
-9314
-9277
-9274
-9295
-9333
-9380
-9439
-9496
-9539
-9566
-9567
-9545
-9516
-9473
-9411
-9350
-9300
-9273
-9273
-9299
-9343
-9406
-9467
-9515
-9551
-9559
-9553
-9533
-9494
-9438
-9378
-9317
-9273
-9256
-9264
-9296
-9348
-9404
-9457
-9507
-9538
-9545
-9525
-9486
-9448
-9403
-9354
-9314
-9283
-9266
-9269
-9296
-9346
-9408
-9468
-9517
-9551
-9565
-9546
-9507
-9454
-9401
-9352
-9310
-9285
-9275
-9292
-9328
-9372
-9426
-9484
-9535
-9571
-9574
-9544
-9493
-9436
-9379
-9327
-9289
-9264
-9265
-9290
-9330
-9379
-9432
-9481
-9523
-9545
-9549
-9527
-9477
-9423
-9374
-9341
-9315
-9301
-9306
-9324
-9356
-9398
-9447
-9495
-9532
-9553
-9558
-9538
-9493
-9440
-9377
-9327
-9292
-9277
-9288
-9319
-9368
-9419
-9470
-9510
-9544
-9563
-9554
-9525
-9469
-9403
-9348
-9306
-9286
-9288
-9306
-9349
-9401
-9452
-9497
-9529
-9548
-9551
-9543
-9514
-9469
-9416
-9364
-9325
-9303
-9302
-9327
-9366
-9410
-9460
-9506
-9540
-9554
-9555
-9540
-9506
-9460
-9406
-9355
-9310
-9285
-9289
-9308
-9350
-9408
-9469
-9517
-9545
-9555
-9555
-9534
-9498
-9457
-9403
-9354
-9319
-9305
-9316
-9352
-9396
-9445
-9498
-9540
-9563
-9567
-9548
-9513
-9466
-9412
-9362
-9316
-9285
-9272
-9280
-9314
-9365
-9421
-9471
-9509
-9531
-9527
-9502
-9470
-9431
-9384
-9343
-9312
-9294
-9302
-9329
-9366
-9407
-9461
-9513
-9551
-9574
-9573
-9543
-9498
-9447
-9392
-9339
-9298
-9279
-9275
-9292
-9328
-9373
-9418
-9466
-9512
-9536
-9532
-9506
-9459
-9394
-9338
-9293
-9271
-9269
-9280
-9317
-9360
-9411
-9461
-9500
-9528
-9537
-9524
-9487
-9438
-9385
-9336
-9298
-9281
-9282
-9303
-9340
-9384
-9428
-9461
-9488
-9509
-9517
-9512
-9485
-9440
-9387
-9336
-9290
-9265
-9253
-9268
-9307
-9357
-9417
-9470
-9513
-9536
-9542
-9529
-9497
-9453
-9396
-9331
-9286
-9266
-9274
-9310
-9355
-9410
-9458
-9489
-9512
-9517
-9507
-9484
-9451
-9402
-9348
-9309
-9284
-9279
-9285
-9311
-9355
-9407
-9456
-9497
-9519
-9520
-9511
-9493
-9467
-9429
-9381
-9336
-9310
-9302
-9311
-9332
-9364
-9415
-9470
-9514
-9542
-9546
-9531
-9495
-9447
-9400
-9359
-9327
-9301
-9296
-9308
-9341
-9386
-9438
-9494
-9535
-9554
-9545
-9520
-9487
-9444
-9395
-9352
-9324
-9312
-9311
-9328
-9359
-9403
-9456
-9503
-9534
-9549
-9542
-9514
-9471
-9424
-9376
-9335
-9309
-9298
-9311
-9339
-9381
-9425
-9469
-9514
-9549
-9568
-9562
-9538
-9499
-9451
-9404
-9363
-9340
-9336
-9349
-9370
-9400
-9443
-9478
-9513
-9537
-9547
-9536
-9499
-9449
-9400
-9356
-9320
-9298
-9296
-9325
-9364
-9407
-9452
-9495
-9529
-9554
-9564
-9548
-9515
-9466
-9418
-9376
-9343
-9325
-9331
-9355
-9391
-9436
-9476
-9503
-9517
-9526
-9521
-9501
-9470
-9433
-9391
-9352
-9324
-9307
-9308
-9326
-9370
-9420
-9469
-9503
-9528
-9545
-9542
-9522
-9491
-9452
-9406
-9364
-9333
-9320
-9327
-9354
-9404
-9459
-9501
-9533
-9539
-9532
-9510
-9478
-9439
-9389
-9347
-9318
-9301
-9302
-9314
-9338
-9385
-9433
-9472
-9500
-9517
-9518
-9501
-9471
-9435
-9394
-9360
-9336
-9321
-9320
-9323
-9341
-9379
-9429
-9473
-9506
-9524
-9517
-9492
-9458
-9413
-9359
-9320
-9299
-9288
-9289
-9308
-9344
-9388
-9439
-9489
-9525
-9536
-9529
-9505
-9462
-9412
-9368
-9335
-9318
-9317
-9335
-9364
-9392
-9426
-9468
-9508
-9529
-9531
-9513
-9485
-9449
-9403
-9363
-9326
-9303
-9302
-9311
-9335
-9367
-9404
-9442
-9474
-9501
-9511
-9497
-9466
-9429
-9388
-9348
-9322
-9312
-9318
-9341
-9377
-9421
-9462
-9491
-9524
-9538
-9533
-9524
-9502
-9468
-9423
-9379
-9346
-9331
-9334
-9359
-9394
-9433
-9468
-9502
-9523
-9527
-9525
-9503
-9468
-9428
-9388
-9362
-9342
-9329
-9341
-9372
-9413
-9452
-9493
-9518
-9529
-9522
-9507
-9483
-9444
-9411
-9374
-9347
-9338
-9339
-9346
-9375
-9413
-9460
-9503
-9529
-9541
-9539
-9524
-9504
-9477
-9440
-9403
-9368
-9344
-9331
-9342
-9370
-9410
-9464
-9506
-9539
-9554
-9546
-9526
-9494
-9453
-9407
-9369
-9349
-9345
-9347
-9361
-9385
-9418
-9459
-9491
-9508
-9511
-9497
-9472
-9436
-9397
-9364
-9337
-9321
-9318
-9327
-9343
-9370
-9405
-9449
-9485
-9508
-9517
-9513
-9491
-9452
-9406
-9359
-9326
-9307
-9302
-9311
-9336
-9366
-9408
-9452
-9489
-9513
-9512
-9494
-9465
-9427
-9376
-9329
-9296
-9284
-9291
-9311
-9345
-9381
-9414
-9447
-9477
-9489
-9486
-9468
-9439
-9406
-9372
-9339
-9311
-9300
-9307
-9324
-9351
-9390
-9425
-9450
-9464
-9469
-9466
-9454
-9430
-9400
-9361
-9321
-9302
-9298
-9308
-9335
-9369
-9405
-9442
-9468
-9485
-9489
-9481
-9458
-9426
-9390
-9354
-9323
-9300
-9295
-9307
-9341
-9386
-9427
-9460
-9489
-9502
-9503
-9491
-9465
-9432
-9394
-9362
-9333
-9317
-9313
-9329
-9360
-9396
-9436
-9474
-9496
-9510
-9510
-9489
-9455
-9421
-9396
-9372
-9350
-9337
-9338
-9346
-9369
-9407
-9443
-9474
-9491
-9502
-9495
-9477
-9451
-9414
-9382
-9353
-9338
-9326
-9328
-9342
-9371
-9410
-9446
-9480
-9506
-9513
-9502
-9476
-9439
-9400
-9361
-9332
-9314
-9310
-9319
-9346
-9382
-9423
-9455
-9477
-9494
-9498
-9487
-9458
-9415
-9376
-9342
-9322
-9314
-9318
-9335
-9354
-9383
-9417
-9450
-9473
-9488
-9494
-9483
-9458
-9428
-9396
-9360
-9334
-9332
-9338
-9353
-9378
-9405
-9439
-9471
-9497
-9511
-9508
-9490
-9464
-9424
-9381
-9348
-9334
-9328
-9340
-9367
-9399
-9432
-9468
-9501
-9517
-9517
-9505
-9488
-9459
-9428
-9393
-9365
-9351
-9350
-9363
-9387
-9414
-9445
-9472
-9494
-9507
-9507
-9501
-9486
-9459
-9436
-9413
-9386
-9370
-9365
-9381
-9407
-9439
-9473
-9509
-9528
-9536
-9533
-9518
-9489
-9461
-9434
-9399
-9376
-9364
-9376
-9392
-9420
-9456
-9493
-9524
-9542
-9544
-9533
-9514
-9481
-9444
-9412
-9389
-9369
-9353
-9349
-9367
-9393
-9429
-9461
-9486
-9500
-9501
-9493
-9471
-9443
-9412
-9383
-9360
-9350
-9346
-9354
-9373
-9398
-9432
-9468
-9491
-9506
-9512
-9504
-9482
-9443
-9407
-9380
-9359
-9344
-9335
-9337
-9349
-9379
-9414
-9442
-9467
-9481
-9489
-9485
-9459
-9422
-9378
-9344
-9320
-9310
-9310
-9323
-9347
-9381
-9424
-9446
-9461
-9468
-9466
-9459
-9436
-9404
-9369
-9340
-9325
-9319
-9326
-9344
-9371
-9403
-9425
-9438
-9446
-9446
-9443
-9432
-9408
-9375
-9343
-9319
-9311
-9311
-9321
-9338
-9360
-9393
-9427
-9452
-9468
-9478
-9476
-9459
-9438
-9409
-9377
-9357
-9345
-9344
-9354
-9377
-9406
-9440
-9465
-9485
-9491
-9485
-9470
-9441
-9418
-9391
-9360
-9338
-9333
-9336
-9348
-9372
-9407
-9442
-9469
-9488
-9493
-9487
-9478
-9460
-9441
-9422
-9399
-9381
-9375
-9381
-9391
-9408
-9432
-9458
-9487
-9511
-9519
-9514
-9502
-9482
-9453
-9422
-9394
-9371
-9361
-9364
-9378
-9411
-9448
-9483
-9511
-9527
-9523
-9510
-9485
-9459
-9428
-9393
-9370
-9350
-9350
-9359
-9380
-9409
-9439
-9465
-9493
-9511
-9513
-9502
-9484
-9455
-9416
-9391
-9376
-9368
-9366
-9380
-9404
-9429
-9453
-9480
-9495
-9503
-9503
-9489
-9466
-9432
-9398
-9372
-9361
-9354
-9354
-9364
-9388
-9416
-9446
-9470
-9487
-9494
-9492
-9482
-9461
-9423
-9389
-9369
-9355
-9356
-9365
-9388
-9417
-9449
-9480
-9501
-9508
-9506
-9497
-9480
-9453
-9421
-9392
-9367
-9356
-9355
-9367
-9387
-9410
-9444
-9475
-9484
-9482
-9476
-9471
-9459
-9439
-9410
-9382
-9368
-9359
-9361
-9372
-9387
-9415
-9444
-9472
-9488
-9487
-9484
-9474
-9455
-9429
-9398
-9368
-9349
-9346
-9350
-9360
-9379
-9406
-9443
-9475
-9491
-9493
-9483
-9472
-9453
-9424
-9397
-9379
-9370
-9370
-9378
-9396
-9418
-9441
-9470
-9490
-9495
-9491
-9477
-9460
-9434
-9405
-9379
-9355
-9337
-9338
-9346
-9354
-9371
-9396
-9427
-9447
-9462
-9465
-9455
-9434
-9411
-9386
-9365
-9352
-9342
-9347
-9357
-9382
-9412
-9439
-9465
-9488
-9500
-9498
-9481
-9453
-9422
-9388
-9360
-9342
-9335
-9348
-9362
-9378
-9402
-9429
-9447
-9461
-9472
-9467
-9455
-9433
-9406
-9382
-9360
-9347
-9347
-9353
-9370
-9390
-9413
-9434
-9454
-9468
-9473
-9468
-9441
-9415
-9387
-9359
-9334
-9323
-9327
-9338
-9360
-9386
-9413
-9438
-9458
-9469
-9473
-9463
-9442
-9421
-9395
-9371
-9352
-9340
-9339
-9347
-9364
-9387
-9408
-9428
-9450
-9461
-9455
-9438
-9418
-9394
-9373
-9356
-9340
-9332
-9338
-9349
-9370
-9396
-9423
-9444
-9453
-9457
-9449
-9432
-9410
-9391
-9366
-9348
-9336
-9331
-9337
-9351
-9373
-9397
-9420
-9438
-9453
-9454
-9443
-9424
-9402
-9374
-9353
-9336
-9323
-9319
-9322
-9342
-9372
-9397
-9423
-9451
-9470
-9478
-9467
-9446
-9419
-9387
-9363
-9351
-9349
-9356
-9370
-9387
-9404
-9424
-9450
-9468
-9479
-9474
-9459
-9435
-9404
-9382
-9367
-9354
-9347
-9359
-9377
-9396
-9417
-9438
-9462
-9482
-9489
-9488
-9482
-9467
-9439
-9410
-9390
-9375
-9368
-9376
-9386
-9402
-9428
-9454
-9481
-9500
-9512
-9510
-9497
-9474
-9445
-9417
-9399
-9390
-9391
-9404
-9428
-9455
-9475
-9489
-9505
-9519
-9517
-9511
-9490
-9463
-9440
-9419
-9408
-9404
-9406
-9418
-9435
-9449
-9465
-9480
-9492
-9496
-9499
-9494
-9479
-9459
-9434
-9416
-9398
-9388
-9387
-9399
-9422
-9440
-9461
-9483
-9494
-9496
-9494
-9482
-9460
-9435
-9418
-9401
-9391
-9389
-9394
-9410
-9435
-9463
-9489
-9503
-9505
-9503
-9494
-9481
-9457
-9422
-9394
-9375
-9367
-9360
-9365
-9382
-9404
-9432
-9462
-9485
-9489
-9490
-9484
-9469
-9450
-9424
-9401
-9388
-9380
-9374
-9377
-9394
-9422
-9448
-9471
-9483
-9482
-9480
-9476
-9458
-9429
-9398
-9374
-9360
-9358
-9359
-9363
-9372
-9388
-9416
-9441
-9458
-9471
-9473
-9466
-9450
-9425
-9398
-9378
-9365
-9361
-9364
-9378
-9396
-9418
-9444
-9464
-9479
-9481
-9473
-9459
-9437
-9408
-9374
-9351
-9343
-9345
-9351
-9362
-9383
-9408
-9432
-9453
-9464
-9466
-9463
-9461
-9446
-9421
-9397
-9381
-9368
-9365
-9373
-9385
-9404
-9419
-9437
-9454
-9462
-9464
-9456
-9436
-9414
-9384
-9359
-9341
-9332
-9332
-9343
-9370
-9399
-9430
-9451
-9460
-9468
-9467
-9456
-9441
-9416
-9393
-9377
-9363
-9355
-9359
-9380
-9403
-9423
-9438
-9452
-9464
-9470
-9465
-9454
-9436
-9415
-9394
-9369
-9351
-9346
-9349
-9364
-9385
-9408
-9430
-9443
-9451
-9453
-9446
-9434
-9419
-9397
-9374
-9358
-9347
-9343
-9355
-9376
-9399
-9422
-9444
-9465
-9470
-9467
-9459
-9447
-9430
-9408
-9393
-9380
-9374
-9371
-9376
-9388
-9402
-9422
-9437
-9441
-9438
-9428
-9418
-9408
-9389
-9369
-9359
-9356
-9358
-9362
-9376
-9388
-9410
-9436
-9453
-9464
-9466
-9459
-9445
-9428
-9408
-9394
-9382
-9378
-9383
-9388
-9398
-9413
-9428
-9445
-9462
-9474
-9475
-9469
-9452
-9434
-9410
-9383
-9368
-9364
-9364
-9370
-9384
-9399
-9425
-9439
-9452
-9462
-9466
-9460
-9440
-9422
-9398
-9377
-9362
-9359
-9368
-9382
-9399
-9421
-9446
-9465
-9478
-9487
-9485
-9475
-9457
-9437
-9413
-9394
-9379
-9369
-9371
-9373
-9386
-9407
-9430
-9445
-9459
-9465
-9462
-9453
-9440
-9421
-9399
-9380
-9359
-9348
-9351
-9372
-9400
-9428
-9450
-9465
-9477
-9479
-9470
-9452
-9433
-9412
-9389
-9370
-9361
-9352
-9355
-9371
-9396
-9426
-9444
-9458
-9462
-9464
-9456
-9438
-9423
-9411
-9402
-9391
-9379
-9373
-9376
-9388
-9408
-9426
-9442
-9452
-9459
-9453
-9440
-9419
-9397
-9381
-9368
-9361
-9354
-9352
-9361
-9378
-9404
-9432
-9448
-9460
-9463
-9458
-9450
-9425
-9398
-9381
-9371
-9371
-9374
-9386
-9403
-9421
-9444
-9465
-9477
-9483
-9483
-9477
-9460
-9438
-9419
-9398
-9388
-9381
-9378
-9376
-9384
-9404
-9426
-9443
-9450
-9453
-9458
-9458
-9444
-9426
-9408
-9393
-9383
-9381
-9383
-9393
-9412
-9433
-9451
-9467
-9477
-9484
-9486
-9476
-9463
-9445
-9424
-9401
-9387
-9384
-9387
-9403
-9420
-9442
-9460
-9472
-9478
-9478
-9476
-9466
-9452
-9434
-9415
-9399
-9394
-9388
-9393
-9403
-9416
-9438
-9456
-9467
-9472
-9474
-9464
-9458
-9451
-9441
-9424
-9410
-9402
-9396
-9401
-9412
-9431
-9450
-9467
-9478
-9475
-9471
-9460
-9449
-9438
-9421
-9405
-9390
-9382
-9377
-9384
-9397
-9420
-9444
-9460
-9477
-9483
-9477
-9470
-9454
-9438
-9419
-9402
-9394
-9389
-9391
-9399
-9412
-9425
-9441
-9459
-9468
-9469
-9460
-9444
-9432
-9412
-9395
-9384
-9374
-9376
-9382
-9391
-9408
-9422
-9437
-9451
-9457
-9459
-9453
-9440
-9422
-9403
-9390
-9379
-9370
-9367
-9378
-9394
-9413
-9429
-9445
-9463
-9469
-9468
-9462
-9449
-9428
-9404
-9385
-9369
-9367
-9367
-9376
-9385
-9397
-9412
-9419
-9430
-9441
-9447
-9441
-9423
-9404
-9392
-9378
-9369
-9366
-9375
-9386
-9399
-9412
-9428
-9443
-9449
-9451
-9445
-9432
-9420
-9402
-9383
-9371
-9361
-9359
-9360
-9371
-9386
-9407
-9425
-9433
-9441
-9445
-9441
-9429
-9415
-9399
-9381
-9363
-9354
-9352
-9358
-9370
-9390
-9411
-9430
-9445
-9447
-9443
-9437
-9426
-9413
-9401
-9386
-9378
-9376
-9377
-9382
-9390
-9405
-9421
-9432
-9439
-9444
-9445
-9435
-9422
-9415
-9409
-9394
-9371
-9361
-9360
-9367
-9373
-9387
-9407
-9418
-9431
-9437
-9441
-9435
-9424
-9407
-9390
-9380
-9375
-9371
-9369
-9383
-9406
-9426
-9442
-9454
-9463
-9466
-9458
-9446
-9429
-9409
-9390
-9373
-9363
-9359
-9364
-9376
-9392
-9406
-9421
-9437
-9453
-9462
-9454
-9443
-9429
-9417
-9405
-9398
-9396
-9392
-9395
-9410
-9425
-9438
-9445
-9451
-9462
-9461
-9459
-9447
-9430
-9417
-9410
-9404
-9401
-9403
-9407
-9415
-9425
-9439
-9453
-9465
-9468
-9466
-9458
-9444
-9426
-9411
-9404
-9393
-9381
-9381
-9391
-9404
-9425
-9443
-9458
-9461
-9458
-9458
-9449
-9439
-9426
-9417
-9402
-9391
-9393
-9402
-9410
-9418
-9431
-9439
-9448
-9452
-9450
-9444
-9441
-9435
-9425
-9413
-9402
-9396
-9395
-9399
-9407
-9423
-9441
-9454
-9464
-9463
-9458
-9452
-9440
-9426
-9406
-9388
-9373
-9369
-9369
-9378
-9395
-9410
-9432
-9449
-9463
-9463
-9455
-9445
-9433
-9425
-9419
-9409
-9395
-9382
-9386
-9394
-9400
-9411
-9422
-9435
-9446
-9446
-9435
-9423
-9403
-9392
-9383
-9375
-9375
-9379
-9386
-9396
-9408
-9422
-9442
-9455
-9467
-9475
-9468
-9452
-9439
-9424
-9409
-9394
-9386
-9386
-9393
-9402
-9413
-9432
-9445
-9462
-9471
-9473
-9465
-9451
-9434
-9415
-9398
-9386
-9388
-9390
-9389
-9400
-9418
-9431
-9442
-9456
-9462
-9460
-9457
-9447
-9431
-9419
-9411
-9398
-9395
-9403
-9410
-9416
-9425
-9436
-9444
-9453
-9457
-9455
-9447
-9437
-9421
-9404
-9385
-9375
-9369
-9375
-9392
-9410
-9423
-9429
-9439
-9440
-9441
-9440
-9434
-9424
-9409
-9390
-9371
-9364
-9369
-9374
-9389
-9403
-9419
-9435
-9445
-9453
-9451
-9444
-9434
-9424
-9409
-9394
-9383
-9378
-9377
-9389
-9405
-9421
-9431
-9439
-9447
-9446
-9443
-9434
-9419
-9401
-9390
-9385
-9385
-9383
-9380
-9382
-9393
-9404
-9417
-9433
-9443
-9451
-9448
-9439
-9425
-9412
-9398
-9392
-9388
-9384
-9386
-9393
-9405
-9415
-9429
-9440
-9448
-9448
-9441
-9435
-9424
-9410
-9401
-9393
-9391
-9396
-9404
-9413
-9426
-9448
-9464
-9472
-9473
-9473
-9468
-9455
-9443
-9431
-9419
-9408
-9408
-9411
-9417
-9421
-9429
-9438
-9446
-9455
-9458
-9458
-9451
-9441
-9426
-9409
-9395
-9384
-9385
-9387
-9391
-9402
-9414
-9429
-9439
-9443
-9445
-9445
-9432
-9421
-9408
-9393
-9383
-9374
-9374
-9382
-9396
-9400
-9411
-9425
-9437
-9449
-9448
-9439
-9429
-9417
-9408
-9400
-9395
-9390
-9383
-9390
-9399
-9411
-9423
-9435
-9442
-9447
-9450
-9449
-9438
-9416
-9399
-9381
-9372
-9367
-9363
-9366
-9375
-9385
-9397
-9408
-9418
-9430
-9432
-9428
-9420
-9407
-9395
-9382
-9371
-9367
-9369
-9375
-9387
-9407
-9426
-9434
-9437
-9439
-9439
-9435
-9424
-9408
-9396
-9384
-9382
-9387
-9390
-9395
-9408
-9422
-9433
-9442
-9441
-9443
-9440
-9434
-9425
-9415
-9406
-9400
-9399
-9398
-9401
-9405
-9420
-9429
-9437
-9444
-9453
-9458
-9459
-9455
-9437
-9416
-9403
-9400
-9397
-9393
-9393
-9405
-9416
-9430
-9444
-9455
-9457
-9453
-9447
-9434
-9422
-9406
-9393
-9391
-9393
-9396
-9406
-9416
-9422
-9426
-9443
-9453
-9457
-9457
-9451
-9442
-9425
-9413
-9413
-9410
-9407
-9413
-9414
-9420
-9426
-9437
-9445
-9448
-9447
-9444
-9439
-9432
-9420
-9407
-9398
-9394
-9398
-9401
-9410
-9422
-9433
-9449
-9461
-9464
-9462
-9459
-9446
-9425
-9410
-9400
-9390
-9380
-9382
-9390
-9401
-9419
-9440
-9454
-9463
-9466
-9464
-9457
-9445
-9431
-9414
-9399
-9384
-9374
-9373
-9380
-9390
-9402
-9416
-9429
-9439
-9447
-9445
-9438
-9424
-9411
-9406
-9395
-9382
-9378
-9382
-9391
-9400
-9410
-9420
-9424
-9434
-9440
-9438
-9428
-9415
-9399
-9382
-9378
-9374
-9373
-9384
-9393
-9407
-9427
-9439
-9452
-9460
-9455
-9448
-9437
-9426
-9417
-9411
-9404
-9397
-9399
-9400
-9411
-9424
-9434
-9446
-9455
-9453
-9449
-9451
-9440
-9427
-9420
-9415
-9415
-9404
-9395
-9398
-9406
-9416
-9429
-9439
-9443
-9449
-9450
-9448
-9443
-9437
-9430
-9419
-9412
-9415
-9416
-9422
-9425
-9429
-9443
-9451
-9453
-9453
-9450
-9449
-9443
-9430
-9416
-9403
-9398
-9402
-9413
-9426
-9440
-9452
-9466
-9474
-9481
-9481
-9472
-9465
-9459
-9454
-9439
-9429
-9426
-9418
-9424
-9430
-9436
-9447
-9453
-9454
-9452
-9445
-9441
-9436
-9418
-9404
-9391
-9372
-9367
-9371
-9377
-9389
-9399
-9412
-9424
-9437
-9444
-9448
-9442
-9429
-9421
-9416
-9405
-9393
-9393
-9397
-9408
-9419
-9432
-9438
-9439
-9439
-9442
-9436
-9423
-9410
-9399
-9390
-9375
-9361
-9351
-9355
-9362
-9372
-9384
-9394
-9405
-9410
-9410
-9403
-9395
-9389
-9383
-9374
-9364
-9361
-9364
-9373
-9389
-9401
-9410
-9423
-9432
-9438
-9442
-9441
-9432
-9429
-9421
-9408
-9402
-9392
-9391
-9397
-9397
-9403
-9418
-9428
-9429
-9432
-9430
-9422
-9418
-9410
-9399
-9387
-9375
-9373
-9379
-9378
-9382
-9392
-9402
-9411
-9412
-9411
-9407
-9403
-9392
-9385
-9380
-9372
-9370
-9368
-9372
-9381
-9395
-9405
-9417
-9422
-9428
-9432
-9430
-9435
-9428
-9416
-9405
-9400
-9400
-9400
-9399
-9405
-9418
-9430
-9445
-9451
-9452
-9447
-9441
-9429
-9410
-9397
-9382
-9369
-9361
-9361
-9369
-9377
-9388
-9402
-9412
-9417
-9423
-9427
-9424
-9418
-9407
-9397
-9392
-9395
-9398
-9401
-9409
-9418
-9434
-9447
-9452
-9452
-9451
-9448
-9440
-9433
-9424
-9414
-9410
-9406
-9399
-9401
-9410
-9420
-9429
-9438
-9449
-9460
-9459
-9454
-9442
-9431
-9421
-9413
-9411
-9411
-9414
-9416
-9428
-9438
-9449
-9454
-9462
-9468
-9464
-9460
-9452
-9441
-9429
-9424
-9416
-9415
-9416
-9419
-9423
-9426
-9434
-9442
-9447
-9450
-9450
-9446
-9446
-9440
-9435
-9428
-9422
-9420
-9422
-9428
-9440
-9446
-9454
-9460
-9465
-9466
-9459
-9458
-9449
-9439
-9427
-9415
-9407
-9403
-9403
-9410
-9417
-9429
-9436
-9442
-9443
-9435
-9429
-9423
-9419
-9405
-9385
-9372
-9372
-9379
-9390
-9400
-9411
-9423
-9435
-9443
-9452
-9453
-9443
-9440
-9435
-9428
-9423
-9415
-9415
-9415
-9418
-9427
-9431
-9436
-9440
-9443
-9437
-9435
-9433
-9428
-9414
-9395
-9385
-9379
-9378
-9376
-9379
-9382
-9387
-9391
-9400
-9405
-9399
-9394
-9393
-9388
-9379
-9372
-9369
-9368
-9371
-9379
-9390
-9406
-9417
-9425
-9433
-9436
-9435
-9432
-9429
-9423
-9405
-9392
-9390
-9390
-9389
-9395
-9399
-9404
-9413
-9423
-9428
-9429
-9432
-9426
-9423
-9415
-9408
-9403
-9397
-9392
-9391
-9399
-9405
-9409
-9414
-9424
-9426
-9421
-9420
-9418
-9415
-9401
-9390
-9393
-9394
-9394
-9395
-9397
-9400
-9416
-9432
-9443
-9449
-9447
-9447
-9446
-9445
-9436
-9422
-9406
-9404
-9409
-9414
-9423
-9428
-9435
-9442
-9451
-9461
-9465
-9465
-9456
-9447
-9434
-9429
-9426
-9413
-9409
-9408
-9418
-9428
-9437
-9442
-9445
-9451
-9455
-9456
-9452
-9442
-9436
-9434
-9429
-9427
-9424
-9433
-9436
-9439
-9444
-9452
-9456
-9446
-9444
-9441
-9430
-9425
-9419
-9410
-9404
-9401
-9405
-9417
-9430
-9436
-9441
-9446
-9447
-9448
-9448
-9446
-9437
-9426
-9419
-9414
-9408
-9410
-9411
-9412
-9418
-9423
-9429
-9434
-9438
-9438
-9439
-9437
-9436
-9426
-9410
-9399
-9390
-9385
-9385
-9390
-9396
-9411
-9425
-9433
-9440
-9439
-9435
-9434
-9425
-9416
-9409
-9401
-9396
-9395
-9392
-9396
-9412
-9428
-9437
-9441
-9446
-9446
-9445
-9439
-9435
-9427
-9412
-9404
-9401
-9398
-9400
-9404
-9413
-9427
-9434
-9433
-9436
-9437
-9428
-9424
-9418
-9408
-9396
-9390
-9386
-9383
-9389
-9392
-9401
-9412
-9418
-9427
-9435
-9436
-9431
-9426
-9420
-9414
-9410
-9412
-9415
-9418
-9420
-9426
-9431
-9443
-9456
-9458
-9457
-9453
-9447
-9442
-9428
-9418
-9419
-9414
-9412
-9412
-9414
-9421
-9424
-9423
-9422
-9426
-9422
-9416
-9413
-9407
-9406
-9406
-9409
-9415
-9417
-9418
-9422
-9433
-9446
-9452
-9455
-9456
-9452
-9448
-9441
-9431
-9422
-9413
-9405
-9397
-9395
-9393
-9396
-9406
-9417
-9422
-9427
-9429
-9422
-9411
-9403
-9397
-9390
-9385
-9381
-9384
-9388
-9398
-9407
-9416
-9428
-9440
-9441
-9436
-9437
-9434
-9431
-9424
-9412
-9407
-9410
-9413
-9405
-9400
-9399
-9404
-9411
-9420
-9425
-9414
-9407
-9404
-9395
-9380
-9370
-9364
-9366
-9367
-9368
-9370
-9380
-9392
-9403
-9413
-9417
-9422
-9417
-9414
-9404
-9393
-9388
-9385
-9378
-9375
-9378
-9382
-9391
-9401
-9408
-9411
-9414
-9411
-9406
-9399
-9388
-9382
-9379
-9371
-9370
-9374
-9382
-9388
-9390
-9396
-9403
-9409
-9415
-9414
-9409
-9406
-9403
-9398
-9388
-9387
-9395
-9403
-9407
-9409
-9415
-9421
-9427
-9433
-9433
-9424
-9417
-9416
-9408
-9399
-9389
-9388
-9394
-9398
-9402
-9401
-9402
-9409
-9415
-9415
-9414
-9408
-9405
-9399
-9390
-9387
-9384
-9388
-9393
-9399
-9406
-9418
-9432
-9441
-9443
-9436
-9430
-9427
-9420
-9413
-9405
-9398
-9397
-9403
-9408
-9411
-9414
-9419
-9425
-9431
-9436
-9435
-9432
-9426
-9422
-9420
-9420
-9413
-9408
-9406
-9415
-9431
-9443
-9452
-9454
-9463
-9463
-9459
-9456
-9449
-9442
-9435
-9426
-9420
-9417
-9413
-9414
-9419
-9420
-9423
-9428
-9433
-9440
-9440
-9441
-9440
-9438
-9435
-9431
-9425
-9427
-9432
-9433
-9440
-9445
-9449
-9459
-9466
-9465
-9464
-9463
-9460
-9450
-9445
-9442
-9434
-9431
-9427
-9426
-9435
-9444
-9452
-9457
-9457
-9462
-9463
-9455
-9450
-9443
-9435
-9435
-9434
-9428
-9434
-9443
-9445
-9449
-9459
-9460
-9460
-9462
-9455
-9453
-9440
-9431
-9426
-9418
-9419
-9414
-9411
-9416
-9422
-9425
-9424
-9427
-9435
-9430
-9429
-9425
-9420
-9421
-9415
-9411
-9416
-9421
-9429
-9435
-9440
-9448
-9456
-9459
-9455
-9449
-9442
-9435
-9425
-9416
-9410
-9400
-9391
-9389
-9386
-9385
-9391
-9399
-9407
-9408
-9403
-9401
-9397
-9391
-9378
-9373
-9373
-9364
-9370
-9379
-9384
-9396
-9417
-9432
-9435
-9433
-9427
-9420
-9413
-9413
-9413
-9409
-9406
-9406
-9402
-9407
-9413
-9413
-9417
-9417
-9416
-9416
-9413
-9402
-9391
-9383
-9377
-9371
-9371
-9369
-9369
-9380
-9395
-9408
-9421
-9430
-9433
-9434
-9433
-9427
-9417
-9411
-9403
-9393
-9388
-9388
-9394
-9402
-9409
-9416
-9419
-9422
-9424
-9423
-9422
-9424
-9420
-9408
-9401
-9397
-9395
-9404
-9416
-9419
-9421
-9430
-9442
-9444
-9450
-9452
-9447
-9444
-9435
-9425
-9414
-9411
-9413
-9416
-9419
-9424
-9425
-9429
-9432
-9437
-9439
-9444
-9443
-9436
-9436
-9424
-9411
-9402
-9404
-9403
-9406
-9411
-9418
-9425
-9432
-9436
-9438
-9438
-9432
-9428
-9421
-9419
-9409
-9416
-9429
-9433
-9431
-9429
-9435
-9441
-9448
-9451
-9445
-9436
-9434
-9436
-9432
-9420
-9412
-9406
-9409
-9414
-9417
-9417
-9417
-9423
-9435
-9443
-9441
-9437
-9431
-9422
-9417
-9416
-9417
-9419
-9417
-9413
-9412
-9410
-9411
-9420
-9432
-9437
-9433
-9432
-9428
-9425
-9416
-9407
-9407
-9407
-9410
-9415
-9418
-9422
-9426
-9434
-9437
-9436
-9429
-9420
-9413
-9405
-9403
-9400
-9397
-9395
-9395
-9402
-9410
-9418
-9430
-9439
-9440
-9432
-9426
-9423
-9418
-9414
-9407
-9405
-9399
-9390
-9395
-9403
-9407
-9407
-9411
-9419
-9425
-9434
-9436
-9434
-9425
-9415
-9410
-9403
-9393
-9383
-9382
-9394
-9402
-9404
-9415
-9425
-9430
-9430
-9427
-9421
-9412
-9400
-9393
-9395
-9406
-9408
-9402
-9398
-9399
-9402
-9397
-9398
-9399
-9403
-9396
-9382
-9374
-9374
-9379
-9381
-9381
-9389
-9401
-9408
-9411
-9410
-9415
-9425
-9426
-9424
-9422
-9408
-9400
-9400
-9402
-9403
-9397
-9393
-9400
-9407
-9416
-9427
-9431
-9428
-9430
-9430
-9422
-9416
-9412
-9409
-9407
-9395
-9387
-9396
-9406
-9409
-9410
-9418
-9419
-9419
-9418
-9411
-9409
-9405
-9402
-9396
-9387
-9385
-9389
-9397
-9408
-9425
-9433
-9433
-9435
-9435
-9435
-9430
-9428
-9421
-9420
-9419
-9413
-9406
-9404
-9409
-9413
-9421
-9427
-9431
-9432
-9434
-9434
-9433
-9433
-9432
-9432
-9433
-9433
-9434
-9430
-9430
-9430
-9435
-9440
-9432
-9429
-9430
-9428
-9423
-9415
-9410
-9403
-9394
-9388
-9386
-9385
-9386
-9393
-9407
-9413
-9418
-9424
-9429
-9433
-9430
-9433
-9428
-9426
-9426
-9432
-9438
-9438
-9439
-9443
-9445
-9445
-9447
-9446
-9447
-9441
-9434
-9432
-9422
-9419
-9415
-9414
-9412
-9404
-9405
-9406
-9414
-9416
-9416
-9412
-9403
-9400
-9395
-9388
-9388
-9389
-9392
-9397
-9403
-9420
-9430
-9435
-9442
-9453
-9460
-9464
-9463
-9454
-9447
-9443
-9438
-9431
-9421
-9414
-9417
-9421
-9427
-9428
-9428
-9426
-9425
-9425
-9425
-9426
-9420
-9416
-9414
-9409
-9404
-9404
-9406
-9416
-9423
-9426
-9431
-9438
-9447
-9449
-9443
-9438
-9431
-9428
-9430
-9430
-9430
-9430
-9438
-9453
-9462
-9462
-9459
-9454
-9455
-9445
-9441
-9437
-9429
-9422
-9416
-9413
-9406
-9411
-9413
-9417
-9423
-9433
-9441
-9446
-9446
-9450
-9450
-9441
-9443
-9442
-9437
-9433
-9430
-9430
-9439
-9439
-9434
-9438
-9445
-9447
-9448
-9450
-9446
-9434
-9426
-9423
-9418
-9418
-9416
-9412
-9412
-9415
-9422
-9425
-9432
-9441
-9437
-9433
-9431
-9422
-9416
-9415
-9408
-9400
-9395
-9400
-9408
-9416
-9421
-9421
-9422
-9426
-9429
-9426
-9419
-9412
-9410
-9406
-9399
-9397
-9400
-9401
-9406
-9416
-9423
-9425
-9418
-9425
-9426
-9423
-9421
-9416
-9413
-9404
-9400
-9408
-9422
-9431
-9430
-9429
-9429
-9429
-9428
-9429
-9425
-9412
-9405
-9397
-9386
-9375
-9379
-9384
-9385
-9394
-9405
-9414
-9413
-9412
-9412
-9418
-9422
-9421
-9416
-9415
-9422
-9425
-9428
-9431
-9430
-9430
-9435
-9438
-9435
-9433
-9430
-9428
-9425
-9421
-9413
-9406
-9401
-9391
-9389
-9393
-9396
-9400
-9404
-9404
-9399
-9388
-9387
-9389
-9379
-9369
-9367
-9365
-9360
-9367
-9373
-9378
-9386
-9395
-9405
-9411
-9415
-9420
-9425
-9423
-9418
-9411
-9406
-9397
-9396
-9399
-9397
-9395
-9391
-9396
-9403
-9408
-9411
-9413
-9412
-9408
-9406
-9403
-9393
-9392
-9395
-9392
-9392
-9389
-9397
-9407
-9414
-9422
-9424
-9422
-9416
-9410
-9408
-9409
-9402
-9397
-9396
-9396
-9396
-9398
-9403
-9408
-9412
-9414
-9416
-9415
-9409
-9408
-9409
-9406
-9401
-9397
-9397
-9399
-9404
-9404
-9411
-9418
-9423
-9432
-9439
-9438
-9435
-9432
-9429
-9430
-9423
-9421
-9421
-9425
-9428
-9428
-9425
-9421
-9425
-9428
-9425
-9419
-9414
-9414
-9416
-9407
-9405
-9407
-9405
-9402
-9406
-9411
-9406
-9405
-9407
-9410
-9412
-9410
-9410
-9411
-9410
-9408
-9403
-9407
-9401
-9402
-9408
-9413
-9421
-9424
-9429
-9429
-9424
-9417
-9418
-9415
-9410
-9412
-9413
-9413
-9414
-9417
-9426
-9433
-9441
-9448
-9453
-9458
-9453
-9447
-9441
-9433
-9425
-9420
-9415
-9411
-9409
-9412
-9413
-9419
-9421
-9427
-9435
-9432
-9429
-9426
-9425
-9414
-9411
-9411
-9406
-9401
-9402
-9407
-9413
-9418
-9428
-9435
-9439
-9447
-9451
-9450
-9444
-9439
-9433
-9431
-9427
-9420
-9417
-9418
-9417
-9418
-9421
-9424
-9429
-9433
-9437
-9438
-9438
-9434
-9434
-9434
-9426
-9426
-9428
-9434
-9442
-9445
-9454
-9462
-9470
-9476
-9477
-9473
-9466
-9458
-9444
-9431
-9426
-9427
-9428
-9431
-9434
-9437
-9438
-9434
-9428
-9422
-9415
-9411
-9408
-9407
-9404
-9402
-9398
-9400
-9410
-9418
-9428
-9435
-9442
-9443
-9445
-9445
-9448
-9447
-9443
-9445
-9443
-9443
-9447
-9445
-9440
-9434
-9432
-9429
-9423
-9418
-9415
-9419
-9417
-9414
-9409
-9406
-9408
-9409
-9410
-9414
-9421
-9430
-9431
-9430
-9430
-9426
-9423
-9418
-9414
-9412
-9414
-9417
-9418
-9417
-9420
-9425
-9433
-9438
-9441
-9439
-9429
-9422
-9412
-9401
-9393
-9390
-9387
-9383
-9389
-9386
-9383
-9390
-9390
-9398
-9408
-9419
-9422
-9418
-9420
-9414
-9412
-9410
-9408
-9407
-9403
-9403
-9401
-9400
-9412
-9418
-9419
-9420
-9425
-9423
-9413
-9408
-9402
-9399
-9397
-9400
-9399
-9397
-9389
-9389
-9392
-9403
-9407
-9412
-9420
-9419
-9424
-9420
-9417
-9406
-9402
-9407
-9407
-9405
-9408
-9414
-9417
-9417
-9420
-9427
-9424
-9423
-9427
-9425
-9420
-9415
-9416
-9413
-9412
-9417
-9418
-9424
-9430
-9437
-9448
-9455
-9460
-9467
-9467
-9459
-9452
-9447
-9445
-9440
-9435
-9431
-9429
-9432
-9438
-9445
-9449
-9452
-9458
-9461
-9451
-9442
-9434
-9428
-9426
-9424
-9420
-9418
-9413
-9415
-9422
-9424
-9426
-9429
-9434
-9437
-9438
-9437
-9437
-9432
-9428
-9427
-9423
-9418
-9418
-9423
-9424
-9425
-9435
-9443
-9437
-9427
-9427
-9425
-9418
-9416
-9411
-9402
-9395
-9400
-9405
-9409
-9413
-9414
-9418
-9422
-9428
-9428
-9424
-9419
-9417
-9418
-9417
-9416
-9419
-9419
-9419
-9419
-9417
-9418
-9415
-9409
-9404
-9400
-9395
-9398
-9400
-9397
-9399
-9401
-9400
-9401
-9405
-9408
-9412
-9411
-9417
-9426
-9426
-9425
-9423
-9419
-9413
-9415
-9413
-9409
-9409
-9408
-9418
-9425
-9426
-9430
-9427
-9417
-9412
-9416
-9417
-9417
-9417
-9420
-9419
-9411
-9411
-9415
-9422
-9419
-9418
-9422
-9428
-9430
-9429
-9425
-9414
-9412
-9409
-9402
-9397
-9398
-9403
-9409
-9419
-9427
-9426
-9414
-9404
-9407
-9414
-9422
-9417
-9408
-9406
-9407
-9411
-9410
-9414
-9420
-9417
-9417
-9421
-9424
-9427
-9428
-9422
-9412
-9407
-9408
-9406
-9406
-9404
-9405
-9410
-9412
-9423
-9428
-9430
-9426
-9422
-9418
-9412
-9408
-9398
-9396
-9398
-9397
-9392
-9389
-9389
-9389
-9395
-9401
-9405
-9405
-9404
-9404
-9402
-9398
-9397
-9395
-9398
-9404
-9408
-9411
-9410
-9419
-9425
-9424
-9418
-9412
-9411
-9412
-9410
-9404
-9400
-9395
-9397
-9397
-9397
-9402
-9410
-9416
-9417
-9416
-9415
-9413
-9411
-9410
-9408
-9412
-9413
-9410
-9404
-9399
-9395
-9395
-9400
-9409
-9410
-9409
-9409
-9410
-9413
-9410
-9401
-9393
-9395
-9398
-9397
-9398
-9404
-9406
-9413
-9417
-9420
-9421
-9417
-9417
-9411
-9408
-9406
-9409
-9407
-9401
-9404
-9405
-9407
-9410
-9406
-9406
-9408
-9411
-9416
-9416
-9412
-9410
-9406
-9405
-9401
-9398
-9403
-9406
-9409
-9410
-9414
-9415
-9414
