01241726.PTO
COBZ
2012/01/24 17:26:20.7000
100.0000 m/s  
9283 muestras
-7918
-7917
-7944
-7958
-7967
-7978
-7984
-7991
-7991
-8003
-8019
-8020
-8019
-8013
-8016
-8021
-8032
-8041
-8044
-8054
-8042
-8041
-8058
-8066
-8075
-8074
-8078
-8076
-8074
-8083
-8078
-8084
-8088
-8086
-8084
-8088
-8095
-8103
-8109
-8112
-8113
-8120
-8121
-8106
-8088
-8079
-8078
-8077
-8087
-8088
-8097
-8102
-8104
-8103
-8095
-8096
-8096
-8093
-8089
-8088
-8086
-8086
-8095
-8102
-8107
-8119
-8118
-8118
-8112
-8110
-8112
-8106
-8100
-8100
-8098
-8107
-8116
-8121
-8124
-8113
-8118
-8106
-8088
-8071
-8062
-8054
-8051
-8059
-8052
-8042
-8042
-8041
-8029
-8028
-8022
-8011
-8005
-8008
-7992
-7976
-7982
-7980
-7985
-7990
-7982
-7972
-7975
-7977
-7984
-7990
-7985
-7984
-7990
-7991
-7977
-7970
-7973
-7973
-7960
-7954
-7962
-7961
-7961
-7958
-7955
-7952
-7934
-7926
-7925
-7919
-7922
-7920
-7916
-7914
-7914
-7906
-7894
-7889
-7877
-7857
-7840
-7837
-7834
-7840
-7847
-7849
-7856
-7858
-7853
-7851
-7847
-7830
-7821
-7817
-7801
-7784
-7770
-7768
-7763
-7755
-7763
-7766
-7773
-7778
-7784
-7781
-7781
-7784
-7770
-7759
-7748
-7735
-7731
-7730
-7729
-7726
-7702
-7693
-7684
-7665
-7657
-7654
-7651
-7645
-7655
-7649
-7636
-7626
-7612
-7607
-7623
-7628
-7632
-7631
-7627
-7612
-7604
-7609
-7611
-7617
-7608
-7605
-7587
-7577
-7566
-7553
-7548
-7538
-7536
-7534
-7525
-7522
-7512
-7502
-7500
-7491
-7494
-7480
-7472
-7467
-7457
-7433
-7413
-7400
-7389
-7382
-7378
-7384
-7385
-7382
-7376
-7372
-7354
-7346
-7341
-7342
-7357
-7363
-7363
-7371
-7379
-7393
-7411
-7411
-7402
-7385
-7365
-7362
-7354
-7351
-7344
-7329
-7323
-7313
-7311
-7315
-7317
-7309
-7297
-7297
-7298
-7295
-7293
-7291
-7288
-7284
-7277
-7273
-7272
-7269
-7271
-7275
-7274
-7272
-7263
-7251
-7244
-7241
-7240
-7239
-7233
-7219
-7209
-7203
-7199
-7204
-7218
-7220
-7225
-7236
-7234
-7238
-7253
-7252
-7254
-7255
-7248
-7241
-7237
-7235
-7220
-7218
-7218
-7218
-7206
-7198
-7186
-7172
-7162
-7152
-7157
-7151
-7156
-7164
-7167
-7169
-7161
-7152
-7144
-7137
-7127
-7122
-7116
-7112
-7114
-7109
-7116
-7116
-7110
-7114
-7122
-7132
-7135
-7130
-7124
-7136
-7142
-7144
-7143
-7137
-7136
-7134
-7134
-7129
-7133
-7137
-7142
-7152
-7166
-7179
-7178
-7183
-7184
-7182
-7178
-7173
-7178
-7180
-7178
-7183
-7176
-7171
-7172
-7161
-7165
-7174
-7177
-7181
-7187
-7195
-7214
-7229
-7238
-7241
-7241
-7233
-7206
-7192
-7194
-7204
-7202
-7195
-7199
-7197
-7203
-7211
-7214
-7223
-7230
-7240
-7246
-7249
-7255
-7265
-7275
-7280
-7287
-7297
-7310
-7316
-7319
-7315
-7314
-7315
-7325
-7339
-7349
-7349
-7343
-7345
-7348
-7362
-7365
-7369
-7384
-7382
-7366
-7357
-7343
-7338
-7328
-7322
-7322
-7314
-7317
-7316
-7318
-7319
-7315
-7316
-7317
-7318
-7330
-7323
-7311
-7316
-7317
-7338
-7356
-7364
-7356
-7348
-7342
-7329
-7332
-7325
-7327
-7321
-7313
-7314
-7294
-7283
-7274
-7257
-7256
-7268
-7278
-7280
-7274
-7268
-7252
-7235
-7217
-7210
-7210
-7214
-7220
-7216
-7225
-7218
-7209
-7207
-7195
-7189
-7181
-7180
-7178
-7162
-7152
-7156
-7153
-7132
-7122
-7126
-7122
-7124
-7117
-7104
-7092
-7081
-7068
-7059
-7076
-7084
-7092
-7086
-7074
-7054
-7043
-7038
-7024
-7021
-7010
-7012
-7002
-6998
-6991
-6980
-6988
-6993
-6987
-6977
-6970
-6963
-6960
-6953
-6946
-6945
-6942
-6939
-6938
-6934
-6933
-6932
-6921
-6909
-6906
-6906
-6907
-6896
-6897
-6896
-6892
-6892
-6897
-6911
-6917
-6923
-6924
-6919
-6913
-6916
-6916
-6920
-6919
-6918
-6921
-6923
-6917
-6912
-6902
-6895
-6901
-6908
-6908
-6908
-6925
-6936
-6947
-6946
-6943
-6950
-6952
-6951
-6950
-6950
-6954
-6955
-6958
-6956
-6958
-6966
-6963
-6956
-6946
-6940
-6932
-6926
-6927
-6923
-6926
-6921
-6907
-6910
-6920
-6931
-6936
-6945
-6942
-6944
-6944
-6940
-6943
-6943
-6931
-6927
-6932
-6934
-6954
-6957
-6962
-6969
-6975
-6977
-6979
-6975
-6967
-6959
-6948
-6942
-6931
-6937
-6945
-6947
-6947
-6954
-6951
-6955
-6964
-6951
-6942
-6936
-6932
-6924
-6927
-6930
-6916
-6920
-6923
-6912
-6907
-6904
-6911
-6909
-6910
-6915
-6915
-6917
-6907
-6894
-6896
-6903
-6901
-6909
-6914
-6911
-6909
-6909
-6916
-6923
-6913
-6908
-6906
-6902
-6896
-6894
-6888
-6871
-6864
-6851
-6849
-6854
-6851
-6862
-6870
-6876
-6880
-6885
-6890
-6888
-6895
-6893
-6882
-6871
-6860
-6851
-6849
-6854
-6869
-6879
-6880
-6874
-6868
-6854
-6828
-6823
-6835
-6840
-6845
-6850
-6857
-6859
-6851
-6852
-6851
-6858
-6856
-6845
-6844
-6838
-6826
-6823
-6817
-6816
-6832
-6846
-6846
-6837
-6834
-6814
-6796
-6797
-6802
-6801
-6797
-6798
-6801
-6801
-6797
-6802
-6811
-6820
-6819
-6820
-6818
-6809
-6803
-6801
-6800
-6799
-6792
-6777
-6765
-6760
-6752
-6745
-6738
-6733
-6744
-6757
-6757
-6745
-6744
-6745
-6750
-6762
-6770
-6779
-6778
-6778
-6774
-6760
-6758
-6756
-6754
-6755
-6754
-6757
-6766
-6772
-6773
-6776
-6781
-6783
-6784
-6788
-6784
-6781
-6777
-6780
-6783
-6783
-6786
-6789
-6784
-6783
-6797
-6794
-6796
-6810
-6813
-6810
-6807
-6816
-6810
-6808
-6819
-6814
-6816
-6814
-6805
-6809
-6813
-6815
-6813
-6812
-6810
-6809
-6812
-6812
-6813
-6818
-6830
-6844
-6857
-6864
-6870
-6872
-6877
-6881
-6883
-6883
-6879
-6876
-6874
-6876
-6879
-6890
-6890
-6895
-6898
-6894
-6890
-6889
-6891
-6895
-6907
-6921
-6928
-6939
-6938
-6928
-6922
-6915
-6903
-6900
-6907
-6901
-6909
-6905
-6898
-6890
-6889
-6896
-6910
-6916
-6928
-6933
-6938
-6951
-6964
-6979
-6976
-6978
-6971
-6970
-6978
-6993
-6999
-7000
-6999
-6993
-6986
-6981
-6977
-6975
-6984
-6985
-6982
-6976
-6968
-6961
-6962
-6966
-6960
-6953
-6960
-6971
-6967
-6968
-6974
-6968
-6964
-6954
-6956
-6959
-6964
-6976
-6982
-6991
-7011
-7021
-7019
-7023
-7020
-7014
-7009
-7008
-7003
-7009
-7014
-7027
-7034
-7037
-7036
-7028
-7030
-7022
-7022
-7028
-7032
-7041
-7053
-7062
-7064
-7060
-7067
-7060
-7057
-7059
-7062
-7067
-7058
-7049
-7040
-7030
-7013
-7014
-7010
-7008
-7025
-7030
-7040
-7047
-7046
-7041
-7036
-7035
-7036
-7035
-7048
-7065
-7074
-7084
-7084
-7076
-7066
-7070
-7080
-7085
-7096
-7102
-7103
-7105
-7106
-7106
-7105
-7106
-7099
-7085
-7071
-7064
-7067
-7073
-7083
-7082
-7074
-7076
-7075
-7069
-7079
-7088
-7082
-7077
-7074
-7080
-7080
-7074
-7068
-7060
-7064
-7063
-7066
-7072
-7074
-7077
-7070
-7059
-7054
-7044
-7049
-7062
-7081
-7094
-7100
-7112
-7112
-7121
-7123
-7127
-7133
-7137
-7142
-7142
-7149
-7151
-7148
-7151
-7149
-7149
-7148
-7157
-7166
-7158
-7145
-7121
-7131
-7158
-7203
-7240
-7267
-7294
-7314
-7330
-7324
-7289
-7251
-7226
-7217
-7207
-7189
-7177
-7148
-7130
-7100
-7073
-7029
-6982
-6959
-6946
-6949
-6957
-6960
-6972
-6998
-7033
-7080
-7131
-7195
-7210
-7186
-7131
-7110
-7136
-7168
-7193
-7193
-7192
-7191
-7187
-7178
-7175
-7157
-7139
-7147
-7147
-7136
-7122
-7088
-7055
-7015
-7020
-7108
-7221
-7277
-7239
-7156
-7107
-7112
-7152
-7189
-7188
-7183
-7194
-7217
-7212
-7159
-7094
-7057
-7035
-7000
-6956
-6923
-6923
-6949
-6947
-6901
-6838
-6772
-6718
-6677
-6652
-6671
-6777
-6931
-7091
-7229
-7359
-7512
-7647
-7710
-7717
-7745
-7835
-7952
-8036
-8078
-8101
-8122
-8080
-7956
-7795
-7658
-7573
-7494
-7367
-7178
-6990
-6835
-6685
-6533
-6401
-6308
-6249
-6197
-6127
-6040
-5981
-6011
-6099
-6196
-6300
-6428
-6601
-6770
-6915
-7037
-7177
-7370
-7598
-7811
-7929
-7979
-8026
-8069
-8073
-7980
-7832
-7725
-7671
-7617
-7485
-7282
-7025
-6766
-6534
-6341
-6214
-6120
-6072
-6060
-6061
-6093
-6168
-6256
-6311
-6336
-6334
-6359
-6478
-6629
-6775
-6927
-7075
-7214
-7365
-7461
-7488
-7518
-7563
-7608
-7653
-7624
-7527
-7423
-7307
-7209
-7137
-7121
-7109
-7107
-7185
-7234
-7129
-6976
-6884
-6835
-6781
-6730
-6716
-6680
-6645
-6687
-6772
-6845
-6897
-6881
-6898
-6979
-7013
-7029
-7052
-7052
-7111
-7300
-7451
-7348
-7086
-6896
-6843
-6906
-7072
-7305
-7467
-7515
-7457
-7301
-7123
-6923
-6717
-6530
-6437
-6476
-6589
-6736
-6874
-6994
-7081
-7112
-7083
-6977
-6903
-6986
-7110
-7147
-7147
-7208
-7308
-7409
-7531
-7582
-7524
-7437
-7439
-7540
-7612
-7677
-7806
-7970
-8042
-7933
-7764
-7643
-7628
-7697
-7700
-7538
-7288
-7091
-7002
-6993
-6952
-6867
-6814
-6786
-6734
-6661
-6550
-6433
-6438
-6671
-7002
-7209
-7273
-7241
-7235
-7313
-7414
-7492
-7558
-7665
-7864
-8131
-8294
-8267
-8140
-7993
-7878
-7842
-7857
-7853
-7807
-7769
-7736
-7684
-7552
-7327
-7121
-7010
-6959
-6890
-6791
-6724
-6719
-6759
-6808
-6849
-6912
-7004
-7134
-7277
-7366
-7397
-7483
-7676
-7852
-7854
-7702
-7595
-7632
-7793
-7971
-8041
-8033
-7989
-7969
-8023
-8041
-7900
-7592
-7256
-7014
-6955
-7025
-7135
-7248
-7306
-7305
-7252
-7254
-7313
-7349
-7370
-7399
-7445
-7556
-7667
-7731
-7765
-7775
-7801
-7889
-8001
-8086
-8111
-8074
-8044
-8015
-7960
-7819
-7643
-7511
-7468
-7502
-7522
-7457
-7336
-7245
-7195
-7192
-7224
-7295
-7387
-7463
-7489
-7462
-7470
-7518
-7552
-7556
-7556
-7612
-7665
-7692
-7767
-7873
-7999
-8112
-8229
-8327
-8294
-8127
-7843
-7633
-7610
-7618
-7579
-7546
-7537
-7524
-7538
-7590
-7583
-7495
-7404
-7380
-7430
-7434
-7388
-7365
-7390
-7435
-7473
-7538
-7580
-7573
-7566
-7588
-7667
-7792
-7939
-8051
-8104
-8082
-7979
-7896
-7907
-8000
-8034
-7941
-7850
-7794
-7714
-7610
-7539
-7536
-7550
-7587
-7591
-7534
-7454
-7325
-7220
-7222
-7314
-7458
-7565
-7636
-7672
-7675
-7660
-7606
-7552
-7512
-7534
-7613
-7673
-7709
-7728
-7720
-7704
-7728
-7816
-7911
-7958
-7899
-7725
-7543
-7446
-7429
-7465
-7535
-7575
-7547
-7483
-7401
-7330
-7292
-7250
-7216
-7229
-7309
-7387
-7410
-7447
-7514
-7593
-7689
-7773
-7791
-7747
-7703
-7692
-7707
-7736
-7732
-7706
-7725
-7775
-7792
-7777
-7713
-7570
-7401
-7274
-7250
-7284
-7297
-7254
-7200
-7207
-7242
-7256
-7251
-7256
-7267
-7257
-7241
-7318
-7456
-7562
-7621
-7667
-7746
-7791
-7795
-7787
-7798
-7843
-7885
-7916
-7926
-7873
-7766
-7688
-7678
-7695
-7699
-7651
-7503
-7335
-7185
-7059
-7010
-7022
-7075
-7123
-7157
-7156
-7105
-7042
-6987
-6977
-7029
-7152
-7326
-7509
-7655
-7725
-7746
-7749
-7750
-7750
-7753
-7750
-7748
-7758
-7774
-7760
-7708
-7665
-7650
-7698
-7720
-7649
-7510
-7356
-7236
-7172
-7203
-7276
-7326
-7338
-7311
-7257
-7204
-7155
-7138
-7187
-7240
-7254
-7286
-7367
-7466
-7526
-7535
-7562
-7630
-7696
-7678
-7609
-7568
-7550
-7543
-7567
-7630
-7661
-7638
-7594
-7563
-7568
-7566
-7498
-7436
-7424
-7422
-7392
-7368
-7397
-7424
-7426
-7416
-7399
-7365
-7325
-7278
-7252
-7252
-7268
-7323
-7385
-7411
-7391
-7334
-7274
-7229
-7197
-7213
-7248
-7296
-7328
-7333
-7331
-7346
-7364
-7382
-7421
-7451
-7469
-7462
-7437
-7414
-7428
-7454
-7504
-7548
-7583
-7593
-7546
-7469
-7374
-7304
-7265
-7251
-7262
-7282
-7254
-7216
-7154
-7063
-7006
-7014
-7054
-7047
-7031
-7020
-7006
-6977
-6955
-7003
-7107
-7211
-7254
-7253
-7240
-7225
-7213
-7235
-7305
-7380
-7418
-7419
-7453
-7513
-7539
-7484
-7410
-7347
-7282
-7223
-7179
-7147
-7138
-7132
-7096
-7069
-7041
-7016
-6966
-6926
-6878
-6816
-6784
-6807
-6868
-6945
-7026
-7087
-7138
-7173
-7182
-7165
-7172
-7202
-7236
-7265
-7288
-7310
-7344
-7368
-7389
-7392
-7341
-7256
-7163
-7101
-7057
-7043
-7071
-7107
-7101
-7027
-6917
-6817
-6764
-6753
-6747
-6738
-6760
-6815
-6878
-6908
-6936
-6992
-7075
-7175
-7219
-7212
-7152
-7075
-7050
-7070
-7134
-7204
-7237
-7246
-7236
-7221
-7178
-7108
-7035
-6993
-7003
-7015
-7023
-7025
-7018
-6965
-6887
-6862
-6892
-6930
-6932
-6913
-6909
-6915
-6942
-6994
-7070
-7145
-7187
-7211
-7226
-7204
-7139
-7072
-7040
-7040
-7072
-7104
-7102
-7121
-7127
-7107
-7069
-7042
-6997
-6923
-6862
-6842
-6852
-6846
-6848
-6847
-6852
-6851
-6865
-6895
-6926
-6922
-6882
-6857
-6898
-6985
-7039
-7053
-7041
-7027
-7031
-7065
-7108
-7123
-7098
-7059
-7037
-7045
-7065
-7097
-7103
-7089
-7084
-7046
-6979
-6886
-6807
-6777
-6805
-6876
-6950
-6996
-6995
-6982
-6960
-6944
-6968
-6988
-6985
-6941
-6890
-6906
-6948
-6998
-7046
-7079
-7121
-7151
-7151
-7143
-7092
-7029
-6998
-7006
-7072
-7122
-7135
-7146
-7160
-7135
-7077
-7027
-6997
-6965
-6941
-6971
-7027
-7052
-7041
-7025
-7010
-7022
-7040
-7054
-7060
-7029
-6972
-6924
-6944
-7019
-7086
-7109
-7092
-7074
-7052
-7014
-6968
-6908
-6866
-6844
-6852
-6926
-7000
-7043
-7043
-7032
-7034
-7035
-7021
-6993
-6976
-6953
-6963
-7018
-7089
-7154
-7183
-7166
-7138
-7117
-7126
-7124
-7112
-7119
-7121
-7149
-7176
-7188
-7159
-7119
-7109
-7107
-7100
-7059
-6991
-6933
-6906
-6918
-6958
-7023
-7073
-7064
-7037
-6989
-6942
-6913
-6888
-6903
-6939
-6991
-7050
-7105
-7141
-7145
-7136
-7127
-7130
-7145
-7152
-7144
-7123
-7095
-7098
-7120
-7149
-7154
-7157
-7168
-7176
-7149
-7087
-7039
-6995
-6979
-7005
-7058
-7102
-7107
-7047
-6975
-6936
-6937
-6958
-6972
-6988
-6992
-6997
-6999
-7027
-7094
-7132
-7127
-7100
-7077
-7046
-7001
-6966
-6953
-6986
-7038
-7081
-7111
-7118
-7099
-7060
-7036
-7005
-6940
-6880
-6850
-6850
-6894
-6943
-6972
-6998
-7003
-6998
-6986
-6965
-6929
-6907
-6905
-6917
-6945
-6981
-7008
-7021
-7034
-7014
-6968
-6956
-6970
-6988
-6991
-6972
-6970
-6982
-7008
-7026
-7019
-7015
-7012
-6985
-6942
-6887
-6842
-6839
-6890
-6947
-6995
-7046
-7062
-7033
-6960
-6888
-6832
-6790
-6771
-6798
-6857
-6900
-6916
-6934
-6967
-6977
-6961
-6930
-6918
-6911
-6878
-6835
-6823
-6848
-6876
-6914
-6950
-6968
-6955
-6914
-6853
-6810
-6790
-6792
-6839
-6903
-6948
-6943
-6916
-6884
-6856
-6846
-6837
-6824
-6834
-6846
-6850
-6873
-6918
-6956
-6974
-6974
-6962
-6913
-6851
-6815
-6792
-6794
-6805
-6823
-6837
-6857
-6870
-6873
-6875
-6866
-6843
-6808
-6779
-6777
-6811
-6852
-6886
-6901
-6898
-6903
-6933
-6952
-6954
-6925
-6888
-6875
-6883
-6916
-6941
-6953
-6944
-6920
-6881
-6843
-6823
-6799
-6782
-6789
-6801
-6781
-6757
-6757
-6767
-6783
-6801
-6828
-6846
-6821
-6771
-6755
-6767
-6811
-6892
-6976
-7042
-7063
-7047
-7022
-7008
-6981
-6950
-6926
-6927
-6946
-6961
-6946
-6925
-6916
-6900
-6909
-6928
-6932
-6910
-6876
-6844
-6826
-6828
-6851
-6883
-6927
-6969
-6977
-6968
-6959
-6956
-6939
-6934
-6974
-7048
-7125
-7169
-7174
-7169
-7172
-7157
-7136
-7113
-7068
-7018
-6992
-7008
-7048
-7077
-7073
-7061
-7052
-7040
-7023
-7001
-6976
-6946
-6934
-6943
-6975
-7031
-7089
-7131
-7160
-7176
-7178
-7178
-7172
-7154
-7135
-7132
-7148
-7187
-7226
-7241
-7241
-7232
-7207
-7167
-7124
-7093
-7087
-7125
-7182
-7227
-7233
-7199
-7173
-7147
-7153
-7188
-7221
-7237
-7232
-7228
-7246
-7295
-7345
-7399
-7445
-7449
-7420
-7373
-7322
-7272
-7217
-7181
-7199
-7267
-7329
-7363
-7347
-7313
-7295
-7290
-7283
-7269
-7252
-7230
-7231
-7247
-7291
-7331
-7343
-7337
-7353
-7396
-7422
-7420
-7397
-7382
-7384
-7400
-7439
-7487
-7504
-7485
-7434
-7378
-7331
-7304
-7300
-7301
-7313
-7346
-7378
-7405
-7420
-7399
-7374
-7367
-7368
-7367
-7361
-7352
-7361
-7383
-7443
-7512
-7547
-7564
-7555
-7557
-7557
-7559
-7552
-7539
-7532
-7519
-7525
-7536
-7544
-7540
-7527
-7513
-7507
-7505
-7497
-7470
-7441
-7421
-7437
-7489
-7552
-7588
-7566
-7531
-7496
-7497
-7513
-7533
-7574
-7606
-7634
-7654
-7681
-7692
-7674
-7674
-7678
-7681
-7671
-7635
-7607
-7600
-7602
-7610
-7625
-7651
-7662
-7642
-7612
-7582
-7561
-7534
-7504
-7492
-7512
-7563
-7612
-7653
-7677
-7671
-7649
-7635
-7655
-7681
-7686
-7669
-7658
-7656
-7654
-7651
-7661
-7668
-7668
-7654
-7625
-7607
-7579
-7574
-7591
-7631
-7660
-7682
-7686
-7659
-7604
-7548
-7507
-7474
-7469
-7459
-7457
-7461
-7497
-7536
-7584
-7622
-7609
-7579
-7546
-7527
-7522
-7535
-7551
-7572
-7595
-7629
-7659
-7674
-7678
-7674
-7660
-7649
-7643
-7643
-7644
-7645
-7649
-7647
-7643
-7653
-7665
-7651
-7611
-7564
-7528
-7496
-7468
-7466
-7487
-7523
-7548
-7549
-7521
-7481
-7440
-7417
-7444
-7486
-7527
-7565
-7600
-7621
-7638
-7651
-7664
-7669
-7684
-7678
-7645
-7620
-7611
-7608
-7608
-7630
-7666
-7696
-7706
-7701
-7680
-7643
-7574
-7529
-7511
-7517
-7517
-7504
-7510
-7507
-7501
-7491
-7491
-7511
-7535
-7548
-7568
-7569
-7565
-7580
-7601
-7629
-7659
-7682
-7682
-7665
-7644
-7622
-7617
-7640
-7665
-7690
-7696
-7684
-7663
-7641
-7619
-7594
-7560
-7515
-7487
-7454
-7447
-7477
-7512
-7559
-7599
-7607
-7584
-7559
-7532
-7512
-7502
-7496
-7505
-7516
-7543
-7576
-7602
-7624
-7619
-7617
-7613
-7594
-7565
-7533
-7521
-7509
-7484
-7478
-7476
-7477
-7475
-7462
-7430
-7385
-7335
-7294
-7302
-7344
-7392
-7425
-7441
-7428
-7377
-7309
-7273
-7254
-7254
-7268
-7282
-7306
-7329
-7352
-7361
-7368
-7379
-7375
-7355
-7322
-7274
-7213
-7163
-7141
-7171
-7224
-7255
-7269
-7264
-7253
-7234
-7199
-7164
-7147
-7130
-7135
-7160
-7185
-7201
-7203
-7198
-7191
-7185
-7179
-7183
-7160
-7145
-7147
-7161
-7183
-7198
-7199
-7177
-7141
-7120
-7107
-7099
-7088
-7069
-7071
-7090
-7128
-7162
-7177
-7174
-7158
-7153
-7138
-7112
-7091
-7077
-7076
-7094
-7129
-7171
-7201
-7209
-7201
-7192
-7171
-7147
-7140
-7126
-7102
-7092
-7099
-7129
-7152
-7134
-7108
-7091
-7088
-7096
-7109
-7120
-7096
-7058
-7047
-7067
-7092
-7117
-7126
-7117
-7100
-7075
-7049
-7029
-7057
-7105
-7155
-7189
-7210
-7208
-7188
-7177
-7168
-7168
-7177
-7182
-7161
-7155
-7151
-7153
-7178
-7212
-7228
-7223
-7222
-7221
-7207
-7173
-7127
-7088
-7075
-7108
-7155
-7188
-7196
-7185
-7172
-7154
-7145
-7135
-7116
-7097
-7097
-7103
-7121
-7140
-7147
-7145
-7142
-7144
-7139
-7146
-7147
-7132
-7118
-7135
-7162
-7190
-7211
-7201
-7172
-7141
-7131
-7125
-7116
-7101
-7092
-7098
-7120
-7148
-7169
-7185
-7181
-7162
-7151
-7142
-7122
-7099
-7083
-7098
-7117
-7132
-7167
-7173
-7166
-7138
-7097
-7069
-7050
-7054
-7053
-7041
-7042
-7038
-7027
-7022
-7028
-7021
-7003
-7000
-7001
-6979
-6951
-6935
-6938
-6977
-7022
-7050
-7049
-7028
-6995
-6963
-6950
-6956
-6989
-7022
-7058
-7098
-7123
-7143
-7143
-7115
-7067
-7030
-7009
-7007
-7019
-7013
-7004
-7000
-7013
-7035
-7056
-7060
-7041
-7017
-6991
-6976
-6957
-6949
-6945
-6964
-7012
-7047
-7066
-7056
-7046
-7046
-7052
-7068
-7064
-7069
-7068
-7067
-7083
-7088
-7109
-7127
-7128
-7124
-7106
-7080
-7067
-7073
-7079
-7083
-7102
-7126
-7137
-7137
-7126
-7109
-7081
-7060
-7049
-7048
-7045
-7055
-7092
-7140
-7191
-7217
-7228
-7215
-7179
-7144
-7112
-7096
-7102
-7115
-7142
-7171
-7193
-7205
-7201
-7190
-7174
-7169
-7177
-7196
-7218
-7222
-7204
-7193
-7195
-7215
-7236
-7242
-7233
-7224
-7198
-7161
-7134
-7127
-7136
-7163
-7195
-7216
-7218
-7193
-7170
-7147
-7128
-7117
-7132
-7147
-7174
-7202
-7218
-7218
-7214
-7219
-7214
-7210
-7205
-7202
-7201
-7203
-7215
-7222
-7225
-7244
-7246
-7245
-7234
-7218
-7207
-7198
-7206
-7224
-7249
-7258
-7244
-7239
-7236
-7231
-7233
-7233
-7228
-7212
-7199
-7197
-7221
-7247
-7270
-7282
-7281
-7266
-7249
-7237
-7216
-7198
-7188
-7189
-7213
-7240
-7244
-7250
-7256
-7265
-7259
-7255
-7254
-7233
-7217
-7206
-7205
-7214
-7234
-7263
-7282
-7295
-7294
-7295
-7284
-7261
-7241
-7221
-7226
-7247
-7282
-7300
-7292
-7270
-7252
-7241
-7232
-7233
-7248
-7266
-7272
-7273
-7267
-7271
-7271
-7277
-7287
-7290
-7280
-7247
-7216
-7204
-7206
-7234
-7278
-7306
-7322
-7320
-7297
-7272
-7257
-7253
-7239
-7230
-7225
-7233
-7258
-7284
-7304
-7314
-7317
-7313
-7311
-7295
-7274
-7246
-7224
-7203
-7188
-7182
-7187
-7196
-7203
-7214
-7225
-7231
-7226
-7238
-7238
-7230
-7231
-7228
-7240
-7253
-7249
-7253
-7247
-7239
-7226
-7223
-7226
-7233
-7250
-7265
-7285
-7287
-7276
-7248
-7218
-7207
-7199
-7179
-7171
-7166
-7162
-7175
-7181
-7199
-7218
-7224
-7224
-7206
-7184
-7159
-7129
-7109
-7107
-7125
-7153
-7196
-7230
-7236
-7213
-7181
-7162
-7155
-7161
-7163
-7171
-7191
-7208
-7215
-7219
-7210
-7187
-7167
-7168
-7172
-7163
-7153
-7145
-7149
-7159
-7173
-7179
-7180
-7166
-7142
-7106
-7075
-7065
-7052
-7064
-7082
-7105
-7146
-7172
-7184
-7168
-7131
-7100
-7070
-7044
-7032
-7022
-7017
-7028
-7047
-7069
-7079
-7080
-7065
-7055
-7055
-7051
-7048
-7036
-7036
-7043
-7061
-7087
-7097
-7099
-7090
-7071
-7056
-7055
-7068
-7076
-7092
-7101
-7104
-7110
-7128
-7132
-7112
-7083
-7053
-7046
-7045
-7051
-7056
-7071
-7099
-7127
-7144
-7144
-7131
-7107
-7089
-7086
-7079
-7071
-7068
-7069
-7080
-7092
-7104
-7108
-7108
-7106
-7103
-7076
-7052
-7037
-7024
-7028
-7034
-7061
-7100
-7121
-7123
-7106
-7078
-7067
-7076
-7095
-7115
-7121
-7115
-7119
-7114
-7114
-7109
-7109
-7115
-7111
-7116
-7112
-7103
-7101
-7112
-7125
-7137
-7140
-7130
-7108
-7079
-7043
-7016
-6997
-7004
-7012
-7020
-7044
-7060
-7068
-7069
-7070
-7057
-7046
-7036
-7031
-7036
-7039
-7040
-7033
-7049
-7089
-7115
-7126
-7118
-7107
-7086
-7079
-7077
-7081
-7092
-7082
-7082
-7084
-7082
-7080
-7083
-7080
-7075
-7071
-7065
-7058
-7055
-7061
-7071
-7088
-7103
-7115
-7100
-7062
-7018
-6989
-6996
-7016
-7040
-7069
-7080
-7078
-7084
-7088
-7077
-7061
-7044
-7046
-7053
-7055
-7056
-7046
-7043
-7046
-7056
-7083
-7113
-7126
-7115
-7087
-7059
-7026
-7012
-7018
-7038
-7072
-7101
-7122
-7125
-7120
-7107
-7086
-7094
-7110
-7130
-7148
-7149
-7152
-7141
-7146
-7146
-7140
-7148
-7142
-7139
-7144
-7152
-7170
-7189
-7204
-7214
-7229
-7246
-7248
-7233
-7207
-7190
-7190
-7199
-7218
-7248
-7267
-7289
-7295
-7291
-7286
-7268
-7262
-7271
-7270
-7272
-7280
-7277
-7286
-7295
-7309
-7314
-7324
-7324
-7316
-7314
-7307
-7303
-7307
-7313
-7313
-7327
-7331
-7333
-7335
-7343
-7349
-7338
-7334
-7323
-7333
-7345
-7365
-7380
-7380
-7378
-7371
-7366
-7350
-7336
-7324
-7316
-7317
-7322
-7338
-7366
-7379
-7390
-7376
-7370
-7366
-7362
-7376
-7376
-7382
-7375
-7378
-7386
-7404
-7424
-7434
-7435
-7435
-7426
-7407
-7378
-7356
-7345
-7356
-7378
-7388
-7382
-7366
-7359
-7358
-7364
-7366
-7375
-7371
-7373
-7375
-7371
-7375
-7396
-7414
-7415
-7403
-7382
-7362
-7350
-7344
-7337
-7352
-7365
-7387
-7398
-7394
-7369
-7345
-7332
-7329
-7328
-7320
-7318
-7321
-7331
-7344
-7364
-7384
-7400
-7404
-7396
-7383
-7367
-7353
-7356
-7358
-7368
-7390
-7410
-7416
-7413
-7395
-7381
-7377
-7370
-7374
-7373
-7374
-7368
-7371
-7381
-7387
-7395
-7388
-7383
-7371
-7366
-7360
-7351
-7356
-7364
-7379
-7404
-7414
-7415
-7406
-7376
-7348
-7323
-7311
-7306
-7311
-7320
-7329
-7336
-7331
-7329
-7330
-7332
-7332
-7337
-7339
-7339
-7322
-7306
-7304
-7315
-7348
-7380
-7395
-7387
-7364
-7343
-7322
-7317
-7310
-7306
-7323
-7335
-7340
-7333
-7323
-7312
-7306
-7305
-7305
-7308
-7305
-7296
-7286
-7283
-7284
-7286
-7289
-7279
-7265
-7244
-7229
-7225
-7220
-7221
-7222
-7231
-7242
-7250
-7260
-7258
-7247
-7234
-7215
-7192
-7182
-7176
-7171
-7187
-7210
-7232
-7237
-7230
-7221
-7206
-7187
-7169
-7161
-7155
-7153
-7147
-7145
-7152
-7158
-7155
-7140
-7121
-7100
-7095
-7100
-7099
-7085
-7067
-7049
-7040
-7047
-7055
-7063
-7054
-7038
-7009
-6984
-6977
-6977
-6989
-6997
-7004
-7008
-6992
-6976
-6957
-6929
-6914
-6909
-6903
-6896
-6893
-6891
-6895
-6893
-6897
-6905
-6911
-6903
-6890
-6882
-6883
-6885
-6887
-6899
-6907
-6919
-6928
-6927
-6917
-6898
-6880
-6862
-6860
-6873
-6885
-6904
-6907
-6907
-6901
-6892
-6873
-6847
-6831
-6818
-6815
-6816
-6834
-6849
-6868
-6874
-6878
-6879
-6878
-6867
-6839
-6831
-6822
-6834
-6850
-6855
-6851
-6856
-6875
-6886
-6883
-6880
-6864
-6851
-6847
-6839
-6838
-6833
-6838
-6848
-6856
-6862
-6866
-6857
-6840
-6833
-6827
-6827
-6838
-6857
-6873
-6870
-6868
-6869
-6870
-6866
-6863
-6865
-6849
-6842
-6841
-6846
-6851
-6848
-6856
-6864
-6871
-6869
-6856
-6845
-6842
-6838
-6835
-6837
-6846
-6863
-6883
-6902
-6905
-6895
-6889
-6889
-6892
-6897
-6908
-6912
-6909
-6905
-6905
-6909
-6923
-6947
-6965
-6970
-6957
-6950
-6940
-6937
-6949
-6969
-6975
-6986
-6990
-6988
-6990
-6981
-6974
-6956
-6957
-6970
-6977
-6993
-7015
-7031
-7036
-7030
-7030
-7017
-7000
-6990
-6974
-6966
-6975
-6999
-7017
-7040
-7046
-7046
-7044
-7029
-7020
-7016
-7008
-7007
-7016
-7030
-7042
-7045
-7062
-7072
-7088
-7092
-7077
-7065
-7051
-7056
-7067
-7081
-7088
-7095
-7100
-7099
-7091
-7071
-7063
-7061
-7068
-7072
-7084
-7101
-7114
-7131
-7139
-7146
-7140
-7124
-7110
-7097
-7084
-7083
-7094
-7110
-7123
-7139
-7148
-7156
-7160
-7152
-7153
-7138
-7130
-7114
-7109
-7135
-7153
-7166
-7178
-7174
-7165
-7166
-7157
-7164
-7175
-7182
-7176
-7165
-7159
-7151
-7145
-7133
-7134
-7138
-7144
-7143
-7132
-7119
-7117
-7123
-7127
-7130
-7132
-7133
-7129
-7137
-7130
-7127
-7128
-7131
-7139
-7150
-7167
-7181
-7195
-7200
-7211
-7210
-7203
-7191
-7185
-7177
-7173
-7177
-7173
-7188
-7213
-7225
-7234
-7231
-7215
-7205
-7187
-7186
-7180
-7167
-7165
-7172
-7180
-7185
-7196
-7202
-7203
-7201
-7194
-7184
-7168
-7166
-7174
-7182
-7191
-7204
-7208
-7198
-7190
-7176
-7174
-7178
-7182
-7184
-7197
-7202
-7214
-7227
-7237
-7240
-7230
-7220
-7197
-7191
-7187
-7189
-7183
-7176
-7180
-7190
-7202
-7212
-7219
-7208
-7192
-7178
-7161
-7160
-7179
-7183
-7189
-7189
-7190
-7183
-7171
-7170
-7162
-7157
-7160
-7162
-7152
-7143
-7146
-7149
-7168
-7181
-7179
-7173
-7168
-7163
-7168
-7185
-7198
-7202
-7204
-7201
-7195
-7204
-7200
-7195
-7183
-7161
-7143
-7127
-7126
-7133
-7130
-7130
-7136
-7136
-7140
-7133
-7115
-7095
-7093
-7090
-7080
-7088
-7093
-7099
-7110
-7128
-7137
-7143
-7148
-7137
-7134
-7131
-7137
-7136
-7132
-7132
-7135
-7142
-7162
-7183
-7184
-7177
-7146
-7125
-7119
-7127
-7144
-7166
-7172
-7168
-7158
-7138
-7130
-7112
-7109
-7126
-7139
-7145
-7151
-7153
-7149
-7143
-7144
-7142
-7134
-7126
-7115
-7105
-7102
-7101
-7109
-7136
-7154
-7151
-7150
-7154
-7156
-7152
-7151
-7153
-7162
-7177
-7193
-7210
-7205
-7192
-7184
-7181
-7192
-7205
-7205
-7207
-7208
-7211
-7216
-7211
-7222
-7224
-7232
-7236
-7233
-7234
-7222
-7219
-7211
-7218
-7231
-7239
-7248
-7254
-7263
-7266
-7276
-7287
-7288
-7283
-7267
-7251
-7251
-7250
-7263
-7273
-7291
-7304
-7304
-7312
-7299
-7285
-7276
-7273
-7278
-7288
-7298
-7304
-7299
-7307
-7317
-7325
-7329
-7338
-7343
-7331
-7332
-7322
-7327
-7330
-7334
-7344
-7348
-7356
-7354
-7332
-7317
-7318
-7320
-7340
-7368
-7393
-7408
-7408
-7403
-7393
-7388
-7385
-7382
-7383
-7379
-7381
-7386
-7408
-7427
-7427
-7426
-7424
-7424
-7434
-7429
-7408
-7388
-7379
-7391
-7411
-7437
-7459
-7476
-7474
-7471
-7457
-7429
-7406
-7391
-7381
-7376
-7386
-7392
-7403
-7409
-7409
-7407
-7404
-7404
-7397
-7392
-7389
-7396
-7405
-7432
-7454
-7459
-7459
-7455
-7451
-7448
-7455
-7456
-7470
-7485
-7498
-7516
-7520
-7522
-7511
-7503
-7511
-7506
-7493
-7473
-7458
-7457
-7466
-7478
-7479
-7477
-7480
-7478
-7474
-7475
-7470
-7457
-7448
-7440
-7439
-7450
-7457
-7463
-7472
-7480
-7483
-7473
-7460
-7449
-7441
-7437
-7442
-7452
-7459
-7479
-7491
-7488
-7477
-7456
-7442
-7439
-7441
-7452
-7462
-7473
-7482
-7482
-7483
-7470
-7456
-7452
-7450
-7458
-7458
-7457
-7460
-7471
-7479
-7482
-7489
-7489
-7477
-7468
-7467
-7465
-7468
-7462
-7462
-7471
-7479
-7486
-7487
-7486
-7470
-7458
-7460
-7465
-7473
-7469
-7456
-7447
-7437
-7435
-7437
-7432
-7425
-7417
-7407
-7397
-7388
-7384
-7381
-7379
-7385
-7386
-7390
-7393
-7380
-7375
-7369
-7361
-7359
-7356
-7364
-7365
-7372
-7385
-7388
-7396
-7394
-7378
-7363
-7348
-7336
-7329
-7321
-7320
-7328
-7338
-7338
-7343
-7336
-7327
-7327
-7317
-7302
-7289
-7287
-7290
-7298
-7303
-7304
-7305
-7311
-7310
-7315
-7313
-7299
-7286
-7267
-7260
-7257
-7255
-7256
-7262
-7260
-7253
-7250
-7238
-7237
-7233
-7237
-7249
-7253
-7264
-7271
-7278
-7277
-7275
-7268
-7259
-7266
-7278
-7287
-7286
-7278
-7271
-7266
-7266
-7264
-7269
-7275
-7261
-7233
-7205
-7190
-7182
-7177
-7167
-7165
-7164
-7171
-7181
-7196
-7204
-7201
-7214
-7216
-7216
-7219
-7227
-7239
-7249
-7261
-7257
-7245
-7233
-7216
-7216
-7204
-7193
-7186
-7178
-7191
-7193
-7196
-7203
-7199
-7205
-7199
-7171
-7180
-7173
-7172
-7183
-7172
-7168
-7163
-7168
-7171
-7164
-7158
-7151
-7137
-7135
-7132
-7136
-7145
-7158
-7160
-7152
-7149
-7141
-7131
-7137
-7137
-7129
-7133
-7125
-7135
-7145
-7144
-7158
-7160
-7158
-7161
-7147
-7125
-7120
-7115
-7116
-7120
-7115
-7119
-7110
-7095
-7085
-7078
-7066
-7064
-7056
-7058
-7072
-7081
-7087
-7097
-7118
-7122
-7135
-7140
-7138
-7124
-7111
-7100
-7086
-7084
-7086
-7080
-7077
-7076
-7067
-7058
-7041
-7031
-7023
-7019
-7023
-7027
-7031
-7029
-7029
-7028
-7026
-7028
-7025
-7030
-7036
-7033
-7033
-7036
-7043
-7055
-7059
-7058
-7051
-7046
-7038
-7023
-7012
-7001
-6998
-7000
-7008
-7000
-6983
-6970
-6962
-6959
-6961
-6962
-6956
-6946
-6949
-6954
-6956
-6966
-6984
-7000
-7001
-7000
-6998
-6998
-6997
-6999
-6999
-7005
-7008
-7008
-7007
-7012
-7015
-7013
-7015
-6999
-6999
-7003
-7003
-7009
-7015
-7024
-7041
-7046
-7045
-7043
-7042
-7043
-7038
-7037
-7035
-7038
-7037
-7041
-7040
-7043
-7050
-7052
-7061
-7059
-7050
-7057
-7068
-7082
-7098
-7115
-7128
-7129
-7127
-7122
-7117
-7107
-7110
-7115
-7124
-7134
-7136
-7140
-7151
-7162
-7156
-7148
-7141
-7139
-7144
-7150
-7154
-7152
-7154
-7158
-7152
-7146
-7149
-7157
-7161
-7172
-7175
-7172
-7176
-7184
-7189
-7199
-7227
-7250
-7259
-7261
-7257
-7246
-7233
-7229
-7222
-7226
-7223
-7222
-7233
-7239
-7257
-7259
-7256
-7255
-7252
-7251
-7238
-7228
-7219
-7214
-7222
-7237
-7254
-7274
-7288
-7281
-7266
-7260
-7262
-7268
-7276
-7297
-7309
-7319
-7320
-7322
-7323
-7322
-7321
-7322
-7337
-7341
-7342
-7342
-7346
-7355
-7363
-7377
-7389
-7392
-7385
-7375
-7374
-7375
-7383
-7387
-7388
-7395
-7397
-7398
-7404
-7405
-7384
-7372
-7369
-7359
-7353
-7348
-7340
-7336
-7326
-7331
-7344
-7346
-7356
-7356
-7360
-7366
-7368
-7382
-7404
-7414
-7423
-7430
-7418
-7416
-7415
-7429
-7443
-7462
-7467
-7466
-7462
-7450
-7448
-7450
-7461
-7461
-7457
-7433
-7410
-7390
-7381
-7385
-7396
-7405
-7409
-7415
-7410
-7415
-7408
-7399
-7381
-7358
-7348
-7342
-7341
-7341
-7350
-7358
-7364
-7372
-7374
-7387
-7399
-7396
-7386
-7379
-7379
-7376
-7376
-7379
-7393
-7403
-7414
-7418
-7410
-7403
-7383
-7369
-7370
-7376
-7374
-7360
-7341
-7329
-7313
-7309
-7315
-7321
-7321
-7311
-7306
-7303
-7312
-7318
-7320
-7318
-7321
-7305
-7287
-7270
-7249
-7252
-7262
-7280
-7300
-7320
-7323
-7320
-7310
-7289
-7286
-7286
-7275
-7267
-7255
-7251
-7251
-7243
-7241
-7234
-7235
-7227
-7213
-7216
-7213
-7207
-7210
-7215
-7216
-7219
-7220
-7209
-7193
-7186
-7189
-7188
-7174
-7162
-7154
-7146
-7155
-7168
-7179
-7193
-7189
-7179
-7176
-7164
-7151
-7138
-7136
-7137
-7140
-7142
-7144
-7151
-7145
-7139
-7122
-7110
-7097
-7098
-7105
-7114
-7125
-7116
-7111
-7099
-7097
-7092
-7087
-7106
-7109
-7107
-7102
-7090
-7082
-7070
-7072
-7079
-7087
-7084
-7077
-7080
-7077
-7077
-7086
-7089
-7103
-7108
-7106
-7110
-7103
-7093
-7077
-7072
-7051
-7049
-7049
-7047
-7060
-7066
-7081
-7076
-7081
-7080
-7071
-7072
-7066
-7061
-7059
-7053
-7051
-7043
-7036
-7035
-7024
-7023
-7010
-7005
-6991
-6981
-6981
-6967
-6971
-6972
-6976
-6979
-6987
-6991
-6997
-7000
-6995
-6989
-6980
-6979
-6979
-6980
-6982
-6979
-6977
-6984
-6976
-6969
-6959
-6955
-6950
-6932
-6916
-6904
-6891
-6885
-6887
-6883
-6878
-6869
-6860
-6848
-6843
-6821
-6794
-6784
-6779
-6779
-6789
-6795
-6791
-6793
-6787
-6794
-6803
-6810
-6803
-6795
-6790
-6781
-6793
-6808
-6833
-6848
-6851
-6843
-6832
-6819
-6812
-6808
-6814
-6828
-6839
-6851
-6846
-6847
-6846
-6844
-6851
-6858
-6864
-6873
-6871
-6873
-6876
-6882
-6888
-6886
-6886
-6879
-6864
-6846
-6842
-6848
-6856
-6875
-6894
-6909
-6919
-6921
-6924
-6915
-6914
-6911
-6915
-6918
-6937
-6948
-6956
-6988
-6995
-7005
-7012
-7016
-7015
-7013
-7005
-7004
-6992
-6987
-6994
-7000
-7004
-7010
-7017
-7018
-7024
-7029
-7045
-7056
-7066
-7082
-7094
-7108
-7124
-7136
-7149
-7153
-7153
-7167
-7174
-7177
-7184
-7189
-7190
-7199
-7210
-7220
-7229
-7229
-7231
-7237
-7237
-7232
-7240
-7252
-7264
-7275
-7286
-7292
-7295
-7301
-7295
-7289
-7289
-7286
-7287
-7296
-7292
-7290
-7289
-7300
-7311
-7311
-7310
-7295
-7289
-7295
-7302
-7321
-7332
-7337
-7342
-7338
-7349
-7358
-7355
-7358
-7350
-7348
-7359
-7371
-7386
-7398
-7408
-7414
-7420
-7423
-7430
-7435
-7441
-7448
-7456
-7465
-7476
-7479
-7481
-7495
-7496
-7490
-7477
-7470
-7465
-7459
-7456
-7455
-7454
-7454
-7460
-7470
-7471
-7485
-7495
-7500
-7496
-7488
-7492
-7503
-7521
-7537
-7556
-7555
-7556
-7554
-7555
-7565
-7573
-7576
-7580
-7579
-7572
-7582
-7584
-7593
-7618
-7634
-7649
-7660
-7645
-7632
-7621
-7610
-7615
-7618
-7607
-7598
-7589
-7589
-7599
-7594
-7592
-7596
-7592
-7596
-7608
-7628
-7636
-7642
-7644
-7644
-7653
-7651
-7658
-7671
-7675
-7673
-7674
-7679
-7685
-7693
-7706
-7704
-7705
-7701
-7694
-7692
-7697
-7697
-7704
-7713
-7714
-7724
-7725
-7718
-7708
-7714
-7702
-7696
-7704
-7700
-7703
-7704
-7710
-7722
-7726
-7737
-7729
-7718
-7726
-7721
-7724
-7739
-7740
-7736
-7744
-7744
-7749
-7756
-7760
-7755
-7759
-7762
-7756
-7758
-7750
-7739
-7737
-7742
-7752
-7756
-7756
-7756
-7752
-7747
-7734
-7719
-7709
-7708
-7710
-7711
-7718
-7723
-7719
-7708
-7697
-7691
-7683
-7671
-7648
-7638
-7629
-7619
-7607
-7592
-7593
-7588
-7584
-7584
-7581
-7572
-7563
-7556
-7551
-7551
-7556
-7563
-7571
-7572
-7576
-7558
-7547
-7543
-7532
-7522
-7520
-7518
-7512
-7510
-7500
-7486
-7473
-7464
-7446
-7442
-7430
-7420
-7404
-7392
-7385
-7389
-7395
-7386
-7379
-7375
-7374
-7368
-7365
-7359
-7356
-7342
-7341
-7353
-7363
-7364
-7357
-7346
-7337
-7327
-7321
-7323
-7315
-7316
-7319
-7320
-7314
-7308
-7301
-7292
-7289
-7282
-7283
-7289
-7290
-7288
-7273
-7263
-7262
-7264
-7276
-7279
-7274
-7265
-7256
-7251
-7239
-7237
-7239
-7236
-7241
-7245
-7238
-7239
-7237
-7235
-7228
-7216
-7210
-7215
-7228
-7234
-7240
-7243
-7242
-7238
-7230
-7217
-7218
-7220
-7219
-7222
-7221
-7223
-7227
-7242
-7248
-7251
-7252
-7244
-7232
-7225
-7222
-7224
-7229
-7232
-7237
-7243
-7239
-7234
-7227
-7228
-7222
-7212
-7213
-7196
-7193
-7191
-7193
-7193
-7198
-7210
-7203
-7197
-7206
-7205
-7213
-7224
-7237
-7250
-7249
-7263
-7257
-7254
-7252
-7245
-7236
-7236
-7242
-7248
-7257
-7259
-7259
-7260
-7265
-7262
-7264
-7267
-7260
-7250
-7247
-7248
-7250
-7255
-7261
-7258
-7255
-7252
-7251
-7256
-7259
-7261
-7256
-7248
-7249
-7248
-7250
-7247
-7242
-7245
-7248
-7249
-7246
-7247
-7249
-7254
-7255
-7261
-7263
-7265
-7259
-7257
-7258
-7253
-7247
-7236
-7221
-7210
-7203
-7199
-7197
-7204
-7210
-7209
-7212
-7205
-7195
-7183
-7178
-7175
-7184
-7188
-7193
-7198
-7215
-7235
-7245
-7249
-7246
-7244
-7237
-7235
-7224
-7209
-7201
-7203
-7201
-7207
-7209
-7210
-7218
-7225
-7225
-7221
-7219
-7209
-7212
-7224
-7231
-7232
-7230
-7222
-7214
-7204
-7194
-7184
-7165
-7162
-7163
-7153
-7150
-7147
-7145
-7151
-7156
-7169
-7173
-7169
-7173
-7170
-7175
-7182
-7192
-7203
-7210
-7214
-7212
-7213
-7222
-7226
-7237
-7252
-7254
-7267
-7280
-7283
-7288
-7292
-7286
-7280
-7278
-7279
-7270
-7264
-7260
-7259
-7262
-7258
-7263
-7260
-7253
-7246
-7236
-7227
-7226
-7234
-7244
-7257
-7259
-7261
-7255
-7245
-7236
-7218
-7208
-7195
-7187
-7191
-7196
-7204
-7219
-7223
-7215
-7212
-7211
-7209
-7204
-7207
-7200
-7188
-7180
-7177
-7185
-7187
-7190
-7198
-7196
-7190
-7191
-7190
-7189
-7189
-7180
-7175
-7172
-7166
-7169
-7168
-7165
-7173
-7167
-7173
-7178
-7175
-7176
-7170
-7176
-7177
-7176
-7165
-7158
-7163
-7162
-7165
-7163
-7150
-7139
-7126
-7122
-7127
-7127
-7120
-7115
-7106
-7101
-7097
-7100
-7116
-7117
-7113
-7106
-7103
-7108
-7131
-7143
-7151
-7160
-7156
-7156
-7150
-7140
-7136
-7141
-7146
-7157
-7164
-7170
-7164
-7152
-7150
-7141
-7136
-7129
-7124
-7122
-7130
-7137
-7129
-7134
-7137
-7138
-7148
-7149
-7139
-7135
-7142
-7156
-7174
-7180
-7181
-7182
-7179
-7182
-7176
-7160
-7151
-7154
-7159
-7171
-7179
-7192
-7199
-7204
-7211
-7202
-7198
-7195
-7194
-7185
-7181
-7180
-7181
-7191
-7201
-7210
-7212
-7207
-7200
-7198
-7193
-7186
-7179
-7176
-7173
-7176
-7174
-7176
-7182
-7180
-7189
-7187
-7182
-7189
-7196
-7212
-7229
-7247
-7256
-7255
-7259
-7257
-7249
-7237
-7228
-7233
-7237
-7234
-7235
-7239
-7231
-7224
-7229
-7228
-7235
-7239
-7236
-7234
-7228
-7222
-7231
-7243
-7251
-7259
-7257
-7247
-7235
-7231
-7224
-7225
-7225
-7225
-7230
-7225
-7217
-7217
-7215
-7205
-7203
-7211
-7212
-7208
-7207
-7210
-7210
-7206
-7202
-7207
-7217
-7218
-7215
-7210
-7199
-7180
-7171
-7169
-7180
-7183
-7181
-7169
-7155
-7145
-7127
-7118
-7115
-7117
-7115
-7118
-7110
-7101
-7085
-7070
-7065
-7055
-7057
-7059
-7058
-7047
-7031
-7011
-6997
-6993
-6998
-6999
-6998
-7003
-6998
-6991
-6985
-6977
-6971
-6970
-6964
-6954
-6941
-6946
-6957
-6962
-6964
-6962
-6956
-6946
-6944
-6923
-6907
-6898
-6879
-6865
-6864
-6849
-6830
-6823
-6811
-6792
-6777
-6769
-6761
-6770
-6773
-6780
-6776
-6752
-6743
-6735
-6727
-6720
-6709
-6706
-6694
-6680
-6671
-6664
-6681
-6692
-6697
-6703
-6698
-6678
-6653
-6631
-6614
-6604
-6603
-6603
-6603
-6602
-6592
-6583
-6577
-6571
-6564
-6572
-6585
-6587
-6588
-6578
-6576
-6566
-6553
-6555
-6556
-6558
-6554
-6551
-6541
-6531
-6531
-6525
-6525
-6528
-6526
-6525
-6522
-6520
-6511
-6498
-6494
-6491
-6498
-6513
-6523
-6514
-6509
-6506
-6500
-6495
-6485
-6478
-6476
-6482
-6481
-6479
-6480
-6472
-6461
-6451
-6453
-6452
-6452
-6467
-6475
-6467
-6448
-6441
-6439
-6445
-6462
-6473
-6473
-6469
-6466
-6456
-6455
-6451
-6462
-6474
-6485
-6490
-6487
-6486
-6472
-6466
-6453
-6450
-6440
-6434
-6439
-6440
-6449
-6458
-6464
-6467
-6478
-6479
-6483
-6486
-6491
-6486
-6479
-6489
-6503
-6521
-6528
-6528
-6522
-6514
-6503
-6500
-6507
-6518
-6528
-6530
-6533
-6531
-6523
-6522
-6529
-6541
-6546
-6547
-6548
-6549
-6544
-6538
-6532
-6528
-6532
-6552
-6568
-6571
-6593
-6595
-6598
-6598
-6587
-6576
-6560
-6564
-6570
-6577
-6590
-6583
-6579
-6584
-6588
-6598
-6609
-6623
-6630
-6622
-6629
-6638
-6646
-6653
-6655
-6651
-6652
-6661
-6662
-6668
-6673
-6687
-6698
-6705
-6718
-6717
-6726
-6747
-6762
-6773
-6774
-6782
-6785
-6796
-6817
-6836
-6848
-6859
-6867
-6858
-6852
-6849
-6853
-6864
-6871
-6866
-6860
-6856
-6859
-6861
-6867
-6875
-6879
-6889
-6900
-6908
-6916
-6928
-6936
-6934
-6932
-6936
-6948
-6963
-6976
-6984
-6990
-6983
-6977
-6976
-6978
-6991
-6993
-7000
-6991
-6994
-6998
-7007
-7015
-7012
-7023
-7027
-7043
-7052
-7056
-7061
-7062
-7060
-7061
-7060
-7058
-7058
-7062
-7072
-7087
-7086
-7086
-7092
-7093
-7097
-7098
-7098
-7095
-7088
-7088
-7091
-7090
-7093
-7096
-7094
-7091
-7092
-7096
-7102
-7105
-7108
-7105
-7105
-7108
-7104
-7087
-7084
-7086
-7081
-7081
-7069
-7069
-7066
-7074
-7084
-7091
-7096
-7092
-7081
-7063
-7063
-7070
-7075
-7067
-7058
-7041
-7029
-7032
-7041
-7056
-7063
-7064
-7069
-7071
-7072
-7069
-7069
-7068
-7058
-7044
-7032
-7028
-7028
-7030
-7045
-7055
-7054
-7050
-7037
-7032
-7033
-7033
-7035
-7037
-7039
-7038
-7035
-7026
-7021
-7021
-7025
-7027
-7026
-7034
-7037
-7037
-7043
-7044
-7045
-7039
-7025
-7016
-7015
-7013
-7022
-7020
-7011
-7002
-6999
-6994
-6991
-7004
-7006
-7010
-7012
-7006
-7010
-7013
-7015
-7008
-7005
-7002
-6991
-6989
-6994
-7003
-7009
-7002
-6986
-6978
-6971
-6972
-6977
-6979
-6973
-6973
-6966
-6955
-6963
-6970
-6969
-6969
-6971
-6969
-6985
-7000
-7013
-7017
-7023
-7016
-7001
-6991
-6989
-6989
-6986
-6996
-6980
-6970
-6960
-6947
-6954
-6966
-6967
-6958
-6950
-6959
-6963
-6958
-6961
-6958
-6961
-6957
-6956
-6949
-6953
-6967
-6980
-6988
-6993
-6996
-6996
-6994
-7001
-7005
-7000
-7012
-7015
-7019
-7035
-7043
-7047
-7059
-7061
-7051
-7042
-7039
-7045
-7056
-7060
-7056
-7045
-7047
-7052
-7054
-7069
-7087
-7101
-7101
-7098
-7087
-7087
-7094
-7111
-7126
-7135
-7155
-7164
-7164
-7160
-7158
-7157
-7157
-7159
-7160
-7159
-7166
-7170
-7177
-7182
-7188
-7196
-7201
-7217
-7240
-7264
-7280
-7291
-7285
-7266
-7259
-7265
-7269
-7275
-7279
-7288
-7305
-7323
-7342
-7355
-7361
-7356
-7346
-7340
-7343
-7346
-7342
-7340
-7342
-7331
-7325
-7314
-7307
-7312
-7316
-7325
-7323
-7327
-7336
-7341
-7352
-7363
-7364
-7365
-7365
-7356
-7352
-7360
-7372
-7388
-7408
-7431
-7435
-7440
-7442
-7436
-7427
-7429
-7437
-7449
-7463
-7476
-7481
-7475
-7475
-7471
-7468
-7468
-7475
-7483
-7498
-7504
-7508
-7502
-7493
-7483
-7476
-7475
-7477
-7479
-7468
-7462
-7451
-7453
-7464
-7469
-7475
-7479
-7481
-7483
-7482
-7485
-7486
-7489
-7496
-7504
-7502
-7504
-7502
-7504
-7508
-7504
-7496
-7478
-7469
-7470
-7483
-7490
-7494
-7500
-7495
-7482
-7481
-7482
-7492
-7502
-7498
-7486
-7482
-7478
-7480
-7491
-7492
-7494
-7490
-7496
-7497
-7502
-7510
-7515
-7516
-7520
-7536
-7530
-7534
-7535
-7531
-7525
-7508
-7496
-7491
-7495
-7500
-7506
-7505
-7503
-7496
-7498
-7512
-7520
-7532
-7535
-7523
-7507
-7499
-7493
-7489
-7500
-7513
-7523
-7527
-7513
-7501
-7491
-7493
-7509
-7520
-7529
-7534
-7539
-7533
-7537
-7539
-7534
-7527
-7523
-7521
-7519
-7527
-7536
-7533
-7531
-7538
-7535
-7538
-7546
-7554
-7560
-7561
-7551
-7546
-7534
-7536
-7546
-7548
-7550
-7543
-7540
-7535
-7536
-7537
-7540
-7545
-7552
-7555
-7555
-7550
-7539
-7539
-7544
-7543
-7539
-7538
-7535
-7541
-7553
-7566
-7576
-7580
-7581
-7579
-7580
-7587
-7604
-7615
-7614
-7616
-7603
-7594
-7604
-7610
-7608
-7596
-7592
-7582
-7572
-7576
-7573
-7565
-7557
-7568
-7570
-7571
-7584
-7594
-7610
-7627
-7642
-7625
-7604
-7594
-7591
-7596
-7611
-7629
-7637
-7649
-7658
-7673
-7682
-7699
-7702
-7703
-7702
-7691
-7688
-7691
-7710
-7722
-7737
-7756
-7770
-7772
-7775
-7780
-7778
-7773
-7774
-7775
-7776
-7777
-7784
-7789
-7790
-7790
-7785
-7776
-7779
-7795
-7806
-7819
-7833
-7826
-7810
-7806
-7795
-7795
-7799
-7814
-7817
-7816
-7820
-7822
-7827
-7834
-7834
-7826
-7822
-7818
-7821
-7824
-7828
-7823
-7821
-7813
-7829
-7848
-7861
-7878
-7873
-7875
-7877
-7881
-7882
-7891
-7900
-7895
-7882
-7867
-7861
-7863
-7874
-7885
-7897
-7895
-7890
-7888
-7872
-7863
-7850
-7843
-7844
-7837
-7819
-7806
-7788
-7768
-7758
-7749
-7752
-7760
-7776
-7782
-7780
-7779
-7783
-7786
-7790
-7794
-7791
-7793
-7805
-7819
-7821
-7823
-7813
-7806
-7804
-7809
-7821
-7827
-7826
-7799
-7779
-7766
-7763
-7774
-7784
-7803
-7803
-7798
-7787
-7766
-7755
-7746
-7744
-7738
-7729
-7719
-7717
-7715
-7713
-7713
-7711
-7706
-7698
-7687
-7682
-7685
-7694
-7704
-7700
-7699
-7693
-7693
-7701
-7699
-7696
-7703
-7712
-7718
-7722
-7708
-7694
-7680
-7673
-7667
-7658
-7646
-7637
-7628
-7621
-7608
-7597
-7593
-7591
-7601
-7600
-7603
-7598
-7586
-7569
-7554
-7546
-7544
-7537
-7534
-7529
-7516
-7509
-7504
-7515
-7519
-7524
-7533
-7541
-7541
-7536
-7525
-7507
-7497
-7492
-7495
-7498
-7494
-7490
-7489
-7480
-7465
-7449
-7440
-7445
-7444
-7432
-7413
-7399
-7389
-7370
-7359
-7347
-7336
-7334
-7330
-7327
-7323
-7324
-7312
-7303
-7301
-7304
-7313
-7313
-7323
-7328
-7326
-7329
-7331
-7330
-7325
-7316
-7308
-7304
-7308
-7313
-7320
-7332
-7334
-7327
-7325
-7316
-7305
-7296
-7289
-7275
-7254
-7240
-7225
-7226
-7220
-7218
-7217
-7208
-7199
-7199
-7203
-7211
-7224
-7219
-7210
-7201
-7189
-7200
-7206
-7211
-7222
-7233
-7247
-7250
-7258
-7254
-7257
-7254
-7250
-7254
-7250
-7248
-7256
-7259
-7259
-7272
-7268
-7267
-7273
-7273
-7279
-7275
-7274
-7271
-7275
-7282
-7279
-7292
-7304
-7300
-7290
-7278
-7270
-7267
-7274
-7290
-7311
-7318
-7318
-7323
-7325
-7338
-7353
-7361
-7357
-7356
-7368
-7381
-7391
-7407
-7420
-7427
-7437
-7440
-7441
-7432
-7439
-7443
-7445
-7457
-7448
-7446
-7444
-7437
-7437
-7434
-7436
-7435
-7430
-7436
-7444
-7453
-7457
-7469
-7469
-7469
-7473
-7471
-7480
-7487
-7489
-7490
-7494
-7487
-7493
-7500
-7508
-7523
-7528
-7541
-7546
-7552
-7559
-7558
-7561
-7568
-7566
-7569
-7571
-7567
-7568
-7570
-7572
-7576
-7573
-7561
-7556
-7548
-7546
-7544
-7549
-7560
-7573
-7582
-7570
-7562
-7557
-7552
-7540
-7531
-7528
-7527
-7528
-7522
-7515
-7512
-7507
-7505
-7505
-7498
-7488
-7481
-7475
-7465
-7465
-7458
-7460
-7472
-7481
-7484
-7481
-7476
-7469
-7459
-7458
-7464
-7463
-7472
-7473
-7473
-7478
-7481
-7480
-7474
-7466
-7454
-7451
-7451
-7442
-7440
-7429
-7417
-7404
-7379
-7360
-7352
-7346
-7349
-7341
-7333
-7332
-7328
-7329
-7327
-7319
-7315
-7316
-7313
-7324
-7318
-7311
-7295
-7279
-7277
-7271
-7273
-7272
-7265
-7264
-7256
-7245
-7248
-7244
-7240
-7234
-7247
-7248
-7254
-7254
-7247
-7253
-7256
-7261
-7263
-7257
-7248
-7247
-7228
-7231
-7237
-7228
-7225
-7227
-7213
-7197
-7194
-7180
-7174
-7160
-7152
-7138
-7131
-7130
-7135
-7139
-7141
-7143
-7145
-7148
-7138
-7133
-7123
-7120
-7114
-7118
-7122
-7132
-7131
-7127
-7119
-7111
-7113
-7116
-7134
-7135
-7144
-7147
-7146
-7146
-7145
-7137
-7133
-7129
-7120
-7116
-7118
-7122
-7115
-7109
-7111
-7104
-7098
-7091
-7084
-7083
-7081
-7092
-7074
-7063
-7052
-7036
-7032
-7024
-7030
-7033
-7034
-7044
-7052
-7066
-7081
-7080
-7074
-7063
-7049
-7029
-7021
-7023
-7016
-7008
-6999
-6997
-6992
-6980
-6971
-6951
-6954
-6968
-6972
-6974
-6973
-6956
-6932
-6921
-6916
-6916
-6921
-6916
-6899
-6884
-6867
-6858
-6858
-6859
-6857
-6854
-6849
-6839
-6838
-6839
-6849
-6867
-6873
-6886
-6891
-6889
-6891
-6887
-6889
-6885
-6880
-6872
-6862
-6850
-6839
-6828
-6816
-6803
-6792
-6771
-6757
-6744
-6740
-6750
-6745
-6746
-6742
-6738
-6730
-6724
-6724
-6730
-6735
-6739
-6751
-6755
-6764
-6769
-6778
-6775
-6770
-6753
-6737
-6741
-6747
-6753
-6758
-6763
-6767
-6770
-6759
-6755
-6749
-6748
-6745
-6735
-6737
-6741
-6745
-6755
-6773
-6786
-6789
-6782
-6769
-6743
-6736
-6737
-6736
-6737
-6733
-6734
-6730
-6731
-6731
-6727
-6724
-6729
-6735
-6739
-6750
-6752
-6756
-6755
-6756
-6757
-6761
-6769
-6782
-6786
-6788
-6797
-6799
-6806
-6815
-6814
-6804
-6791
-6775
-6772
-6768
-6771
-6766
-6765
-6756
-6753
-6755
-6756
-6768
-6763
-6770
-6779
-6782
-6783
-6795
-6802
-6804
-6812
-6813
-6811
-6826
-6835
-6832
-6828
-6823
-6825
-6822
-6825
-6819
-6811
-6814
-6819
-6822
-6822
-6825
-6835
-6841
-6844
-6845
-6846
-6852
-6850
-6850
-6849
-6859
-6870
-6864
-6860
-6858
-6861
-6862
-6872
-6878
-6879
-6889
-6889
-6891
-6885
-6877
-6887
-6893
-6892
-6892
-6888
-6882
-6880
-6874
-6874
-6879
-6870
-6868
-6876
-6880
-6886
-6899
-6916
-6939
-6943
-6938
-6923
-6902
-6888
-6878
-6877
-6876
-6881
-6885
-6876
-6870
-6862
-6863
-6869
-6874
-6885
-6888
-6898
-6907
-6918
-6925
-6933
-6939
-6934
-6925
-6912
-6897
-6892
-6893
-6886
-6890
-6888
-6893
-6905
-6901
-6902
-6896
-6890
-6892
-6895
-6899
-6911
-6917
-6912
-6914
-6906
-6895
-6894
-6895
-6901
-6905
-6901
-6898
-6894
-6897
-6900
-6893
-6884
-6875
-6866
-6859
-6867
-6878
-6890
-6897
-6896
-6878
-6850
-6846
-6835
-6832
-6844
-6854
-6850
-6844
-6847
-6840
-6846
-6847
-6849
-6853
-6852
-6846
-6850
-6859
-6862
-6881
-6892
-6907
-6927
-6930
-6923
-6914
-6908
-6904
-6903
-6904
-6906
-6905
-6912
-6903
-6889
-6877
-6856
-6846
-6837
-6833
-6824
-6822
-6827
-6822
-6811
-6804
-6804
-6804
-6807
-6800
-6786
-6777
-6765
-6754
-6743
-6740
-6737
-6739
-6753
-6759
-6761
-6759
-6755
-6745
-6741
-6739
-6735
-6734
-6729
-6720
-6713
-6704
-6699
-6701
-6706
-6714
-6714
-6715
-6710
-6704
-6698
-6685
-6682
-6683
-6682
-6687
-6684
-6673
-6660
-6647
-6633
-6625
-6620
-6617
-6608
-6603
-6599
-6607
-6610
-6618
-6632
-6634
-6645
-6646
-6650
-6651
-6651
-6648
-6649
-6652
-6651
-6658
-6660
-6671
-6678
-6686
-6696
-6702
-6714
-6730
-6741
-6744
-6742
-6739
-6732
-6731
-6748
-6758
-6772
-6779
-6789
-6797
-6794
-6799
-6797
-6804
-6819
-6827
-6823
-6827
-6834
-6844
-6853
-6865
-6873
-6868
-6871
-6871
-6881
-6894
-6910
-6917
-6920
-6933
-6942
-6955
-6970
-6983
-6983
-6989
-6995
-7009
-7027
-7041
-7050
-7053
-7051
-7049
-7056
-7065
-7090
-7114
-7125
-7124
-7121
-7109
-7101
-7108
-7113
-7128
-7133
-7133
-7136
-7131
-7134
-7146
-7148
-7142
-7136
-7144
-7157
-7180
-7197
-7206
-7218
-7218
-7222
-7221
-7226
-7238
-7245
-7241
-7229
-7224
-7229
-7234
-7238
-7246
-7245
-7248
-7240
-7229
-7217
-7202
-7209
-7217
-7221
-7229
-7226
-7220
-7235
-7249
-7264
-7280
-7292
-7288
-7287
-7287
-7282
-7286
-7291
-7297
-7299
-7295
-7292
-7298
-7314
-7323
-7328
-7333
-7330
-7336
-7337
-7348
-7354
-7353
-7353
-7347
-7352
-7360
-7361
-7362
-7346
-7336
-7330
-7322
-7321
-7320
-7324
-7308
-7303
-7297
-7284
-7285
-7291
-7290
-7302
-7317
-7332
-7328
-7321
-7316
-7309
-7315
-7316
-7323
-7325
-7337
-7338
-7341
-7342
-7337
-7326
-7320
-7315
-7304
-7308
-7309
-7319
-7334
-7336
-7334
-7329
-7328
-7334
-7342
-7350
-7351
-7352
-7348
-7349
-7349
-7345
-7339
-7348
-7349
-7335
-7336
-7344
-7335
-7325
-7317
-7318
-7327
-7324
-7330
-7343
-7365
-7377
-7371
-7370
-7360
-7349
-7343
-7343
-7351
-7364
-7374
-7382
-7391
-7393
-7392
-7385
-7375
-7363
-7361
-7357
-7345
-7344
-7346
-7335
-7328
-7325
-7316
-7307
-7296
-7289
-7290
-7287
-7273
-7267
-7273
-7283
-7294
-7295
-7285
-7282
-7281
-7284
-7289
-7283
-7282
-7291
-7297
-7294
-7293
-7280
-7272
-7268
-7271
-7280
-7288
-7291
-7296
-7301
-7296
-7298
-7296
-7295
-7290
-7282
-7276
-7264
-7263
-7263
-7264
-7272
-7265
-7261
-7257
-7253
-7251
-7250
-7253
-7250
-7250
-7250
-7249
-7248
-7253
-7250
-7247
-7248
-7257
-7250
-7251
-7263
-7264
-7270
-7269
-7285
-7295
-7307
-7311
-7298
-7296
-7292
-7297
-7299
-7306
-7321
-7328
-7328
-7327
-7324
-7327
-7330
-7343
-7347
-7351
-7356
-7347
-7349
-7343
-7352
-7343
-7333
-7329
-7320
-7314
-7311
-7322
-7332
-7344
-7339
-7341
-7349
-7356
-7357
-7362
-7369
-7379
-7384
-7393
-7399
-7401
-7411
-7413
-7411
-7409
-7414
-7409
-7413
-7415
-7411
-7419
-7420
-7422
-7436
-7435
-7441
-7441
-7439
-7447
-7444
-7455
-7472
-7485
-7480
-7466
-7452
-7440
-7441
-7443
-7440
-7442
-7442
-7447
-7454
-7456
-7460
-7450
-7439
-7430
-7429
-7433
-7440
-7440
-7437
-7432
-7424
-7416
-7412
-7416
-7409
-7409
-7403
-7397
-7402
-7409
-7413
-7420
-7425
-7421
-7418
-7427
-7435
-7428
-7429
-7420
-7423
-7429
-7424
-7420
-7418
-7415
-7413
-7419
-7415
-7415
-7419
-7410
-7404
-7408
-7412
-7416
-7411
-7406
-7401
-7395
-7388
-7376
-7365
-7360
-7347
-7335
-7328
-7323
-7313
-7308
-7305
-7299
-7312
-7305
-7300
-7297
-7290
-7286
-7269
-7269
-7268
-7264
-7260
-7257
-7265
-7267
-7271
-7284
-7292
-7291
-7291
-7291
-7302
-7311
-7306
-7306
-7307
-7309
-7305
-7299
-7298
-7299
-7300
-7291
-7285
-7278
-7264
-7249
-7228
-7219
-7217
-7213
-7211
-7216
-7220
-7213
-7209
-7196
-7190
-7185
-7177
-7177
-7171
-7178
-7180
-7176
-7182
-7184
-7194
-7194
-7190
-7188
-7187
-7183
-7187
-7194
-7196
-7197
-7184
-7180
-7171
-7171
-7172
-7178
-7174
-7163
-7168
-7176
-7183
-7186
-7187
-7181
-7176
-7175
-7176
-7174
-7180
-7187
-7189
-7176
-7168
-7159
-7156
-7167
-7169
-7170
-7157
-7140
-7127
-7134
-7135
-7136
-7134
-7131
-7131
-7135
-7136
-7142
-7144
-7140
-7133
-7128
-7143
-7153
-7160
-7162
-7174
-7181
-7190
-7205
-7214
-7217
-7212
-7194
-7179
-7177
-7181
-7194
-7200
-7203
-7202
-7199
-7189
-7187
-7178
-7174
-7166
-7163
-7169
-7161
-7158
-7159
-7149
-7144
-7143
-7140
-7154
-7166
-7183
-7188
-7177
-7175
-7165
-7157
-7151
-7146
-7146
-7144
-7143
-7144
-7140
-7137
-7132
-7131
-7134
-7139
-7156
-7163
-7173
-7172
-7172
-7174
-7180
-7194
-7200
-7207
-7203
-7198
-7189
-7184
-7184
-7189
-7195
-7198
-7200
-7204
-7201
-7199
-7200
-7201
-7214
-7219
-7217
-7214
-7206
-7202
-7197
-7188
-7194
-7198
-7204
-7218
-7231
-7233
-7236
-7235
-7239
-7247
-7254
-7256
-7254
-7255
-7255
-7256
-7251
-7258
-7265
-7281
-7285
-7281
-7282
-7285
-7291
-7291
-7293
-7292
-7298
-7302
-7306
-7314
-7318
-7317
-7322
-7314
-7310
-7309
-7307
-7308
-7301
-7302
-7301
-7304
-7320
-7325
-7329
-7334
-7325
-7317
-7318
-7322
-7328
-7344
-7354
-7362
-7365
-7360
-7360
-7359
-7363
-7365
-7380
-7389
-7403
-7409
-7410
-7423
-7419
-7423
-7423
-7430
-7434
-7429
-7427
-7419
-7414
-7417
-7421
-7438
-7446
-7447
-7454
-7446
-7450
-7442
-7443
-7450
-7450
-7461
-7466
-7462
-7460
-7459
-7458
-7463
-7461
-7463
-7461
-7454
-7449
-7455
-7453
-7443
-7437
-7433
-7431
-7431
-7434
-7431
-7439
-7440
-7447
-7453
-7465
-7492
-7499
-7505
-7509
-7506
-7499
-7491
-7491
-7492
-7483
-7482
-7480
-7468
-7456
-7450
-7450
-7441
-7433
-7425
-7414
-7415
-7406
-7411
-7415
-7412
-7423
-7427
-7435
-7445
-7450
-7448
-7451
-7456
-7463
-7474
-7478
-7479
-7476
-7470
-7460
-7464
-7462
-7453
-7448
-7444
-7444
-7440
-7445
-7448
-7453
-7455
-7450
-7442
-7425
-7408
-7392
-7389
-7396
-7407
-7417
-7425
-7433
-7432
-7430
-7431
-7427
-7425
-7419
-7416
-7423
-7428
-7438
-7456
-7459
-7463
-7467
-7465
-7460
-7448
-7449
-7444
-7445
-7452
-7460
-7461
-7458
-7458
-7454
-7457
-7463
-7470
-7464
-7457
-7449
-7445
-7441
-7436
-7435
-7436
-7442
-7450
-7451
-7447
-7443
-7436
-7443
-7450
-7440
-7433
-7425
-7409
-7401
-7392
-7386
-7381
-7363
-7354
-7341
-7337
-7345
-7341
-7334
-7337
-7339
-7337
-7337
-7326
-7315
-7301
-7285
-7286
-7281
-7283
-7288
-7290
-7294
-7290
-7287
-7277
-7278
-7286
-7288
-7275
-7273
-7281
-7285
-7285
-7280
-7274
-7259
-7242
-7224
-7226
-7227
-7227
-7231
-7243
-7243
-7238
-7239
-7231
-7216
-7211
-7202
-7184
-7183
-7190
-7188
-7188
-7188
-7186
-7184
-7182
-7175
-7161
-7158
-7149
-7146
-7142
-7134
-7130
-7131
-7127
-7130
-7125
-7110
-7100
-7085
-7076
-7071
-7074
-7072
-7071
-7070
-7065
-7062
-7067
-7072
-7075
-7071
-7078
-7075
-7072
-7085
-7089
-7101
-7111
-7102
-7093
-7091
-7086
-7082
-7077
-7076
-7083
-7086
-7086
-7082
-7084
-7096
-7106
-7112
-7112
-7104
-7098
-7089
-7078
-7081
-7084
-7087
-7089
-7093
-7110
-7121
-7126
-7117
-7113
-7113
-7113
-7113
-7120
-7137
-7154
-7173
-7178
-7182
-7186
-7187
-7192
-7198
-7205
-7216
-7222
-7230
-7238
-7238
-7243
-7260
-7272
-7288
-7302
-7299
-7288
-7283
-7278
-7276
-7279
-7292
-7311
-7318
-7324
-7316
-7307
-7302
-7287
-7291
-7290
-7296
-7321
-7332
-7339
-7349
-7349
-7350
-7358
-7362
-7363
-7358
-7362
-7362
-7365
-7371
-7378
-7394
-7390
-7402
-7412
-7404
-7403
-7407
-7415
-7427
-7435
-7449
-7452
-7455
-7459
-7453
-7459
-7460
-7467
-7471
-7468
-7463
-7461
-7468
-7475
-7484
-7488
-7491
-7487
-7470
-7451
-7445
-7449
-7454
-7449
-7446
-7439
-7430
-7431
-7432
-7443
-7452
-7463
-7468
-7471
-7480
-7484
-7489
-7490
-7493
-7505
-7508
-7509
-7510
-7504
-7504
-7507
-7502
-7509
-7520
-7521
-7530
-7536
-7537
-7526
-7514
-7504
-7500
-7499
-7489
-7481
-7476
-7480
-7475
-7467
-7474
-7480
-7482
-7487
-7490
-7501
-7497
-7490
-7475
-7462
-7462
-7460
-7462
-7470
-7466
-7468
-7479
-7483
-7489
-7493
-7500
-7494
-7502
-7507
-7506
-7520
-7525
-7523
-7522
-7524
-7528
-7534
-7534
-7529
-7529
-7531
-7534
-7545
-7549
-7551
-7551
-7541
-7542
-7546
-7543
-7547
-7543
-7542
-7538
-7529
-7528
-7521
-7518
-7522
-7513
-7511
-7512
-7506
-7504
-7496
-7500
-7503
-7517
-7546
-7556
-7560
-7557
-7557
-7564
-7575
-7591
-7595
-7606
-7608
-7599
-7589
-7568
-7556
-7558
-7560
-7568
-7573
-7581
-7589
-7592
-7599
-7597
-7601
-7597
-7599
-7605
-7595
-7587
-7572
-7560
-7557
-7551
-7559
-7558
-7559
-7565
-7559
-7556
-7561
-7567
-7572
-7573
-7566
-7562
-7559
-7559
-7568
-7575
-7573
-7568
-7560
-7552
-7547
-7549
-7551
-7553
-7549
-7535
-7529
-7533
-7536
-7538
-7542
-7540
-7530
-7515
-7507
-7503
-7498
-7491
-7479
-7472
-7461
-7451
-7444
-7439
-7439
-7424
-7415
-7413
-7402
-7394
-7396
-7407
-7411
-7404
-7402
-7399
-7397
-7395
-7392
-7395
-7394
-7388
-7376
-7368
-7363
-7352
-7345
-7344
-7343
-7341
-7334
-7328
-7322
-7325
-7335
-7333
-7325
-7323
-7326
-7327
-7333
-7342
-7340
-7331
-7319
-7308
-7292
-7281
-7276
-7269
-7264
-7249
-7234
-7229
-7233
-7244
-7250
-7250
-7238
-7215
-7207
-7212
-7204
-7197
-7197
-7198
-7199
-7201
-7204
-7202
-7202
-7212
-7211
-7201
-7195
-7182
-7174
-7164
-7159
-7155
-7155
-7158
-7160
-7147
-7133
-7128
-7120
-7125
-7125
-7131
-7131
-7135
-7136
-7133
-7129
-7130
-7140
-7149
-7165
-7168
-7165
-7163
-7166
-7160
-7156
-7148
-7134
-7128
-7128
-7119
-7106
-7107
-7106
-7093
-7083
-7075
-7075
-7081
-7082
-7081
-7080
-7084
-7087
-7080
-7075
-7074
-7077
-7090
-7087
-7077
-7059
-7043
-7028
-7002
-6988
-6996
-7007
-7012
-7010
-7018
-7027
-7029
-7041
-7043
-7043
-7048
-7058
-7056
-7046
-7035
-7030
-7031
-7021
-7021
-7017
-7003
-6993
-6985
-6981
-6975
-6970
-6961
-6954
-6940
-6931
-6928
-6924
-6930
-6923
-6928
-6930
-6928
-6928
-6913
-6897
-6886
-6876
-6864
-6865
-6875
-6885
-6890
-6891
-6883
-6872
-6870
-6872
-6870
-6862
-6856
-6855
-6856
-6847
-6834
-6815
-6807
-6806
-6801
-6799
-6796
-6791
-6779
-6777
-6761
-6752
-6750
-6745
-6746
-6744
-6737
-6731
-6732
-6722
-6718
-6713
-6713
-6712
-6710
-6717
-6716
-6711
-6705
-6700
-6703
-6703
-6697
-6692
-6681
-6679
-6679
-6681
-6690
-6696
-6700
-6697
-6687
-6672
-6663
-6648
-6637
-6635
-6631
-6633
-6624
-6615
-6608
-6610
-6616
-6613
-6615
-6618
-6612
-6611
-6615
-6614
-6624
-6632
-6629
-6623
-6629
-6628
-6626
-6625
-6625
-6621
-6612
-6609
-6607
-6607
-6606
-6600
-6581
-6565
-6559
-6567
-6563
-6564
-6563
-6558
-6550
-6542
-6539
-6529
-6536
-6552
-6568
-6591
-6598
-6602
-6613
-6608
-6607
-6612
-6632
-6646
-6654
-6658
-6665
-6671
-6664
-6680
-6688
-6696
-6706
-6706
-6706
-6715
-6729
-6729
-6728
-6742
-6750
-6746
-6751
-6756
-6744
-6736
-6741
-6744
-6746
-6749
-6749
-6742
-6745
-6746
-6748
-6753
-6766
-6769
-6756
-6747
-6741
-6741
-6748
-6760
-6763
-6765
-6761
-6763
-6763
-6771
-6789
-6788
-6790
-6791
-6784
-6779
-6784
-6786
-6801
-6807
-6810
-6810
-6819
-6832
-6832
-6837
-6842
-6842
-6835
-6828
-6814
-6809
-6812
-6819
-6812
-6806
-6799
-6799
-6804
-6799
-6801
-6793
-6787
-6775
-6763
-6771
-6776
-6780
-6781
-6778
-6785
-6787
-6798
-6803
-6808
-6811
-6815
-6824
-6834
-6835
-6830
-6828
-6822
-6817
-6817
-6828
-6835
-6839
-6830
-6821
-6816
-6817
-6820
-6827
-6830
-6834
-6840
-6849
-6850
-6834
-6836
-6840
-6854
-6869
-6873
-6878
-6878
-6885
-6896
-6897
-6904
-6904
-6901
-6902
-6899
-6896
-6894
-6903
-6909
-6913
-6923
-6942
-6956
-6964
-6973
-6980
-6978
-6982
-6984
-6981
-6983
-6981
-6982
-6990
-6992
-6988
-6982
-6970
-6960
-6967
-6977
-6971
-6960
-6953
-6953
-6961
-6965
-6970
-6967
-6964
-6978
-6990
-7000
-7021
-7032
-7035
-7037
-7032
-7042
-7048
-7062
-7080
-7089
-7092
-7088
-7087
-7092
-7101
-7111
-7111
-7109
-7108
-7098
-7090
-7079
-7076
-7066
-7055
-7047
-7037
-7029
-7034
-7043
-7049
-7047
-7030
-7019
-7005
-7007
-7003
-7008
-7015
-7014
-7017
-7017
-7027
-7028
-7038
-7043
-7044
-7041
-7043
-7046
-7038
-7040
-7035
-7034
-7028
-7034
-7044
-7045
-7050
-7049
-7055
-7063
-7070
-7074
-7073
-7069
-7068
-7064
-7062
-7070
-7058
-7051
-7045
-7041
-7032
-7026
-7032
-7020
-7018
-7015
-7014
-7011
-7014
