01241726.PTO
CURE
2012/01/24 17:26:20.7000
100.0000 m/s  
9283 muestras
-7437
-7441
-7433
-7440
-7438
-7438
-7435
-7442
-7439
-7450
-7449
-7464
-7460
-7461
-7463
-7453
-7462
-7451
-7455
-7445
-7450
-7451
-7455
-7463
-7465
-7467
-7470
-7476
-7467
-7477
-7466
-7469
-7470
-7468
-7479
-7475
-7481
-7475
-7481
-7481
-7488
-7476
-7479
-7476
-7470
-7480
-7464
-7485
-7473
-7478
-7480
-7477
-7483
-7472
-7488
-7483
-7480
-7483
-7476
-7473
-7463
-7456
-7461
-7458
-7464
-7452
-7457
-7461
-7454
-7461
-7456
-7470
-7468
-7476
-7484
-7482
-7489
-7481
-7483
-7476
-7476
-7480
-7473
-7475
-7468
-7469
-7467
-7469
-7469
-7463
-7463
-7460
-7468
-7457
-7459
-7448
-7450
-7457
-7449
-7463
-7450
-7463
-7461
-7453
-7462
-7452
-7453
-7445
-7448
-7449
-7443
-7443
-7439
-7432
-7440
-7434
-7436
-7441
-7430
-7448
-7434
-7452
-7449
-7456
-7472
-7466
-7484
-7464
-7489
-7467
-7481
-7473
-7472
-7486
-7464
-7491
-7469
-7489
-7472
-7482
-7487
-7479
-7491
-7470
-7489
-7476
-7490
-7483
-7485
-7486
-7479
-7492
-7481
-7498
-7487
-7501
-7496
-7500
-7503
-7486
-7496
-7472
-7483
-7462
-7464
-7461
-7452
-7461
-7452
-7464
-7460
-7471
-7468
-7479
-7481
-7486
-7487
-7494
-7503
-7505
-7514
-7508
-7522
-7511
-7525
-7522
-7528
-7529
-7521
-7534
-7517
-7530
-7521
-7534
-7534
-7539
-7539
-7529
-7537
-7522
-7532
-7520
-7519
-7508
-7500
-7503
-7490
-7491
-7481
-7478
-7475
-7476
-7473
-7472
-7472
-7464
-7467
-7463
-7463
-7466
-7469
-7469
-7472
-7474
-7478
-7476
-7479
-7472
-7472
-7479
-7480
-7490
-7493
-7505
-7497
-7510
-7504
-7505
-7510
-7504
-7511
-7503
-7513
-7509
-7515
-7510
-7506
-7502
-7495
-7490
-7480
-7487
-7474
-7471
-7467
-7452
-7451
-7445
-7434
-7435
-7431
-7435
-7434
-7439
-7443
-7438
-7449
-7441
-7453
-7450
-7461
-7460
-7458
-7466
-7454
-7464
-7449
-7459
-7451
-7452
-7456
-7456
-7458
-7465
-7473
-7468
-7477
-7471
-7477
-7467
-7459
-7450
-7442
-7430
-7422
-7417
-7412
-7412
-7405
-7413
-7405
-7408
-7404
-7406
-7410
-7410
-7420
-7417
-7423
-7416
-7423
-7422
-7418
-7429
-7424
-7434
-7428
-7434
-7441
-7444
-7455
-7455
-7460
-7460
-7462
-7457
-7454
-7450
-7438
-7424
-7423
-7417
-7413
-7415
-7412
-7419
-7420
-7427
-7427
-7431
-7432
-7437
-7439
-7431
-7435
-7420
-7428
-7428
-7426
-7433
-7429
-7430
-7427
-7434
-7430
-7435
-7430
-7436
-7435
-7429
-7437
-7429
-7436
-7423
-7428
-7427
-7425
-7430
-7427
-7435
-7434
-7440
-7445
-7447
-7454
-7454
-7457
-7470
-7467
-7479
-7475
-7479
-7487
-7481
-7496
-7488
-7500
-7496
-7494
-7503
-7491
-7500
-7491
-7502
-7507
-7507
-7509
-7507
-7513
-7508
-7509
-7506
-7500
-7496
-7499
-7497
-7500
-7498
-7503
-7503
-7506
-7510
-7509
-7521
-7524
-7534
-7537
-7537
-7534
-7538
-7535
-7541
-7536
-7540
-7540
-7529
-7544
-7530
-7540
-7528
-7536
-7536
-7535
-7549
-7540
-7557
-7546
-7568
-7563
-7570
-7577
-7566
-7587
-7574
-7583
-7585
-7575
-7579
-7577
-7576
-7579
-7567
-7565
-7559
-7559
-7560
-7552
-7561
-7555
-7561
-7560
-7551
-7556
-7554
-7558
-7555
-7557
-7557
-7557
-7564
-7553
-7565
-7555
-7563
-7572
-7561
-7573
-7564
-7567
-7560
-7557
-7549
-7549
-7550
-7557
-7556
-7558
-7558
-7560
-7566
-7557
-7575
-7558
-7578
-7566
-7571
-7575
-7564
-7583
-7566
-7580
-7564
-7570
-7565
-7560
-7562
-7549
-7552
-7542
-7545
-7542
-7547
-7541
-7542
-7539
-7538
-7546
-7540
-7549
-7551
-7554
-7559
-7563
-7569
-7570
-7571
-7576
-7574
-7576
-7576
-7577
-7580
-7584
-7592
-7590
-7602
-7594
-7606
-7596
-7592
-7589
-7576
-7585
-7566
-7574
-7569
-7567
-7563
-7560
-7555
-7551
-7557
-7552
-7552
-7555
-7555
-7554
-7556
-7548
-7563
-7561
-7575
-7579
-7584
-7596
-7594
-7608
-7600
-7615
-7610
-7615
-7616
-7609
-7618
-7607
-7614
-7610
-7609
-7608
-7607
-7611
-7599
-7602
-7599
-7596
-7602
-7587
-7592
-7578
-7576
-7577
-7571
-7579
-7572
-7577
-7574
-7573
-7578
-7569
-7569
-7571
-7570
-7572
-7565
-7568
-7555
-7560
-7554
-7550
-7559
-7548
-7553
-7542
-7552
-7548
-7546
-7550
-7548
-7551
-7555
-7552
-7558
-7555
-7558
-7563
-7552
-7570
-7554
-7568
-7558
-7555
-7563
-7549
-7561
-7538
-7549
-7538
-7531
-7537
-7520
-7525
-7508
-7511
-7506
-7508
-7519
-7525
-7537
-7532
-7536
-7527
-7525
-7522
-7522
-7519
-7514
-7520
-7514
-7515
-7520
-7519
-7516
-7510
-7512
-7503
-7503
-7498
-7495
-7498
-7489
-7500
-7488
-7495
-7493
-7488
-7496
-7489
-7500
-7500
-7508
-7509
-7506
-7506
-7498
-7496
-7494
-7493
-7487
-7492
-7482
-7484
-7487
-7478
-7479
-7463
-7459
-7440
-7437
-7435
-7430
-7428
-7427
-7429
-7424
-7435
-7422
-7437
-7428
-7438
-7439
-7437
-7451
-7437
-7449
-7428
-7436
-7427
-7423
-7424
-7410
-7416
-7395
-7407
-7384
-7390
-7387
-7379
-7391
-7372
-7389
-7369
-7384
-7377
-7376
-7386
-7370
-7389
-7371
-7385
-7378
-7379
-7388
-7380
-7387
-7373
-7384
-7375
-7375
-7369
-7363
-7365
-7351
-7362
-7340
-7348
-7328
-7325
-7329
-7309
-7330
-7313
-7325
-7317
-7313
-7323
-7315
-7327
-7322
-7326
-7329
-7327
-7331
-7327
-7333
-7324
-7326
-7329
-7317
-7330
-7317
-7327
-7320
-7321
-7326
-7316
-7333
-7318
-7324
-7316
-7312
-7319
-7314
-7324
-7319
-7324
-7330
-7327
-7331
-7330
-7337
-7345
-7342
-7350
-7359
-7367
-7376
-7378
-7376
-7378
-7379
-7369
-7371
-7363
-7368
-7362
-7364
-7366
-7359
-7371
-7362
-7374
-7365
-7368
-7372
-7362
-7375
-7369
-7373
-7378
-7371
-7377
-7371
-7371
-7378
-7378
-7386
-7384
-7395
-7398
-7409
-7415
-7422
-7432
-7437
-7453
-7449
-7463
-7461
-7468
-7465
-7458
-7462
-7450
-7455
-7445
-7448
-7440
-7442
-7441
-7446
-7452
-7447
-7457
-7442
-7463
-7451
-7461
-7464
-7453
-7478
-7452
-7471
-7457
-7456
-7464
-7447
-7469
-7453
-7470
-7475
-7479
-7496
-7494
-7503
-7502
-7510
-7512
-7510
-7513
-7511
-7510
-7514
-7516
-7520
-7520
-7527
-7527
-7533
-7532
-7528
-7535
-7528
-7538
-7532
-7535
-7528
-7520
-7524
-7514
-7514
-7512
-7516
-7517
-7515
-7518
-7520
-7522
-7527
-7527
-7530
-7529
-7530
-7532
-7535
-7544
-7544
-7548
-7550
-7552
-7553
-7549
-7549
-7547
-7543
-7548
-7546
-7549
-7544
-7549
-7550
-7556
-7562
-7562
-7576
-7565
-7578
-7570
-7575
-7573
-7564
-7571
-7559
-7571
-7550
-7556
-7551
-7540
-7551
-7540
-7544
-7540
-7539
-7538
-7534
-7544
-7549
-7553
-7554
-7560
-7573
-7567
-7577
-7578
-7583
-7580
-7580
-7594
-7583
-7595
-7588
-7591
-7589
-7577
-7583
-7574
-7576
-7568
-7568
-7571
-7566
-7556
-7552
-7553
-7552
-7550
-7534
-7547
-7530
-7530
-7534
-7527
-7529
-7528
-7547
-7530
-7543
-7535
-7548
-7537
-7542
-7567
-7540
-7572
-7561
-7570
-7586
-7579
-7607
-7602
-7612
-7618
-7605
-7617
-7592
-7606
-7587
-7585
-7590
-7563
-7585
-7556
-7580
-7568
-7558
-7567
-7547
-7560
-7546
-7548
-7558
-7556
-7579
-7594
-7601
-7613
-7604
-7608
-7598
-7596
-7593
-7581
-7585
-7575
-7582
-7585
-7588
-7594
-7580
-7592
-7586
-7579
-7574
-7565
-7557
-7545
-7539
-7523
-7528
-7524
-7543
-7542
-7555
-7555
-7544
-7549
-7528
-7539
-7515
-7523
-7521
-7515
-7541
-7546
-7574
-7584
-7603
-7625
-7645
-7683
-7699
-7709
-7713
-7707
-7712
-7702
-7689
-7668
-7633
-7622
-7606
-7602
-7600
-7580
-7581
-7581
-7597
-7572
-7538
-7504
-7450
-7423
-7388
-7369
-7349
-7341
-7349
-7359
-7394
-7428
-7447
-7469
-7491
-7527
-7562
-7588
-7594
-7601
-7612
-7624
-7651
-7656
-7688
-7699
-7754
-7791
-7815
-7854
-7852
-7881
-7839
-7820
-7764
-7707
-7668
-7586
-7555
-7482
-7449
-7416
-7408
-7430
-7429
-7458
-7459
-7480
-7487
-7462
-7432
-7412
-7390
-7394
-7351
-7317
-7318
-7303
-7373
-7400
-7481
-7550
-7629
-7734
-7780
-7865
-7865
-7890
-7855
-7823
-7807
-7765
-7780
-7748
-7742
-7711
-7683
-7664
-7656
-7668
-7670
-7665
-7651
-7613
-7555
-7479
-7383
-7291
-7182
-7109
-7035
-6980
-6950
-6965
-7023
-7097
-7183
-7261
-7360
-7468
-7583
-7680
-7758
-7814
-7855
-7899
-7933
-7965
-7995
-8014
-8013
-7997
-7969
-7913
-7884
-7890
-7884
-7828
-7740
-7701
-7697
-7700
-7681
-7614
-7538
-7482
-7469
-7463
-7423
-7369
-7308
-7277
-7294
-7337
-7360
-7366
-7445
-7600
-7756
-7859
-7853
-7774
-7698
-7654
-7686
-7709
-7721
-7672
-7576
-7515
-7437
-7445
-7417
-7388
-7379
-7382
-7428
-7404
-7385
-7347
-7362
-7410
-7427
-7446
-7441
-7462
-7518
-7576
-7664
-7779
-7911
-8041
-8120
-8188
-8224
-8249
-8210
-8123
-8005
-7827
-7674
-7535
-7460
-7365
-7283
-7219
-7168
-7164
-7105
-7026
-6946
-6946
-6980
-7038
-7089
-7109
-7110
-7092
-7134
-7236
-7450
-7734
-8011
-8206
-8308
-8407
-8517
-8595
-8603
-8557
-8458
-8335
-8199
-8032
-7850
-7658
-7509
-7373
-7258
-7207
-7194
-7212
-7205
-7184
-7147
-7097
-7052
-7022
-7056
-7100
-7136
-7112
-7113
-7202
-7367
-7586
-7774
-7973
-8152
-8296
-8358
-8362
-8331
-8286
-8230
-8166
-8102
-7991
-7861
-7678
-7525
-7382
-7231
-7083
-6949
-6884
-6875
-6930
-6972
-7029
-7089
-7160
-7210
-7206
-7181
-7173
-7249
-7356
-7511
-7650
-7804
-7905
-7936
-7938
-7924
-7980
-8037
-8126
-8156
-8175
-8144
-8090
-8059
-7989
-7932
-7823
-7735
-7627
-7510
-7384
-7286
-7239
-7224
-7242
-7256
-7278
-7279
-7309
-7327
-7357
-7357
-7358
-7378
-7408
-7442
-7403
-7365
-7322
-7338
-7382
-7456
-7510
-7547
-7610
-7671
-7759
-7791
-7793
-7767
-7767
-7749
-7687
-7616
-7542
-7538
-7541
-7574
-7580
-7581
-7634
-7692
-7786
-7840
-7868
-7874
-7847
-7812
-7729
-7622
-7516
-7430
-7396
-7394
-7405
-7432
-7469
-7517
-7571
-7612
-7636
-7622
-7591
-7537
-7460
-7419
-7392
-7347
-7315
-7307
-7318
-7340
-7383
-7449
-7509
-7568
-7617
-7647
-7679
-7714
-7723
-7732
-7753
-7744
-7711
-7678
-7674
-7710
-7762
-7831
-7906
-7972
-8044
-8066
-8016
-7927
-7823
-7741
-7653
-7544
-7431
-7349
-7317
-7315
-7323
-7332
-7359
-7396
-7443
-7465
-7459
-7432
-7415
-7407
-7400
-7425
-7440
-7489
-7535
-7635
-7744
-7828
-7891
-7920
-7986
-8011
-8037
-7981
-7927
-7862
-7764
-7678
-7576
-7506
-7446
-7421
-7373
-7380
-7369
-7368
-7336
-7309
-7318
-7322
-7401
-7410
-7444
-7458
-7515
-7627
-7732
-7866
-7937
-8010
-8044
-8052
-8060
-8044
-8005
-7959
-7898
-7838
-7772
-7705
-7642
-7580
-7535
-7489
-7473
-7447
-7450
-7418
-7370
-7296
-7215
-7180
-7137
-7158
-7155
-7241
-7363
-7504
-7652
-7741
-7856
-7917
-7994
-8021
-8034
-8007
-7947
-7892
-7805
-7755
-7666
-7610
-7562
-7542
-7544
-7524
-7516
-7494
-7515
-7544
-7550
-7532
-7498
-7459
-7421
-7395
-7381
-7399
-7433
-7490
-7556
-7642
-7774
-7892
-8014
-8079
-8090
-8078
-8015
-7953
-7837
-7718
-7598
-7491
-7446
-7440
-7513
-7586
-7646
-7682
-7694
-7712
-7670
-7614
-7528
-7471
-7455
-7456
-7501
-7542
-7597
-7645
-7687
-7743
-7794
-7858
-7924
-7985
-8047
-8090
-8099
-8065
-8005
-7895
-7820
-7741
-7720
-7726
-7718
-7761
-7743
-7760
-7726
-7716
-7691
-7648
-7617
-7545
-7509
-7430
-7393
-7355
-7394
-7477
-7575
-7698
-7760
-7836
-7847
-7866
-7871
-7879
-7886
-7852
-7812
-7759
-7752
-7724
-7717
-7702
-7704
-7727
-7757
-7813
-7834
-7845
-7794
-7735
-7680
-7621
-7593
-7567
-7558
-7585
-7623
-7689
-7750
-7796
-7856
-7879
-7913
-7899
-7875
-7830
-7768
-7722
-7643
-7618
-7578
-7588
-7603
-7633
-7689
-7721
-7765
-7760
-7756
-7743
-7733
-7740
-7734
-7728
-7704
-7667
-7653
-7651
-7669
-7683
-7697
-7729
-7761
-7799
-7805
-7786
-7718
-7644
-7578
-7519
-7500
-7486
-7511
-7538
-7572
-7636
-7706
-7798
-7868
-7925
-7959
-7948
-7942
-7895
-7841
-7763
-7689
-7677
-7665
-7694
-7695
-7715
-7738
-7763
-7832
-7878
-7936
-7936
-7886
-7814
-7734
-7651
-7582
-7530
-7522
-7548
-7616
-7690
-7760
-7858
-7901
-7971
-7975
-7988
-7971
-7924
-7902
-7838
-7824
-7762
-7758
-7718
-7707
-7723
-7735
-7808
-7821
-7877
-7856
-7839
-7800
-7751
-7717
-7648
-7604
-7543
-7533
-7559
-7626
-7728
-7834
-7938
-8044
-8115
-8173
-8182
-8156
-8094
-8035
-7982
-7919
-7919
-7903
-7938
-7944
-7962
-7972
-7961
-7952
-7905
-7870
-7794
-7738
-7664
-7605
-7551
-7499
-7461
-7449
-7484
-7537
-7624
-7697
-7802
-7873
-7943
-8001
-8010
-8057
-8046
-8039
-8006
-7961
-7937
-7907
-7929
-7952
-8036
-8099
-8166
-8175
-8135
-8084
-7976
-7900
-7774
-7688
-7601
-7549
-7529
-7498
-7506
-7520
-7572
-7638
-7699
-7769
-7812
-7822
-7817
-7769
-7759
-7711
-7690
-7691
-7684
-7729
-7738
-7810
-7841
-7908
-7970
-8016
-8053
-8037
-8031
-7964
-7909
-7793
-7706
-7627
-7589
-7579
-7593
-7644
-7677
-7718
-7722
-7759
-7740
-7738
-7695
-7645
-7595
-7531
-7503
-7466
-7479
-7501
-7557
-7606
-7701
-7789
-7886
-7957
-7973
-7987
-7931
-7889
-7803
-7731
-7698
-7666
-7676
-7676
-7699
-7726
-7750
-7788
-7816
-7833
-7815
-7778
-7715
-7636
-7572
-7502
-7457
-7430
-7422
-7458
-7480
-7523
-7569
-7605
-7662
-7684
-7732
-7749
-7761
-7750
-7688
-7640
-7572
-7545
-7535
-7553
-7618
-7683
-7791
-7878
-7944
-7998
-7975
-7954
-7874
-7812
-7745
-7659
-7619
-7545
-7547
-7542
-7587
-7646
-7676
-7724
-7717
-7719
-7682
-7640
-7593
-7531
-7477
-7428
-7405
-7401
-7408
-7443
-7485
-7545
-7638
-7714
-7803
-7853
-7890
-7908
-7872
-7833
-7764
-7707
-7640
-7611
-7609
-7632
-7685
-7734
-7803
-7847
-7894
-7879
-7852
-7790
-7714
-7652
-7571
-7532
-7485
-7471
-7458
-7480
-7535
-7585
-7676
-7711
-7733
-7722
-7719
-7722
-7689
-7698
-7657
-7645
-7628
-7623
-7648
-7662
-7725
-7756
-7808
-7866
-7893
-7915
-7870
-7829
-7784
-7677
-7626
-7568
-7547
-7531
-7526
-7587
-7600
-7672
-7726
-7764
-7806
-7818
-7853
-7810
-7775
-7715
-7654
-7640
-7622
-7653
-7679
-7716
-7756
-7782
-7818
-7841
-7842
-7843
-7810
-7780
-7706
-7634
-7564
-7487
-7478
-7448
-7501
-7541
-7617
-7695
-7737
-7807
-7821
-7874
-7866
-7878
-7862
-7827
-7836
-7822
-7852
-7860
-7891
-7925
-7969
-8024
-8078
-8114
-8114
-8100
-8042
-7990
-7881
-7788
-7693
-7583
-7543
-7493
-7503
-7533
-7564
-7618
-7632
-7675
-7681
-7688
-7678
-7644
-7620
-7576
-7579
-7573
-7621
-7682
-7760
-7863
-7954
-8043
-8093
-8135
-8142
-8131
-8118
-8097
-8043
-7980
-7930
-7864
-7820
-7801
-7774
-7780
-7786
-7826
-7849
-7851
-7876
-7830
-7807
-7749
-7706
-7690
-7643
-7643
-7625
-7648
-7692
-7762
-7864
-7948
-8050
-8083
-8107
-8104
-8061
-8026
-7942
-7918
-7880
-7871
-7893
-7892
-7940
-7945
-7979
-8005
-8012
-8024
-7990
-7969
-7913
-7861
-7811
-7750
-7711
-7660
-7644
-7645
-7678
-7739
-7794
-7861
-7915
-7957
-7991
-7994
-7990
-7965
-7925
-7889
-7839
-7841
-7824
-7846
-7888
-7933
-8016
-8045
-8095
-8095
-8097
-8071
-8019
-7975
-7891
-7853
-7796
-7789
-7789
-7808
-7842
-7854
-7889
-7902
-7939
-7947
-7953
-7936
-7892
-7838
-7778
-7736
-7709
-7713
-7728
-7770
-7812
-7878
-7930
-7980
-8007
-8024
-8033
-8006
-7992
-7934
-7890
-7839
-7804
-7794
-7790
-7832
-7872
-7920
-7957
-7988
-8008
-8016
-8008
-7993
-7963
-7918
-7872
-7813
-7776
-7749
-7738
-7762
-7801
-7867
-7933
-7977
-8014
-8015
-8014
-7983
-7938
-7897
-7843
-7817
-7775
-7779
-7787
-7804
-7849
-7875
-7944
-7975
-7997
-8003
-8006
-7971
-7917
-7906
-7828
-7815
-7795
-7780
-7797
-7803
-7855
-7873
-7939
-7959
-7986
-8012
-8004
-8009
-7967
-7946
-7889
-7861
-7823
-7814
-7822
-7843
-7904
-7932
-8009
-8038
-8068
-8057
-8011
-7963
-7886
-7852
-7805
-7779
-7779
-7776
-7768
-7820
-7860
-7906
-7958
-7966
-7989
-7949
-7972
-7932
-7866
-7895
-7836
-7836
-7838
-7828
-7866
-7879
-7913
-7953
-7990
-8043
-8057
-8076
-8052
-8007
-7968
-7886
-7851
-7782
-7768
-7764
-7788
-7831
-7861
-7923
-7926
-7991
-7984
-7995
-7988
-7929
-7920
-7840
-7822
-7788
-7786
-7803
-7816
-7865
-7902
-7962
-7992
-8010
-8024
-8020
-7978
-7965
-7923
-7897
-7837
-7820
-7815
-7797
-7871
-7868
-7952
-7980
-8025
-8068
-8061
-8098
-8043
-8017
-7947
-7904
-7874
-7835
-7838
-7818
-7848
-7875
-7911
-7961
-7976
-8009
-8006
-8010
-8006
-7965
-7951
-7887
-7870
-7838
-7833
-7871
-7902
-7973
-8012
-8081
-8115
-8150
-8160
-8154
-8130
-8081
-8053
-7993
-7962
-7920
-7909
-7918
-7957
-8008
-8060
-8092
-8111
-8131
-8114
-8109
-8068
-8051
-7998
-7981
-7957
-7941
-7949
-7935
-7966
-7968
-8022
-8053
-8113
-8146
-8158
-8159
-8112
-8097
-8048
-8024
-7992
-7971
-7964
-7972
-8007
-8042
-8088
-8134
-8173
-8194
-8207
-8189
-8156
-8110
-8064
-8035
-8019
-8021
-8027
-8065
-8102
-8155
-8204
-8229
-8268
-8281
-8274
-8256
-8233
-8205
-8166
-8141
-8104
-8094
-8087
-8095
-8123
-8135
-8184
-8206
-8246
-8257
-8244
-8227
-8175
-8143
-8090
-8060
-8034
-8026
-8037
-8051
-8095
-8145
-8199
-8255
-8287
-8310
-8314
-8288
-8264
-8213
-8172
-8140
-8125
-8139
-8166
-8205
-8235
-8276
-8291
-8335
-8353
-8375
-8378
-8353
-8339
-8288
-8266
-8218
-8204
-8175
-8185
-8200
-8225
-8269
-8283
-8317
-8307
-8313
-8286
-8269
-8240
-8195
-8163
-8116
-8105
-8088
-8104
-8138
-8178
-8235
-8278
-8327
-8356
-8366
-8364
-8350
-8331
-8315
-8285
-8257
-8237
-8216
-8239
-8260
-8298
-8333
-8363
-8394
-8397
-8399
-8380
-8347
-8295
-8241
-8203
-8171
-8156
-8172
-8178
-8225
-8266
-8291
-8339
-8351
-8379
-8368
-8360
-8341
-8312
-8301
-8256
-8247
-8230
-8239
-8256
-8270
-8315
-8327
-8359
-8375
-8390
-8391
-8365
-8350
-8299
-8267
-8228
-8199
-8185
-8158
-8187
-8205
-8239
-8294
-8329
-8377
-8386
-8382
-8359
-8320
-8272
-8237
-8225
-8203
-8213
-8223
-8236
-8265
-8279
-8306
-8329
-8336
-8335
-8312
-8292
-8250
-8207
-8186
-8159
-8130
-8128
-8140
-8154
-8182
-8205
-8220
-8265
-8281
-8302
-8321
-8288
-8296
-8253
-8216
-8162
-8137
-8133
-8118
-8162
-8174
-8238
-8254
-8287
-8324
-8314
-8307
-8260
-8238
-8184
-8148
-8114
-8103
-8108
-8115
-8136
-8161
-8202
-8217
-8241
-8235
-8234
-8220
-8199
-8181
-8142
-8133
-8103
-8095
-8104
-8112
-8156
-8174
-8217
-8250
-8283
-8315
-8314
-8321
-8299
-8277
-8238
-8199
-8159
-8130
-8115
-8127
-8154
-8176
-8218
-8227
-8248
-8243
-8224
-8210
-8170
-8140
-8095
-8055
-8023
-8009
-8014
-8030
-8069
-8113
-8168
-8206
-8242
-8250
-8239
-8231
-8205
-8187
-8161
-8142
-8120
-8103
-8115
-8132
-8167
-8205
-8230
-8263
-8281
-8285
-8277
-8243
-8210
-8168
-8126
-8099
-8078
-8073
-8071
-8075
-8086
-8102
-8130
-8154
-8177
-8190
-8195
-8180
-8160
-8132
-8101
-8076
-8054
-8056
-8052
-8082
-8108
-8146
-8190
-8215
-8255
-8254
-8248
-8215
-8179
-8137
-8094
-8068
-8030
-8032
-8027
-8044
-8076
-8102
-8141
-8155
-8171
-8166
-8158
-8145
-8130
-8107
-8081
-8076
-8073
-8088
-8099
-8117
-8142
-8159
-8190
-8210
-8230
-8243
-8229
-8213
-8176
-8141
-8101
-8062
-8036
-8014
-8021
-8036
-8062
-8094
-8122
-8146
-8163
-8159
-8156
-8133
-8098
-8063
-8023
-8012
-8002
-8016
-8043
-8071
-8107
-8131
-8153
-8163
-8167
-8159
-8138
-8123
-8095
-8079
-8052
-8032
-8021
-8016
-8032
-8047
-8076
-8106
-8129
-8155
-8158
-8148
-8143
-8115
-8091
-8058
-8037
-8021
-8006
-8011
-8012
-8039
-8072
-8109
-8149
-8161
-8174
-8159
-8137
-8113
-8079
-8054
-8024
-8020
-7996
-8017
-8039
-8068
-8110
-8126
-8163
-8164
-8188
-8178
-8164
-8151
-8110
-8093
-8059
-8045
-8040
-8043
-8070
-8096
-8148
-8184
-8215
-8228
-8230
-8226
-8202
-8191
-8159
-8141
-8110
-8099
-8090
-8091
-8107
-8122
-8155
-8180
-8223
-8236
-8252
-8243
-8224
-8205
-8179
-8159
-8133
-8125
-8110
-8118
-8133
-8169
-8202
-8235
-8267
-8279
-8292
-8277
-8259
-8219
-8185
-8146
-8131
-8127
-8131
-8158
-8169
-8207
-8213
-8246
-8260
-8264
-8277
-8248
-8247
-8211
-8190
-8184
-8155
-8160
-8147
-8173
-8194
-8220
-8255
-8272
-8304
-8312
-8336
-8341
-8341
-8324
-8295
-8260
-8234
-8207
-8200
-8201
-8205
-8237
-8251
-8289
-8299
-8308
-8301
-8277
-8261
-8222
-8195
-8167
-8153
-8168
-8172
-8199
-8225
-8246
-8284
-8297
-8330
-8340
-8353
-8347
-8321
-8305
-8273
-8263
-8241
-8243
-8238
-8250
-8273
-8292
-8313
-8318
-8336
-8332
-8336
-8320
-8311
-8286
-8251
-8222
-8179
-8175
-8164
-8183
-8208
-8243
-8287
-8312
-8344
-8336
-8337
-8322
-8308
-8293
-8274
-8265
-8249
-8249
-8250
-8260
-8274
-8313
-8338
-8366
-8372
-8368
-8358
-8331
-8317
-8266
-8258
-8218
-8217
-8206
-8203
-8236
-8231
-8293
-8293
-8337
-8347
-8358
-8364
-8331
-8328
-8284
-8286
-8253
-8257
-8251
-8267
-8293
-8306
-8342
-8358
-8385
-8389
-8402
-8385
-8379
-8352
-8335
-8301
-8278
-8268
-8251
-8267
-8267
-8303
-8327
-8366
-8387
-8397
-8393
-8383
-8361
-8334
-8311
-8274
-8266
-8244
-8258
-8259
-8287
-8318
-8347
-8379
-8389
-8409
-8399
-8398
-8371
-8353
-8318
-8306
-8294
-8293
-8305
-8300
-8323
-8326
-8348
-8355
-8379
-8392
-8412
-8408
-8408
-8382
-8355
-8339
-8292
-8303
-8284
-8313
-8327
-8351
-8376
-8393
-8416
-8413
-8425
-8395
-8387
-8346
-8318
-8294
-8264
-8262
-8251
-8275
-8287
-8322
-8345
-8346
-8365
-8343
-8348
-8320
-8302
-8295
-8259
-8262
-8235
-8231
-8240
-8234
-8264
-8271
-8291
-8315
-8325
-8340
-8332
-8336
-8303
-8291
-8271
-8245
-8232
-8209
-8202
-8210
-8229
-8250
-8286
-8304
-8328
-8321
-8322
-8306
-8282
-8263
-8231
-8213
-8199
-8198
-8203
-8229
-8249
-8273
-8286
-8295
-8295
-8291
-8272
-8252
-8237
-8211
-8195
-8161
-8144
-8130
-8127
-8130
-8151
-8176
-8187
-8223
-8225
-8233
-8228
-8216
-8200
-8169
-8163
-8138
-8134
-8143
-8143
-8163
-8185
-8211
-8236
-8257
-8268
-8265
-8249
-8224
-8195
-8163
-8136
-8123
-8113
-8109
-8117
-8135
-8153
-8177
-8193
-8201
-8216
-8212
-8211
-8186
-8162
-8138
-8114
-8107
-8101
-8111
-8127
-8150
-8178
-8207
-8229
-8250
-8248
-8253
-8241
-8227
-8219
-8191
-8180
-8154
-8154
-8152
-8162
-8184
-8194
-8223
-8233
-8258
-8265
-8271
-8266
-8250
-8241
-8213
-8198
-8181
-8168
-8167
-8182
-8210
-8241
-8267
-8294
-8306
-8313
-8311
-8301
-8284
-8262
-8236
-8207
-8202
-8193
-8215
-8231
-8257
-8275
-8291
-8313
-8316
-8335
-8319
-8321
-8301
-8294
-8278
-8265
-8254
-8240
-8245
-8245
-8278
-8288
-8325
-8337
-8355
-8355
-8352
-8347
-8330
-8318
-8289
-8277
-8247
-8249
-8244
-8260
-8283
-8312
-8350
-8371
-8400
-8394
-8388
-8364
-8341
-8329
-8303
-8296
-8283
-8288
-8297
-8314
-8331
-8350
-8374
-8380
-8395
-8386
-8398
-8370
-8355
-8338
-8307
-8310
-8286
-8295
-8295
-8312
-8332
-8356
-8392
-8404
-8424
-8425
-8414
-8402
-8372
-8352
-8319
-8296
-8274
-8264
-8280
-8285
-8318
-8325
-8356
-8375
-8389
-8407
-8386
-8384
-8351
-8333
-8312
-8296
-8296
-8292
-8301
-8314
-8338
-8366
-8395
-8406
-8416
-8408
-8401
-8386
-8365
-8348
-8326
-8315
-8300
-8308
-8317
-8332
-8349
-8375
-8392
-8408
-8414
-8404
-8397
-8373
-8370
-8343
-8336
-8327
-8325
-8338
-8343
-8385
-8384
-8406
-8410
-8421
-8430
-8419
-8433
-8400
-8397
-8356
-8334
-8307
-8296
-8303
-8302
-8342
-8351
-8404
-8411
-8446
-8441
-8434
-8432
-8401
-8397
-8358
-8363
-8331
-8349
-8351
-8372
-8397
-8417
-8452
-8456
-8486
-8472
-8486
-8458
-8446
-8432
-8396
-8397
-8371
-8379
-8382
-8386
-8406
-8417
-8445
-8466
-8480
-8502
-8497
-8490
-8478
-8456
-8436
-8408
-8394
-8390
-8388
-8403
-8421
-8439
-8471
-8488
-8503
-8506
-8498
-8496
-8471
-8459
-8432
-8422
-8419
-8404
-8427
-8428
-8462
-8478
-8497
-8522
-8509
-8521
-8497
-8494
-8479
-8467
-8452
-8435
-8435
-8423
-8433
-8432
-8451
-8458
-8475
-8500
-8504
-8514
-8490
-8476
-8445
-8425
-8414
-8396
-8403
-8395
-8415
-8429
-8453
-8474
-8500
-8519
-8528
-8539
-8522
-8508
-8484
-8466
-8443
-8436
-8430
-8436
-8454
-8471
-8489
-8509
-8524
-8531
-8550
-8537
-8526
-8510
-8483
-8470
-8448
-8435
-8416
-8420
-8424
-8432
-8448
-8458
-8480
-8480
-8479
-8474
-8480
-8463
-8452
-8434
-8411
-8415
-8409
-8421
-8433
-8460
-8473
-8502
-8523
-8538
-8543
-8531
-8537
-8503
-8498
-8469
-8457
-8440
-8410
-8424
-8419
-8445
-8446
-8460
-8471
-8468
-8476
-8461
-8450
-8422
-8398
-8373
-8343
-8342
-8347
-8359
-8382
-8400
-8430
-8438
-8453
-8456
-8442
-8441
-8416
-8416
-8387
-8380
-8363
-8340
-8345
-8323
-8347
-8333
-8368
-8372
-8381
-8393
-8371
-8386
-8348
-8352
-8313
-8299
-8285
-8266
-8277
-8271
-8293
-8309
-8343
-8367
-8380
-8390
-8385
-8364
-8347
-8319
-8299
-8270
-8255
-8247
-8248
-8260
-8264
-8281
-8284
-8303
-8312
-8318
-8314
-8302
-8293
-8272
-8261
-8243
-8229
-8229
-8221
-8227
-8238
-8252
-8279
-8296
-8315
-8332
-8333
-8340
-8331
-8315
-8303
-8273
-8274
-8255
-8259
-8262
-8268
-8290
-8297
-8319
-8327
-8337
-8324
-8326
-8296
-8276
-8257
-8237
-8234
-8225
-8236
-8232
-8254
-8268
-8278
-8291
-8301
-8302
-8295
-8289
-8274
-8260
-8252
-8248
-8251
-8261
-8273
-8283
-8301
-8324
-8341
-8354
-8366
-8376
-8371
-8366
-8351
-8329
-8311
-8282
-8267
-8263
-8255
-8279
-8287
-8310
-8324
-8327
-8335
-8327
-8331
-8312
-8299
-8275
-8258
-8244
-8238
-8233
-8234
-8255
-8264
-8293
-8313
-8330
-8343
-8339
-8336
-8317
-8310
-8299
-8281
-8284
-8284
-8296
-8308
-8325
-8349
-8364
-8381
-8395
-8400
-8401
-8389
-8372
-8350
-8334
-8321
-8306
-8304
-8305
-8322
-8332
-8350
-8365
-8378
-8388
-8389
-8389
-8381
-8371
-8346
-8330
-8311
-8294
-8293
-8291
-8312
-8329
-8358
-8384
-8402
-8426
-8432
-8434
-8414
-8396
-8365
-8349
-8328
-8320
-8316
-8313
-8323
-8333
-8364
-8368
-8401
-8394
-8411
-8408
-8402
-8412
-8386
-8398
-8374
-8394
-8385
-8396
-8402
-8404
-8433
-8429
-8458
-8456
-8481
-8474
-8459
-8447
-8415
-8400
-8377
-8372
-8363
-8362
-8367
-8380
-8391
-8409
-8417
-8430
-8442
-8440
-8437
-8418
-8406
-8390
-8386
-8391
-8388
-8405
-8412
-8426
-8444
-8450
-8466
-8462
-8461
-8456
-8445
-8435
-8428
-8416
-8410
-8404
-8404
-8410
-8413
-8432
-8435
-8462
-8466
-8483
-8486
-8486
-8487
-8462
-8465
-8442
-8439
-8432
-8431
-8442
-8449
-8471
-8479
-8498
-8506
-8510
-8510
-8509
-8502
-8490
-8478
-8461
-8458
-8447
-8451
-8462
-8476
-8493
-8509
-8523
-8540
-8542
-8549
-8538
-8526
-8520
-8489
-8489
-8465
-8476
-8477
-8487
-8507
-8520
-8546
-8544
-8563
-8548
-8554
-8533
-8523
-8513
-8491
-8493
-8475
-8493
-8484
-8497
-8505
-8516
-8542
-8551
-8575
-8578
-8593
-8580
-8572
-8556
-8544
-8539
-8518
-8519
-8509
-8523
-8529
-8548
-8567
-8579
-8593
-8592
-8596
-8581
-8568
-8542
-8517
-8503
-8488
-8486
-8490
-8503
-8520
-8532
-8549
-8555
-8556
-8560
-8557
-8549
-8538
-8528
-8512
-8513
-8502
-8504
-8508
-8506
-8526
-8526
-8550
-8561
-8571
-8587
-8584
-8583
-8571
-8557
-8532
-8526
-8512
-8510
-8509
-8518
-8532
-8538
-8568
-8573
-8590
-8597
-8590
-8589
-8566
-8547
-8532
-8515
-8512
-8509
-8510
-8525
-8532
-8547
-8551
-8558
-8566
-8560
-8561
-8539
-8529
-8513
-8501
-8497
-8480
-8497
-8500
-8512
-8528
-8535
-8553
-8554
-8560
-8555
-8549
-8547
-8533
-8520
-8511
-8496
-8495
-8487
-8496
-8510
-8519
-8541
-8543
-8557
-8552
-8552
-8544
-8525
-8515
-8489
-8481
-8465
-8460
-8460
-8456
-8471
-8482
-8494
-8513
-8523
-8536
-8531
-8525
-8513
-8494
-8481
-8463
-8458
-8456
-8466
-8470
-8480
-8490
-8500
-8511
-8514
-8522
-8513
-8509
-8498
-8495
-8487
-8479
-8481
-8471
-8483
-8491
-8513
-8529
-8547
-8561
-8558
-8571
-8559
-8562
-8540
-8532
-8525
-8500
-8499
-8484
-8493
-8485
-8505
-8514
-8534
-8554
-8555
-8566
-8543
-8537
-8516
-8507
-8489
-8490
-8487
-8496
-8510
-8517
-8544
-8542
-8570
-8573
-8584
-8589
-8589
-8587
-8570
-8566
-8554
-8554
-8545
-8559
-8563
-8575
-8585
-8595
-8610
-8624
-8641
-8639
-8645
-8632
-8623
-8601
-8588
-8565
-8553
-8544
-8542
-8559
-8547
-8578
-8572
-8591
-8606
-8604
-8613
-8588
-8592
-8569
-8570
-8562
-8562
-8570
-8580
-8592
-8606
-8631
-8631
-8654
-8643
-8654
-8643
-8628
-8629
-8606
-8609
-8588
-8593
-8587
-8588
-8602
-8604
-8620
-8625
-8636
-8644
-8647
-8647
-8630
-8616
-8598
-8585
-8576
-8564
-8570
-8576
-8588
-8600
-8611
-8621
-8626
-8633
-8636
-8632
-8628
-8618
-8602
-8597
-8587
-8586
-8588
-8602
-8616
-8631
-8649
-8657
-8667
-8664
-8657
-8654
-8644
-8623
-8619
-8594
-8588
-8575
-8568
-8584
-8569
-8592
-8592
-8604
-8613
-8611
-8615
-8596
-8594
-8572
-8563
-8554
-8555
-8551
-8553
-8554
-8559
-8569
-8572
-8600
-8596
-8618
-8606
-8605
-8598
-8582
-8577
-8562
-8568
-8555
-8572
-8574
-8598
-8610
-8627
-8636
-8638
-8641
-8624
-8616
-8595
-8599
-8580
-8585
-8575
-8578
-8578
-8583
-8605
-8597
-8625
-8609
-8621
-8616
-8599
-8596
-8569
-8571
-8549
-8544
-8541
-8537
-8545
-8540
-8546
-8554
-8563
-8580
-8587
-8602
-8607
-8601
-8599
-8582
-8577
-8562
-8559
-8557
-8559
-8570
-8577
-8594
-8594
-8603
-8594
-8594
-8582
-8561
-8548
-8520
-8509
-8484
-8483
-8479
-8482
-8495
-8492
-8508
-8508
-8515
-8519
-8519
-8522
-8518
-8517
-8506
-8502
-8499
-8487
-8492
-8491
-8499
-8504
-8506
-8519
-8511
-8523
-8512
-8507
-8497
-8481
-8471
-8453
-8447
-8434
-8434
-8432
-8442
-8442
-8458
-8468
-8476
-8470
-8458
-8456
-8429
-8425
-8405
-8402
-8393
-8400
-8410
-8424
-8448
-8444
-8464
-8454
-8468
-8461
-8457
-8453
-8430
-8421
-8404
-8400
-8389
-8394
-8387
-8395
-8396
-8409
-8413
-8422
-8424
-8417
-8414
-8401
-8401
-8376
-8376
-8356
-8353
-8344
-8340
-8348
-8353
-8376
-8376
-8393
-8388
-8390
-8385
-8379
-8371
-8362
-8351
-8338
-8332
-8318
-8329
-8320
-8334
-8341
-8356
-8372
-8372
-8384
-8367
-8371
-8348
-8334
-8324
-8308
-8317
-8310
-8328
-8330
-8345
-8358
-8364
-8380
-8376
-8385
-8373
-8377
-8361
-8354
-8347
-8328
-8333
-8318
-8335
-8334
-8345
-8358
-8353
-8369
-8357
-8361
-8347
-8330
-8323
-8291
-8285
-8265
-8269
-8266
-8271
-8290
-8289
-8318
-8329
-8354
-8352
-8357
-8354
-8340
-8344
-8322
-8325
-8313
-8315
-8321
-8321
-8333
-8337
-8348
-8354
-8356
-8364
-8367
-8375
-8372
-8378
-8374
-8367
-8363
-8351
-8353
-8344
-8351
-8346
-8354
-8360
-8357
-8359
-8348
-8346
-8337
-8330
-8323
-8312
-8303
-8305
-8306
-8320
-8335
-8349
-8369
-8380
-8395
-8394
-8396
-8391
-8377
-8364
-8345
-8343
-8329
-8329
-8335
-8328
-8346
-8345
-8353
-8362
-8360
-8370
-8361
-8370
-8363
-8360
-8363
-8351
-8363
-8354
-8363
-8365
-8372
-8379
-8384
-8408
-8411
-8420
-8411
-8411
-8399
-8389
-8382
-8367
-8362
-8359
-8357
-8362
-8376
-8383
-8400
-8400
-8415
-8408
-8408
-8402
-8388
-8388
-8367
-8371
-8359
-8361
-8362
-8360
-8370
-8380
-8389
-8401
-8406
-8403
-8403
-8387
-8389
-8369
-8376
-8369
-8373
-8382
-8378
-8400
-8389
-8417
-8412
-8429
-8427
-8421
-8429
-8401
-8405
-8375
-8382
-8366
-8374
-8379
-8375
-8391
-8380
-8405
-8399
-8418
-8415
-8416
-8419
-8410
-8416
-8398
-8399
-8389
-8382
-8386
-8387
-8396
-8411
-8420
-8436
-8437
-8434
-8439
-8426
-8421
-8406
-8396
-8392
-8381
-8384
-8384
-8393
-8407
-8417
-8431
-8434
-8444
-8448
-8439
-8439
-8434
-8430
-8425
-8417
-8425
-8418
-8428
-8437
-8441
-8451
-8458
-8471
-8477
-8484
-8487
-8481
-8473
-8466
-8452
-8450
-8444
-8448
-8452
-8459
-8471
-8481
-8494
-8500
-8503
-8499
-8501
-8494
-8486
-8478
-8467
-8461
-8459
-8455
-8462
-8469
-8478
-8497
-8506
-8519
-8531
-8533
-8528
-8533
-8523
-8518
-8516
-8507
-8516
-8509
-8516
-8522
-8535
-8552
-8559
-8574
-8576
-8583
-8574
-8571
-8557
-8541
-8535
-8525
-8527
-8525
-8532
-8543
-8553
-8567
-8574
-8582
-8590
-8590
-8590
-8575
-8575
-8561
-8561
-8553
-8543
-8557
-8548
-8567
-8565
-8577
-8584
-8581
-8595
-8586
-8595
-8589
-8575
-8571
-8561
-8571
-8571
-8588
-8599
-8605
-8626
-8626
-8642
-8636
-8638
-8635
-8624
-8626
-8610
-8603
-8589
-8583
-8574
-8564
-8575
-8574
-8582
-8596
-8608
-8613
-8613
-8610
-8598
-8592
-8573
-8567
-8551
-8546
-8540
-8530
-8538
-8536
-8553
-8557
-8570
-8576
-8578
-8584
-8575
-8572
-8558
-8550
-8545
-8535
-8539
-8538
-8545
-8558
-8561
-8569
-8571
-8568
-8567
-8562
-8559
-8558
-8549
-8549
-8538
-8539
-8532
-8532
-8539
-8536
-8550
-8549
-8563
-8553
-8558
-8552
-8554
-8547
-8532
-8532
-8505
-8508
-8497
-8498
-8510
-8512
-8528
-8533
-8540
-8544
-8540
-8547
-8532
-8529
-8514
-8505
-8505
-8501
-8504
-8494
-8506
-8494
-8509
-8505
-8505
-8511
-8500
-8516
-8502
-8510
-8499
-8496
-8497
-8489
-8497
-8486
-8497
-8499
-8517
-8521
-8532
-8540
-8536
-8536
-8519
-8521
-8504
-8501
-8495
-8499
-8501
-8509
-8513
-8521
-8524
-8520
-8523
-8507
-8500
-8478
-8468
-8448
-8442
-8434
-8432
-8428
-8428
-8436
-8435
-8453
-8458
-8478
-8480
-8478
-8476
-8468
-8460
-8445
-8435
-8426
-8417
-8418
-8420
-8428
-8441
-8440
-8461
-8451
-8462
-8458
-8450
-8450
-8426
-8429
-8399
-8407
-8390
-8392
-8395
-8386
-8406
-8389
-8402
-8393
-8400
-8403
-8398
-8394
-8380
-8375
-8358
-8355
-8350
-8353
-8358
-8363
-8369
-8384
-8394
-8404
-8406
-8407
-8408
-8396
-8394
-8376
-8381
-8367
-8366
-8361
-8360
-8368
-8363
-8383
-8373
-8386
-8378
-8380
-8370
-8365
-8363
-8346
-8356
-8343
-8351
-8339
-8349
-8347
-8357
-8369
-8367
-8383
-8373
-8386
-8370
-8375
-8366
-8356
-8359
-8343
-8350
-8343
-8360
-8362
-8368
-8381
-8374
-8380
-8369
-8368
-8365
-8352
-8345
-8331
-8322
-8317
-8310
-8313
-8314
-8320
-8334
-8337
-8346
-8349
-8351
-8354
-8351
-8355
-8350
-8356
-8362
-8361
-8369
-8368
-8378
-8380
-8387
-8396
-8394
-8411
-8411
-8414
-8418
-8398
-8391
-8377
-8360
-8353
-8343
-8341
-8337
-8339
-8344
-8349
-8358
-8360
-8363
-8365
-8363
-8364
-8372
-8368
-8371
-8375
-8374
-8382
-8378
-8388
-8388
-8402
-8405
-8408
-8425
-8417
-8428
-8413
-8419
-8406
-8401
-8397
-8391
-8402
-8393
-8414
-8411
-8429
-8433
-8437
-8445
-8434
-8437
-8420
-8417
-8405
-8398
-8393
-8383
-8392
-8393
-8394
-8405
-8404
-8421
-8428
-8429
-8433
-8420
-8421
-8410
-8404
-8398
-8395
-8398
-8396
-8415
-8418
-8429
-8441
-8445
-8453
-8444
-8439
-8428
-8419
-8407
-8396
-8396
-8396
-8406
-8409
-8425
-8429
-8444
-8454
-8459
-8463
-8455
-8455
-8443
-8443
-8435
-8438
-8433
-8431
-8425
-8427
-8425
-8428
-8436
-8436
-8448
-8444
-8444
-8441
-8440
-8428
-8433
-8417
-8420
-8420
-8417
-8431
-8418
-8441
-8443
-8459
-8466
-8462
-8474
-8462
-8464
-8447
-8448
-8437
-8435
-8439
-8434
-8450
-8443
-8467
-8462
-8482
-8488
-8489
-8496
-8481
-8492
-8471
-8479
-8457
-8454
-8444
-8437
-8445
-8437
-8456
-8449
-8465
-8461
-8463
-8464
-8455
-8455
-8444
-8444
-8432
-8435
-8429
-8437
-8449
-8459
-8474
-8489
-8506
-8513
-8522
-8512
-8519
-8502
-8500
-8489
-8483
-8480
-8467
-8478
-8463
-8471
-8457
-8465
-8461
-8459
-8468
-8456
-8458
-8443
-8443
-8426
-8431
-8421
-8422
-8432
-8430
-8446
-8449
-8466
-8466
-8477
-8471
-8468
-8464
-8458
-8453
-8449
-8445
-8436
-8445
-8445
-8461
-8461
-8479
-8476
-8488
-8482
-8482
-8487
-8473
-8482
-8460
-8469
-8450
-8458
-8453
-8449
-8449
-8447
-8459
-8450
-8461
-8449
-8446
-8435
-8430
-8416
-8416
-8408
-8412
-8417
-8418
-8438
-8432
-8459
-8455
-8470
-8475
-8472
-8485
-8470
-8481
-8464
-8461
-8453
-8443
-8445
-8437
-8446
-8443
-8448
-8446
-8441
-8438
-8425
-8419
-8416
-8396
-8393
-8375
-8369
-8364
-8362
-8372
-8372
-8397
-8402
-8418
-8424
-8432
-8434
-8441
-8445
-8445
-8446
-8442
-8442
-8429
-8429
-8415
-8413
-8411
-8403
-8408
-8396
-8396
-8385
-8375
-8372
-8350
-8357
-8336
-8341
-8333
-8326
-8327
-8313
-8333
-8321
-8343
-8339
-8348
-8350
-8346
-8348
-8334
-8344
-8323
-8324
-8313
-8315
-8327
-8323
-8345
-8341
-8358
-8360
-8355
-8362
-8335
-8348
-8320
-8310
-8309
-8291
-8304
-8285
-8303
-8284
-8289
-8289
-8278
-8287
-8264
-8271
-8251
-8254
-8239
-8230
-8228
-8214
-8218
-8209
-8214
-8217
-8227
-8235
-8247
-8256
-8256
-8259
-8264
-8255
-8256
-8244
-8239
-8241
-8234
-8249
-8242
-8250
-8249
-8252
-8263
-8256
-8259
-8252
-8246
-8245
-8232
-8232
-8225
-8220
-8225
-8222
-8231
-8230
-8242
-8238
-8241
-8240
-8239
-8249
-8232
-8236
-8224
-8224
-8218
-8215
-8219
-8213
-8228
-8220
-8233
-8234
-8245
-8250
-8254
-8257
-8251
-8254
-8244
-8256
-8242
-8255
-8250
-8263
-8281
-8279
-8304
-8296
-8324
-8318
-8332
-8330
-8318
-8320
-8296
-8302
-8273
-8281
-8276
-8276
-8283
-8285
-8298
-8299
-8305
-8294
-8295
-8288
-8286
-8276
-8270
-8261
-8257
-8264
-8266
-8279
-8286
-8303
-8304
-8317
-8323
-8327
-8335
-8330
-8340
-8336
-8342
-8336
-8337
-8332
-8329
-8338
-8337
-8347
-8351
-8365
-8370
-8378
-8378
-8377
-8376
-8367
-8359
-8348
-8345
-8341
-8340
-8338
-8336
-8340
-8349
-8347
-8351
-8352
-8348
-8349
-8340
-8337
-8330
-8328
-8336
-8332
-8344
-8348
-8364
-8370
-8373
-8382
-8383
-8400
-8399
-8414
-8406
-8412
-8404
-8398
-8399
-8384
-8393
-8380
-8394
-8388
-8394
-8406
-8406
-8412
-8407
-8407
-8401
-8398
-8387
-8385
-8376
-8375
-8377
-8371
-8385
-8374
-8386
-8394
-8392
-8402
-8390
-8397
-8393
-8391
-8394
-8393
-8397
-8404
-8407
-8409
-8413
-8420
-8431
-8430
-8434
-8425
-8435
-8420
-8418
-8409
-8406
-8408
-8392
-8417
-8400
-8421
-8411
-8420
-8429
-8418
-8437
-8415
-8442
-8419
-8438
-8431
-8430
-8438
-8421
-8446
-8431
-8457
-8456
-8475
-8479
-8487
-8494
-8496
-8504
-8491
-8496
-8474
-8481
-8466
-8470
-8461
-8461
-8473
-8474
-8497
-8499
-8513
-8511
-8523
-8511
-8513
-8499
-8498
-8498
-8484
-8497
-8471
-8493
-8474
-8486
-8488
-8487
-8503
-8490
-8521
-8505
-8522
-8511
-8505
-8508
-8491
-8503
-8486
-8492
-8486
-8487
-8494
-8491
-8505
-8502
-8513
-8508
-8512
-8512
-8505
-8510
-8496
-8504
-8496
-8502
-8502
-8498
-8506
-8498
-8500
-8493
-8491
-8474
-8471
-8461
-8463
-8461
-8451
-8462
-8453
-8467
-8459
-8475
-8472
-8473
-8483
-8467
-8475
-8453
-8462
-8447
-8448
-8446
-8442
-8447
-8439
-8442
-8434
-8451
-8447
-8457
-8454
-8459
-8454
-8443
-8444
-8430
-8427
-8421
-8418
-8410
-8411
-8404
-8409
-8407
-8402
-8403
-8394
-8396
-8386
-8382
-8373
-8365
-8364
-8357
-8362
-8363
-8362
-8375
-8380
-8387
-8392
-8393
-8396
-8397
-8398
-8389
-8387
-8377
-8369
-8361
-8357
-8355
-8347
-8348
-8341
-8351
-8341
-8342
-8337
-8327
-8329
-8309
-8311
-8291
-8294
-8274
-8271
-8266
-8257
-8266
-8253
-8276
-8264
-8284
-8283
-8281
-8287
-8277
-8282
-8270
-8277
-8266
-8265
-8264
-8255
-8263
-8256
-8258
-8262
-8258
-8263
-8256
-8257
-8240
-8237
-8223
-8218
-8220
-8206
-8220
-8197
-8215
-8199
-8199
-8201
-8187
-8196
-8178
-8190
-8167
-8170
-8154
-8156
-8144
-8138
-8148
-8132
-8160
-8146
-8164
-8164
-8168
-8176
-8164
-8175
-8158
-8154
-8141
-8135
-8133
-8129
-8136
-8132
-8136
-8135
-8124
-8124
-8113
-8105
-8096
-8080
-8085
-8065
-8069
-8069
-8064
-8073
-8061
-8073
-8068
-8077
-8074
-8081
-8089
-8083
-8099
-8089
-8106
-8095
-8105
-8107
-8100
-8108
-8090
-8101
-8088
-8097
-8093
-8091
-8099
-8082
-8083
-8062
-8058
-8046
-8035
-8028
-8017
-8018
-8012
-8018
-8023
-8032
-8039
-8041
-8045
-8047
-8044
-8039
-8037
-8031
-8036
-8028
-8025
-8030
-8020
-8033
-8023
-8037
-8039
-8040
-8055
-8043
-8057
-8036
-8046
-8035
-8031
-8031
-8028
-8038
-8036
-8053
-8045
-8070
-8062
-8075
-8069
-8067
-8068
-8054
-8064
-8035
-8043
-8020
-8024
-8014
-8015
-8023
-8019
-8035
-8023
-8049
-8036
-8055
-8046
-8050
-8053
-8036
-8053
-8033
-8042
-8035
-8038
-8036
-8039
-8039
-8040
-8046
-8045
-8047
-8043
-8048
-8041
-8046
-8032
-8038
-8038
-8036
-8054
-8048
-8063
-8060
-8066
-8072
-8067
-8078
-8064
-8064
-8062
-8062
-8068
-8064
-8071
-8069
-8072
-8073
-8071
-8078
-8075
-8079
-8081
-8075
-8082
-8076
-8082
-8079
-8083
-8095
-8094
-8112
-8106
-8120
-8120
-8127
-8128
-8119
-8124
-8108
-8112
-8099
-8102
-8104
-8101
-8108
-8109
-8104
-8110
-8113
-8115
-8122
-8111
-8125
-8121
-8124
-8127
-8126
-8130
-8123
-8132
-8134
-8138
-8152
-8147
-8163
-8167
-8170
-8188
-8181
-8196
-8191
-8197
-8193
-8193
-8185
-8177
-8177
-8166
-8176
-8167
-8176
-8176
-8180
-8178
-8179
-8177
-8170
-8166
-8155
-8158
-8143
-8148
-8147
-8150
-8156
-8162
-8183
-8178
-8197
-8190
-8199
-8200
-8199
-8214
-8206
-8224
-8210
-8228
-8214
-8220
-8217
-8206
-8219
-8201
-8219
-8204
-8212
-8210
-8204
-8209
-8197
-8196
-8191
-8186
-8182
-8181
-8186
-8185
-8194
-8202
-8207
-8224
-8219
-8227
-8226
-8234
-8234
-8230
-8230
-8224
-8232
-8219
-8233
-8224
-8229
-8227
-8225
-8232
-8216
-8223
-8202
-8209
-8197
-8192
-8196
-8186
-8194
-8187
-8197
-8204
-8212
-8222
-8220
-8228
-8227
-8223
-8217
-8213
-8205
-8197
-8193
-8190
-8192
-8189
-8199
-8190
-8199
-8195
-8196
-8203
-8196
-8203
-8189
-8189
-8179
-8172
-8168
-8165
-8168
-8165
-8171
-8171
-8180
-8179
-8177
-8178
-8170
-8180
-8170
-8172
-8170
-8168
-8171
-8160
-8168
-8165
-8167
-8171
-8171
-8169
-8171
-8170
-8170
-8171
-8175
-8174
-8169
-8169
-8158
-8167
-8158
-8160
-8162
-8159
-8171
-8159
-8165
-8153
-8152
-8149
-8138
-8147
-8130
-8130
-8127
-8122
-8127
-8121
-8130
-8128
-8137
-8142
-8143
-8145
-8143
-8141
-8136
-8131
-8124
-8125
-8114
-8123
-8111
-8125
-8123
-8122
-8133
-8124
-8135
-8125
-8137
-8129
-8127
-8130
-8121
-8123
-8120
-8115
-8117
-8111
-8115
-8116
-8121
-8122
-8118
-8120
-8108
-8117
-8097
-8103
-8096
-8088
-8088
-8075
-8081
-8071
-8083
-8073
-8076
-8082
-8075
-8090
-8078
-8081
-8080
-8078
-8080
-8071
-8068
-8062
-8067
-8059
-8065
-8062
-8059
-8066
-8054
-8066
-8053
-8059
-8057
-8040
-8049
-8031
-8039
-8033
-8029
-8035
-8027
-8037
-8032
-8035
-8028
-8022
-8025
-8010
-8017
-8001
-8005
-8006
-7994
-8006
-7993
-8008
-7997
-8001
-8003
-8003
-8014
-8005
-8008
-7989
-7993
-7978
-7974
-7977
-7977
-7984
-7980
-7996
-7990
-8000
-8003
-7998
-8006
-7995
-8007
-7997
-8003
-8002
-8000
-8003
-7996
-7999
-7988
-7989
-7979
-7984
-7978
-7988
-7985
-7990
-8001
-7995
-8002
-7990
-7995
-7987
-7987
-7984
-7982
-7989
-7994
-7994
-7996
-7999
-8002
-8009
-8003
-8003
-7999
-7998
-7990
-7989
-7991
-7991
-8000
-8000
-8008
-8011
-8013
-8021
-8014
-8019
-8018
-8008
-8013
-8002
-8003
-8002
-7996
-8010
-8003
-8019
-8008
-8024
-8024
-8014
-8039
-8020
-8046
-8027
-8036
-8032
-8024
-8035
-8021
-8042
-8024
-8031
-8033
-8040
-8046
-8047
-8052
-8054
-8066
-8066
-8065
-8064
-8063
-8063
-8068
-8065
-8070
-8076
-8075
-8078
-8085
-8083
-8082
-8076
-8075
-8072
-8067
-8064
-8054
-8056
-8045
-8050
-8045
-8042
-8052
-8047
-8045
-8040
-8039
-8032
-8028
-8028
-8027
-8030
-8036
-8033
-8040
-8049
-8049
-8054
-8061
-8075
-8080
-8086
-8092
-8107
-8106
-8106
-8109
-8109
-8119
-8119
-8124
-8118
-8120
-8110
-8100
-8099
-8098
-8098
-8095
-8086
-8080
-8078
-8070
-8066
-8060
-8056
-8050
-8055
-8057
-8067
-8072
-8078
-8083
-8083
-8090
-8091
-8095
-8094
-8102
-8106
-8113
-8118
-8124
-8129
-8134
-8146
-8148
-8153
-8150
-8150
-8135
-8136
-8127
-8118
-8118
-8099
-8107
-8095
-8098
-8099
-8102
-8106
-8107
-8118
-8115
-8132
-8119
-8128
-8121
-8113
-8110
-8097
-8104
-8100
-8109
-8103
-8117
-8117
-8120
-8121
-8120
-8126
-8116
-8118
-8110
-8113
-8106
-8103
-8105
-8097
-8104
-8105
-8102
-8110
-8105
-8116
-8112
-8115
-8118
-8106
-8113
-8104
-8111
-8106
-8108
-8107
-8101
-8104
-8105
-8106
-8106
-8115
-8113
-8114
-8108
-8105
-8100
-8095
-8086
-8083
-8087
-8082
-8088
-8090
-8087
-8093
-8087
-8090
-8086
-8089
-8086
-8082
-8093
-8072
-8090
-8074
-8076
-8080
-8079
-8098
-8090
-8115
-8103
-8121
-8124
-8127
-8139
-8130
-8139
-8117
-8116
-8102
-8101
-8099
-8096
-8107
-8102
-8114
-8105
-8114
-8102
-8101
-8101
-8087
-8093
-8076
-8084
-8070
-8078
-8082
-8073
-8087
-8083
-8100
-8097
-8110
-8108
-8110
-8111
-8109
-8128
-8115
-8128
-8123
-8134
-8140
-8143
-8154
-8149
-8161
-8157
-8167
-8160
-8154
-8149
-8142
-8136
-8123
-8119
-8108
-8108
-8095
-8092
-8084
-8084
-8088
-8082
-8093
-8087
-8088
-8090
-8091
-8091
-8093
-8089
-8095
-8087
-8085
-8090
-8083
-8096
-8090
-8104
-8104
-8107
-8113
-8114
-8131
-8124
-8136
-8131
-8127
-8133
-8125
-8137
-8131
-8140
-8134
-8125
-8128
-8111
-8116
-8105
-8102
-8087
-8077
-8073
-8063
-8061
-8051
-8064
-8059
-8066
-8070
-8066
-8076
-8072
-8084
-8076
-8082
-8088
-8083
-8100
-8089
-8105
-8103
-8110
-8121
-8117
-8140
-8139
-8158
-8160
-8164
-8155
-8150
-8150
-8136
-8143
-8128
-8127
-8121
-8111
-8111
-8102
-8102
-8102
-8099
-8100
-8090
-8085
-8082
-8077
-8072
-8072
-8070
-8066
-8071
-8064
-8072
-8071
-8081
-8085
-8079
-8089
-8080
-8087
-8088
-8094
-8100
-8096
-8109
-8108
-8116
-8121
-8127
-8123
-8118
-8114
-8105
-8107
-8098
-8100
-8091
-8095
-8091
-8083
-8084
-8082
-8085
-8079
-8084
-8077
-8088
-8076
-8077
-8073
-8070
-8065
-8048
-8061
-8038
-8054
-8042
-8045
-8048
-8046
-8064
-8050
-8067
-8059
-8068
-8071
-8069
-8068
-8063
-8066
-8060
-8067
-8059
-8062
-8056
-8060
-8059
-8067
-8074
-8076
-8076
-8073
-8074
-8060
-8062
-8049
-8049
-8035
-8035
-8031
-8024
-8033
-8024
-8033
-8020
-8022
-8014
-8012
-8010
-8004
-8009
-8004
-8008
-8004
-8009
-8007
-8021
-8021
-8029
-8035
-8034
-8035
-8027
-8031
-8023
-8032
-8019
-8021
-8014
-8016
-8019
-8017
-8026
-8015
-8035
-8012
-8021
-8011
-8011
-8012
-7988
-8002
-7974
-7979
-7960
-7956
-7953
-7942
-7949
-7943
-7948
-7947
-7949
-7952
-7955
-7951
-7952
-7951
-7958
-7951
-7960
-7959
-7965
-7969
-7969
-7977
-7966
-7983
-7974
-7989
-7984
-7980
-7987
-7969
-7978
-7963
-7968
-7964
-7961
-7964
-7960
-7966
-7964
-7967
-7962
-7967
-7957
-7953
-7954
-7957
-7959
-7958
-7965
-7963
-7969
-7961
-7966
-7966
-7965
-7972
-7973
-7981
-7979
-7975
-7975
-7967
-7969
-7971
-7968
-7974
-7977
-7983
-7983
-7994
-7997
-7999
-8002
-7993
-8000
-7990
-7991
-7983
-7982
-7984
-7974
-7978
-7979
-7987
-7990
-8001
-7999
-8008
-8002
-8009
-8014
-8011
-8016
-8006
-8014
-8004
-8005
-8002
-7998
-7997
-7991
-7991
-7993
-7994
-7989
-8000
-7989
-7994
-7989
-7982
-7983
-7973
-7978
-7968
-7981
-7977
-7978
-7987
-7987
-7995
-7996
-8002
-8006
-8016
-8015
-8025
-8020
-8035
-8033
-8038
-8040
-8026
-8038
-8015
-8024
-8006
-8008
-8000
-7992
-8000
-7988
-7994
-7980
-7986
-7978
-7984
-7976
-7981
-7984
-7981
-7986
-7985
-7998
-7988
-8000
-7998
-8001
-7999
-7997
-8003
-7999
-8011
-8002
-8016
-8019
-8022
-8032
-8029
-8042
-8039
-8040
-8034
-8025
-8017
-8008
-8003
-7995
-7994
-7990
-7992
-7987
-7987
-7978
-7977
-7976
-7970
-7974
-7970
-7975
-7970
-7973
-7979
-7983
-7988
-7991
-7991
-7990
-7989
-7984
-7986
-7982
-7983
-7988
-7991
-8002
-8002
-8006
-8006
-8003
-8008
-7994
-7998
-7990
-7987
-7983
-7974
-7977
-7966
-7963
-7952
-7947
-7948
-7942
-7943
-7946
-7946
-7946
-7940
-7940
-7940
-7934
-7937
-7940
-7940
-7948
-7943
-7949
-7953
-7949
-7952
-7951
-7949
-7948
-7950
-7945
-7957
-7953
-7961
-7959
-7967
-7973
-7960
-7974
-7963
-7970
-7961
-7965
-7965
-7961
-7959
-7945
-7944
-7936
-7939
-7928
-7929
-7915
-7909
-7905
-7901
-7901
-7894
-7897
-7886
-7892
-7890
-7893
-7903
-7910
-7921
-7929
-7939
-7946
-7952
-7960
-7966
-7970
-7975
-7980
-7988
-7991
-8006
-8010
-8006
-8017
-8010
-8014
-8006
-8001
-7992
-7975
-7978
-7960
-7952
-7948
-7938
-7935
-7928
-7929
-7933
-7928
-7934
-7928
-7932
-7933
-7928
-7931
-7929
-7933
-7930
-7945
-7942
-7949
-7955
-7960
-7968
-7970
-7989
-7991
-7994
-7997
-7988
-7995
-7994
-7986
-7992
-7986
-7984
-7974
-7984
-7973
-7976
-7972
-7964
-7983
-7955
-7973
-7961
-7957
-7964
-7958
-7965
-7958
-7974
-7963
-7976
-7969
-7977
-7974
-7976
-7985
-7963
-7979
-7955
-7970
-7953
-7961
-7955
-7952
-7967
-7936
-7967
-7938
-7948
-7929
-7924
-7938
-7908
-7935
-7922
-7930
-7928
-7926
-7936
-7929
-7942
-7937
-7945
-7953
-7946
-7949
-7937
-7943
-7935
-7927
-7929
-7919
-7925
-7912
-7920
-7918
-7915
-7928
-7912
-7923
-7904
-7900
-7894
-7878
-7887
-7865
-7874
-7866
-7869
-7863
-7859
-7863
-7852
-7848
-7842
-7852
-7849
-7858
-7852
-7868
-7871
-7875
-7886
-7887
-7907
-7900
-7908
-7914
-7913
-7919
-7914
-7909
-7916
-7904
-7895
-7891
-7873
-7871
-7855
-7838
-7830
-7810
-7820
-7807
-7797
-7810
-7792
-7809
-7794
-7795
-7799
-7793
-7817
-7795
-7816
-7819
-7827
-7831
-7833
-7863
-7856
-7880
-7886
-7889
-7894
-7900
-7900
-7897
-7901
-7886
-7877
-7863
-7873
-7852
-7833
-7835
-7829
-7826
-7804
-7817
-7813
-7804
-7815
-7806
-7807
-7803
-7802
-7814
-7802
-7807
-7816
-7827
-7834
-7836
-7840
-7836
-7845
-7838
-7834
-7830
-7838
-7839
-7832
-7837
-7831
-7829
-7824
-7822
-7828
-7825
-7843
-7833
-7838
-7846
-7828
-7840
-7817
-7823
-7810
-7803
-7800
-7780
-7801
-7787
-7790
-7791
-7809
-7814
-7812
-7820
-7811
-7826
-7813
-7835
-7823
-7823
-7836
-7822
-7829
-7814
-7831
-7819
-7827
-7826
-7819
-7816
-7813
-7841
-7815
-7834
-7836
-7832
-7838
-7822
-7848
-7819
-7832
-7828
-7841
-7838
-7824
-7853
-7820
-7838
-7819
-7814
-7806
-7799
-7796
-7787
-7794
-7792
-7788
-7790
-7795
-7809
-7785
-7792
-7816
-7774
-7819
-7786
-7805
-7795
-7797
-7804
-7781
-7826
-7796
-7828
-7805
-7817
-7820
-7796
-7812
-7787
-7798
-7789
-7782
-7782
-7761
-7765
-7753
-7755
-7752
-7747
-7752
-7746
-7763
-7745
-7746
-7746
-7734
-7746
-7731
-7728
-7733
-7736
-7726
-7731
-7736
-7720
-7739
-7733
-7737
-7734
-7730
-7749
-7738
-7746
-7744
-7732
-7732
-7714
-7722
-7713
-7712
-7725
-7719
-7727
-7710
-7714
-7704
-7704
-7694
-7679
-7681
-7678
-7674
-7659
-7663
-7662
-7650
-7653
-7649
-7649
-7645
-7635
-7663
-7641
-7642
-7650
-7633
-7643
-7643
-7644
-7652
-7655
-7659
-7653
-7666
-7669
-7661
-7684
-7666
-7677
-7669
-7660
-7664
-7659
-7666
-7671
-7671
-7671
-7676
-7663
-7661
-7651
-7640
-7626
-7623
-7604
-7600
-7585
-7571
-7577
-7570
-7574
-7563
-7563
-7564
-7577
-7574
-7584
-7588
-7586
-7594
-7589
-7606
-7599
-7614
-7619
-7617
-7627
-7620
-7628
-7626
-7633
-7634
-7631
-7622
-7615
-7614
-7605
-7602
-7603
-7594
-7596
-7595
-7590
-7588
-7583
-7589
-7582
-7590
-7580
-7586
-7585
-7585
-7590
-7583
-7595
-7589
-7605
-7597
-7613
-7608
-7610
-7615
-7602
-7608
-7595
-7609
-7602
-7607
-7608
-7601
-7606
-7602
-7605
-7611
-7617
-7619
-7628
-7626
-7634
-7632
-7627
-7630
-7624
-7635
-7629
-7638
-7637
-7643
-7643
-7639
-7648
-7640
-7656
-7659
-7673
-7671
-7683
-7678
-7676
-7682
-7677
-7688
-7684
-7699
-7691
-7698
-7696
-7693
-7703
-7693
-7701
-7690
-7690
-7693
-7681
-7683
-7677
-7676
-7682
-7686
-7683
-7687
-7689
-7690
-7697
-7693
-7697
-7697
-7696
-7704
-7705
-7722
-7726
-7727
-7736
-7733
-7747
-7744
-7753
-7751
-7754
-7759
-7753
-7765
-7758
-7762
-7758
-7753
-7751
-7745
-7746
-7744
-7741
-7746
-7745
-7745
-7743
-7736
-7739
-7740
-7745
-7742
-7748
-7750
-7748
-7755
-7749
-7756
-7749
-7751
-7748
-7746
-7748
-7740
-7750
-7739
-7744
-7748
-7753
-7755
-7752
-7758
-7750
-7762
-7762
-7760
-7767
-7760
-7764
-7757
-7755
-7753
-7750
-7757
-7751
-7752
-7755
-7764
-7760
-7762
-7760
-7749
-7757
-7753
-7759
-7753
-7753
-7755
-7746
-7752
-7739
-7742
-7732
-7731
-7733
-7721
-7735
-7721
-7735
-7730
-7733
-7743
-7731
-7746
-7731
-7742
-7727
-7728
-7731
-7723
-7736
-7725
-7736
-7738
-7740
-7738
-7740
-7741
-7737
-7738
-7737
-7734
-7734
-7733
-7733
-7735
-7739
-7743
-7743
-7752
-7748
-7756
-7759
-7765
-7775
-7772
-7785
-7777
-7776
-7772
-7768
-7771
-7760
-7758
-7750
-7753
-7749
-7753
-7752
-7748
-7748
-7744
-7753
-7748
-7753
-7747
-7752
-7759
-7754
-7766
-7760
-7762
-7764
-7759
-7763
-7761
-7757
-7752
-7755
-7750
-7754
-7740
-7738
-7732
-7726
-7734
-7719
-7734
-7725
-7737
-7731
-7733
-7737
-7727
-7745
-7727
-7754
-7737
-7742
-7745
-7731
-7741
-7720
-7729
-7716
-7718
-7713
-7711
-7709
-7702
-7706
-7695
-7696
-7690
-7686
-7679
-7675
-7661
-7659
-7657
-7655
-7657
-7655
-7665
-7663
-7675
-7675
-7685
-7695
-7694
-7706
-7703
-7708
-7705
-7704
-7705
-7703
-7697
-7697
-7688
-7691
-7683
-7671
-7672
-7653
-7657
-7636
-7634
-7626
-7618
-7620
-7610
-7615
-7606
-7611
-7613
-7612
-7612
-7611
-7611
-7616
-7612
-7615
-7617
-7618
-7627
-7632
-7644
-7644
-7654
-7657
-7662
-7661
-7657
-7654
-7643
-7648
-7635
-7641
-7633
-7629
-7625
-7616
-7622
-7612
-7624
-7617
-7633
-7636
-7642
-7650
-7651
-7664
-7652
-7665
-7658
-7667
-7657
-7660
-7665
-7664
-7670
-7659
-7664
-7656
-7664
-7661
-7665
-7663
-7667
-7671
-7672
-7681
-7672
-7683
-7676
-7671
-7668
-7663
-7666
-7667
-7668
-7672
-7672
-7682
-7685
-7686
-7689
-7681
-7690
-7673
-7676
-7671
-7671
-7675
-7665
-7674
-7655
-7668
-7653
-7658
-7658
-7647
-7662
-7647
-7660
-7655
-7663
-7668
-7672
-7682
-7676
-7691
-7687
-7692
-7691
-7698
-7706
-7705
-7709
-7703
-7702
-7696
-7691
-7680
-7676
-7671
-7667
-7661
-7653
-7647
-7644
-7638
-7638
-7637
-7637
-7647
-7645
-7659
-7657
-7667
-7664
-7669
-7671
-7666
-7673
-7668
-7668
-7654
-7665
-7658
-7668
-7664
-7659
-7656
-7651
-7650
-7642
-7644
-7627
-7640
-7631
-7639
-7642
-7643
-7649
-7643
-7652
-7648
-7653
-7651
-7655
-7653
-7655
-7657
-7645
-7647
-7639
-7636
-7636
-7624
-7632
-7634
-7642
-7650
-7648
-7658
-7653
-7651
-7652
-7651
-7652
-7650
-7656
-7655
-7656
-7655
-7653
-7661
-7658
-7662
-7659
-7667
-7673
-7669
-7676
-7667
-7672
-7663
-7656
-7654
-7643
-7640
-7627
-7620
-7614
-7610
-7609
-7608
-7613
-7621
-7624
-7633
-7636
-7637
-7638
-7639
-7647
-7648
-7658
-7656
-7661
-7657
-7649
-7658
-7650
-7653
-7656
-7653
-7663
-7658
-7668
-7665
-7669
-7679
-7670
-7685
-7673
-7683
-7675
-7678
-7682
-7670
-7684
-7665
-7676
-7661
-7665
-7665
-7647
-7656
-7637
-7648
-7632
-7635
-7631
-7625
-7640
-7624
-7640
-7634
-7638
-7636
-7635
-7642
-7629
-7640
-7638
-7647
-7647
-7648
-7660
-7662
-7672
-7675
-7679
-7689
-7688
-7690
-7690
-7688
-7694
-7693
-7702
-7697
-7703
-7702
-7700
-7703
-7702
-7697
-7695
-7697
-7687
-7694
-7679
-7679
-7674
-7673
-7669
-7660
-7670
-7659
-7667
-7665
-7671
-7676
-7671
-7684
-7674
-7680
-7669
-7664
-7665
-7656
-7656
-7651
-7663
-7662
-7677
-7683
-7686
-7703
-7698
-7711
-7700
-7698
-7705
-7681
-7699
-7676
-7685
-7684
-7680
-7693
-7680
-7707
-7682
-7698
-7692
-7690
-7699
-7687
-7703
-7693
-7705
-7707
-7712
-7722
-7723
-7729
-7732
-7739
-7745
-7752
-7746
-7744
-7746
-7738
-7739
-7736
-7730
-7730
-7723
-7730
-7729
-7726
-7733
-7727
-7739
-7730
-7744
-7733
-7734
-7738
-7728
-7744
-7733
-7752
-7736
-7751
-7743
-7741
-7744
-7730
-7741
-7724
-7741
-7729
-7745
-7746
-7748
-7759
-7757
-7774
-7767
-7776
-7772
-7781
-7781
-7786
-7791
-7788
-7789
-7787
-7787
-7778
-7772
-7764
-7772
-7763
-7771
-7769
-7773
-7782
-7779
-7791
-7783
-7795
-7795
-7797
-7795
-7795
-7805
-7806
-7809
-7803
-7806
-7801
-7803
-7802
-7806
-7809
-7809
-7817
-7807
-7810
-7804
-7801
-7800
-7791
-7793
-7789
-7797
-7793
-7793
-7799
-7798
-7805
-7804
-7813
-7813
-7816
-7822
-7811
-7812
-7809
-7809
-7802
-7800
-7802
-7804
-7807
-7800
-7805
-7796
-7800
-7799
-7802
-7803
-7799
-7801
-7796
-7804
-7801
-7806
-7805
-7802
-7800
-7803
-7798
-7802
-7796
-7793
-7798
-7788
-7787
-7774
-7782
-7768
-7764
-7752
-7746
-7753
-7742
-7754
-7743
-7753
-7749
-7756
-7761
-7758
-7764
-7757
-7765
-7760
-7763
-7759
-7764
-7762
-7760
-7766
-7758
-7762
-7753
-7747
-7737
-7728
-7730
-7718
-7723
-7721
-7717
-7717
-7721
-7724
-7723
-7725
-7725
-7734
-7732
-7740
-7742
-7749
-7748
-7758
-7762
-7760
-7764
-7754
-7760
-7754
-7753
-7745
-7737
-7727
-7716
-7702
-7692
-7681
-7670
-7665
-7661
-7663
-7661
-7671
-7672
-7683
-7691
-7696
-7710
-7703
-7713
-7707
-7711
-7711
-7711
-7719
-7710
-7727
-7722
-7729
-7725
-7731
-7741
-7735
-7740
-7738
-7745
-7740
-7738
-7734
-7733
-7728
-7725
-7723
-7717
-7711
-7700
-7694
-7687
-7683
-7672
-7670
-7670
-7666
-7670
-7659
-7665
-7658
-7658
-7659
-7656
-7665
-7661
-7674
-7666
-7679
-7684
-7684
-7698
-7696
-7711
-7717
-7724
-7737
-7737
-7737
-7737
-7733
-7729
-7727
-7723
-7727
-7723
-7718
-7717
-7706
-7705
-7692
-7691
-7679
-7682
-7684
-7680
-7689
-7687
-7699
-7690
-7695
-7685
-7683
-7681
-7676
-7685
-7680
-7686
-7686
-7689
-7686
-7683
-7683
-7683
-7681
-7685
-7685
-7686
-7696
-7700
-7708
-7708
-7720
-7716
-7723
-7731
-7728
-7738
-7731
-7735
-7728
-7726
-7724
-7718
-7716
-7712
-7703
-7701
-7701
-7700
-7701
-7688
-7699
-7693
-7697
-7698
-7696
-7709
-7706
-7719
-7712
-7723
-7718
-7720
-7724
-7721
-7737
-7727
-7740
-7730
-7743
-7742
-7742
-7751
-7743
-7757
-7746
-7760
-7753
-7755
-7749
-7744
-7751
-7740
-7757
-7748
-7761
-7767
-7764
-7775
-7771
-7783
-7784
-7783
-7790
-7792
-7792
-7796
-7797
-7800
-7799
-7791
-7797
-7797
-7800
-7801
-7799
-7809
-7801
-7809
-7807
-7806
-7811
-7805
-7812
-7808
-7815
-7810
-7807
-7806
-7806
-7806
-7805
-7808
-7805
-7806
-7800
-7804
-7803
-7799
-7797
-7803
-7803
-7801
-7806
-7808
-7813
-7812
-7815
-7825
-7828
-7834
-7845
-7847
-7861
-7859
-7871
-7872
-7876
-7880
-7878
-7882
-7875
-7883
-7874
-7875
-7874
-7865
-7864
-7860
-7863
-7862
-7854
-7856
-7851
-7853
-7856
-7858
-7858
-7859
-7859
-7862
-7867
-7871
-7872
-7873
-7879
-7869
-7876
-7867
-7876
-7878
-7880
-7885
-7880
-7891
-7888
-7892
-7892
-7897
-7902
-7906
-7909
-7918
-7914
-7915
-7917
-7920
-7920
-7914
-7914
-7909
-7902
-7898
-7897
-7890
-7894
-7882
-7883
-7880
-7881
-7885
-7891
-7896
-7895
-7898
-7896
-7904
-7908
-7921
-7919
-7928
-7930
-7929
-7931
-7931
-7932
-7924
-7921
-7905
-7902
-7886
-7878
-7876
-7866
-7868
-7862
-7864
-7864
-7864
-7865
-7860
-7872
-7870
-7876
-7884
-7883
-7891
-7884
-7891
-7884
-7885
-7890
-7878
-7884
-7869
-7877
-7874
-7864
-7871
-7854
-7859
-7849
-7848
-7843
-7839
-7840
-7830
-7833
-7833
-7834
-7837
-7842
-7841
-7854
-7853
-7861
-7859
-7860
-7860
-7853
-7857
-7851
-7850
-7851
-7849
-7840
-7839
-7826
-7826
-7823
-7835
-7836
-7834
-7842
-7824
-7825
-7806
-7811
-7806
-7807
-7815
-7806
-7815
-7805
-7811
-7793
-7789
-7786
-7784
-7785
-7777
-7786
-7771
-7778
-7772
-7770
-7773
-7772
-7779
-7782
-7793
-7791
-7794
-7797
-7805
-7806
-7802
-7802
-7796
-7797
-7787
-7792
-7782
-7779
-7776
-7764
-7761
-7751
-7748
-7735
-7734
-7728
-7726
-7723
-7720
-7716
-7718
-7720
-7723
-7727
-7727
-7732
-7728
-7736
-7724
-7729
-7732
-7734
-7733
-7731
-7733
-7723
-7734
-7724
-7723
-7726
-7718
-7716
-7708
-7713
-7710
-7702
-7708
-7694
-7694
-7689
-7684
-7683
-7681
-7689
-7683
-7692
-7686
-7694
-7696
-7701
-7707
-7700
-7711
-7701
-7702
-7700
-7695
-7694
-7690
-7692
-7691
-7697
-7695
-7704
-7709
-7707
-7717
-7709
-7714
-7702
-7705
-7699
-7690
-7694
-7675
-7678
-7663
-7664
-7657
-7653
-7654
-7654
-7658
-7653
-7651
-7646
-7646
-7639
-7648
-7644
-7653
-7658
-7661
-7667
-7661
-7674
-7672
-7682
-7682
-7681
-7679
-7683
-7681
-7673
-7675
-7656
-7664
-7649
-7655
-7646
-7644
-7646
-7630
-7644
-7626
-7638
-7627
-7633
-7630
-7627
-7644
-7639
-7655
-7649
-7664
-7657
-7658
-7659
-7653
-7648
-7647
-7647
-7639
-7645
-7625
-7640
-7622
-7629
-7626
-7620
-7633
-7619
-7640
-7629
-7650
-7651
-7656
-7665
-7662
-7669
-7661
-7667
-7663
-7663
-7661
-7667
-7660
-7668
-7664
-7663
-7657
-7652
-7654
-7634
-7647
-7630
-7641
-7641
-7638
-7648
-7637
-7646
-7636
-7647
-7646
-7653
-7653
-7659
-7667
-7664
-7679
-7673
-7687
-7681
-7685
-7685
-7680
-7686
-7678
-7682
-7679
-7678
-7681
-7676
-7684
-7690
-7693
-7697
-7698
-7698
-7693
-7693
-7694
-7692
-7694
-7698
-7696
-7698
-7696
-7699
-7694
-7699
-7696
-7694
-7703
-7697
-7705
-7701
-7712
-7712
-7721
-7723
-7718
-7730
-7721
-7724
-7723
-7734
-7734
-7736
-7736
-7735
-7745
-7745
-7751
-7744
-7755
-7752
-7756
-7758
-7765
-7766
-7758
-7764
-7747
-7751
-7739
-7748
-7744
-7748
-7755
-7751
-7764
-7757
-7768
-7759
-7774
-7765
-7769
-7775
-7764
-7780
-7764
-7778
-7769
-7777
-7780
-7774
-7794
-7784
-7793
-7787
-7788
-7789
-7782
-7791
-7783
-7783
-7784
-7783
-7783
-7784
-7790
-7785
-7792
-7793
-7789
-7788
-7782
-7783
-7773
-7776
-7778
-7771
-7774
-7771
-7779
-7774
-7784
-7791
-7790
-7802
-7796
-7798
-7805
-7799
-7817
-7813
-7815
-7824
-7816
-7834
-7824
-7831
-7831
-7836
-7835
-7828
-7835
-7823
-7834
-7826
-7828
