01240511.PTO
CURZ
2012/01/24 05:11:35.4599
100.0000 m/s  
13903 muestras
-7879
-7820
-7869
-7837
-7836
-7875
-7820
-7852
-7835
-7836
-7830
-7832
-7837
-7822
-7841
-7827
-7823
-7818
-7822
-7820
-7813
-7830
-7811
-7813
-7817
-7804
-7813
-7810
-7805
-7811
-7803
-7815
-7801
-7794
-7800
-7793
-7794
-7780
-7792
-7789
-7771
-7788
-7784
-7777
-7785
-7774
-7789
-7781
-7777
-7784
-7783
-7779
-7776
-7775
-7770
-7770
-7768
-7780
-7767
-7774
-7760
-7772
-7774
-7760
-7776
-7761
-7763
-7765
-7759
-7753
-7760
-7756
-7755
-7751
-7755
-7755
-7751
-7760
-7755
-7755
-7767
-7753
-7750
-7754
-7742
-7746
-7744
-7757
-7748
-7758
-7761
-7750
-7760
-7755
-7760
-7754
-7759
-7761
-7758
-7767
-7763
-7764
-7771
-7759
-7763
-7768
-7759
-7772
-7760
-7762
-7774
-7767
-7769
-7767
-7780
-7768
-7769
-7784
-7772
-7791
-7761
-7786
-7785
-7778
-7801
-7763
-7824
-7775
-7789
-7804
-7772
-7804
-7782
-7806
-7783
-7802
-7799
-7779
-7800
-7797
-7792
-7803
-7792
-7793
-7802
-7785
-7805
-7803
-7800
-7803
-7812
-7800
-7808
-7817
-7797
-7809
-7813
-7802
-7813
-7809
-7807
-7818
-7797
-7809
-7802
-7806
-7816
-7805
-7817
-7808
-7813
-7820
-7814
-7817
-7807
-7818
-7806
-7813
-7811
-7806
-7834
-7804
-7818
-7814
-7823
-7803
-7806
-7821
-7798
-7820
-7802
-7826
-7813
-7808
-7819
-7806
-7816
-7802
-7819
-7804
-7813
-7821
-7805
-7831
-7807
-7824
-7815
-7816
-7816
-7808
-7820
-7803
-7821
-7807
-7817
-7808
-7818
-7813
-7808
-7817
-7806
-7817
-7812
-7820
-7814
-7811
-7816
-7812
-7820
-7812
-7809
-7823
-7809
-7817
-7810
-7812
-7818
-7809
-7821
-7814
-7820
-7820
-7822
-7828
-7815
-7821
-7824
-7816
-7825
-7819
-7823
-7822
-7814
-7823
-7817
-7825
-7814
-7823
-7820
-7821
-7821
-7815
-7831
-7818
-7830
-7822
-7836
-7830
-7840
-7833
-7820
-7840
-7822
-7828
-7813
-7825
-7824
-7821
-7831
-7827
-7829
-7823
-7829
-7844
-7817
-7829
-7842
-7816
-7834
-7820
-7839
-7814
-7818
-7847
-7809
-7839
-7824
-7831
-7833
-7835
-7828
-7823
-7845
-7816
-7845
-7809
-7839
-7834
-7805
-7837
-7827
-7835
-7806
-7852
-7815
-7841
-7828
-7802
-7854
-7804
-7835
-7823
-7837
-7817
-7820
-7847
-7810
-7842
-7826
-7824
-7831
-7816
-7829
-7821
-7815
-7827
-7808
-7818
-7829
-7817
-7825
-7822
-7828
-7820
-7821
-7822
-7824
-7818
-7817
-7817
-7810
-7827
-7800
-7818
-7807
-7810
-7809
-7800
-7820
-7797
-7815
-7794
-7810
-7792
-7816
-7808
-7786
-7826
-7786
-7814
-7809
-7792
-7813
-7806
-7793
-7803
-7795
-7804
-7790
-7788
-7813
-7791
-7812
-7788
-7796
-7812
-7781
-7805
-7800
-7784
-7786
-7788
-7795
-7790
-7779
-7808
-7782
-7779
-7798
-7795
-7791
-7767
-7827
-7754
-7796
-7810
-7763
-7801
-7774
-7817
-7787
-7796
-7779
-7803
-7804
-7769
-7790
-7793
-7804
-7756
-7807
-7797
-7758
-7817
-7770
-7792
-7797
-7758
-7810
-7782
-7783
-7800
-7768
-7805
-7784
-7787
-7794
-7783
-7790
-7759
-7813
-7775
-7786
-7779
-7774
-7800
-7761
-7790
-7780
-7775
-7783
-7773
-7788
-7776
-7756
-7802
-7771
-7781
-7783
-7787
-7795
-7775
-7788
-7773
-7783
-7781
-7780
-7773
-7802
-7781
-7769
-7792
-7782
-7770
-7776
-7806
-7755
-7788
-7798
-7758
-7796
-7782
-7789
-7775
-7777
-7772
-7770
-7782
-7756
-7762
-7792
-7746
-7772
-7784
-7762
-7780
-7758
-7794
-7753
-7803
-7754
-7780
-7789
-7751
-7804
-7741
-7800
-7754
-7779
-7784
-7764
-7789
-7758
-7794
-7755
-7786
-7767
-7762
-7777
-7758
-7776
-7757
-7772
-7764
-7791
-7755
-7789
-7785
-7757
-7791
-7753
-7785
-7754
-7775
-7767
-7766
-7778
-7757
-7788
-7757
-7781
-7764
-7776
-7772
-7762
-7776
-7764
-7785
-7758
-7785
-7768
-7770
-7772
-7779
-7769
-7777
-7791
-7749
-7784
-7768
-7771
-7768
-7773
-7776
-7767
-7770
-7765
-7785
-7757
-7786
-7774
-7777
-7793
-7769
-7798
-7770
-7792
-7774
-7784
-7784
-7775
-7802
-7766
-7793
-7780
-7787
-7784
-7779
-7784
-7776
-7788
-7777
-7783
-7789
-7774
-7784
-7783
-7782
-7789
-7784
-7796
-7784
-7798
-7791
-7794
-7799
-7790
-7804
-7792
-7807
-7795
-7796
-7808
-7793
-7800
-7796
-7800
-7797
-7801
-7805
-7794
-7808
-7797
-7798
-7799
-7796
-7801
-7790
-7810
-7807
-7810
-7811
-7813
-7825
-7813
-7821
-7821
-7819
-7824
-7822
-7823
-7820
-7826
-7820
-7815
-7839
-7799
-7815
-7840
-7797
-7819
-7823
-7818
-7816
-7819
-7827
-7810
-7812
-7820
-7837
-7818
-7841
-7825
-7813
-7842
-7824
-7849
-7820
-7830
-7840
-7862
-7822
-7833
-7842
-7839
-7855
-7810
-7888
-7816
-7832
-7863
-7816
-7874
-7838
-7809
-7865
-7846
-7833
-7855
-7829
-7840
-7830
-7849
-7843
-7814
-7862
-7839
-7850
-7857
-7834
-7858
-7844
-7858
-7837
-7851
-7844
-7834
-7853
-7825
-7834
-7834
-7840
-7829
-7840
-7841
-7828
-7835
-7834
-7838
-7827
-7833
-7818
-7841
-7833
-7819
-7841
-7827
-7836
-7824
-7834
-7827
-7826
-7827
-7824
-7821
-7817
-7819
-7810
-7822
-7808
-7820
-7809
-7809
-7822
-7801
-7818
-7805
-7812
-7808
-7801
-7812
-7800
-7813
-7799
-7813
-7804
-7811
-7809
-7800
-7813
-7796
-7811
-7798
-7810
-7796
-7797
-7801
-7791
-7801
-7785
-7802
-7789
-7795
-7800
-7796
-7801
-7786
-7797
-7794
-7796
-7788
-7795
-7791
-7793
-7793
-7786
-7793
-7780
-7798
-7780
-7791
-7784
-7787
-7787
-7782
-7793
-7770
-7795
-7784
-7790
-7785
-7791
-7785
-7787
-7800
-7780
-7790
-7793
-7796
-7774
-7793
-7800
-7794
-7787
-7780
-7784
-7781
-7790
-7778
-7794
-7789
-7785
-7782
-7785
-7780
-7782
-7789
-7788
-7826
-7823
-7858
-7876
-7911
-7925
-7940
-7972
-7967
-8002
-7970
-7960
-7921
-7876
-7822
-7749
-7700
-7622
-7561
-7496
-7439
-7400
-7380
-7373
-7412
-7476
-7573
-7675
-7784
-7896
-7980
-8080
-8166
-8245
-8297
-8314
-8296
-8237
-8158
-8056
-7936
-7807
-7700
-7586
-7508
-7430
-7338
-7264
-7203
-7167
-7146
-7190
-7230
-7332
-7469
-7606
-7774
-7944
-8117
-8254
-8390
-8487
-8560
-8596
-8593
-8549
-8504
-8427
-8341
-8202
-8003
-7813
-7576
-7387
-7230
-7112
-7047
-6985
-6964
-7004
-7088
-7223
-7352
-7470
-7568
-7658
-7802
-7990
-8205
-8366
-8476
-8552
-8589
-8589
-8547
-8521
-8447
-8369
-8296
-8167
-8038
-7856
-7607
-7445
-7354
-7314
-7389
-7410
-7455
-7427
-7350
-7320
-7247
-7282
-7279
-7344
-7405
-7504
-7670
-7778
-7991
-8162
-8362
-8456
-8476
-8465
-8464
-8486
-8421
-8367
-8192
-8095
-8021
-7997
-7940
-7823
-7748
-7659
-7698
-7675
-7583
-7376
-7139
-7035
-7088
-7262
-7372
-7415
-7429
-7472
-7510
-7575
-7656
-7757
-7921
-8080
-8174
-8147
-8111
-8056
-8022
-8164
-8323
-8428
-8360
-8154
-7950
-7784
-7754
-7713
-7654
-7565
-7518
-7508
-7492
-7520
-7543
-7618
-7711
-7795
-7866
-7897
-7858
-7842
-7802
-7773
-7820
-7744
-7622
-7557
-7536
-7612
-7678
-7749
-7784
-7809
-7868
-7894
-7994
-8063
-8179
-8285
-8297
-8237
-8015
-7734
-7476
-7354
-7407
-7557
-7753
-7863
-7860
-7816
-7725
-7666
-7588
-7597
-7681
-7795
-7830
-7837
-7905
-7932
-8078
-8161
-8179
-8202
-8230
-8223
-8122
-7944
-7741
-7609
-7507
-7471
-7491
-7543
-7629
-7710
-7784
-7826
-7788
-7680
-7483
-7331
-7240
-7241
-7384
-7541
-7691
-7774
-7810
-7873
-7946
-8057
-8173
-8238
-8356
-8424
-8405
-8329
-8230
-8203
-8149
-8143
-8083
-7952
-7800
-7626
-7577
-7493
-7436
-7352
-7197
-7120
-7024
-7025
-7005
-6907
-6802
-6815
-6991
-7219
-7555
-7876
-8192
-8488
-8782
-8962
-9026
-8963
-8745
-8572
-8423
-8418
-8471
-8379
-8130
-7816
-7618
-7508
-7410
-7359
-7273
-7192
-7025
-6843
-6766
-6761
-6944
-7074
-7239
-7402
-7570
-7820
-7967
-8138
-8255
-8410
-8598
-8692
-8711
-8683
-8548
-8428
-8248
-8066
-8005
-7849
-7827
-7739
-7699
-7557
-7342
-7234
-7147
-7278
-7275
-7296
-7216
-7206
-7322
-7407
-7574
-7640
-7792
-7936
-8130
-8329
-8471
-8591
-8579
-8500
-8311
-8147
-7975
-7821
-7728
-7595
-7551
-7502
-7499
-7535
-7511
-7554
-7576
-7598
-7673
-7759
-7835
-7838
-7858
-7884
-7936
-8062
-8109
-8073
-7984
-7866
-7800
-7745
-7727
-7711
-7718
-7769
-7787
-7848
-7853
-7746
-7620
-7529
-7504
-7555
-7628
-7753
-7916
-8055
-8184
-8261
-8329
-8292
-8203
-7998
-7731
-7464
-7276
-7208
-7157
-7266
-7359
-7585
-7791
-7887
-7977
-7982
-8008
-7946
-7913
-7858
-7764
-7789
-7780
-7843
-7967
-8008
-8077
-8040
-8008
-7997
-8052
-8054
-7995
-7987
-7797
-7705
-7540
-7429
-7345
-7270
-7320
-7308
-7467
-7550
-7681
-7799
-7925
-8101
-8165
-8203
-8107
-8000
-7842
-7784
-7742
-7759
-7857
-7914
-8041
-8061
-8134
-8129
-8086
-7975
-7786
-7691
-7552
-7565
-7490
-7455
-7410
-7406
-7541
-7628
-7779
-7789
-7824
-7856
-7905
-8000
-8019
-8015
-7987
-7981
-8009
-7992
-7945
-7855
-7827
-7798
-7814
-7851
-7843
-7906
-7905
-7931
-7811
-7676
-7522
-7394
-7302
-7285
-7334
-7421
-7687
-7800
-8007
-8057
-8117
-8181
-8200
-8301
-8221
-8245
-8126
-8133
-8058
-7993
-7825
-7651
-7613
-7473
-7611
-7637
-7707
-7623
-7695
-7631
-7616
-7645
-7534
-7587
-7494
-7610
-7600
-7765
-7851
-7964
-8094
-8158
-8235
-8206
-8218
-8013
-7957
-7911
-7785
-7804
-7723
-7699
-7715
-7592
-7648
-7633
-7728
-7768
-7857
-7923
-7901
-8025
-7885
-7875
-7659
-7623
-7612
-7552
-7613
-7565
-7732
-7793
-8030
-8104
-8117
-8037
-7925
-7860
-7717
-7688
-7573
-7572
-7505
-7565
-7575
-7687
-7847
-7930
-8094
-8168
-8265
-8220
-8304
-8213
-8071
-8021
-7825
-7740
-7631
-7540
-7467
-7414
-7418
-7493
-7525
-7608
-7676
-7719
-7801
-7759
-7726
-7724
-7682
-7614
-7609
-7686
-7806
-7844
-8082
-8122
-8201
-8315
-8338
-8358
-8128
-8064
-7750
-7729
-7651
-7451
-7514
-7433
-7470
-7590
-7604
-7684
-7720
-7623
-7731
-7714
-7803
-7769
-7823
-7851
-7807
-7864
-7768
-7804
-7772
-7924
-7877
-8022
-8134
-8099
-8226
-8083
-8013
-7820
-7698
-7577
-7482
-7345
-7329
-7353
-7394
-7570
-7637
-7945
-7950
-8123
-8249
-8167
-8203
-8069
-7986
-7873
-7862
-7810
-7735
-7785
-7833
-7740
-7863
-7836
-7712
-7852
-7721
-7720
-7611
-7559
-7573
-7320
-7426
-7341
-7417
-7567
-7686
-7924
-7989
-8164
-8230
-8296
-8245
-8315
-8139
-8004
-7906
-7785
-7733
-7684
-7684
-7539
-7678
-7627
-7832
-7802
-7840
-7827
-7703
-7781
-7554
-7655
-7442
-7483
-7425
-7408
-7609
-7534
-7778
-7766
-7961
-8036
-8138
-8248
-8159
-8206
-8043
-8044
-7856
-7867
-7782
-7750
-7765
-7734
-7889
-7759
-7884
-7775
-7747
-7740
-7680
-7653
-7536
-7556
-7459
-7475
-7520
-7520
-7605
-7754
-7807
-7971
-8037
-8122
-8170
-8149
-8147
-8003
-7989
-7828
-7777
-7651
-7541
-7498
-7447
-7577
-7623
-7774
-7767
-7839
-7943
-7873
-7883
-7825
-7748
-7644
-7689
-7713
-7741
-7739
-7800
-7918
-7856
-8022
-7976
-8028
-7978
-8022
-7947
-7744
-7822
-7556
-7618
-7378
-7446
-7441
-7437
-7643
-7555
-7813
-7777
-7914
-7923
-8035
-7961
-7846
-7884
-7729
-7799
-7609
-7697
-7647
-7727
-7885
-8009
-8111
-8041
-8193
-7885
-7977
-7765
-7628
-7604
-7371
-7505
-7309
-7491
-7453
-7591
-7620
-7715
-7859
-7850
-8062
-7918
-8058
-7922
-7947
-7877
-7806
-7823
-7702
-7779
-7656
-7747
-7714
-7768
-7785
-7781
-7826
-7763
-7806
-7713
-7672
-7550
-7522
-7535
-7534
-7657
-7715
-7849
-7944
-8041
-8135
-8148
-8188
-8102
-8069
-8031
-7872
-7864
-7714
-7645
-7607
-7539
-7612
-7572
-7699
-7701
-7749
-7785
-7788
-7848
-7720
-7727
-7614
-7625
-7633
-7650
-7721
-7678
-7799
-7841
-7987
-8077
-8128
-8200
-8164
-8166
-8074
-8024
-7922
-7835
-7772
-7674
-7688
-7651
-7669
-7672
-7671
-7700
-7715
-7785
-7802
-7833
-7810
-7759
-7739
-7703
-7690
-7657
-7699
-7793
-7920
-8052
-8132
-8173
-8157
-8153
-8064
-7989
-7862
-7727
-7666
-7573
-7569
-7546
-7583
-7668
-7747
-7837
-7894
-7993
-7995
-8000
-7967
-7878
-7845
-7789
-7840
-7805
-7818
-7811
-7783
-7814
-7836
-7903
-7882
-7945
-7952
-8005
-8035
-8003
-7939
-7778
-7711
-7617
-7582
-7555
-7595
-7672
-7758
-7906
-7986
-8113
-8124
-8122
-8075
-8008
-7968
-7862
-7814
-7716
-7701
-7703
-7739
-7793
-7824
-7873
-7862
-7863
-7845
-7812
-7789
-7766
-7770
-7780
-7803
-7842
-7840
-7859
-7846
-7895
-7941
-8010
-8069
-8030
-8100
-8041
-8001
-7947
-7848
-7752
-7642
-7620
-7587
-7655
-7689
-7745
-7792
-7857
-7916
-7948
-7990
-7945
-7907
-7803
-7735
-7688
-7667
-7684
-7717
-7790
-7868
-7968
-8037
-8080
-8076
-8054
-8027
-7987
-7933
-7871
-7812
-7728
-7690
-7645
-7641
-7648
-7676
-7733
-7768
-7866
-7880
-7911
-7882
-7846
-7824
-7766
-7771
-7736
-7737
-7706
-7715
-7760
-7810
-7894
-7925
-7959
-8017
-8026
-8078
-8045
-7929
-7879
-7743
-7781
-7726
-7683
-7707
-7667
-7778
-7765
-7867
-7842
-7891
-7917
-7834
-7901
-7709
-7791
-7639
-7607
-7670
-7552
-7744
-7735
-7922
-7899
-8069
-8003
-8008
-8073
-7909
-8066
-7808
-7913
-7801
-7821
-7739
-7730
-7746
-7638
-7799
-7685
-7859
-7749
-7875
-7820
-7811
-7806
-7731
-7777
-7632
-7707
-7566
-7713
-7645
-7763
-7803
-7845
-8068
-8008
-8208
-8087
-8092
-7961
-7870
-7826
-7701
-7749
-7638
-7723
-7724
-7801
-7866
-7863
-7864
-7799
-7813
-7736
-7726
-7673
-7658
-7619
-7575
-7612
-7612
-7667
-7697
-7759
-7830
-7895
-7944
-8004
-8001
-8015
-7991
-7968
-7936
-7834
-7800
-7714
-7667
-7645
-7669
-7706
-7764
-7805
-7859
-7883
-7852
-7821
-7734
-7658
-7566
-7554
-7538
-7581
-7607
-7647
-7726
-7757
-7840
-7872
-7914
-7889
-7914
-7879
-7856
-7835
-7768
-7774
-7699
-7726
-7720
-7775
-7800
-7832
-7846
-7830
-7862
-7825
-7871
-7811
-7767
-7694
-7627
-7582
-7561
-7515
-7497
-7552
-7594
-7703
-7786
-7862
-7841
-7898
-7891
-7884
-7837
-7798
-7819
-7726
-7760
-7734
-7743
-7772
-7816
-7842
-7888
-7975
-7914
-7957
-7873
-7781
-7732
-7623
-7604
-7511
-7532
-7491
-7543
-7632
-7670
-7762
-7733
-7827
-7833
-7881
-7914
-7880
-7842
-7795
-7808
-7747
-7827
-7798
-7827
-7880
-7852
-7919
-7839
-7911
-7838
-7800
-7825
-7637
-7720
-7610
-7564
-7549
-7444
-7553
-7502
-7681
-7722
-7829
-7958
-7958
-8113
-8011
-8029
-7915
-7872
-7770
-7703
-7760
-7641
-7742
-7700
-7743
-7799
-7806
-7863
-7833
-7844
-7759
-7760
-7715
-7685
-7668
-7651
-7702
-7704
-7804
-7806
-7833
-7849
-7865
-7893
-7922
-7935
-7919
-7876
-7841
-7795
-7701
-7709
-7555
-7601
-7549
-7613
-7710
-7721
-7881
-7852
-7915
-7877
-7943
-7868
-7824
-7806
-7664
-7753
-7684
-7736
-7751
-7823
-7888
-7871
-7995
-7873
-7916
-7874
-7753
-7720
-7676
-7631
-7657
-7666
-7646
-7748
-7691
-7770
-7787
-7852
-7840
-7908
-7938
-7936
-7993
-7873
-7876
-7756
-7808
-7698
-7719
-7742
-7663
-7774
-7769
-7846
-7863
-7897
-7868
-7857
-7813
-7776
-7742
-7689
-7674
-7633
-7611
-7733
-7797
-7820
-7959
-7957
-8013
-7955
-8020
-7897
-7926
-7883
-7697
-7852
-7695
-7781
-7685
-7700
-7738
-7739
-7849
-7804
-7930
-7835
-7884
-7816
-7842
-7809
-7725
-7823
-7672
-7833
-7786
-7876
-7909
-7844
-8028
-7901
-8039
-7989
-7977
-7988
-7834
-7888
-7781
-7740
-7706
-7681
-7707
-7693
-7844
-7812
-7898
-7939
-7912
-7988
-7905
-8010
-7856
-7855
-7786
-7730
-7789
-7714
-7824
-7820
-7962
-7917
-8029
-8068
-8021
-8065
-7907
-7932
-7802
-7821
-7804
-7756
-7785
-7739
-7796
-7791
-7820
-7846
-7887
-7885
-7913
-7954
-7935
-7928
-7906
-7856
-7852
-7836
-7819
-7841
-7831
-7857
-7902
-7942
-8006
-8028
-8039
-8022
-8017
-7964
-7869
-7794
-7711
-7703
-7623
-7748
-7745
-7828
-7930
-7897
-8024
-7961
-8008
-7956
-7935
-7893
-7806
-7882
-7793
-7837
-7830
-7801
-7862
-7846
-8006
-7861
-8010
-7979
-7867
-8029
-7830
-7927
-7802
-7859
-7761
-7737
-7821
-7678
-7823
-7787
-7877
-7901
-7951
-8020
-7998
-8016
-7918
-7866
-7803
-7731
-7726
-7711
-7696
-7742
-7812
-7864
-7928
-7926
-7963
-7964
-7942
-7930
-7880
-7831
-7770
-7764
-7743
-7722
-7740
-7773
-7794
-7843
-7866
-7904
-7890
-7889
-7842
-7820
-7794
-7775
-7785
-7731
-7727
-7677
-7713
-7741
-7802
-7843
-7875
-7932
-7925
-7947
-7963
-7873
-7864
-7774
-7724
-7739
-7666
-7702
-7655
-7719
-7707
-7761
-7806
-7813
-7881
-7847
-7868
-7805
-7783
-7736
-7670
-7665
-7640
-7663
-7719
-7774
-7810
-7852
-7901
-7893
-7907
-7883
-7843
-7811
-7754
-7719
-7672
-7657
-7639
-7634
-7663
-7686
-7748
-7770
-7789
-7809
-7788
-7798
-7769
-7794
-7747
-7737
-7721
-7665
-7688
-7658
-7691
-7686
-7737
-7767
-7823
-7872
-7894
-7885
-7808
-7801
-7710
-7686
-7639
-7611
-7618
-7640
-7700
-7729
-7812
-7830
-7845
-7842
-7850
-7805
-7759
-7726
-7623
-7629
-7579
-7612
-7622
-7644
-7729
-7713
-7800
-7786
-7831
-7815
-7817
-7851
-7800
-7845
-7764
-7775
-7705
-7676
-7662
-7627
-7685
-7665
-7757
-7750
-7812
-7841
-7842
-7823
-7750
-7732
-7651
-7660
-7625
-7650
-7628
-7672
-7739
-7753
-7859
-7871
-7922
-7883
-7877
-7825
-7748
-7746
-7649
-7682
-7639
-7668
-7703
-7703
-7783
-7759
-7809
-7795
-7806
-7831
-7832
-7827
-7777
-7754
-7725
-7713
-7689
-7653
-7671
-7714
-7732
-7800
-7820
-7836
-7862
-7833
-7865
-7811
-7787
-7783
-7691
-7717
-7670
-7697
-7717
-7745
-7798
-7827
-7915
-7912
-7952
-7890
-7880
-7833
-7762
-7756
-7712
-7681
-7663
-7682
-7693
-7715
-7772
-7820
-7782
-7867
-7857
-7865
-7865
-7819
-7814
-7723
-7775
-7725
-7763
-7797
-7787
-7876
-7860
-7909
-7907
-7922
-7912
-7891
-7877
-7817
-7838
-7742
-7729
-7714
-7667
-7673
-7694
-7748
-7757
-7845
-7849
-7880
-7919
-7875
-7907
-7868
-7840
-7829
-7786
-7800
-7754
-7803
-7802
-7857
-7929
-7946
-7996
-7936
-7957
-7861
-7847
-7779
-7720
-7711
-7638
-7716
-7702
-7746
-7776
-7796
-7830
-7843
-7894
-7891
-7922
-7923
-7906
-7889
-7853
-7864
-7815
-7819
-7804
-7805
-7849
-7844
-7898
-7879
-7919
-7918
-7932
-7923
-7852
-7850
-7761
-7736
-7697
-7682
-7722
-7727
-7819
-7858
-7919
-7969
-7967
-7978
-7918
-7900
-7833
-7806
-7793
-7765
-7784
-7766
-7795
-7812
-7840
-7853
-7859
-7873
-7868
-7883
-7869
-7848
-7819
-7798
-7772
-7786
-7782
-7782
-7801
-7795
-7846
-7852
-7915
-7928
-7962
-7974
-7936
-7932
-7863
-7838
-7778
-7730
-7703
-7707
-7753
-7811
-7826
-7867
-7886
-7901
-7925
-7918
-7873
-7847
-7849
-7780
-7776
-7770
-7773
-7757
-7807
-7835
-7866
-7912
-7930
-7938
-7912
-7917
-7878
-7852
-7800
-7803
-7748
-7749
-7771
-7769
-7779
-7783
-7834
-7851
-7908
-7915
-7929
-7914
-7894
-7850
-7799
-7817
-7758
-7776
-7787
-7741
-7810
-7830
-7846
-7883
-7901
-7898
-7915
-7915
-7890
-7862
-7818
-7794
-7730
-7752
-7723
-7760
-7804
-7821
-7888
-7896
-7937
-7920
-7910
-7870
-7839
-7816
-7787
-7780
-7755
-7761
-7763
-7787
-7832
-7854
-7890
-7912
-7908
-7891
-7892
-7870
-7828
-7802
-7772
-7781
-7763
-7770
-7757
-7760
-7780
-7801
-7858
-7873
-7909
-7929
-7924
-7935
-7894
-7861
-7791
-7768
-7740
-7698
-7788
-7755
-7833
-7859
-7882
-7896
-7906
-7927
-7862
-7846
-7780
-7778
-7670
-7747
-7707
-7743
-7762
-7766
-7901
-7821
-7938
-7873
-7898
-7886
-7831
-7861
-7821
-7832
-7798
-7821
-7762
-7779
-7790
-7774
-7781
-7831
-7858
-7876
-7920
-7901
-7907
-7828
-7826
-7772
-7731
-7720
-7676
-7723
-7714
-7780
-7804
-7840
-7873
-7876
-7896
-7880
-7860
-7795
-7773
-7725
-7696
-7699
-7713
-7769
-7780
-7804
-7848
-7845
-7872
-7877
-7849
-7842
-7821
-7818
-7798
-7766
-7754
-7719
-7709
-7720
-7724
-7762
-7774
-7809
-7821
-7836
-7840
-7841
-7792
-7756
-7779
-7715
-7709
-7705
-7705
-7703
-7747
-7766
-7776
-7844
-7867
-7854
-7843
-7859
-7783
-7736
-7732
-7676
-7677
-7673
-7702
-7722
-7738
-7778
-7786
-7827
-7824
-7845
-7830
-7807
-7781
-7734
-7707
-7695
-7684
-7669
-7695
-7715
-7747
-7804
-7830
-7829
-7838
-7799
-7810
-7777
-7780
-7760
-7728
-7714
-7698
-7698
-7686
-7730
-7720
-7758
-7773
-7817
-7822
-7834
-7816
-7781
-7754
-7727
-7734
-7668
-7695
-7666
-7687
-7709
-7759
-7796
-7817
-7866
-7844
-7891
-7825
-7809
-7747
-7700
-7682
-7660
-7702
-7675
-7738
-7750
-7795
-7793
-7799
-7824
-7775
-7802
-7770
-7762
-7762
-7759
-7737
-7716
-7727
-7705
-7742
-7766
-7767
-7804
-7778
-7845
-7864
-7786
-7850
-7806
-7777
-7743
-7738
-7700
-7661
-7690
-7659
-7746
-7748
-7825
-7841
-7877
-7880
-7821
-7836
-7746
-7760
-7712
-7693
-7707
-7711
-7735
-7795
-7832
-7808
-7828
-7856
-7866
-7802
-7845
-7788
-7803
-7770
-7717
-7757
-7689
-7759
-7705
-7788
-7764
-7789
-7824
-7784
-7894
-7794
-7878
-7822
-7812
-7789
-7715
-7758
-7667
-7767
-7704
-7758
-7845
-7785
-7911
-7858
-7919
-7887
-7817
-7833
-7767
-7788
-7710
-7752
-7730
-7721
-7771
-7785
-7814
-7832
-7853
-7869
-7874
-7812
-7866
-7784
-7757
-7763
-7747
-7744
-7713
-7814
-7753
-7831
-7819
-7825
-7884
-7837
-7911
-7846
-7871
-7838
-7799
-7776
-7750
-7769
-7721
-7776
-7781
-7798
-7834
-7841
-7866
-7853
-7875
-7874
-7852
-7826
-7801
-7764
-7757
-7768
-7708
-7743
-7779
-7808
-7863
-7883
-7902
-7894
-7899
-7857
-7828
-7816
-7768
-7746
-7740
-7750
-7758
-7786
-7805
-7836
-7860
-7862
-7888
-7880
-7864
-7836
-7817
-7785
-7775
-7769
-7777
-7792
-7765
-7798
-7807
-7816
-7832
-7839
-7866
-7879
-7882
-7875
-7855
-7832
-7801
-7760
-7750
-7721
-7734
-7758
-7787
-7838
-7856
-7905
-7889
-7898
-7869
-7839
-7810
-7764
-7798
-7715
-7742
-7759
-7771
-7817
-7830
-7906
-7862
-7899
-7893
-7865
-7857
-7830
-7797
-7781
-7789
-7758
-7805
-7761
-7796
-7792
-7792
-7830
-7817
-7876
-7853
-7886
-7870
-7852
-7839
-7802
-7783
-7744
-7769
-7740
-7793
-7814
-7837
-7881
-7873
-7932
-7888
-7908
-7875
-7833
-7809
-7759
-7765
-7721
-7744
-7757
-7771
-7821
-7856
-7860
-7871
-7871
-7853
-7850
-7823
-7821
-7803
-7777
-7780
-7770
-7790
-7804
-7803
-7829
-7859
-7861
-7876
-7904
-7899
-7878
-7845
-7831
-7801
-7779
-7773
-7760
-7758
-7768
-7783
-7813
-7834
-7857
-7875
-7875
-7892
-7883
-7852
-7850
-7810
-7781
-7771
-7773
-7790
-7788
-7848
-7840
-7871
-7888
-7888
-7900
-7869
-7870
-7822
-7817
-7780
-7756
-7739
-7739
-7769
-7778
-7824
-7845
-7875
-7882
-7888
-7902
-7877
-7859
-7836
-7817
-7803
-7808
-7809
-7801
-7809
-7805
-7821
-7839
-7853
-7869
-7879
-7885
-7869
-7861
-7847
-7809
-7795
-7777
-7756
-7767
-7768
-7785
-7818
-7832
-7863
-7876
-7912
-7905
-7884
-7865
-7816
-7802
-7760
-7760
-7748
-7766
-7780
-7823
-7855
-7867
-7896
-7877
-7880
-7831
-7842
-7799
-7794
-7793
-7766
-7785
-7760
-7788
-7774
-7812
-7809
-7823
-7856
-7858
-7881
-7848
-7845
-7844
-7824
-7795
-7807
-7760
-7753
-7754
-7742
-7797
-7804
-7851
-7859
-7872
-7889
-7869
-7865
-7805
-7765
-7747
-7716
-7736
-7744
-7767
-7794
-7812
-7856
-7852
-7860
-7850
-7847
-7830
-7806
-7810
-7771
-7765
-7765
-7756
-7764
-7776
-7788
-7821
-7833
-7838
-7856
-7849
-7860
-7841
-7836
-7817
-7790
-7785
-7760
-7753
-7746
-7748
-7774
-7800
-7838
-7855
-7872
-7885
-7857
-7851
-7815
-7784
-7768
-7735
-7752
-7740
-7760
-7783
-7785
-7834
-7829
-7860
-7865
-7868
-7874
-7833
-7829
-7776
-7769
-7756
-7750
-7761
-7764
-7783
-7800
-7833
-7834
-7848
-7842
-7840
-7836
-7822
-7809
-7781
-7779
-7741
-7754
-7759
-7760
-7805
-7799
-7832
-7836
-7856
-7868
-7854
-7854
-7819
-7814
-7791
-7779
-7763
-7742
-7751
-7749
-7776
-7783
-7811
-7837
-7842
-7872
-7858
-7841
-7802
-7786
-7745
-7728
-7751
-7735
-7758
-7774
-7803
-7822
-7839
-7844
-7853
-7872
-7820
-7823
-7806
-7774
-7768
-7758
-7754
-7731
-7774
-7771
-7788
-7814
-7796
-7816
-7819
-7819
-7819
-7828
-7803
-7807
-7786
-7754
-7758
-7729
-7736
-7737
-7779
-7791
-7822
-7863
-7848
-7859
-7827
-7822
-7778
-7768
-7747
-7716
-7722
-7732
-7748
-7754
-7832
-7809
-7833
-7846
-7844
-7834
-7791
-7788
-7743
-7763
-7718
-7751
-7740
-7754
-7779
-7761
-7812
-7774
-7816
-7798
-7818
-7801
-7831
-7827
-7776
-7814
-7719
-7760
-7713
-7727
-7740
-7745
-7802
-7762
-7861
-7812
-7838
-7834
-7790
-7819
-7741
-7774
-7719
-7721
-7726
-7709
-7767
-7765
-7820
-7819
-7838
-7838
-7825
-7813
-7786
-7776
-7733
-7751
-7726
-7746
-7752
-7752
-7796
-7786
-7827
-7824
-7846
-7843
-7840
-7858
-7802
-7830
-7770
-7772
-7738
-7743
-7782
-7728
-7822
-7791
-7828
-7824
-7830
-7853
-7837
-7848
-7816
-7811
-7766
-7787
-7754
-7767
-7764
-7778
-7796
-7826
-7858
-7863
-7880
-7872
-7866
-7845
-7843
-7806
-7803
-7781
-7781
-7767
-7785
-7809
-7827
-7835
-7871
-7886
-7879
-7894
-7864
-7855
-7815
-7811
-7790
-7806
-7781
-7807
-7818
-7825
-7841
-7836
-7878
-7848
-7885
-7870
-7875
-7875
-7854
-7853
-7814
-7817
-7809
-7797
-7820
-7819
-7844
-7855
-7876
-7907
-7894
-7918
-7887
-7872
-7853
-7827
-7804
-7778
-7773
-7779
-7809
-7834
-7872
-7885
-7915
-7901
-7904
-7887
-7867
-7850
-7814
-7831
-7805
-7831
-7818
-7843
-7840
-7849
-7870
-7846
-7893
-7872
-7888
-7861
-7871
-7866
-7841
-7834
-7808
-7821
-7791
-7812
-7808
-7825
-7843
-7865
-7881
-7897
-7925
-7884
-7893
-7850
-7838
-7800
-7781
-7794
-7767
-7816
-7809
-7856
-7881
-7887
-7895
-7880
-7876
-7861
-7849
-7816
-7824
-7795
-7799
-7803
-7787
-7830
-7816
-7845
-7866
-7852
-7882
-7860
-7874
-7854
-7836
-7818
-7801
-7817
-7769
-7793
-7773
-7761
-7818
-7800
-7809
-7869
-7850
-7859
-7894
-7837
-7819
-7826
-7756
-7771
-7773
-7737
-7792
-7781
-7830
-7805
-7825
-7850
-7837
-7852
-7823
-7843
-7788
-7792
-7774
-7751
-7754
-7732
-7765
-7792
-7780
-7827
-7828
-7834
-7831
-7810
-7830
-7795
-7782
-7754
-7771
-7731
-7757
-7744
-7724
-7776
-7753
-7821
-7768
-7817
-7824
-7791
-7802
-7766
-7804
-7723
-7777
-7723
-7737
-7746
-7726
-7781
-7737
-7805
-7776
-7804
-7780
-7854
-7784
-7780
-7781
-7686
-7765
-7673
-7711
-7716
-7722
-7739
-7791
-7762
-7816
-7792
-7793
-7791
-7743
-7798
-7662
-7774
-7669
-7719
-7726
-7701
-7777
-7704
-7804
-7758
-7807
-7710
-7810
-7791
-7673
-7816
-7728
-7750
-7708
-7754
-7711
-7680
-7740
-7701
-7754
-7750
-7805
-7782
-7809
-7795
-7740
-7803
-7727
-7672
-7746
-7673
-7717
-7736
-7717
-7774
-7750
-7854
-7804
-7782
-7816
-7810
-7716
-7746
-7767
-7659
-7764
-7722
-7730
-7736
-7811
-7749
-7784
-7829
-7721
-7873
-7743
-7810
-7789
-7802
-7709
-7711
-7826
-7683
-7744
-7704
-7902
-7690
-7768
-7894
-7776
-7879
-7760
-7900
-7762
-7748
-7816
-7725
-7765
-7741
-7733
-7786
-7809
-7767
-7863
-7832
-7855
-7820
-7832
-7837
-7733
-7843
-7708
-7779
-7779
-7770
-7794
-7735
-7875
-7793
-7874
-7810
-7850
-7870
-7787
-7905
-7773
-7830
-7811
-7763
-7784
-7750
-7854
-7787
-7803
-7872
-7843
-7847
-7872
-7833
-7855
-7835
-7804
-7889
-7716
-7843
-7775
-7772
-7874
-7732
-7917
-7777
-7914
-7875
-7826
-7955
-7783
-7926
-7767
-7839
-7827
-7744
-7886
-7743
-7873
-7792
-7858
-7898
-7839
-7930
-7844
-7908
-7815
-7847
-7845
-7766
-7843
-7787
-7847
-7798
-7822
-7904
-7826
-7842
-7856
-7940
-7796
-7885
-7893
-7830
-7835
-7835
-7854
-7741
-7872
-7770
-7860
-7805
-7878
-7873
-7842
-7937
-7818
-7934
-7816
-7879
-7815
-7809
-7820
-7777
-7810
-7780
-7865
-7811
-7910
-7881
-7871
-7919
-7862
-7857
-7833
-7822
-7783
-7818
-7801
-7805
-7823
-7807
-7853
-7835
-7845
-7849
-7857
-7847
-7840
-7856
-7798
-7859
-7760
-7826
-7814
-7728
-7867
-7714
-7872
-7802
-7828
-7855
-7801
-7938
-7775
-7905
-7771
-7843
-7774
-7757
-7803
-7667
-7864
-7689
-7855
-7793
-7834
-7884
-7774
-7901
-7759
-7830
-7757
-7778
-7757
-7741
-7773
-7743
-7779
-7766
-7793
-7797
-7812
-7794
-7858
-7772
-7819
-7791
-7749
-7813
-7695
-7774
-7755
-7767
-7780
-7743
-7807
-7769
-7832
-7799
-7765
-7878
-7763
-7772
-7811
-7685
-7771
-7746
-7738
-7738
-7723
-7831
-7723
-7831
-7854
-7760
-7851
-7777
-7798
-7810
-7740
-7769
-7730
-7731
-7755
-7747
-7740
-7779
-7799
-7766
-7851
-7770
-7826
-7801
-7762
-7802
-7713
-7801
-7712
-7752
-7762
-7740
-7804
-7741
-7821
-7771
-7823
-7816
-7760
-7866
-7728
-7824
-7724
-7754
-7779
-7682
-7809
-7707
-7811
-7721
-7812
-7791
-7775
-7835
-7804
-7831
-7737
-7888
-7664
-7766
-7808
-7684
-7767
-7713
-7850
-7738
-7815
-7840
-7843
-7826
-7702
-7921
-7756
-7739
-7767
-7765
-7778
-7686
-7845
-7744
-7791
-7808
-7823
-7814
-7770
-7843
-7821
-7776
-7751
-7812
-7797
-7784
-7761
-7713
-7777
-7870
-7644
-7861
-7797
-7827
-7801
-7838
-7965
-7556
-8057
-7675
-7762
-7800
-7684
-7878
-7605
-7943
-7690
-7875
-7816
-7837
-7874
-7762
-7895
-7723
-7827
-7740
-7797
-7716
-7766
-7754
-7807
-7789
-7768
-7903
-7746
-7895
-7758
-7862
-7799
-7803
-7829
-7768
-7841
-7692
-7905
-7695
-7838
-7780
-7788
-7903
-7701
-7980
-7762
-7892
-7839
-7797
-7870
-7691
-7882
-7728
-7815
-7768
-7779
-7852
-7781
-7887
-7817
-7880
-7827
-7875
-7844
-7800
-7849
-7773
-7829
-7769
-7804
-7838
-7797
-7865
-7842
-7861
-7875
-7860
-7865
-7856
-7867
-7823
-7841
-7825
-7826
-7833
-7814
-7831
-7829
-7857
-7867
-7882
-7877
-7886
-7885
-7868
-7857
-7871
-7848
-7831
-7838
-7844
-7841
-7841
-7857
-7865
-7886
-7886
-7907
-7896
-7906
-7885
-7874
-7861
-7857
-7838
-7838
-7836
-7817
-7876
-7867
-7888
-7881
-7914
-7907
-7902
-7914
-7849
-7921
-7849
-7818
-7864
-7826
-7869
-7823
-7888
-7893
-7881
-7914
-7883
-7903
-7886
-7903
-7856
-7883
-7852
-7867
-7873
-7813
-7882
-7840
-7850
-7856
-7854
-7917
-7880
-7875
-7900
-7911
-7875
-7834
-7884
-7815
-7817
-7831
-7821
-7843
-7814
-7890
-7858
-7892
-7896
-7863
-7893
-7874
-7845
-7819
-7817
-7814
-7799
-7798
-7868
-7783
-7866
-7852
-7851
-7855
-7845
-7860
-7808
-7889
-7796
-7844
-7801
-7814
-7809
-7816
-7791
-7808
-7844
-7805
-7845
-7839
-7851
-7822
-7893
-7788
-7861
-7791
-7794
-7807
-7754
-7786
-7759
-7821
-7770
-7845
-7799
-7861
-7845
-7831
-7831
-7796
-7818
-7759
-7787
-7756
-7779
-7775
-7782
-7806
-7799
-7807
-7803
-7817
-7808
-7799
-7798
-7784
-7780
-7767
-7763
-7751
-7755
-7755
-7754
-7778
-7766
-7788
-7787
-7793
-7809
-7783
-7801
-7769
-7777
-7761
-7736
-7745
-7719
-7756
-7722
-7773
-7758
-7793
-7801
-7773
-7805
-7745
-7821
-7737
-7751
-7753
-7717
-7742
-7716
-7751
-7736
-7745
-7779
-7740
-7805
-7792
-7767
-7809
-7728
-7789
-7695
-7772
-7719
-7717
-7765
-7699
-7797
-7725
-7785
-7753
-7774
-7767
-7759
-7773
-7752
-7753
-7740
-7748
-7719
-7761
-7727
-7744
-7746
-7745
-7798
-7738
-7802
-7755
-7781
-7800
-7728
-7788
-7712
-7766
-7710
-7721
-7718
-7725
-7747
-7743
-7775
-7777
-7802
-7783
-7797
-7748
-7783
-7713
-7763
-7698
-7736
-7748
-7722
-7773
-7749
-7811
-7714
-7818
-7773
-7797
-7773
-7746
-7774
-7728
-7793
-7725
-7743
-7753
-7764
-7751
-7778
-7752
-7787
-7785
-7782
-7823
-7759
-7823
-7744
-7799
-7763
-7720
-7760
-7729
-7749
-7737
-7817
-7760
-7823
-7816
-7807
-7817
-7778
-7833
-7756
-7807
-7758
-7768
-7792
-7783
-7835
-7767
-7831
-7809
-7839
-7835
-7818
-7846
-7789
-7827
-7794
-7802
-7797
-7811
-7808
-7795
-7823
-7802
-7857
-7817
-7858
-7871
-7848
-7880
-7849
-7866
-7824
-7844
-7810
-7815
-7824
-7819
-7840
-7828
-7862
-7861
-7881
-7878
-7888
-7873
-7868
-7856
-7843
-7837
-7834
-7825
-7834
-7846
-7861
-7868
-7868
-7894
-7873
-7898
-7878
-7876
-7881
-7862
-7867
-7862
-7855
-7858
-7855
-7846
-7869
-7865
-7891
-7886
-7898
-7905
-7884
-7901
-7883
-7874
-7863
-7859
-7859
-7848
-7831
-7885
-7865
-7867
-7887
-7885
-7918
-7865
-7922
-7875
-7884
-7871
-7875
-7854
-7829
-7878
-7820
-7894
-7852
-7901
-7879
-7917
-7905
-7874
-7931
-7841
-7904
-7850
-7862
-7851
-7839
-7857
-7843
-7877
-7873
-7888
-7886
-7893
-7899
-7899
-7871
-7884
-7867
-7868
-7872
-7859
-7862
-7852
-7872
-7860
-7876
-7867
-7880
-7901
-7889
-7917
-7890
-7900
-7882
-7874
-7865
-7860
-7854
-7842
-7880
-7843
-7891
-7900
-7890
-7931
-7901
-7889
-7919
-7857
-7886
-7860
-7811
-7865
-7828
-7872
-7849
-7890
-7887
-7893
-7900
-7887
-7919
-7857
-7901
-7870
-7865
-7880
-7858
-7868
-7846
-7861
-7863
-7856
-7869
-7857
-7888
-7869
-7876
-7897
-7846
-7877
-7842
-7848
-7824
-7820
-7846
-7803
-7862
-7824
-7857
-7874
-7862
-7899
-7851
-7877
-7846
-7828
-7814
-7802
-7829
-7808
-7820
-7824
-7829
-7839
-7834
-7837
-7851
-7825
-7844
-7819
-7827
-7833
-7798
-7812
-7773
-7811
-7800
-7815
-7805
-7814
-7824
-7811
-7838
-7820
-7848
-7803
-7806
-7824
-7771
-7794
-7795
-7764
-7796
-7772
-7809
-7789
-7797
-7838
-7794
-7831
-7785
-7813
-7786
-7763
-7783
-7743
-7775
-7766
-7777
-7767
-7778
-7797
-7795
-7806
-7798
-7823
-7796
-7785
-7784
-7777
-7762
-7744
-7759
-7743
-7769
-7773
-7782
-7797
-7783
-7795
-7801
-7776
-7791
-7787
-7757
-7789
-7751
-7774
-7762
-7751
-7777
-7752
-7789
-7765
-7801
-7790
-7792
-7801
-7776
-7806
-7759
-7767
-7743
-7748
-7761
-7731
-7770
-7757
-7767
-7781
-7806
-7823
-7790
-7810
-7780
-7777
-7763
-7755
-7761
-7723
-7763
-7765
-7760
-7791
-7798
-7782
-7811
-7796
-7797
-7791
-7784
-7790
-7754
-7792
-7768
-7755
-7774
-7782
-7753
-7788
-7784
-7763
-7808
-7777
-7787
-7794
-7766
-7789
-7771
-7767
-7763
-7720
-7785
-7744
-7752
-7766
-7795
-7797
-7795
-7825
-7765
-7833
-7765
-7778
-7754
-7753
-7761
-7715
-7799
-7730
-7800
-7766
-7781
-7828
-7742
-7847
-7769
-7784
-7806
-7758
-7781
-7763
-7794
-7760
-7774
-7778
-7786
-7785
-7795
-7802
-7796
-7813
-7803
-7803
-7802
-7793
-7783
-7763
-7776
-7772
-7762
-7815
-7761
-7824
-7830
-7810
-7850
-7805
-7854
-7797
-7826
-7828
-7778
-7816
-7781
-7818
-7798
-7805
-7841
-7815
-7842
-7843
-7853
-7845
-7826
-7842
-7809
-7823
-7818
-7807
-7833
-7791
-7840
-7817
-7833
-7850
-7837
-7872
-7855
-7867
-7825
-7858
-7835
-7828
-7812
-7829
-7848
-7801
-7850
-7839
-7860
-7851
-7862
-7873
-7863
-7873
-7873
-7873
-7854
-7858
-7843
-7839
-7831
-7836
-7841
-7860
-7865
-7874
-7893
-7865
-7892
-7869
-7877
-7851
-7836
-7863
-7816
-7853
-7835
-7860
-7857
-7861
-7896
-7872
-7881
-7880
-7867
-7878
-7860
-7834
-7850
-7840
-7848
-7833
-7865
-7843
-7849
-7869
-7850
-7874
-7843
-7894
-7878
-7860
-7888
-7819
-7898
-7829
-7823
-7868
-7787
-7867
-7829
-7854
-7870
-7864
-7871
-7865
-7854
-7860
-7859
-7816
-7829
-7818
-7801
-7804
-7824
-7813
-7844
-7834
-7853
-7844
-7864
-7835
-7831
-7867
-7796
-7845
-7813
-7820
-7828
-7809
-7826
-7816
-7833
-7818
-7831
-7842
-7820
-7846
-7852
-7824
-7826
-7820
-7811
-7789
-7808
-7793
-7796
-7805
-7802
-7833
-7816
-7834
-7833
-7830
-7832
-7819
-7811
-7794
-7785
-7786
-7780
-7788
-7795
-7801
-7821
-7807
-7812
-7826
-7813
-7816
-7813
-7798
-7787
-7794
-7783
-7775
-7807
-7784
-7798
-7782
-7812
-7828
-7789
-7840
-7811
-7821
-7805
-7814
-7800
-7781
-7805
-7763
-7801
-7775
-7793
-7804
-7799
-7818
-7800
-7835
-7807
-7829
-7810
-7804
-7810
-7774
-7803
-7764
-7796
-7779
-7790
-7805
-7788
-7834
-7800
-7838
-7814
-7823
-7828
-7802
-7823
-7785
-7800
-7784
-7793
-7803
-7794
-7824
-7817
-7831
-7828
-7832
-7828
-7818
-7815
-7798
-7808
-7799
-7806
-7797
-7806
-7813
-7809
-7827
-7822
-7830
-7834
-7836
-7831
-7840
-7825
-7824
-7823
-7808
-7810
-7805
-7814
-7811
-7824
-7821
-7840
-7833
-7847
-7855
-7844
-7840
-7828
-7829
-7796
-7832
-7799
-7803
-7823
-7818
-7849
-7832
-7853
-7857
-7850
-7845
-7844
-7830
-7836
-7825
-7826
-7823
-7821
-7832
-7811
-7837
-7829
-7839
-7840
-7847
-7852
-7842
-7849
-7842
-7846
-7829
-7827
-7820
-7813
-7815
-7812
-7827
-7835
-7840
-7848
-7858
-7863
-7855
-7856
-7837
-7817
-7828
-7809
-7805
-7813
-7808
-7828
-7814
-7837
-7838
-7839
-7846
-7830
-7845
-7815
-7839
-7815
-7804
-7814
-7803
-7804
-7808
-7816
-7813
-7820
-7825
-7837
-7814
-7839
-7832
-7826
-7821
-7819
-7816
-7802
-7821
-7777
-7826
-7789
-7809
-7831
-7804
-7859
-7800
-7859
-7812
-7817
-7833
-7798
-7816
-7781
-7826
-7780
-7812
-7805
-7815
-7822
-7805
-7849
-7808
-7831
-7817
-7818
-7811
-7806
-7799
-7804
-7799
-7782
-7823
-7790
-7826
-7828
-7827
-7793
-7858
-7818
-7801
-7859
-7764
-7838
-7776
-7825
-7776
-7800
-7837
-7774
-7857
-7786
-7846
-7817
-7823
-7832
-7793
-7835
-7793
-7822
-7781
-7778
-7809
-7785
-7781
-7807
-7796
-7799
-7865
-7779
-7864
-7819
-7819
-7821
-7765
-7833
-7735
-7828
-7748
-7809
-7797
-7786
-7845
-7774
-7856
-7783
-7853
-7783
-7811
-7813
-7779
-7812
-7754
-7831
-7760
-7791
-7803
-7793
-7805
-7790
-7826
-7794
-7801
-7832
-7786
-7805
-7797
-7788
-7787
-7739
-7810
-7751
-7783
-7800
-7791
-7820
-7788
-7845
-7773
-7822
-7786
-7781
-7781
-7740
-7794
-7729
-7790
-7753
-7792
-7779
-7794
-7823
-7774
-7828
-7774
-7809
-7787
-7796
-7787
-7771
-7790
-7777
-7786
-7782
-7800
-7788
-7799
-7799
-7791
-7817
-7808
-7788
-7818
-7782
-7756
-7786
-7777
-7766
-7713
-7842
-7786
-7753
-7838
-7782
-7858
-7750
-7861
-7759
-7790
-7835
-7733
-7834
-7734
-7840
-7759
-7828
-7801
-7808
-7856
-7794
-7860
-7796
-7871
-7775
-7822
-7836
-7776
-7839
-7779
-7840
-7824
-7807
-7843
-7823
-7822
-7849
-7842
-7842
-7838
-7816
-7853
-7800
-7830
-7828
-7804
-7831
-7822
-7842
-7823
-7859
-7838
-7843
-7885
-7806
-7833
-7872
-7839
-7833
-7838
-7834
-7804
-7872
-7842
-7834
-7876
-7847
-7884
-7862
-7878
-7866
-7857
-7861
-7859
-7855
-7839
-7852
-7832
-7869
-7824
-7861
-7890
-7841
-7895
-7854
-7865
-7873
-7854
-7866
-7839
-7881
-7810
-7858
-7880
-7804
-7900
-7853
-7872
-7859
-7884
-7879
-7873
-7899
-7854
-7890
-7830
-7897
-7838
-7849
-7845
-7862
-7866
-7838
-7915
-7831
-7918
-7864
-7884
-7855
-7887
-7859
-7834
-7873
-7797
-7897
-7808
-7856
-7857
-7865
-7852
-7871
-7897
-7828
-7872
-7863
-7847
-7825
-7838
-7857
-7822
-7854
-7835
-7825
-7880
-7819
-7873
-7849
-7869
-7843
-7854
-7863
-7824
-7877
-7833
-7832
-7808
-7842
-7836
-7805
-7853
-7838
-7838
-7849
-7854
-7844
-7823
-7855
-7801
-7849
-7804
-7815
-7811
-7794
-7852
-7797
-7866
-7802
-7876
-7823
-7833
-7887
-7767
-7884
-7789
-7831
-7833
-7773
-7872
-7774
-7844
-7827
-7805
-7844
-7819
-7853
-7811
-7853
-7816
-7814
-7850
-7797
-7842
-7797
-7818
-7817
-7815
-7843
-7805
-7855
-7817
-7862
-7828
-7847
-7836
-7808
-7869
-7779
-7833
-7815
-7817
-7817
-7829
-7841
-7822
-7859
-7843
-7834
-7849
-7864
-7812
-7835
-7824
-7824
-7815
-7815
-7823
-7816
-7832
-7809
-7877
-7822
-7832
-7878
-7811
-7864
-7818
-7844
-7839
-7797
-7855
-7790
-7847
-7810
-7830
-7849
-7821
-7870
-7825
-7854
-7828
-7860
-7828
-7826
-7841
-7814
-7846
-7798
-7832
-7825
-7832
-7821
-7830
-7862
-7824
-7866
-7837
-7845
-7827
-7825
-7828
-7814
-7818
-7812
-7825
-7812
-7845
-7814
-7871
-7812
-7848
-7863
-7823
-7858
-7792
-7878
-7803
-7841
-7825
-7811
-7866
-7818
-7850
-7843
-7847
-7822
-7876
-7830
-7865
-7838
-7828
-7869
-7807
-7858
-7798
-7863
-7830
-7838
-7848
-7820
-7897
-7851
-7858
-7855
-7877
-7834
-7857
-7843
-7822
-7857
-7835
-7853
-7845
-7875
-7851
-7867
-7885
-7866
-7875
-7867
-7868
-7857
-7853
-7864
-7843
-7851
-7855
-7854
-7868
-7861
-7873
-7862
-7881
-7861
-7881
-7872
-7868
-7882
-7854
-7879
-7848
-7855
-7858
-7846
-7862
-7865
-7868
-7876
-7875
-7883
-7880
-7866
-7874
-7875
-7862
-7861
-7854
-7851
-7864
-7855
-7883
-7858
-7879
-7883
-7888
-7871
-7873
-7915
-7831
-7904
-7855
-7857
-7871
-7831
-7897
-7833
-7889
-7843
-7867
-7910
-7834
-7902
-7862
-7871
-7874
-7850
-7875
-7821
-7869
-7846
-7837
-7866
-7838
-7889
-7843
-7884
-7858
-7870
-7889
-7836
-7887
-7828
-7870
-7834
-7849
-7849
-7837
-7873
-7809
-7890
-7838
-7866
-7903
-7833
-7881
-7841
-7864
-7839
-7830
-7854
-7821
-7855
-7823
-7862
-7841
-7853
-7864
-7849
-7875
-7845
-7870
-7849
-7857
-7841
-7845
-7855
-7837
-7850
-7839
-7849
-7858
-7844
-7859
-7854
-7848
-7854
-7862
-7859
-7841
-7856
-7832
-7847
-7839
-7842
-7844
-7831
-7863
-7843
-7864
-7863
-7854
-7842
-7843
-7859
-7817
-7842
-7829
-7806
-7827
-7837
-7838
-7850
-7849
-7840
-7864
-7851
-7839
-7846
-7862
-7809
-7827
-7845
-7814
-7839
-7829
-7833
-7824
-7835
-7844
-7826
-7836
-7836
-7839
-7830
-7832
-7826
-7832
-7824
-7815
-7820
-7838
-7826
-7778
-7853
-7789
-7873
-7835
-7796
-7879
-7803
-7857
-7813
-7791
-7798
-7833
-7784
-7783
-7819
-7804
-7816
-7801
-7839
-7844
-7773
-7848
-7823
-7787
-7847
-7769
-7809
-7803
-7809
-7802
-7790
-7823
-7824
-7787
-7827
-7816
-7805
-7823
-7795
-7814
-7805
-7816
-7757
-7822
-7782
-7788
-7806
-7783
-7815
-7782
-7830
-7782
-7818
-7794
-7816
-7801
-7778
-7815
-7772
-7791
-7781
-7804
-7771
-7800
-7775
-7811
-7798
-7785
-7825
-7760
-7826
-7793
-7810
-7785
-7778
-7808
-7765
-7796
-7797
-7794
-7784
-7805
-7799
-7806
-7795
-7799
-7824
-7779
-7803
-7797
-7788
-7789
-7785
-7802
-7787
-7803
-7801
-7811
-7813
-7805
-7811
-7799
-7807
-7795
-7800
-7804
-7773
-7805
-7798
-7797
-7808
-7802
-7826
-7815
-7830
-7821
-7822
-7833
-7811
-7811
-7801
-7797
-7789
-7796
-7808
-7802
-7823
-7810
-7840
-7821
-7824
-7840
-7812
-7839
-7798
-7843
-7804
-7820
-7824
-7803
-7840
-7797
-7847
-7811
-7827
-7835
-7820
-7838
-7824
-7835
-7823
-7832
-7822
-7822
-7818
-7811
-7820
-7811
-7816
-7819
-7827
-7836
-7837
-7845
-7837
-7837
-7821
-7825
-7821
-7815
-7820
-7820
-7834
-7822
-7838
-7829
-7845
-7841
-7832
-7851
-7825
-7845
-7836
-7829
-7830
-7821
-7832
-7826
-7835
-7828
-7838
-7839
-7831
-7840
-7843
-7845
-7838
-7840
-7829
-7835
-7823
-7845
-7809
-7844
-7840
-7814
-7877
-7816
-7878
-7836
-7864
-7861
-7831
-7873
-7803
-7855
-7816
-7850
-7831
-7833
-7858
-7826
-7870
-7826
-7880
-7844
-7850
-7870
-7832
-7861
-7841
-7862
-7820
-7871
-7841
-7847
-7865
-7829
-7877
-7828
-7884
-7847
-7852
-7865
-7859
-7860
-7837
-7870
-7835
-7857
-7844
-7847
-7855
-7852
-7871
-7854
-7873
-7880
-7861
-7877
-7855
-7864
-7863
-7855
-7864
-7849
-7857
-7854
-7864
-7862
-7868
-7871
-7872
-7876
-7873
-7862
-7860
-7853
-7851
-7846
-7835
-7859
-7844
-7857
-7860
-7844
-7883
-7857
-7865
-7858
-7857
-7869
-7852
-7858
-7848
-7858
-7842
-7866
-7847
-7858
-7865
-7855
-7875
-7857
-7870
-7852
-7867
-7862
-7849
-7865
-7844
-7851
-7845
-7846
-7859
-7841
-7864
-7844
-7861
-7862
-7851
-7872
-7839
-7858
-7843
-7848
-7831
-7836
-7844
-7841
-7845
-7843
-7856
-7846
-7876
-7842
-7871
-7845
-7850
-7858
-7824
-7859
-7824
-7859
-7833
-7845
-7841
-7840
-7851
-7833
-7857
-7831
-7858
-7847
-7845
-7851
-7847
-7839
-7839
-7834
-7824
-7842
-7820
-7847
-7823
-7840
-7851
-7847
-7856
-7841
-7839
-7836
-7845
-7821
-7841
-7815
-7835
-7818
-7836
-7847
-7839
-7840
-7841
-7867
-7822
-7851
-7830
-7841
-7816
-7841
-7824
-7809
-7851
-7822
-7853
-7834
-7827
-7838
-7879
-7820
-7857
-7865
-7809
-7869
-7821
-7863
-7819
-7830
-7866
-7799
-7867
-7830
-7838
-7865
-7819
-7878
-7836
-7833
-7858
-7822
-7843
-7821
-7846
-7823
-7819
-7836
-7810
-7841
-7866
-7839
-7843
-7869
-7861
-7843
-7854
-7861
-7841
-7847
-7839
-7849
-7834
-7851
-7838
-7854
-7871
-7839
-7866
-7872
-7845
-7848
-7868
-7839
-7850
-7817
-7847
-7821
-7851
-7850
-7811
-7927
-7786
-7886
-7860
-7824
-7900
-7816
-7893
-7807
-7906
-7810
-7851
-7884
-7802
-7895
-7823
-7900
-7829
-7882
-7863
-7859
-7872
-7828
-7906
-7820
-7870
-7827
-7850
-7854
-7828
-7883
-7836
-7894
-7848
-7888
-7873
-7840
-7893
-7838
-7855
-7846
-7865
-7859
-7805
-7908
-7846
-7832
-7875
-7848
-7895
-7815
-7915
-7844
-7868
-7869
-7847
-7904
-7815
-7909
-7805
-7880
-7857
-7848
-7898
-7834
-7914
-7837
-7909
-7843
-7863
-7892
-7821
-7907
-7820
-7880
-7831
-7881
-7866
-7836
-7905
-7838
-7902
-7834
-7905
-7851
-7866
-7879
-7840
-7889
-7830
-7884
-7837
-7871
-7860
-7857
-7867
-7864
-7887
-7859
-7877
-7860
-7866
-7864
-7858
-7863
-7847
-7861
-7871
-7830
-7874
-7859
-7880
-7876
-7857
-7904
-7847
-7872
-7858
-7870
-7853
-7861
-7854
-7838
-7892
-7831
-7872
-7848
-7869
-7866
-7829
-7901
-7831
-7872
-7862
-7828
-7862
-7853
-7850
-7858
-7856
-7849
-7856
-7854
-7876
-7828
-7869
-7839
-7864
-7837
-7844
-7856
-7815
-7856
-7807
-7859
-7817
-7840
-7830
-7852
-7828
-7853
-7852
-7824
-7877
-7806
-7862
-7812
-7860
-7825
-7822
-7870
-7800
-7863
-7805
-7861
-7831
-7817
-7883
-7802
-7852
-7819
-7869
-7823
-7800
-7865
-7798
-7832
-7839
-7819
-7838
-7839
-7819
-7848
-7839
-7834
-7808
-7835
-7823
-7823
-7787
-7835
-7829
-7769
-7870
-7809
-7829
-7808
-7859
-7806
-7799
-7840
-7817
-7835
-7813
-7835
-7774
-7857
-7770
-7832
-7805
-7800
-7867
-7752
-7898
-7777
-7824
-7844
-7784
-7832
-7772
-7840
-7766
-7816
-7808
-7791
-7831
-7787
-7838
-7786
-7830
-7796
-7786
-7811
-7781
-7837
-7774
-7827
-7788
-7794
-7820
-7796
-7831
-7777
-7807
-7809
-7801
-7832
-7809
-7766
-7849
-7795
-7801
-7804
-7799
-7798
-7781
-7801
-7785
-7838
-7754
-7839
-7801
-7809
-7842
-7737
-7839
-7825
-7755
-7819
-7788
-7797
-7811
-7798
-7809
-7793
-7832
-7775
-7863
-7769
-7818
-7838
-7753
-7845
-7763
-7832
-7785
-7808
-7790
-7806
-7824
-7782
-7851
-7792
-7841
-7807
-7821
-7811
-7819
-7813
-7792
-7828
-7779
-7835
-7794
-7820
-7809
-7818
-7835
-7796
-7841
-7803
-7835
-7809
-7818
-7820
-7800
-7829
-7799
-7821
-7812
-7829
-7828
-7828
-7842
-7830
-7834
-7824
-7827
-7822
-7834
-7815
-7816
-7831
-7810
-7829
-7827
-7824
-7835
-7830
-7833
-7831
-7864
-7823
-7844
-7843
-7815
-7850
-7810
-7844
-7818
-7835
-7834
-7829
-7846
-7829
-7866
-7818
-7852
-7851
-7835
-7852
-7828
-7854
-7827
-7831
-7843
-7835
-7845
-7834
-7854
-7854
-7844
-7853
-7851
-7851
-7842
-7853
-7846
-7846
-7850
-7842
-7848
-7840
-7853
-7842
-7846
-7850
-7850
-7853
-7845
-7853
-7847
-7842
-7844
-7849
-7849
-7845
-7857
-7858
-7861
-7846
-7859
-7852
-7839
-7857
-7838
-7861
-7840
-7864
-7850
-7842
-7848
-7823
-7857
-7815
-7844
-7854
-7829
-7852
-7851
-7838
-7842
-7846
-7829
-7846
-7845
-7834
-7843
-7845
-7840
-7850
-7861
-7846
-7837
-7851
-7851
-7845
-7834
-7842
-7844
-7830
-7853
-7824
-7839
-7847
-7840
-7845
-7824
-7866
-7831
-7841
-7861
-7838
-7858
-7863
-7852
-7842
-7840
-7851
-7832
-7840
-7856
-7831
-7865
-7845
-7855
-7851
-7851
-7845
-7842
-7846
-7842
-7856
-7822
-7862
-7826
-7840
-7865
-7842
-7860
-7849
-7859
-7847
-7851
-7860
-7840
-7858
-7850
-7849
-7843
-7835
-7856
-7827
-7866
-7842
-7839
-7862
-7844
-7862
-7836
-7856
-7837
-7845
-7844
-7832
-7854
-7836
-7848
-7837
-7841
-7844
-7844
-7844
-7850
-7847
-7846
-7846
-7821
-7844
-7820
-7830
-7830
-7830
-7831
-7838
-7843
-7814
-7866
-7814
-7842
-7845
-7847
-7843
-7823
-7848
-7819
-7856
-7795
-7828
-7813
-7834
-7821
-7830
-7844
-7799
-7854
-7802
-7858
-7800
-7814
-7837
-7790
-7826
-7813
-7827
-7803
-7833
-7825
-7813
-7841
-7829
-7825
-7832
-7842
-7818
-7828
-7819
-7824
-7827
-7802
-7834
-7803
-7828
-7821
-7806
-7835
-7814
-7833
-7825
-7824
-7832
-7813
-7817
-7804
-7802
-7808
-7787
-7811
-7805
-7803
-7812
-7816
-7827
-7816
-7817
-7814
-7812
-7819
-7807
-7804
-7817
-7794
-7804
-7805
-7810
-7804
-7797
-7821
-7805
-7803
-7824
-7804
-7806
-7810
-7805
-7800
-7808
-7816
-7760
-7824
-7795
-7796
-7791
-7815
-7811
-7779
-7833
-7776
-7839
-7767
-7798
-7789
-7783
-7805
-7788
-7797
-7756
-7846
-7780
-7787
-7817
-7803
-7785
-7803
-7795
-7792
-7810
-7779
-7801
-7818
-7794
-7776
-7830
-7785
-7818
-7805
-7793
-7861
-7763
-7811
-7849
-7765
-7822
-7802
-7813
-7804
-7793
-7831
-7793
-7832
-7810
-7819
-7817
-7816
-7816
-7813
-7820
-7812
-7825
-7813
-7814
-7820
-7833
-7811
-7831
-7819
-7837
-7842
-7815
-7825
-7828
-7841
-7812
-7835
-7831
-7801
-7844
-7820
-7847
-7830
-7840
-7835
-7846
-7875
-7800
-7884
-7794
-7857
-7822
-7834
-7861
-7774
-7890
-7794
-7875
-7803
-7866
-7867
-7813
-7895
-7822
-7906
-7817
-7861
-7848
-7844
-7876
-7835
-7874
-7825
-7872
-7854
-7864
-7857
-7836
-7879
-7847
-7856
-7870
-7850
-7855
-7841
-7848
-7876
-7832
-7864
-7875
-7866
-7848
-7844
-7911
-7815
-7879
-7866
-7832
-7878
-7831
-7883
-7830
-7862
-7854
-7862
-7863
-7856
-7883
-7848
-7885
-7848
-7866
-7868
-7855
-7877
-7867
-7849
-7856
-7882
-7853
-7852
-7869
-7878
-7831
-7874
-7872
-7841
-7888
-7844
-7869
-7869
-7864
-7843
-7852
-7860
-7849
-7864
-7860
-7858
-7864
-7869
-7852
-7874
-7850
-7854
-7860
-7847
-7850
-7859
-7864
-7850
-7861
-7848
-7869
-7867
-7846
-7879
-7848
-7865
-7858
-7856
-7857
-7842
-7874
-7822
-7861
-7848
-7850
-7858
-7846
-7865
-7838
-7880
-7835
-7855
-7855
-7833
-7856
-7819
-7848
-7831
-7830
-7842
-7826
-7841
-7832
-7844
-7840
-7839
-7839
-7827
-7834
-7816
-7821
-7817
-7817
-7815
-7817
-7819
-7812
-7829
-7817
-7828
-7817
-7830
-7827
-7814
-7821
-7808
-7815
-7800
-7809
-7803
-7800
-7806
-7804
-7805
-7807
-7806
-7809
-7806
-7801
-7804
-7797
-7793
-7785
-7795
-7782
-7788
-7797
-7785
-7795
-7792
-7792
-7795
-7794
-7796
-7795
-7794
-7791
-7784
-7786
-7780
-7784
-7781
-7783
-7789
-7783
-7784
-7787
-7792
-7789
-7786
-7793
-7785
-7783
-7784
-7775
-7784
-7783
-7769
-7778
-7781
-7774
-7776
-7776
-7789
-7771
-7783
-7781
-7768
-7781
-7761
-7776
-7760
-7778
-7769
-7766
-7779
-7765
-7780
-7760
-7779
-7767
-7762
-7772
-7769
-7762
-7766
-7772
-7761
-7753
-7752
-7740
-7763
-7741
-7753
-7773
-7717
-7805
-7715
-7790
-7726
-7736
-7804
-7668
-7830
-7691
-7787
-7735
-7746
-7787
-7699
-7805
-7700
-7794
-7717
-7750
-7749
-7744
-7770
-7729
-7772
-7721
-7774
-7725
-7770
-7737
-7748
-7769
-7706
-7790
-7716
-7758
-7742
-7715
-7757
-7716
-7743
-7735
-7740
-7744
-7735
-7743
-7724
-7770
-7760
-7679
-7816
-7718
-7715
-7780
-7705
-7775
-7696
-7771
-7732
-7731
-7777
-7725
-7780
-7719
-7764
-7759
-7747
-7753
-7743
-7771
-7742
-7742
-7760
-7749
-7744
-7766
-7737
-7767
-7749
-7765
-7769
-7748
-7776
-7749
-7771
-7746
-7766
-7752
-7743
-7765
-7750
-7772
-7769
-7763
-7751
-7792
-7761
-7770
-7781
-7759
-7786
-7751
-7789
-7757
-7771
-7774
-7776
-7782
-7770
-7812
-7779
-7800
-7789
-7790
-7783
-7778
-7783
-7778
-7782
-7779
-7783
-7773
-7794
-7791
-7785
-7784
-7782
-7803
-7789
-7788
-7788
-7786
-7796
-7767
-7800
-7784
-7790
-7785
-7793
-7787
-7756
-7826
-7777
-7799
-7806
-7806
-7792
-7787
-7813
-7788
-7786
-7761
-7835
-7764
-7792
-7811
-7786
-7825
-7786
-7803
-7742
-7863
-7753
-7793
-7830
-7710
-7863
-7738
-7810
-7794
-7760
-7815
-7756
-7847
-7756
-7793
-7817
-7739
-7849
-7737
-7798
-7806
-7737
-7822
-7748
-7811
-7776
-7798
-7782
-7814
-7788
-7790
-7816
-7775
-7818
-7760
-7807
-7771
-7790
-7791
-7754
-7821
-7806
-7747
-7826
-7780
-7812
-7782
-7776
-7809
-7750
-7820
-7748
-7815
-7769
-7785
-7792
-7772
-7814
-7771
-7815
-7777
-7812
-7793
-7798
-7817
-7784
-7817
-7778
-7811
-7790
-7792
-7801
-7789
-7815
-7791
-7819
-7797
-7827
-7807
-7812
-7815
-7799
-7804
-7794
-7818
-7791
-7816
-7801
-7815
-7819
-7819
-7824
-7812
-7831
-7800
-7827
-7801
-7811
-7816
-7772
-7851
-7801
-7802
-7832
-7827
-7834
-7817
-7867
-7808
-7834
-7847
-7789
-7841
-7853
-7788
-7843
-7829
-7782
-7868
-7802
-7836
-7821
-7826
-7837
-7832
-7851
-7802
-7875
-7800
-7851
-7821
-7793
-7841
-7802
-7829
-7808
-7844
-7812
-7845
-7828
-7819
-7857
-7809
-7827
-7831
-7820
-7813
-7820
-7807
-7807
-7818
-7808
-7820
-7816
-7818
-7822
-7816
-7828
-7813
-7813
-7813
-7790
-7816
-7795
-7796
-7806
-7792
-7813
-7784
-7805
-7810
-7806
-7816
-7795
-7817
-7794
-7801
-7809
-7776
-7808
-7792
-7791
-7802
-7785
-7812
-7794
-7798
-7807
-7792
-7798
-7790
-7782
-7778
-7777
-7788
-7774
-7779
-7795
-7782
-7786
-7783
-7796
-7795
-7785
-7799
-7777
-7781
-7796
-7779
-7784
-7782
-7775
-7789
-7772
-7774
-7781
-7767
-7782
-7768
-7791
-7781
-7784
-7792
-7779
-7793
-7769
-7800
-7779
-7785
-7791
-7788
-7802
-7788
-7805
-7799
-7799
-7798
-7800
-7784
-7795
-7781
-7775
-7779
-7776
-7791
-7777
-7788
-7778
-7805
-7788
-7789
-7809
-7785
-7812
-7779
-7807
-7799
-7794
-7812
-7775
-7811
-7797
-7780
-7800
-7817
-7793
-7801
-7803
-7798
-7807
-7785
-7805
-7787
-7783
-7805
-7795
-7798
-7802
-7797
-7817
-7810
-7812
-7825
-7808
-7802
-7807
-7814
-7799
-7798
-7796
-7794
-7811
-7802
-7817
-7812
-7811
-7818
-7813
-7823
-7803
-7805
-7813
-7800
-7797
-7818
-7806
-7805
-7801
-7821
-7812
-7800
-7833
-7805
-7823
-7807
-7814
-7809
-7797
-7818
-7795
-7816
-7805
-7814
-7808
-7805
-7809
-7795
-7812
-7793
-7820
-7805
-7805
-7815
-7792
-7814
-7782
-7814
-7791
-7796
-7813
-7787
-7815
-7774
-7807
-7800
-7779
-7803
-7778
-7785
-7782
-7784
-7781
-7770
-7796
-7780
-7776
-7794
-7781
-7788
-7781
-7789
-7781
-7780
-7776
-7775
-7777
-7773
-7785
-7762
-7779
-7771
-7767
-7766
-7769
-7782
-7764
-7782
-7766
-7765
-7766
-7756
-7760
-7744
-7751
-7742
-7741
-7745
-7729
-7746
-7742
-7738
-7760
-7732
-7753
-7738
-7740
-7744
-7720
-7756
-7711
-7750
-7730
-7747
-7745
-7730
-7761
-7714
-7766
-7720
-7751
-7731
-7723
-7741
-7717
-7744
-7712
-7769
-7709
-7740
-7733
-7714
-7765
-7703
-7780
-7711
-7748
-7758
-7718
-7763
-7706
-7762
-7704
-7742
-7736
-7720
-7756
-7714
-7754
-7714
-7740
-7739
-7730
-7745
-7737
-7746
-7728
-7757
-7739
-7743
-7750
-7740
-7751
-7738
-7752
-7741
-7754
-7742
-7746
-7745
-7727
-7763
-7721
-7751
-7743
-7729
-7759
-7742
-7745
-7734
-7765
-7754
-7761
-7765
-7768
-7757
-7769
-7759
-7752
-7762
-7739
-7769
-7736
-7759
-7748
-7755
-7758
-7747
-7771
-7745
-7763
-7755
-7746
-7750
-7759
-7736
-7746
-7754
-7733
-7742
-7746
-7770
-7734
-7758
-7740
-7749
-7771
-7741
-7769
-7731
-7775
-7734
-7753
-7763
-7738
-7766
-7747
-7754
-7732
-7778
-7745
-7734
-7756
-7764
-7734
-7748
-7742
-7729
-7760
-7727
-7743
-7737
-7756
-7726
-7755
-7739
-7751
-7755
-7739
-7780
-7726
-7778
-7743
-7744
-7783
-7709
-7763
-7777
-7715
-7778
-7754
-7755
-7779
-7737
-7775
-7752
-7758
-7753
-7760
-7742
-7761
-7772
-7732
-7759
-7732
-7797
-7741
-7745
-7780
-7730
-7796
-7730
-7760
-7769
-7745
-7770
-7745
-7768
-7750
-7760
-7758
-7769
-7768
-7781
-7775
-7765
-7789
-7756
-7788
-7766
-7781
-7787
-7757
-7771
-7797
-7788
-7769
-7819
-7773
-7802
-7766
-7815
-7782
-7753
-7829
-7726
-7828
-7772
-7798
-7784
-7791
-7817
-7756
-7831
-7761
-7819
-7775
-7787
-7802
-7780
-7801
-7768
-7804
-7791
-7789
-7797
-7799
-7795
-7804
-7803
-7797
-7802
-7811
-7796
-7795
-7800
-7795
-7781
-7803
-7791
-7794
-7800
-7788
-7812
-7781
-7813
-7771
-7804
-7786
-7773
-7823
-7766
-7800
-7787
-7778
-7787
-7780
-7787
-7789
-7777
-7808
-7769
-7800
-7795
-7772
-7804
-7753
-7810
-7771
-7791
-7780
-7770
-7803
-7757
-7795
-7762
-7780
-7784
-7758
-7798
-7762
-7785
-7793
-7753
-7778
-7774
-7770
-7778
-7777
-7773
-7765
-7787
-7768
-7766
-7790
-7760
-7770
-7763
-7774
-7777
-7756
-7761
-7774
-7761
-7771
-7796
-7753
-7785
-7767
-7775
-7783
-7752
-7794
-7761
-7756
-7773
-7773
-7769
-7747
-7766
-7792
-7764
-7785
-7763
-7774
-7782
-7779
-7766
-7753
-7794
-7734
-7780
-7727
-7808
-7762
-7732
-7814
-7734
-7799
-7751
-7799
-7754
-7781
-7795
-7742
-7808
-7746
-7799
-7754
-7782
-7786
-7755
-7797
-7744
-7800
-7760
-7794
-7748
-7778
-7802
-7715
-7810
-7754
-7785
-7760
-7786
-7784
-7758
-7805
-7758
-7788
-7759
-7791
-7773
-7761
-7785
-7753
-7788
-7758
-7785
-7775
-7755
-7793
-7766
-7781
-7744
-7803
-7751
-7757
-7804
-7755
-7800
-7734
-7793
-7746
-7767
-7772
-7748
-7751
-7752
-7799
-7705
-7795
-7742
-7759
-7773
-7741
-7784
-7736
-7787
-7725
-7777
-7760
-7739
-7781
-7723
-7789
-7724
-7773
-7744
-7741
-7771
-7727
-7780
-7715
-7790
-7736
-7760
-7748
-7742
-7773
-7726
-7766
-7728
-7769
-7730
-7736
-7741
-7746
-7732
-7745
-7722
-7736
-7758
-7713
-7762
-7703
-7760
-7731
-7739
-7769
-7707
-7767
-7744
-7737
-7741
-7735
-7752
-7729
-7734
-7735
-7737
-7744
-7722
-7743
-7742
-7726
-7754
-7746
-7721
-7749
-7737
-7741
-7739
-7738
-7743
-7727
-7748
-7722
-7760
-7733
-7747
-7749
-7734
-7756
-7728
-7769
-7717
-7753
-7733
-7743
-7750
-7731
-7773
-7715
-7766
-7742
-7755
-7751
-7745
-7762
-7733
-7761
-7743
-7748
-7751
-7741
-7755
-7746
-7748
-7759
-7746
-7758
-7743
-7760
-7757
-7756
-7763
-7743
-7765
-7743
-7754
-7755
-7740
-7764
-7746
-7755
-7754
-7741
-7763
-7742
-7754
-7754
-7745
-7747
-7744
-7763
-7735
-7765
-7732
-7757
-7771
-7730
-7778
-7732
-7782
-7747
-7756
-7758
-7747
-7777
-7752
-7774
-7740
-7773
-7735
-7755
-7747
-7740
-7747
-7743
-7777
-7725
-7752
-7754
-7750
-7756
-7743
-7755
-7744
-7748
-7751
-7750
-7769
-7727
-7773
-7766
-7737
-7777
-7747
-7751
-7759
-7775
-7731
-7760
-7772
-7729
-7764
-7734
-7777
-7742
-7727
-7794
-7714
-7774
-7733
-7758
-7761
-7726
-7793
-7706
-7784
-7734
-7756
-7761
-7732
-7778
-7730
-7778
-7748
-7754
-7754
-7762
-7759
-7747
-7771
-7736
-7763
-7755
-7745
-7761
-7745
-7757
-7755
-7757
-7751
-7765
-7760
-7739
-7763
-7754
-7748
-7761
-7748
-7762
-7749
-7756
-7756
-7755
-7760
-7738
-7783
-7730
-7759
-7755
-7751
-7764
-7737
-7770
-7736
-7772
-7754
-7762
-7755
-7772
-7763
-7764
-7778
-7732
-7797
-7743
-7766
-7769
-7754
-7787
-7735
-7782
-7740
-7763
-7784
-7739
-7779
-7754
-7791
-7790
-7755
-7786
-7779
-7745
-7788
-7766
-7789
-7759
-7746
-7826
-7730
-7824
-7764
-7774
-7794
-7759
-7829
-7736
-7813
-7757
-7809
-7780
-7758
-7841
-7744
-7816
-7756
-7785
-7803
-7780
-7809
-7758
-7806
-7797
-7786
-7789
-7800
-7787
-7787
-7792
-7784
-7793
-7784
-7800
-7786
-7798
-7789
-7796
-7789
-7781
-7821
-7760
-7809
-7781
-7787
-7805
-7765
-7816
-7756
-7808
-7770
-7796
-7778
-7786
-7810
-7767
-7820
-7758
-7809
-7765
-7807
-7777
-7777
-7800
-7754
-7807
-7756
-7802
-7765
-7785
-7784
-7763
-7801
-7761
-7777
-7772
-7774
-7772
-7782
-7776
-7771
-7774
-7782
-7778
-7760
-7781
-7760
-7772
-7758
-7776
-7757
-7750
-7775
-7753
-7766
-7733
-7779
-7744
-7767
-7758
-7751
-7773
-7732
-7790
-7724
-7776
-7752
-7757
-7774
-7727
-7788
-7751
-7753
-7746
-7778
-7745
-7757
-7770
-7720
-7777
-7741
-7741
-7773
-7735
-7758
-7755
-7750
-7753
-7758
-7764
-7744
-7775
-7734
-7775
-7745
-7744
-7778
-7723
-7771
-7729
-7765
-7739
-7741
-7754
-7734
-7780
-7731
-7764
-7769
-7742
-7749
-7766
-7748
-7744
-7757
-7748
-7751
-7752
-7752
-7760
-7761
-7749
-7766
-7737
-7764
-7754
-7748
-7745
-7753
-7760
-7745
-7755
-7748
-7769
-7746
-7777
-7740
-7766
-7753
-7770
-7741
-7756
-7782
-7707
-7789
-7722
-7787
-7739
-7726
-7769
-7770
-7740
-7745
-7819
-7700
-7781
-7738
-7756
-7743
-7734
-7774
-7709
-7796
-7715
-7735
-7788
-7736
-7745
-7755
-7754
-7731
-7758
-7773
-7701
-7756
-7740
-7741
-7739
-7710
-7780
-7690
-7783
-7714
-7745
-7726
-7711
-7816
-7678
-7751
-7749
-7735
-7715
-7748
-7710
-7744
-7712
-7710
-7767
-7711
-7731
-7717
-7744
-7697
-7762
-7662
-7758
-7751
-7668
-7744
-7715
-7697
-7718
-7763
-7645
-7769
-7681
-7739
-7724
-7700
-7734
-7678
-7758
-7665
-7752
-7665
-7747
-7685
-7711
-7734
-7660
-7759
-7666
-7750
-7674
-7720
-7694
-7700
-7716
-7685
-7737
-7667
-7727
-7712
-7693
-7682
-7742
-7674
-7682
-7733
-7698
-7704
-7693
-7726
-7664
-7704
-7706
-7692
-7705
-7702
-7709
-7658
-7784
-7711
-7660
-7740
-7685
-7723
-7685
-7716
-7711
-7739
-7625
-7741
-7689
-7701
-7741
-7717
-7763
-7594
-7843
-7595
-7777
-7711
-7703
-7762
-7653
-7908
-7524
-7772
-7806
-7624
-7808
-7678
-7760
-7713
-7745
-7779
-7661
-7809
-7680
-7778
-7716
-7764
-7715
-7723
-7768
-7689
-7826
-7624
-7814
-7680
-7785
-7740
-7728
-7769
-7716
-7823
-7659
-7840
-7708
-7803
-7743
-7737
-7810
-7713
-7834
-7725
-7749
-7821
-7724
-7786
-7764
-7741
-7820
-7706
-7811
-7741
-7766
-7781
-7732
-7802
-7731
-7792
-7752
-7776
-7777
-7768
-7772
-7774
-7791
-7759
-7783
-7771
-7779
-7776
-7780
-7785
-7795
-7776
-7783
-7798
-7778
-7810
-7767
-7811
-7783
-7779
-7803
-7769
-7819
-7770
-7813
-7791
-7797
-7807
-7781
-7811
-7779
-7802
-7787
-7797
-7803
-7797
-7790
-7806
-7800
-7792
-7799
-7777
-7798
-7790
-7802
-7794
-7792
-7817
-7787
-7794
-7803
-7800
-7803
-7796
-7814
-7779
-7809
-7809
-7782
-7823
-7792
-7813
-7807
-7793
-7813
-7810
-7814
-7794
-7821
-7800
-7833
-7778
-7808
-7838
-7768
-7862
-7768
-7825
-7796
-7812
-7835
-7770
-7849
-7774
-7835
-7805
-7800
-7827
-7812
-7840
-7777
-7813
-7863
-7790
-7813
-7828
-7822
-7793
-7830
-7837
-7786
-7855
-7782
-7852
-7804
-7805
-7842
-7808
-7838
-7792
-7834
-7804
-7849
-7795
-7797
-7845
-7789
-7831
-7818
-7818
-7810
-7815
-7827
-7809
-7827
-7796
-7824
-7800
-7798
-7814
-7792
-7827
-7789
-7818
-7801
-7807
-7817
-7798
-7812
-7800
-7812
-7797
-7812
-7788
-7794
-7815
-7780
-7811
-7782
-7789
-7809
-7790
-7810
-7785
-7806
-7792
-7798
-7798
-7782
-7804
-7778
-7796
-7792
-7795
-7796
-7771
-7820
-7772
-7800
-7791
-7775
-7808
-7747
-7827
-7753
-7791
-7791
-7760
-7805
-7751
-7818
-7759
-7795
-7777
-7766
-7798
-7751
-7794
-7767
-7771
-7763
-7780
-7775
-7762
-7787
-7753
-7784
-7761
-7770
-7768
-7753
-7776
-7749
-7775
-7749
-7786
-7756
-7763
-7778
-7748
-7789
-7750
-7769
-7758
-7760
-7761
-7766
-7763
-7758
-7758
-7765
-7758
-7750
-7770
-7739
-7771
-7750
-7776
-7747
-7758
-7773
-7728
-7787
-7723
-7775
-7750
-7748
-7775
-7718
-7782
-7735
-7788
-7738
-7753
-7773
-7739
-7796
-7716
-7790
-7737
-7762
-7767
-7742
-7793
-7727
-7781
-7734
-7783
-7740
-7756
-7773
-7727
-7789
-7719
-7793
-7737
-7779
-7761
-7735
-7791
-7736
-7776
-7731
-7774
-7744
-7763
-7744
-7748
-7782
-7738
-7779
-7757
-7751
-7759
-7771
-7742
-7766
-7761
-7750
-7758
-7739
-7774
-7739
-7762
-7759
-7747
-7763
-7747
-7770
-7747
-7764
-7748
-7770
-7740
-7759
-7742
-7743
-7799
-7704
-7795
-7740
-7746
-7778
-7740
-7784
-7729
-7784
-7749
-7749
-7773
-7729
-7772
-7741
-7763
-7750
-7752
-7773
-7738
-7769
-7745
-7758
-7746
-7751
-7762
-7739
-7756
-7750
-7753
-7737
-7764
-7750
-7742
-7760
-7748
-7751
-7747
-7771
-7726
-7768
-7742
-7744
-7759
-7737
-7735
-7766
-7740
-7693
-7830
-7674
-7740
-7753
-7731
-7736
-7735
-7764
-7698
-7788
-7702
-7761
-7726
-7741
-7729
-7731
-7762
-7706
-7754
-7715
-7757
-7736
-7739
-7718
-7743
-7753
-7698
-7752
-7697
-7745
-7733
-7690
-7748
-7694
-7746
-7712
-7722
-7739
-7689
-7740
-7695
-7736
-7705
-7700
-7745
-7681
-7739
-7694
-7738
-7726
-7710
-7744
-7699
-7746
-7701
-7739
-7712
-7719
-7713
-7716
-7723
-7702
-7740
-7686
-7741
-7719
-7721
-7715
-7712
-7750
-7680
-7741
-7731
-7684
-7737
-7720
-7723
-7717
-7700
-7750
-7714
-7706
-7752
-7703
-7733
-7729
-7722
-7733
-7716
-7736
-7721
-7746
-7712
-7742
-7727
-7738
-7744
-7713
-7758
-7707
-7759
-7715
-7738
-7717
-7718
-7746
-7706
-7738
-7716
-7753
-7719
-7747
-7721
-7779
-7713
-7719
-7785
-7710
-7763
-7731
-7743
-7741
-7756
-7746
-7750
-7742
-7732
-7734
-7780
-7724
-7727
-7755
-7733
-7763
-7710
-7764
-7729
-7720
-7742
-7760
-7720
-7746
-7744
-7721
-7764
-7723
-7755
-7705
-7777
-7737
-7711
-7787
-7724
-7778
-7731
-7776
-7751
-7735
-7775
-7725
-7775
-7729
-7787
-7757
-7748
-7780
-7747
-7755
-7778
-7756
-7762
-7735
-7765
-7780
-7709
-7802
-7716
-7799
-7717
-7781
-7760
-7723
-7836
-7684
-7819
-7717
-7790
-7757
-7752
-7790
-7716
-7811
-7719
-7794
-7744
-7762
-7768
-7744
-7791
-7743
-7785
-7754
-7775
-7778
-7768
-7780
-7785
-7769
-7773
-7793
-7771
-7770
-7811
-7769
-7766
-7812
-7757
-7800
-7760
-7792
-7760
-7786
-7777
-7762
-7821
-7734
-7817
-7777
-7795
-7793
-7783
-7806
-7784
-7814
-7770
-7808
-7800
-7804
-7773
-7808
-7812
-7753
-7835
-7763
-7815
-7790
-7791
-7808
-7764
-7840
-7771
-7808
-7786
-7810
-7796
-7783
-7814
-7783
-7834
-7779
-7819
-7808
-7788
-7837
-7787
-7824
-7802
-7817
-7817
-7784
-7820
-7804
-7821
-7789
-7829
-7807
-7807
-7828
-7793
-7838
-7800
-7829
-7824
-7810
-7825
-7820
-7833
-7792
-7866
-7788
-7817
-7841
-7793
-7838
-7790
-7846
-7796
-7830
-7802
-7834
-7819
-7783
-7864
-7798
-7813
-7818
-7821
-7799
-7833
-7799
-7810
-7819
-7803
-7830
-7792
-7839
-7788
-7828
-7797
-7791
-7838
-7773
-7843
-7791
-7817
-7803
-7801
-7815
-7801
-7815
-7789
-7822
-7780
-7821
-7790
-7793
-7818
-7784
-7787
-7800
-7797
-7794
-7799
-7762
-7827
-7787
-7788
-7792
-7760
-7819
-7764
-7808
-7771
-7791
-7795
-7751
-7816
-7754
-7793
-7779
-7792
-7769
-7774
-7795
-7763
-7793
-7757
-7789
-7782
-7775
-7752
-7810
-7755
-7752
-7813
-7720
-7787
-7742
-7804
-7744
-7761
-7779
-7722
-7833
-7704
-7815
-7738
-7775
-7786
-7726
-7807
-7711
-7810
-7711
-7791
-7746
-7731
-7802
-7714
-7807
-7726
-7792
-7742
-7767
-7768
-7724
-7785
-7721
-7786
-7723
-7777
-7758
-7737
-7754
-7756
-7741
-7753
-7759
-7718
-7775
-7715
-7765
-7724
-7756
-7728
-7730
-7760
-7730
-7763
-7716
-7756
-7738
-7752
-7747
-7751
-7750
-7745
-7753
-7734
-7742
-7757
-7758
-7727
-7752
-7744
-7734
-7753
-7727
-7757
-7728
-7748
-7737
-7734
-7772
-7707
-7765
-7741
-7738
-7751
-7722
-7760
-7733
-7752
-7746
-7732
-7762
-7722
-7751
-7746
-7743
-7754
-7738
-7760
-7735
-7752
-7736
-7749
-7748
-7735
-7751
-7732
-7752
-7738
-7743
-7745
-7739
-7750
-7730
-7752
-7738
-7751
-7750
-7742
-7761
-7734
-7763
-7742
-7759
-7747
-7745
-7749
-7741
-7760
-7735
-7762
-7746
-7753
-7751
-7747
-7747
-7744
-7755
-7738
-7752
-7754
-7748
-7751
-7738
-7755
-7750
-7747
-7754
-7738
-7763
-7746
-7751
-7758
-7745
-7756
-7743
-7753
-7753
-7753
-7759
-7752
-7755
-7754
-7753
-7753
-7753
-7744
-7751
-7752
-7756
-7758
-7743
-7756
-7760
-7750
-7750
-7763
-7753
-7754
-7758
-7754
-7757
-7751
-7748
-7757
-7757
-7753
-7761
-7752
-7760
-7755
-7757
-7758
-7768
-7757
-7744
-7762
-7765
-7757
-7756
-7779
-7760
-7759
-7771
-7770
-7769
-7761
-7760
-7765
-7756
-7757
-7756
-7759
-7759
-7758
-7749
-7758
-7773
-7742
-7774
-7757
-7763
-7759
-7755
-7766
-7740
-7772
-7748
-7760
-7761
-7754
-7764
-7754
-7766
-7759
-7759
-7758
-7760
-7757
-7765
-7754
-7769
-7764
-7759
-7777
-7761
-7773
-7763
-7772
-7756
-7764
-7764
-7755
-7765
-7756
-7768
-7760
-7760
-7763
-7766
-7755
-7768
-7755
-7765
-7764
-7763
-7767
-7755
-7781
-7743
-7772
-7751
-7772
-7768
-7745
-7791
-7745
-7787
-7752
-7765
-7778
-7752
-7765
-7770
-7770
-7752
-7779
-7751
-7784
-7745
-7758
-7794
-7745
-7784
-7761
-7770
-7770
-7758
-7766
-7760
-7766
-7748
-7769
-7760
-7765
-7765
-7766
-7765
-7772
-7760
-7766
-7778
-7746
-7792
-7757
-7765
-7770
-7755
-7770
-7760
-7780
-7749
-7776
-7761
-7754
-7782
-7752
-7767
-7758
-7760
-7767
-7753
-7775
-7759
-7782
-7767
-7766
-7787
-7751
-7780
-7755
-7780
-7772
-7764
-7783
-7758
-7787
-7767
-7770
-7788
-7769
-7781
-7776
-7768
-7789
-7770
-7779
-7786
-7790
-7757
-7805
-7792
-7760
-7792
-7772
-7813
-7757
-7793
-7792
-7792
-7796
-7786
-7802
-7766
-7818
-7798
-7791
-7777
-7805
-7808
-7781
-7814
-7794
-7815
-7786
-7807
-7800
-7798
-7806
-7775
-7836
-7787
-7813
-7796
-7808
-7815
-7788
-7806
-7793
-7824
-7773
-7831
-7803
-7799
-7797
-7808
-7818
-7783
-7845
-7785
-7813
-7820
-7783
-7834
-7809
-7820
-7791
-7812
-7837
-7784
-7848
-7799
-7824
-7819
-7793
-7829
-7806
-7817
-7793
-7816
-7823
-7791
-7810
-7821
-7789
-7824
-7806
-7816
-7810
-7803
-7827
-7801
-7818
-7807
-7809
-7813
-7813
-7817
-7813
-7815
-7820
-7817
-7819
-7817
-7810
-7817
-7805
-7813
-7811
-7813
-7812
-7797
-7818
-7808
-7811
-7806
-7806
-7807
-7803
-7802
-7805
-7791
-7792
-7798
-7793
-7806
-7788
-7801
-7802
-7798
-7803
-7800
-7797
-7806
-7805
-7815
-7785
-7803
-7818
-7753
-7826
-7805
-7764
-7819
-7804
-7782
-7771
-7824
-7770
-7788
-7822
-7759
-7829
-7763
-7790
-7816
-7762
-7785
-7788
-7786
-7794
-7773
-7783
-7791
-7768
-7792
-7775
-7785
-7763
-7799
-7776
-7783
-7789
-7762
-7794
-7776
-7774
-7776
-7791
-7756
-7797
-7770
-7767
-7764
-7782
-7795
-7728
-7807
-7751
-7761
-7772
-7771
-7771
-7740
-7795
-7723
-7780
-7771
-7745
-7782
-7762
-7756
-7758
-7783
-7732
-7768
-7761
-7746
-7760
-7755
-7766
-7745
-7766
-7746
-7760
-7755
-7749
-7762
-7744
-7760
-7743
-7763
-7746
-7747
-7755
-7744
-7757
-7740
-7758
-7747
-7757
-7745
-7742
-7757
-7745
-7759
-7733
-7746
-7754
-7732
-7734
-7754
-7753
-7733
-7766
-7734
-7738
-7751
-7731
-7758
-7722
-7764
-7737
-7732
-7765
-7729
-7764
-7734
-7747
-7738
-7754
-7753
-7719
-7747
-7732
-7750
-7731
-7744
-7739
-7731
-7746
-7725
-7757
-7733
-7729
-7747
-7742
-7745
-7738
-7755
-7730
-7740
-7743
-7735
-7740
-7736
-7751
-7735
-7744
-7739
-7749
-7749
-7740
-7749
-7740
-7738
-7742
-7739
-7743
-7748
-7735
-7745
-7737
-7743
-7742
-7731
-7747
-7736
-7744
-7736
-7741
-7734
-7734
-7741
-7739
-7734
-7738
-7747
-7738
-7762
-7725
-7759
-7734
-7740
-7745
-7731
-7754
-7717
-7759
-7713
-7749
-7734
-7736
-7746
-7727
-7760
-7721
-7755
-7728
-7749
-7731
-7739
-7747
-7729
-7754
-7725
-7752
-7734
-7754
-7746
-7742
-7751
-7742
-7754
-7740
-7754
-7745
-7739
-7750
-7743
-7749
-7741
-7748
-7756
-7738
-7766
-7750
-7759
-7756
-7752
-7759
-7750
-7773
-7759
-7773
-7755
-7764
-7765
-7765
-7772
-7751
-7777
-7764
-7778
-7769
-7775
-7781
-7760
-7794
-7770
-7784
-7779
-7778
-7789
-7775
-7793
-7768
-7788
-7788
-7782
-7792
-7787
-7795
-7787
-7797
-7792
-7797
-7803
-7786
-7804
-7798
-7795
-7799
-7797
-7811
-7789
-7816
-7794
-7796
-7809
-7794
-7822
-7789
-7829
-7803
-7809
-7822
-7792
-7821
-7787
-7818
-7802
-7809
-7818
-7803
-7828
-7802
-7825
-7806
-7808
-7815
-7804
-7823
-7802
-7815
-7803
-7806
-7812
-7802
-7813
-7815
-7810
-7796
-7828
-7792
-7798
-7812
-7795
-7807
-7785
-7810
-7798
-7796
-7795
-7799
-7796
-7796
-7796
-7797
-7796
-7783
-7808
-7771
-7794
-7791
-7768
-7790
-7784
-7791
-7778
-7778
-7784
-7776
-7761
-7786
-7775
-7769
-7771
-7776
-7768
-7747
-7811
-7741
-7787
-7787
-7738
-7815
-7727
-7802
-7742
-7764
-7808
-7718
-7826
-7747
-7771
-7776
-7769
-7756
-7760
-7788
-7735
-7783
-7748
-7789
-7751
-7777
-7777
-7754
-7788
-7750
-7789
-7743
-7788
-7753
-7767
-7782
-7758
-7795
-7741
-7785
-7766
-7769
-7777
-7769
-7764
-7768
-7773
-7756
-7792
-7759
-7788
-7778
-7778
-7791
-7770
-7797
-7767
-7791
-7777
-7794
-7784
-7770
-7821
-7766
-7795
-7795
-7781
-7798
-7795
-7796
-7780
-7816
-7783
-7784
-7831
-7774
-7815
-7780
-7795
-7831
-7759
-7838
-7782
-7803
-7818
-7784
-7825
-7793
-7813
-7798
-7811
-7809
-7812
-7816
-7801
-7836
-7799
-7821
-7826
-7793
-7846
-7811
-7808
-7823
-7813
-7816
-7807
-7825
-7808
-7805
-7814
-7812
-7812
-7806
-7822
-7817
-7801
-7808
-7831
-7808
-7809
-7825
-7785
-7844
-7792
-7825
-7822
-7796
-7858
-7776
-7847
-7791
-7822
-7817
-7788
-7829
-7784
-7847
-7798
-7813
-7811
-7810
-7816
-7796
-7831
-7803
-7818
-7818
-7808
-7819
-7801
-7834
-7801
-7812
-7806
-7810
-7826
-7781
-7830
-7798
-7823
-7798
-7823
-7824
-7798
-7829
-7789
-7832
-7786
-7817
-7822
-7807
-7792
-7822
-7818
-7798
-7833
-7789
-7832
-7787
-7854
-7789
-7830
-7836
-7777
-7860
-7778
-7832
-7797
-7822
-7800
-7818
-7807
-7804
-7833
-7802
-7825
-7786
-7853
-7782
-7829
-7819
-7790
-7846
-7771
-7836
-7796
-7792
-7826
-7787
-7822
-7793
-7813
-7803
-7800
-7810
-7793
-7817
-7794
-7827
-7791
-7799
-7826
-7773
-7822
-7793
-7808
-7810
-7781
-7821
-7787
-7804
-7785
-7814
-7770
-7798
-7794
-7771
-7824
-7756
-7814
-7763
-7785
-7785
-7778
-7795
-7765
-7794
-7774
-7788
-7784
-7773
-7784
-7777
-7772
-7790
-7766
-7791
-7770
-7781
-7778
-7769
-7781
-7760
-7787
-7756
-7777
-7764
-7772
-7778
-7768
-7770
-7765
-7771
-7767
-7779
-7759
-7776
-7770
-7766
-7758
-7768
-7759
-7756
-7770
-7751
-7766
-7762
-7763
-7754
-7767
-7751
-7760
-7770
-7746
-7765
-7746
-7769
-7753
-7760
-7763
-7748
-7766
-7748
-7771
-7746
-7758
-7756
-7750
-7758
-7757
-7764
-7753
-7767
-7754
-7775
-7758
-7775
-7764
-7766
-7766
-7760
-7779
-7747
-7771
-7756
-7766
-7757
-7763
-7761
-7764
-7774
-7768
-7779
-7764
-7781
-7757
-7783
-7789
-7768
-7769
-7780
-7785
-7765
-7785
-7769
-7782
-7778
-7768
-7782
-7765
-7776
-7767
-7777
-7775
-7778
-7783
-7778
-7791
-7785
-7784
-7776
-7786
-7783
-7793
-7787
-7780
-7801
-7783
-7793
-7804
-7788
-7800
-7790
-7798
-7786
-7798
-7797
-7777
-7813
-7782
-7798
-7797
-7800
-7793
-7795
-7797
-7778
-7808
-7795
-7794
-7805
-7792
-7789
-7812
-7778
-7806
-7789
-7785
-7805
-7780
-7800
-7778
-7796
-7780
-7797
-7780
-7789
-7808
-7758
-7791
-7789
-7772
-7802
-7775
-7792
-7807
-7776
-7794
-7804
-7777
-7774
-7812
-7776
-7800
-7791
-7791
-7787
-7778
-7799
-7781
-7774
-7778
-7804
-7757
-7797
-7775
-7765
-7817
-7755
-7808
-7782
-7762
-7792
-7774
-7810
-7738
-7825
-7761
-7786
-7797
-7759
-7832
-7718
-7849
-7740
-7798
-7808
-7750
-7832
-7742
-7842
-7751
-7800
-7798
-7757
-7835
-7746
-7808
-7766
-7789
-7793
-7778
-7791
-7772
-7800
-7754
-7816
-7765
-7793
-7773
-7782
-7795
-7777
-7807
-7762
-7796
-7772
-7801
-7755
-7814
-7785
-7751
-7840
-7763
-7794
-7784
-7789
-7787
-7774
-7802
-7768
-7795
-7765
-7800
-7777
-7774
-7792
-7763
-7795
-7761
-7802
-7742
-7798
-7757
-7772
-7816
-7709
-7812
-7746
-7776
-7777
-7738
-7789
-7734
-7784
-7758
-7753
-7791
-7745
-7781
-7759
-7765
-7757
-7753
-7764
-7743
-7764
-7755
-7738
-7757
-7765
-7731
-7779
-7737
-7760
-7746
-7745
-7767
-7721
-7764
-7737
-7752
-7730
-7758
-7728
-7748
-7764
-7720
-7757
-7708
-7782
-7722
-7719
-7749
-7730
-7750
-7705
-7757
-7712
-7744
-7723
-7740
-7736
-7719
-7762
-7721
-7755
-7723
-7744
-7728
-7736
-7728
-7726
-7732
-7724
-7730
-7715
-7748
-7722
-7735
-7728
-7723
-7751
-7729
-7732
-7722
-7732
-7732
-7713
-7747
-7722
-7738
-7740
-7731
-7746
-7734
-7758
-7733
-7748
-7748
-7741
-7750
-7735
-7750
-7738
-7743
-7747
-7743
-7755
-7747
-7748
-7753
-7750
-7748
-7754
-7751
-7751
-7754
-7754
-7760
-7766
-7763
-7762
-7772
-7766
-7769
-7774
-7767
-7773
-7764
-7771
-7769
-7772
-7778
-7769
-7787
-7773
-7792
-7776
-7785
-7790
-7771
-7800
-7774
-7794
-7788
-7793
-7799
-7787
-7805
-7802
-7797
-7792
-7803
-7793
-7805
-7818
-7786
-7803
-7809
-7807
-7820
-7805
-7823
-7811
-7817
-7816
-7813
-7813
-7814
-7821
-7810
-7829
-7823
-7831
-7811
-7822
-7821
-7809
-7820
-7805
-7823
-7803
-7818
-7812
-7807
-7825
-7804
-7826
-7811
-7821
-7818
-7816
-7819
-7811
-7822
-7815
-7828
-7824
-7824
-7818
-7824
-7823
-7824
-7832
-7827
-7833
-7827
-7823
-7824
-7821
-7819
-7822
-7820
-7825
-7823
-7818
-7821
-7822
-7824
-7823
-7827
-7817
-7822
-7829
-7824
-7833
-7826
-7836
-7831
-7829
-7835
-7820
-7829
-7837
-7830
-7832
-7829
-7834
-7834
-7827
-7837
-7829
-7833
-7830
-7832
-7845
-7835
-7838
-7840
-7841
-7842
-7832
-7839
-7839
-7836
-7835
-7835
-7838
-7834
-7842
-7838
-7837
-7838
-7834
-7835
-7836
-7835
-7832
-7834
-7839
-7841
-7839
-7838
-7840
-7833
-7838
-7834
-7831
-7837
-7832
-7839
-7832
-7837
-7835
-7830
-7839
-7827
-7830
-7822
-7824
-7822
-7818
-7823
-7818
-7824
-7817
-7821
-7820
-7825
-7823
-7821
-7821
-7821
-7825
-7820
-7823
-7814
-7820
-7813
-7821
-7820
-7809
-7815
-7809
-7814
-7816
-7808
-7814
-7816
-7808
-7811
-7807
-7809
-7800
-7811
-7809
-7805
-7814
-7803
-7810
-7800
-7796
-7798
-7795
-7798
-7789
-7798
-7790
-7807
-7804
-7784
-7810
-7781
-7802
-7798
-7795
-7803
-7786
-7812
-7777
-7803
-7797
-7792
-7803
-7777
-7803
-7773
-7794
-7774
-7781
-7794
-7776
-7804
-7773
-7805
-7788
-7796
-7796
-7791
-7806
-7785
-7808
-7792
-7801
-7799
-7800
-7796
-7797
-7798
-7789
-7800
-7790
-7795
-7783
-7786
-7786
-7786
-7794
-7782
-7790
-7786
-7790
-7788
-7783
-7790
-7787
-7791
-7781
-7792
-7790
-7779
-7795
-7784
-7793
-7789
-7793
-7792
-7789
-7796
-7785
-7789
-7785
-7784
-7780
-7787
-7777
-7780
-7785
-7780
-7785
-7779
-7784
-7777
-7783
-7782
-7775
-7775
-7773
-7772
-7771
-7768
-7771
-7768
-7767
-7772
-7763
-7769
-7765
-7773
-7770
-7767
-7775
-7766
-7772
-7767
-7767
-7763
-7765
-7767
-7762
-7764
-7759
-7764
-7762
-7762
-7760
-7766
-7759
-7755
-7762
-7754
-7764
-7755
-7755
-7755
-7752
-7760
-7753
-7764
-7757
-7759
-7760
-7759
-7761
-7757
-7757
-7758
-7754
-7753
-7756
-7752
-7758
-7754
-7761
-7762
-7763
-7761
-7762
-7767
-7762
-7761
-7760
-7763
-7759
-7761
-7756
-7760
-7758
-7756
-7760
-7758
-7768
-7763
-7768
-7763
-7764
-7766
-7759
-7768
-7761
-7768
-7764
-7767
-7771
-7768
-7773
-7769
-7775
-7774
-7774
-7774
-7781
-7773
-7777
-7777
-7776
-7782
-7776
-7778
-7779
-7782
-7776
-7782
-7784
-7784
-7784
-7786
-7779
-7777
-7778
-7777
-7778
-7777
-7781
-7777
-7782
-7783
-7785
-7789
-7785
-7786
-7787
-7778
-7788
-7780
-7786
-7783
-7783
-7791
-7780
-7793
-7782
-7789
-7783
-7779
-7780
-7775
-7780
-7775
-7776
-7773
-7772
-7772
-7774
-7777
-7777
-7778
-7780
-7780
-7774
-7783
-7785
-7777
-7783
-7775
-7777
-7779
-7780
-7778
-7783
-7781
-7783
-7790
-7771
-7778
-7776
-7770
-7770
-7771
-7772
-7777
-7776
-7775
-7780
-7775
-7783
-7779
-7783
-7786
-7778
-7786
-7783
-7784
-7784
-7782
-7785
-7781
-7787
-7784
-7784
-7783
-7783
-7788
-7784
-7784
-7781
-7782
-7782
-7782
-7782
-7785
-7783
-7784
-7785
-7787
-7788
-7782
-7787
-7786
-7788
-7787
-7786
-7787
-7788
-7789
-7791
-7789
-7794
-7792
-7788
-7792
-7791
-7797
-7797
-7794
-7800
-7800
-7803
-7799
-7799
-7798
-7802
-7804
-7804
-7809
-7802
-7810
-7806
-7810
-7804
-7810
-7809
-7810
-7815
-7807
-7821
-7806
-7821
-7815
-7813
-7827
-7809
-7823
-7812
-7817
-7818
-7816
-7822
-7814
-7824
-7816
-7827
-7822
-7822
-7815
-7821
-7824
-7816
-7826
-7817
-7832
-7817
-7825
-7825
-7824
-7830
-7824
-7833
-7827
-7836
-7828
-7827
-7832
-7825
-7837
-7833
-7831
-7836
-7829
-7835
-7826
-7835
-7835
-7832
-7837
-7826
-7836
-7832
-7830
-7831
-7826
-7830
-7830
-7834
-7835
-7835
-7836
-7835
-7840
-7831
-7835
-7827
-7829
-7828
-7830
-7834
-7823
-7834
-7820
-7829
-7824
-7825
-7829
-7821
-7830
-7820
-7830
-7825
-7824
-7828
-7820
-7823
-7822
-7820
-7817
-7816
-7823
-7815
-7820
-7823
-7814
-7819
-7814
-7812
-7814
-7808
-7811
-7809
-7809
-7810
-7808
-7811
-7804
-7809
-7810
-7810
-7816
-7812
-7814
-7810
-7805
-7804
-7805
-7804
-7805
-7805
-7801
-7805
-7797
-7793
-7799
-7794
-7798
-7794
-7797
-7797
-7797
-7799
-7788
-7800
-7790
-7794
-7792
-7793
-7796
-7784
-7794
-7795
-7795
-7795
-7800
-7796
-7799
-7799
-7800
-7795
-7799
-7800
-7795
-7799
-7799
-7802
-7798
-7800
-7800
-7799
-7798
-7801
-7798
-7797
-7795
-7801
-7797
-7793
-7799
-7791
-7800
-7798
-7796
-7803
-7797
-7806
-7804
-7801
-7812
-7799
-7807
-7798
-7802
-7806
-7787
-7806
-7788
-7797
-7810
-7800
-7810
-7802
-7810
-7801
-7808
-7804
-7797
-7813
-7797
-7806
-7794
-7792
-7800
-7793
-7801
-7796
-7805
-7794
-7805
-7800
-7799
-7799
-7786
-7798
-7781
-7794
-7778
-7790
-7786
-7778
-7790
-7776
-7792
-7776
-7787
-7780
-7779
-7783
-7774
-7778
-7773
-7774
-7770
-7779
-7773
-7773
-7773
-7774
-7777
-7766
-7777
-7768
-7770
-7767
-7765
-7776
-7761
-7772
-7762
-7766
-7765
-7768
-7770
-7760
-7778
-7767
-7769
-7768
-7759
-7767
-7762
-7753
-7770
-7753
-7766
-7755
-7752
-7767
-7757
-7754
-7748
-7789
-7734
-7762
-7761
-7751
-7768
-7741
-7777
-7737
-7774
-7759
-7759
-7762
-7756
-7781
-7749
-7777
-7759
-7771
-7770
-7762
-7771
-7757
-7775
-7760
-7768
-7771
-7764
-7772
-7766
-7772
-7768
-7774
-7774
-7772
-7773
-7772
-7775
-7774
-7784
-7770
-7776
-7787
-7778
-7777
-7792
-7786
-7775
-7791
-7776
-7779
-7781
-7778
-7787
-7781
-7789
-7785
-7789
-7786
-7787
-7786
-7779
-7789
-7789
-7791
-7793
-7790
-7791
-7795
-7793
-7795
-7792
-7793
-7790
-7794
-7787
-7799
-7795
-7790
-7803
-7790
-7797
-7793
-7814
-7794
-7795
-7806
-7794
-7798
-7784
-7798
-7786
-7795
-7794
-7794
-7803
-7791
-7803
-7790
-7800
-7791
-7793
-7801
-7784
-7803
-7785
-7795
-7795
-7785
-7795
-7791
-7798
-7789
-7803
-7794
-7791
-7804
-7798
-7793
-7789
-7798
-7791
-7792
-7795
-7795
-7798
-7797
-7804
-7799
-7800
-7798
-7798
-7798
-7794
-7795
-7790
-7795
-7785
-7793
-7790
-7792
-7794
-7790
-7799
-7794
-7796
-7792
-7795
-7796
-7798
-7798
-7797
-7796
-7796
-7798
-7800
-7798
-7803
-7802
-7805
-7803
-7805
-7805
-7804
-7807
-7806
-7809
-7795
-7803
-7796
-7799
-7799
-7803
-7804
-7801
-7802
-7800
-7814
-7808
-7813
-7808
-7808
-7809
-7808
-7812
-7805
-7814
-7809
-7810
-7812
-7816
-7820
-7815
-7823
-7817
-7823
-7812
-7810
-7814
-7810
-7817
-7808
-7819
-7813
-7819
-7824
-7818
-7824
-7819
-7820
-7817
-7820
-7817
-7821
-7816
-7820
-7819
-7815
-7825
-7826
-7831
-7819
-7835
-7823
-7823
-7830
-7823
-7833
-7824
-7832
-7825
-7826
-7832
-7828
-7830
-7830
-7829
-7832
-7826
-7837
-7831
-7831
-7835
-7827
-7831
-7823
-7825
-7826
-7830
-7827
-7832
-7827
-7831
-7828
-7830
-7834
-7825
-7836
-7825
-7831
-7821
-7822
-7824
-7818
-7824
-7818
-7827
-7824
-7825
-7828
-7829
-7828
-7828
-7828
-7821
-7824
-7823
-7825
-7818
-7821
-7821
-7817
-7818
-7814
-7823
-7818
-7823
-7819
-7817
-7825
-7820
-7820
-7821
-7809
-7816
-7818
-7799
-7820
-7811
-7818
-7827
-7815
-7828
-7808
-7823
-7819
-7804
-7824
-7798
-7813
-7811
-7802
-7818
-7810
-7815
-7807
-7817
-7806
-7807
-7816
-7806
-7816
-7807
-7812
-7810
-7804
-7810
-7804
-7803
-7811
-7806
-7809
-7812
-7807
-7808
-7811
-7806
-7808
-7805
-7807
-7813
-7801
-7805
-7800
-7806
-7802
-7804
-7808
-7798
-7812
-7798
-7802
-7806
-7800
-7802
-7793
-7810
-7798
-7803
-7807
-7800
-7808
-7801
-7812
-7804
-7810
-7811
-7804
-7805
-7800
-7803
-7797
-7803
-7801
-7804
-7806
-7806
-7809
-7805
-7813
-7810
-7817
-7812
-7811
-7813
-7807
-7815
-7806
-7810
-7812
-7808
-7811
-7808
-7811
-7813
-7814
-7817
-7816
-7815
-7820
-7816
-7818
-7819
-7814
-7819
-7812
-7817
-7809
-7811
-7821
-7810
-7826
-7820
-7828
-7828
-7822
-7831
-7821
-7827
-7820
-7824
-7822
-7816
-7822
-7821
-7825
-7825
-7823
-7824
-7827
-7822
-7826
-7818
-7819
-7821
-7812
-7819
-7808
-7815
-7815
-7812
-7821
-7819
-7825
-7823
-7824
-7826
-7822
-7821
-7821
-7810
-7821
-7814
-7812
-7820
-7808
-7815
-7817
-7819
-7814
-7812
-7815
-7813
-7815
-7810
-7814
-7819
-7808
-7809
-7809
-7810
-7808
-7806
-7818
-7810
-7809
-7808
-7804
-7809
-7797
-7795
-7795
-7794
-7794
-7792
-7795
-7790
-7796
-7795
-7789
-7793
-7791
-7795
-7793
-7786
-7790
-7787
-7786
-7790
-7780
-7786
-7784
-7780
-7788
-7781
-7784
-7787
-7783
-7785
-7781
-7779
-7777
-7773
-7777
-7767
-7774
-7776
-7766
-7778
-7767
-7779
-7768
-7767
-7776
-7765
-7775
-7760
-7779
-7771
-7771
-7776
-7776
-7765
-7767
-7777
-7753
-7774
-7759
-7764
-7760
-7769
-7767
-7763
-7781
-7757
-7772
-7755
-7769
-7770
-7758
-7771
-7763
-7768
-7768
-7767
-7773
-7764
-7767
-7771
-7763
-7776
-7762
-7771
-7761
-7765
-7776
-7763
-7774
-7766
-7772
-7768
-7772
-7768
-7771
-7771
-7770
-7770
-7765
-7775
-7767
-7782
-7769
-7773
-7779
-7770
-7781
-7774
-7783
-7771
-7774
-7779
-7767
-7774
-7773
-7773
-7775
-7772
-7773
-7770
-7770
-7773
-7767
-7775
-7773
-7771
-7779
-7774
-7779
-7777
-7781
-7783
-7780
-7783
-7781
-7784
-7777
-7778
-7774
-7773
-7773
-7774
-7776
-7776
-7778
-7777
-7787
-7779
-7787
-7783
-7785
-7789
-7783
-7795
-7786
-7797
-7797
-7794
-7796
-7790
-7797
-7795
-7795
-7795
-7793
-7795
-7796
-7793
-7794
-7806
-7800
-7797
-7802
-7789
-7793
-7800
-7804
-7797
-7798
-7813
-7804
-7805
-7807
-7812
-7809
-7814
-7821
-7816
-7819
-7818
-7824
-7816
-7823
-7824
-7821
-7825
-7826
-7825
-7819
-7825
-7821
-7826
-7830
-7827
-7827
-7835
-7836
-7831
-7832
-7835
-7839
-7832
-7837
-7840
-7838
-7844
-7844
-7844
-7846
-7851
-7847
-7845
-7848
-7845
-7846
-7848
-7853
-7852
-7856
-7855
-7857
-7859
-7857
-7866
-7863
-7866
-7861
-7856
-7860
-7854
-7859
-7858
-7854
-7862
-7857
-7864
-7859
-7865
-7864
-7856
-7869
-7854
-7866
-7858
-7861
-7864
-7856
-7866
-7852
-7869
-7863
-7859
-7868
-7872
-7869
-7872
-7872
-7867
-7870
-7859
-7878
-7862
-7865
-7870
-7867
-7870
-7865
-7874
-7858
-7870
-7864
-7861
-7864
-7863
-7863
-7856
-7862
-7857
-7861
-7847
-7855
-7851
-7846
-7854
-7851
-7862
-7850
-7868
-7861
-7846
-7852
-7847
-7849
-7842
-7849
-7833
-7847
-7852
-7836
-7843
-7839
-7846
-7832
-7841
-7840
-7835
-7841
-7834
-7837
-7838
-7839
-7814
-7834
-7825
-7826
-7835
-7820
-7834
-7811
-7831
-7819
-7824
-7821
-7809
-7823
-7806
-7820
-7811
-7812
-7809
-7813
-7809
-7811
-7820
-7806
-7814
-7798
-7821
-7805
-7798
-7811
-7790
-7812
-7790
-7811
-7797
-7798
-7819
-7783
-7814
-7788
-7801
-7802
-7789
-7815
-7787
-7804
-7788
-7794
-7796
-7785
-7794
-7790
-7787
-7785
-7792
-7783
-7790
-7781
-7785
-7786
-7784
-7783
-7778
-7785
-7780
-7784
-7782
-7783
-7790
-7784
-7786
-7785
-7783
-7782
-7781
-7788
-7783
-7785
-7784
-7784
-7782
-7789
-7786
-7788
-7787
-7782
-7786
-7781
-7788
-7780
-7780
-7781
-7782
-7782
-7782
-7785
-7783
-7775
-7787
-7779
-7774
-7786
-7766
-7781
-7773
-7782
-7774
-7777
-7784
-7766
-7786
-7768
-7781
-7779
-7774
-7779
-7776
-7777
-7777
-7779
-7772
-7779
-7780
-7780
-7778
-7781
-7783
-7779
-7781
-7774
-7765
-7785
-7772
-7778
-7770
-7773
-7779
-7763
-7775
-7756
-7778
-7763
-7766
-7772
-7766
-7773
-7765
-7777
-7769
-7775
-7766
-7772
-7767
-7766
-7771
-7760
-7768
-7766
-7763
-7767
-7771
-7760
-7764
-7766
-7761
-7769
-7765
-7768
-7769
-7765
-7770
-7761
-7769
-7768
-7763
-7768
-7766
-7773
-7771
-7772
-7773
-7771
-7775
-7772
-7767
-7766
-7764
-7765
-7767
-7765
-7768
-7765
-7773
-7776
-7769
-7778
-7778
-7783
-7777
-7785
-7789
-7778
-7792
-7781
-7788
-7784
-7780
-7792
-7788
-7792
-7788
-7794
-7790
-7801
-7792
-7794
-7800
-7795
-7794
-7779
-7810
-7791
-7803
-7798
-7799
-7811
-7793
-7818
-7793
-7815
-7802
-7805
-7823
-7802
-7817
-7810
-7817
-7817
-7819
-7818
-7816
-7818
-7817
-7822
-7813
-7814
-7819
-7814
-7819
-7813
-7817
-7822
-7821
-7825
-7823
-7828
-7823
-7833
-7827
-7824
-7831
-7827
-7836
-7832
-7836
-7838
-7827
-7839
-7826
-7832
-7836
-7826
-7844
-7827
-7842
-7831
-7832
-7838
-7832
-7841
-7834
-7846
-7839
-7846
-7845
-7843
-7841
-7843
-7844
-7843
-7841
-7829
-7839
-7829
-7829
-7839
-7834
-7837
-7839
-7841
-7841
-7836
-7839
-7831
-7835
-7836
-7827
-7834
-7832
-7837
-7835
-7828
-7834
-7832
-7835
-7831
-7829
-7830
-7825
-7830
-7825
-7827
-7827
-7824
-7826
-7828
-7822
-7820
-7818
-7819
-7822
-7821
-7823
-7818
-7824
-7814
-7815
-7813
-7806
-7811
-7805
-7815
-7810
-7813
-7813
-7808
-7812
-7807
-7809
-7804
-7809
-7806
-7806
-7804
-7807
-7808
-7806
-7812
-7804
-7815
-7807
-7813
-7802
-7809
-7816
-7802
-7813
-7801
-7811
-7804
-7806
-7808
-7808
-7810
-7809
-7809
-7803
-7806
-7801
-7808
-7793
-7817
-7812
-7809
-7818
-7811
-7830
-7805
-7825
-7825
-7816
-7832
-7817
-7827
-7819
-7822
-7833
-7818
-7829
-7830
-7829
-7834
-7828
-7837
-7835
-7837
-7834
-7834
-7835
-7841
-7837
-7831
-7852
-7834
-7844
-7840
-7841
-7848
-7836
-7854
-7840
-7841
-7842
-7847
-7853
-7845
-7853
-7858
-7852
-7857
-7853
-7849
-7856
-7853
-7857
-7847
-7855
-7851
-7851
-7850
-7850
-7859
-7849
-7860
-7853
-7857
-7850
-7850
-7856
-7846
-7849
-7845
-7844
-7847
-7844
-7853
-7849
-7847
-7857
-7848
-7845
-7843
-7862
-7842
-7852
-7855
-7845
-7844
-7841
-7848
-7832
-7852
-7839
-7848
-7839
-7843
-7842
-7827
-7845
-7829
-7836
-7834
-7834
-7838
-7833
-7837
-7836
-7829
-7836
-7827
-7835
-7831
-7822
-7841
-7832
-7836
-7832
-7822
-7825
-7829
-7821
-7814
-7834
-7829
-7822
-7833
-7819
-7826
-7828
-7816
-7829
-7818
-7824
-7818
-7821
-7820
-7819
-7828
-7815
-7823
-7818
-7817
-7818
-7822
-7813
-7822
-7808
-7819
-7816
-7807
-7827
-7818
-7824
-7817
-7827
-7811
-7833
-7818
-7827
-7825
-7796
-7849
-7789
-7831
-7817
-7814
-7834
-7795
-7838
-7796
-7840
-7823
-7807
-7819
-7819
-7816
-7818
-7834
-7790
-7826
-7826
-7801
-7820
-7821
-7809
-7837
-7813
-7819
-7820
-7826
-7820
-7805
-7830
-7798
-7816
-7806
-7817
-7803
-7806
-7830
-7801
-7833
-7813
-7815
-7818
-7806
-7816
-7815
-7836
-7797
-7804
-7841
-7795
-7808
-7831
-7794
-7818
-7812
-7808
-7808
-7798
-7809
-7794
-7808
-7796
-7812
-7798
-7797
-7812
-7790
-7804
-7798
-7800
-7802
-7795
-7806
-7800
-7802
-7804
-7803
-7806
-7800
-7803
-7799
-7810
-7801
-7808
-7801
-7802
-7798
-7801
-7800
-7788
-7809
-7786
-7803
-7791
-7798
-7799
-7795
-7795
-7786
-7811
-7774
-7789
-7807
-7788
-7801
-7803
-7798
-7798
-7806
-7807
-7791
-7808
-7803
-7801
-7809
-7796
-7802
-7808
-7800
-7801
-7814
-7790
-7805
-7805
-7800
-7804
-7799
-7808
-7788
-7805
-7797
-7801
-7797
-7796
-7810
-7788
-7811
-7802
-7806
-7805
-7796
-7806
-7799
-7801
-7801
-7804
-7807
-7805
-7805
-7809
-7809
-7812
-7807
-7810
-7816
-7804
-7813
-7811
-7810
-7802
-7793
-7819
-7801
-7810
-7807
-7805
-7811
-7800
-7815
-7802
-7808
-7805
-7816
-7809
-7788
-7819
-7810
-7800
-7802
-7810
-7809
-7797
-7813
-7803
-7815
-7804
-7799
-7807
-7797
-7805
-7794
-7805
-7793
-7801
-7805
-7797
-7806
-7805
-7807
-7793
-7808
-7803
-7804
-7812
-7794
-7803
-7806
-7798
-7793
-7804
-7793
-7794
-7805
-7794
-7807
-7793
-7806
-7801
-7802
-7800
-7795
-7810
-7789
-7811
-7796
-7802
-7803
-7797
-7805
-7796
-7804
-7797
-7807
-7801
-7805
-7809
-7802
-7807
-7807
-7807
-7803
-7807
-7804
-7803
-7806
-7805
-7812
-7813
-7815
-7815
-7815
-7818
-7815
-7810
-7811
-7809
-7816
-7809
-7811
-7819
-7816
-7824
-7813
-7816
-7823
-7820
-7818
-7834
-7823
-7826
-7830
-7814
-7830
-7828
-7836
-7826
-7832
-7838
-7830
-7831
-7834
-7835
-7826
-7840
-7832
-7834
-7839
-7834
-7838
-7840
-7842
-7837
-7843
-7843
-7838
-7840
-7837
-7839
-7841
-7839
-7842
-7840
-7841
-7845
-7841
-7849
-7849
-7849
-7853
-7845
-7850
-7846
-7850
-7851
-7853
-7861
-7854
-7859
-7857
-7855
-7859
-7857
-7856
-7859
-7855
-7856
