01280344.PTO
COBZ
2012/01/28 03:44:15.8599
100.0000 m/s  
10215 muestras
-6405
-6420
-6424
-6423
-6437
-6444
-6446
-6452
-6509
-6517
-6491
-6508
-6518
-6494
-6513
-6527
-6498
-6496
-6515
-6475
-6433
-6449
-6427
-6435
-6480
-6498
-6472
-6481
-6502
-6460
-6429
-6460
-6464
-6476
-6495
-6508
-6479
-6483
-6512
-6506
-6501
-6473
-6462
-6423
-6426
-6420
-6438
-6444
-6488
-6517
-6473
-6480
-6473
-6433
-6419
-6414
-6388
-6387
-6447
-6467
-6436
-6485
-6489
-6467
-6447
-6459
-6424
-6390
-6421
-6432
-6450
-6492
-6524
-6484
-6460
-6460
-6437
-6423
-6429
-6426
-6449
-6435
-6438
-6412
-6366
-6414
-6421
-6398
-6410
-6420
-6439
-6464
-6478
-6489
-6473
-6475
-6466
-6483
-6529
-6528
-6524
-6494
-6503
-6493
-6476
-6482
-6438
-6420
-6406
-6390
-6404
-6412
-6424
-6407
-6351
-6332
-6275
-6246
-6321
-6437
-6557
-6614
-6614
-6553
-6475
-6453
-6473
-6526
-6555
-6525
-6484
-6466
-6447
-6433
-6428
-6429
-6464
-6491
-6527
-6534
-6487
-6432
-6433
-6482
-6515
-6528
-6485
-6417
-6348
-6261
-6208
-6177
-6175
-6192
-6207
-6253
-6298
-6343
-6403
-6453
-6523
-6584
-6623
-6635
-6592
-6570
-6509
-6455
-6448
-6429
-6438
-6436
-6432
-6445
-6455
-6498
-6526
-6548
-6559
-6551
-6502
-6414
-6337
-6278
-6258
-6279
-6353
-6421
-6456
-6434
-6418
-6388
-6384
-6412
-6416
-6501
-6552
-6577
-6580
-6503
-6478
-6436
-6406
-6433
-6475
-6522
-6526
-6523
-6501
-6475
-6476
-6444
-6457
-6470
-6453
-6479
-6486
-6499
-6510
-6532
-6562
-6563
-6536
-6492
-6420
-6376
-6346
-6345
-6394
-6448
-6540
-6574
-6625
-6614
-6559
-6546
-6430
-6390
-6360
-6343
-6405
-6417
-6480
-6513
-6530
-6534
-6494
-6480
-6455
-6469
-6486
-6485
-6500
-6481
-6449
-6437
-6419
-6448
-6483
-6532
-6569
-6582
-6603
-6574
-6571
-6544
-6483
-6435
-6409
-6390
-6386
-6412
-6455
-6481
-6497
-6508
-6461
-6447
-6395
-6360
-6360
-6353
-6400
-6442
-6484
-6507
-6516
-6494
-6459
-6457
-6405
-6346
-6365
-6390
-6428
-6461
-6477
-6466
-6426
-6456
-6422
-6380
-6411
-6417
-6441
-6449
-6441
-6414
-6393
-6395
-6374
-6379
-6405
-6360
-6357
-6414
-6441
-6462
-6459
-6451
-6420
-6408
-6406
-6399
-6417
-6441
-6398
-6379
-6389
-6372
-6372
-6367
-6424
-6441
-6450
-6437
-6434
-6442
-6410
-6451
-6388
-6381
-6430
-6364
-6366
-6380
-6428
-6438
-6407
-6454
-6407
-6369
-6391
-6397
-6407
-6401
-6425
-6437
-6432
-6423
-6389
-6398
-6450
-6418
-6400
-6429
-6436
-6462
-6445
-6473
-6493
-6468
-6453
-6414
-6426
-6430
-6415
-6414
-6432
-6450
-6416
-6435
-6452
-6441
-6464
-6483
-6501
-6514
-6525
-6525
-6504
-6495
-6485
-6451
-6441
-6426
-6419
-6423
-6413
-6434
-6422
-6392
-6374
-6359
-6398
-6386
-6380
-6406
-6385
-6390
-6412
-6383
-6382
-6440
-6425
-6419
-6451
-6419
-6369
-6392
-6433
-6397
-6392
-6423
-6381
-6387
-6419
-6413
-6394
-6419
-6412
-6324
-6323
-6334
-6313
-6316
-6328
-6328
-6316
-6318
-6312
-6294
-6309
-6308
-6271
-6282
-6274
-6237
-6243
-6272
-6280
-6242
-6246
-6235
-6201
-6223
-6228
-6218
-6242
-6269
-6263
-6221
-6228
-6240
-6183
-6166
-6193
-6191
-6163
-6177
-6191
-6154
-6178
-6226
-6243
-6287
-6282
-6268
-6238
-6236
-6263
-6231
-6230
-6235
-6228
-6180
-6153
-6143
-6114
-6148
-6158
-6161
-6184
-6179
-6187
-6200
-6225
-6237
-6222
-6244
-6245
-6218
-6217
-6185
-6187
-6209
-6207
-6196
-6202
-6235
-6226
-6247
-6236
-6229
-6244
-6223
-6221
-6214
-6189
-6193
-6210
-6199
-6187
-6186
-6192
-6193
-6218
-6252
-6261
-6266
-6316
-6311
-6285
-6305
-6319
-6310
-6328
-6354
-6333
-6313
-6320
-6301
-6263
-6270
-6265
-6251
-6232
-6236
-6235
-6243
-6248
-6258
-6281
-6284
-6283
-6275
-6281
-6274
-6279
-6295
-6304
-6318
-6337
-6363
-6361
-6344
-6358
-6377
-6382
-6371
-6366
-6338
-6324
-6341
-6329
-6325
-6321
-6311
-6313
-6324
-6340
-6334
-6315
-6322
-6290
-6278
-6317
-6301
-6304
-6343
-6370
-6366
-6372
-6380
-6340
-6349
-6390
-6382
-6371
-6408
-6434
-6419
-6422
-6408
-6397
-6400
-6405
-6413
-6409
-6401
-6389
-6385
-6391
-6425
-6412
-6407
-6424
-6402
-6423
-6451
-6453
-6473
-6493
-6492
-6497
-6507
-6496
-6511
-6498
-6490
-6507
-6469
-6485
-6501
-6471
-6483
-6494
-6474
-6487
-6490
-6508
-6531
-6556
-6581
-6601
-6599
-6609
-6615
-6577
-6609
-6613
-6568
-6585
-6618
-6613
-6620
-6628
-6643
-6664
-6665
-6659
-6662
-6623
-6628
-6645
-6656
-6666
-6669
-6702
-6687
-6660
-6670
-6694
-6673
-6682
-6694
-6691
-6686
-6725
-6726
-6724
-6769
-6756
-6720
-6759
-6772
-6755
-6786
-6785
-6780
-6772
-6762
-6776
-6762
-6762
-6795
-6755
-6750
-6753
-6745
-6721
-6725
-6751
-6735
-6739
-6756
-6785
-6792
-6747
-6756
-6761
-6767
-6804
-6790
-6799
-6783
-6795
-6800
-6792
-6787
-6760
-6800
-6846
-6792
-6832
-6821
-6785
-6814
-6800
-6803
-6795
-6797
-6783
-6795
-6786
-6776
-6770
-6766
-6749
-6746
-6752
-6760
-6740
-6736
-6744
-6712
-6730
-6720
-6684
-6665
-6694
-6715
-6682
-6697
-6705
-6683
-6704
-6687
-6655
-6662
-6654
-6616
-6611
-6628
-6636
-6656
-6653
-6641
-6629
-6618
-6592
-6563
-6570
-6592
-6596
-6599
-6595
-6554
-6562
-6562
-6529
-6555
-6576
-6544
-6535
-6547
-6525
-6502
-6516
-6499
-6496
-6507
-6492
-6516
-6518
-6490
-6473
-6502
-6492
-6475
-6466
-6434
-6408
-6401
-6389
-6385
-6393
-6369
-6380
-6391
-6418
-6382
-6370
-6404
-6353
-6353
-6379
-6368
-6365
-6359
-6355
-6321
-6354
-6363
-6324
-6363
-6359
-6364
-6385
-6398
-6366
-6349
-6350
-6321
-6294
-6302
-6307
-6307
-6332
-6341
-6372
-6360
-6375
-6347
-6325
-6323
-6295
-6297
-6281
-6281
-6288
-6278
-6250
-6239
-6214
-6228
-6276
-6292
-6275
-6291
-6293
-6254
-6228
-6219
-6189
-6180
-6217
-6217
-6209
-6224
-6241
-6216
-6233
-6253
-6245
-6255
-6274
-6267
-6225
-6241
-6233
-6202
-6222
-6219
-6198
-6202
-6206
-6181
-6162
-6159
-6164
-6138
-6141
-6152
-6130
-6156
-6157
-6167
-6198
-6217
-6222
-6248
-6253
-6234
-6234
-6230
-6243
-6240
-6241
-6240
-6248
-6222
-6220
-6221
-6187
-6209
-6194
-6185
-6198
-6210
-6221
-6199
-6209
-6211
-6192
-6206
-6193
-6185
-6210
-6216
-6203
-6214
-6254
-6236
-6224
-6264
-6243
-6194
-6216
-6237
-6219
-6213
-6259
-6235
-6198
-6263
-6246
-6214
-6235
-6236
-6202
-6164
-6217
-6222
-6184
-6219
-6211
-6212
-6209
-6225
-6251
-6228
-6242
-6247
-6231
-6228
-6246
-6283
-6273
-6283
-6304
-6271
-6248
-6215
-6232
-6206
-6193
-6252
-6241
-6238
-6246
-6263
-6270
-6250
-6261
-6254
-6238
-6259
-6271
-6260
-6267
-6296
-6307
-6297
-6294
-6290
-6278
-6283
-6299
-6308
-6289
-6285
-6327
-6320
-6304
-6317
-6302
-6304
-6299
-6290
-6296
-6286
-6289
-6312
-6293
-6300
-6335
-6313
-6319
-6356
-6365
-6348
-6362
-6366
-6361
-6354
-6390
-6398
-6376
-6403
-6407
-6380
-6368
-6403
-6386
-6360
-6383
-6392
-6349
-6383
-6407
-6383
-6385
-6407
-6420
-6394
-6393
-6419
-6400
-6409
-6430
-6444
-6465
-6405
-6477
-6425
-6438
-6467
-6421
-6462
-6449
-6490
-6492
-6486
-6489
-6512
-6475
-6487
-6473
-6459
-6489
-6477
-6525
-6503
-6516
-6544
-6524
-6547
-6538
-6540
-6515
-6539
-6551
-6530
-6563
-6556
-6537
-6560
-6550
-6565
-6602
-6579
-6611
-6591
-6621
-6608
-6590
-6616
-6616
-6616
-6601
-6617
-6611
-6597
-6602
-6594
-6605
-6632
-6616
-6626
-6599
-6608
-6612
-6609
-6639
-6631
-6642
-6639
-6623
-6627
-6608
-6604
-6623
-6625
-6638
-6638
-6635
-6607
-6591
-6617
-6596
-6597
-6619
-6616
-6614
-6624
-6667
-6637
-6649
-6662
-6629
-6637
-6650
-6660
-6677
-6686
-6678
-6697
-6686
-6676
-6660
-6690
-6682
-6653
-6695
-6681
-6681
-6683
-6693
-6677
-6664
-6678
-6641
-6626
-6656
-6647
-6649
-6682
-6657
-6633
-6655
-6670
-6656
-6670
-6692
-6684
-6689
-6711
-6699
-6665
-6661
-6681
-6648
-6656
-6677
-6658
-6660
-6645
-6674
-6656
-6628
-6636
-6609
-6609
-6637
-6640
-6608
-6622
-6622
-6611
-6647
-6646
-6636
-6626
-6654
-6633
-6625
-6657
-6640
-6641
-6635
-6646
-6626
-6638
-6627
-6618
-6657
-6634
-6634
-6619
-6587
-6578
-6580
-6587
-6557
-6565
-6608
-6580
-6563
-6580
-6573
-6560
-6567
-6573
-6565
-6561
-6588
-6570
-6567
-6613
-6585
-6597
-6605
-6595
-6568
-6583
-6615
-6567
-6569
-6584
-6589
-6569
-6584
-6580
-6549
-6567
-6571
-6547
-6543
-6567
-6521
-6513
-6542
-6523
-6536
-6546
-6557
-6543
-6550
-6578
-6549
-6554
-6548
-6541
-6542
-6562
-6579
-6567
-6574
-6582
-6589
-6582
-6574
-6577
-6574
-6556
-6574
-6574
-6555
-6547
-6568
-6570
-6566
-6568
-6541
-6550
-6567
-6561
-6538
-6573
-6556
-6522
-6529
-6547
-6528
-6520
-6540
-6523
-6530
-6515
-6543
-6505
-6507
-6531
-6469
-6482
-6496
-6489
-6461
-6468
-6519
-6459
-6428
-6484
-6462
-6449
-6466
-6482
-6480
-6450
-6491
-6499
-6459
-6491
-6476
-6472
-6487
-6472
-6477
-6463
-6464
-6466
-6461
-6431
-6421
-6461
-6415
-6380
-6401
-6379
-6387
-6389
-6391
-6385
-6383
-6401
-6360
-6371
-6420
-6408
-6412
-6419
-6418
-6414
-6400
-6417
-6427
-6422
-6421
-6424
-6439
-6418
-6399
-6413
-6409
-6390
-6377
-6397
-6380
-6381
-6415
-6409
-6399
-6395
-6402
-6410
-6389
-6399
-6399
-6392
-6441
-6430
-6418
-6402
-6417
-6411
-6383
-6410
-6392
-6400
-6412
-6396
-6392
-6404
-6405
-6386
-6379
-6387
-6378
-6376
-6375
-6360
-6375
-6397
-6386
-6375
-6401
-6375
-6354
-6398
-6386
-6364
-6383
-6397
-6385
-6356
-6354
-6362
-6333
-6348
-6359
-6345
-6340
-6313
-6311
-6284
-6287
-6295
-6282
-6290
-6279
-6292
-6293
-6266
-6251
-6268
-6261
-6262
-6283
-6286
-6271
-6261
-6300
-6283
-6255
-6255
-6256
-6261
-6278
-6295
-6268
-6273
-6292
-6230
-6226
-6280
-6238
-6216
-6251
-6252
-6194
-6204
-6240
-6191
-6221
-6301
-6292
-6260
-6246
-6151
-5965
-5855
-5792
-5775
-5978
-6275
-6568
-6853
-7089
-7256
-7345
-7362
-7319
-7280
-7195
-6910
-6478
-5963
-5318
-4683
-4150
-3843
-3812
-3961
-4328
-4975
-5813
-6622
-7365
-8027
-8601
-9106
-9333
-9145
-8713
-8142
-7343
-6426
-5499
-4638
-3953
-3403
-2931
-2614
-2560
-2790
-3359
-4237
-5276
-6305
-7240
-8079
-8812
-9487
-9980
-10166
-9939
-9148
-7982
-6798
-5780
-4994
-4558
-4510
-4692
-4853
-4939
-4996
-5150
-5629
-6311
-6769
-6852
-6694
-6338
-5927
-5606
-5458
-5692
-6225
-6641
-6787
-6825
-6717
-6337
-5774
-5031
-4269
-3863
-3779
-3829
-4116
-4724
-5501
-6459
-7841
-9585
-11492
-13225
-14252
-14520
-14073
-12696
-10540
-8027
-5482
-3152
-1313
-210
171
-135
-1070
-2722
-5073
-7549
-9480
-10621
-10938
-10483
-9397
-7876
-6102
-4308
-2988
-2261
-2084
-2465
-3212
-4232
-5666
-7453
-9261
-10940
-12310
-12796
-12292
-11146
-9410
-7329
-5220
-3271
-1842
-1342
-1882
-3252
-5198
-7241
-8929
-10188
-10830
-10642
-9577
-7763
-5626
-3839
-2798
-2308
-2213
-2918
-4659
-6893
-9076
-10755
-11552
-11478
-10576
-9152
-7755
-6402
-4700
-2653
-779
315
132
-1266
-3345
-5700
-8199
-10443
-11984
-12741
-12702
-11736
-9993
-8073
-6377
-4848
-3516
-2865
-3210
-4532
-6277
-7885
-9121
-9880
-10315
-10528
-10213
-8747
-6239
-3679
-1914
-1205
-1634
-2651
-3985
-5721
-7619
-9671
-11533
-12579
-12437
-11446
-9877
-7659
-4917
-2052
67
726
-114
-2115
-4721
-7212
-9253
-10920
-12012
-12066
-11104
-9200
-6698
-4594
-3303
-2244
-1152
-501
-437
-742
-1833
-4439
-8174
-12017
-14851
-15992
-15738
-14489
-12657
-10687
-8569
-5845
-2702
-213
1242
1449
24
-2697
-6060
-9412
-11955
-13176
-13284
-12453
-10874
-9094
-7187
-4612
-1602
1084
2525
2042
10
-2524
-4902
-7415
-9929
-12062
-13580
-14018
-13003
-10968
-8769
-6660
-4434
-2034
16
619
-460
-2368
-4356
-6173
-8235
-10485
-12347
-13234
-12801
-11438
-9554
-7488
-5685
-4306
-3411
-3021
-2957
-2893
-2594
-2221
-2068
-2367
-3412
-5088
-6927
-8488
-9452
-9904
-9912
-9429
-8865
-8552
-8437
-8043
-6882
-5136
-3593
-3013
-3252
-3613
-3842
-4397
-5513
-6910
-8228
-9070
-9125
-8666
-8348
-8282
-7872
-6459
-4037
-1528
-123
-350
-1963
-4105
-6083
-7826
-9130
-9764
-9712
-9390
-9349
-9457
-9197
-8231
-6611
-4727
-3093
-2182
-2103
-2716
-3908
-5314
-6769
-8110
-9119
-9827
-10234
-10145
-9437
-8006
-5888
-3549
-1529
-80
588
232
-1159
-3219
-5658
-8310
-10665
-12483
-13649
-13938
-13013
-10901
-8028
-5067
-2490
-657
176
126
-600
-1754
-3587
-6102
-8794
-11020
-12080
-11937
-11133
-9868
-8161
-6247
-4458
-3018
-2149
-2033
-2546
-3625
-5229
-7126
-9011
-10438
-11051
-10584
-9092
-6944
-4568
-2582
-1291
-716
-913
-1889
-3576
-5715
-7935
-9855
-11312
-12356
-12836
-12454
-11057
-8818
-6057
-3362
-1259
-22
179
-443
-1745
-3822
-6584
-9617
-12136
-13508
-13570
-12383
-10373
-8118
-5732
-3095
-482
1395
1853
643
-1882
-4971
-7941
-10408
-12132
-12808
-12507
-11523
-10106
-8646
-7250
-5495
-3374
-1224
338
589
-644
-3121
-6013
-8584
-10491
-11660
-12102
-11739
-10611
-8787
-6464
-4167
-2245
-766
123
94
-1138
-3326
-5988
-8836
-11333
-12916
-13441
-12918
-11478
-9292
-6857
-4823
-3558
-3008
-2878
-2910
-3073
-3518
-4511
-6087
-7900
-9481
-10374
-10155
-8856
-6973
-5033
-3604
-2800
-2558
-2822
-3642
-4818
-6031
-7255
-8407
-9492
-10453
-10981
-10695
-9545
-7814
-6075
-4846
-4307
-4273
-4545
-5160
-5878
-6532
-7108
-7396
-7435
-7394
-7396
-7416
-7100
-6243
-5195
-4365
-4023
-4245
-4855
-5659
-6467
-7388
-8410
-9194
-9397
-8874
-7612
-6130
-4984
-4173
-3821
-3917
-4286
-4977
-6037
-7124
-7944
-8519
-8825
-8803
-8599
-8178
-7403
-6369
-5480
-5073
-5070
-5410
-5835
-6055
-6137
-6296
-6771
-7547
-8199
-8376
-8083
-7598
-7087
-6504
-5785
-4988
-4164
-3651
-3908
-4978
-6419
-7586
-8206
-8300
-8126
-7774
-7158
-6328
-5600
-5277
-5347
-5536
-5597
-5568
-5772
-6568
-7799
-8894
-9272
-8683
-7401
-6127
-5415
-5207
-5109
-4983
-4880
-4878
-5145
-5663
-6371
-7288
-8307
-9248
-9734
-9453
-8349
-6658
-4797
-3242
-2494
-2654
-3366
-4355
-5557
-6866
-8149
-9272
-10057
-10317
-10060
-9216
-7832
-6147
-4338
-2553
-1294
-936
-1537
-3103
-5230
-7353
-9204
-10822
-12000
-12576
-12431
-11473
-9715
-7381
-4864
-2475
-465
704
734
-454
-2877
-5870
-8572
-10600
-11748
-11973
-11581
-10665
-9187
-7254
-5292
-3426
-1886
-1092
-1109
-1921
-3493
-5599
-7710
-9538
-10830
-11515
-11565
-10999
-9801
-8068
-6067
-4105
-2543
-1676
-1629
-2335
-3779
-5687
-7724
-9468
-10681
-11231
-10893
-9685
-7701
-5373
-3270
-1747
-1126
-1399
-2452
-4058
-5877
-7729
-9531
-10988
-11892
-12117
-11552
-10254
-8331
-6161
-4020
-2255
-1236
-1121
-1776
-3064
-4791
-6716
-8519
-9980
-10985
-11279
-10837
-9798
-8251
-6293
-4290
-2601
-1560
-1278
-1855
-3317
-5315
-7339
-9090
-10360
-10938
-10733
-10003
-9033
-7820
-6541
-5313
-4117
-3133
-2714
-2952
-3819
-5140
-6777
-8319
-9312
-9556
-9083
-8072
-6862
-5899
-5186
-4745
-4553
-4516
-4644
-5128
-6023
-7236
-8525
-9477
-9767
-9348
-8360
-7083
-5924
-5059
-4544
-4318
-4206
-4333
-4877
-5677
-6517
-7318
-8095
-8744
-9176
-9213
-8762
-7830
-6575
-5327
-4388
-3876
-3826
-4234
-5044
-6237
-7627
-8798
-9355
-9328
-8932
-8242
-7323
-6270
-4957
-3619
-2769
-2588
-3229
-4627
-6267
-7728
-8814
-9569
-9906
-9756
-9216
-8345
-7297
-6243
-5247
-4354
-3624
-3264
-3487
-4257
-5586
-6988
-8169
-9042
-9458
-9531
-9268
-8602
-7418
-5767
-4153
-3024
-2574
-2852
-3570
-4551
-5633
-6866
-8236
-9385
-10022
-9990
-9422
-8456
-7314
-6113
-4755
-3624
-3118
-3411
-4397
-5673
-6833
-7607
-8164
-8685
-9083
-9260
-8870
-7772
-6341
-4933
-3863
-3236
-3204
-3742
-4761
-6103
-7442
-8543
-9066
-9102
-8880
-8507
-8032
-7348
-6275
-5053
-4087
-3575
-3565
-4003
-4830
-5769
-6834
-7980
-8786
-9100
-8872
-8018
-6923
-6008
-5254
-4533
-3952
-3510
-3299
-3697
-4792
-6271
-7893
-9392
-10326
-10456
-9878
-8709
-7005
-5420
-4293
-3683
-3511
-3693
-4045
-4445
-5288
-6557
-7863
-8933
-9580
-9479
-8778
-7761
-6635
-5432
-4411
-3781
-3478
-3568
-4038
-4757
-5556
-6586
-7761
-8729
-9277
-9273
-8648
-7584
-6403
-5167
-3886
-2993
-2750
-3053
-3829
-5153
-6622
-7778
-8696
-9308
-9394
-9075
-8376
-7194
-5900
-4810
-3936
-3264
-3070
-3372
-4113
-5374
-6869
-8164
-8960
-9256
-9124
-8516
-7717
-6824
-5636
-4429
-3577
-3191
-3226
-3776
-4737
-5808
-6978
-8090
-8900
-9259
-9121
-8504
-7474
-6391
-5336
-4409
-3867
-3669
-3897
-4600
-5566
-6479
-7177
-7717
-8182
-8560
-8761
-8480
-7543
-6137
-4634
-3575
-3191
-3454
-4190
-5243
-6392
-7449
-8426
-9169
-9406
-9272
-8886
-8084
-6890
-5421
-4022
-2972
-2683
-3319
-4505
-5840
-7089
-7996
-8589
-9006
-9114
-8837
-8333
-7664
-6729
-5772
-4949
-4199
-3582
-3487
-3971
-4809
-6068
-7449
-8427
-9039
-9246
-8932
-8280
-7523
-6665
-5646
-4773
-4211
-3952
-4129
-4649
-5481
-6637
-7848
-8869
-9408
-9354
-8655
-7524
-6437
-5572
-5057
-4707
-4380
-4346
-4567
-5047
-5888
-6858
-7707
-8395
-8862
-8878
-8426
-7656
-6632
-5696
-5090
-4766
-4671
-4807
-5211
-5713
-6313
-7081
-7789
-8219
-8257
-7977
-7463
-6793
-6262
-5797
-5346
-5035
-4935
-5043
-5465
-6252
-7003
-7456
-7747
-7851
-7683
-7390
-6951
-6466
-5986
-5600
-5304
-5099
-5240
-5529
-6021
-6921
-7933
-8642
-8696
-8282
-7532
-6603
-5844
-5250
-4737
-4450
-4534
-4912
-5511
-6247
-6895
-7231
-7489
-7722
-7709
-7445
-7034
-6435
-5813
-5396
-5223
-5241
-5548
-6092
-6673
-7224
-7670
-7862
-7764
-7682
-7580
-7259
-6705
-6025
-5108
-4139
-3469
-3450
-4144
-5300
-6701
-7975
-8831
-9213
-9207
-8796
-8118
-7325
-6368
-5328
-4439
-3746
-3360
-3411
-4116
-5356
-6795
-8139
-9057
-9419
-9283
-8742
-7988
-7128
-6143
-5169
-4327
-3780
-3522
-3612
-4156
-5204
-6495
-7764
-8898
-9531
-9607
-9280
-8511
-7374
-6183
-5070
-4113
-3584
-3664
-4095
-4655
-5407
-6398
-7473
-8485
-9309
-9562
-9204
-8492
-7452
-6211
-5069
-4118
-3507
-3408
-3826
-4522
-5313
-6315
-7395
-8258
-8993
-9438
-9176
-8313
-7199
-6023
-5006
-4407
-4129
-4144
-4512
-5214
-6070
-7005
-7906
-8479
-8547
-8279
-7906
-7356
-6762
-6199
-5570
-5042
-4778
-4686
-4783
-5155
-5736
-6542
-7486
-8282
-8623
-8320
-7665
-6943
-6283
-5802
-5468
-4991
-4543
-4623
-5129
-5860
-6825
-7738
-8316
-8708
-8746
-8241
-7307
-6173
-5071
-4365
-4223
-4439
-4788
-5158
-5684
-6343
-7115
-7889
-8383
-8600
-8558
-8166
-7560
-6784
-5798
-4864
-4216
-4034
-4322
-4918
-5635
-6351
-6968
-7430
-7881
-8195
-8214
-7973
-7360
-6511
-5621
-4845
-4373
-4236
-4499
-5188
-6120
-6970
-7608
-7833
-7710
-7579
-7492
-7342
-6973
-6311
-5500
-4756
-4368
-4510
-4971
-5672
-6574
-7412
-8064
-8464
-8376
-7936
-7384
-6783
-6113
-5460
-4892
-4509
-4489
-4864
-5542
-6271
-6924
-7457
-7832
-7950
-7853
-7476
-6905
-6327
-5741
-5241
-4960
-4986
-5183
-5520
-5944
-6400
-6885
-7337
-7780
-8064
-8059
-7837
-7216
-6378
-5668
-5032
-4636
-4573
-4871
-5530
-6351
-7223
-7893
-8269
-8437
-8269
-7817
-7124
-6322
-5611
-5032
-4743
-4763
-5059
-5593
-6259
-7002
-7686
-8168
-8359
-8177
-7715
-7029
-6239
-5526
-4990
-4714
-4632
-4739
-4967
-5335
-6028
-6948
-7902
-8744
-9181
-9181
-8727
-7841
-6757
-5617
-4735
-4289
-4217
-4432
-4840
-5336
-5927
-6766
-7825
-8717
-9222
-9238
-8691
-7773
-6682
-5628
-4716
-4164
-4106
-4314
-4767
-5462
-6202
-6994
-7811
-8490
-8860
-8858
-8510
-7745
-6774
-5806
-4895
-4336
-4221
-4557
-5231
-6079
-6971
-7633
-8091
-8375
-8329
-8045
-7657
-7183
-6550
-5810
-5128
-4477
-4194
-4460
-5074
-5919
-6783
-7504
-7936
-8232
-8473
-8365
-7996
-7460
-6750
-5936
-5167
-4649
-4411
-4628
-5308
-6192
-7107
-7868
-8263
-8335
-8171
-7770
-7149
-6478
-5839
-5252
-4928
-4923
-5157
-5633
-6263
-6796
-7188
-7512
-7763
-7860
-7815
-7536
-6970
-6376
-5852
-5447
-5250
-5201
-5338
-5747
-6388
-7028
-7518
-7811
-7892
-7900
-7858
-7602
-7071
-6277
-5446
-4907
-4790
-5055
-5498
-6099
-6705
-7251
-7776
-8066
-8004
-7668
-7243
-6812
-6381
-5992
-5573
-5209
-5118
-5326
-5788
-6408
-7079
-7650
-8023
-8194
-8063
-7618
-6997
-6264
-5631
-5247
-5122
-5186
-5341
-5552
-5875
-6392
-7072
-7772
-8319
-8505
-8188
-7532
-6786
-6157
-5684
-5388
-5311
-5349
-5557
-5867
-6078
-6370
-6786
-7341
-7894
-8213
-8183
-7639
-6839
-6097
-5553
-5224
-5076
-5089
-5325
-5820
-6516
-7168
-7621
-7969
-8082
-7959
-7694
-7193
-6380
-5620
-5132
-4894
-4941
-5249
-5746
-6345
-6955
-7401
-7714
-7812
-7679
-7407
-7067
-6742
-6363
-5903
-5511
-5244
-5133
-5230
-5565
-6156
-6880
-7506
-7964
-8173
-8078
-7806
-7298
-6683
-6067
-5476
-4982
-4720
-4756
-5080
-5600
-6280
-7052
-7668
-8029
-8128
-7979
-7630
-7135
-6470
-5833
-5318
-5020
-4974
-5196
-5676
-6246
-6787
-7338
-7786
-7990
-7966
-7753
-7479
-7072
-6534
-5804
-5102
-4717
-4753
-5158
-5815
-6511
-7019
-7354
-7594
-7687
-7626
-7441
-7084
-6715
-6316
-5844
-5363
-5029
-4992
-5318
-5832
-6507
-7136
-7482
-7654
-7689
-7603
-7363
-6947
-6425
-5895
-5400
-5048
-4844
-4893
-5208
-5707
-6375
-7155
-7795
-8115
-8001
-7582
-6986
-6342
-5794
-5424
-5233
-5219
-5320
-5461
-5815
-6234
-6655
-7035
-7409
-7689
-7713
-7370
-6875
-6257
-5749
-5458
-5322
-5396
-5488
-5552
-5642
-5963
-6453
-6991
-7377
-7631
-7619
-7388
-6855
-6209
-5554
-4997
-4787
-4840
-5163
-5610
-6096
-6526
-6982
-7365
-7603
-7556
-7310
-6914
-6398
-5850
-5476
-5238
-5133
-5231
-5472
-5843
-6304
-6826
-7222
-7481
-7509
-7305
-6898
-6522
-6103
-5685
-5318
-5049
-4994
-5090
-5402
-5858
-6353
-6855
-7306
-7590
-7654
-7374
-6907
-6384
-5946
-5600
-5352
-5183
-5151
-5323
-5606
-6086
-6547
-6899
-7211
-7366
-7408
-7338
-7027
-6516
-5889
-5309
-4911
-4770
-4959
-5386
-5918
-6468
-6952
-7300
-7477
-7486
-7307
-7046
-6697
-6218
-5703
-5231
-4942
-4955
-5229
-5801
-6478
-6987
-7332
-7332
-7163
-7054
-6944
-6777
-6511
-6171
-5788
-5407
-5208
-5104
-5140
-5487
-6065
-6727
-7289
-7661
-7694
-7496
-7228
-6916
-6517
-6047
-5604
-5195
-4984
-5118
-5412
-5834
-6441
-7053
-7540
-7830
-7861
-7561
-7046
-6525
-6018
-5586
-5388
-5392
-5415
-5562
-5911
-6242
-6587
-7026
-7394
-7598
-7654
-7533
-7168
-6598
-6095
-5668
-5319
-5297
-5460
-5634
-5925
-6308
-6637
-7012
-7418
-7665
-7666
-7470
-7117
-6550
-6034
-5708
-5457
-5381
-5548
-5819
-6117
-6492
-6943
-7290
-7510
-7654
-7549
-7225
-6847
-6453
-6088
-5782
-5553
-5438
-5478
-5768
-6200
-6679
-7173
-7566
-7734
-7679
-7437
-6960
-6397
-5974
-5741
-5649
-5684
-5771
-5883
-6063
-6403
-6810
-7111
-7335
-7405
-7303
-7129
-6905
-6553
-6160
-5909
-5793
-5777
-5885
-6075
-6228
-6405
-6696
-7045
-7348
-7538
-7528
-7258
-6858
-6385
-5941
-5544
-5318
-5407
-5665
-6151
-6775
-7210
-7410
-7461
-7374
-7242
-7100
-6887
-6517
-6077
-5703
-5423
-5344
-5542
-5874
-6213
-6645
-7118
-7326
-7321
-7290
-7105
-6888
-6813
-6737
-6450
-6069
-5698
-5397
-5418
-5794
-6259
-6671
-7060
-7340
-7434
-7381
-7264
-6991
-6607
-6311
-6056
-5835
-5739
-5688
-5708
-5938
-6371
-6779
-7085
-7348
-7412
-7340
-7197
-6879
-6479
-6093
-5783
-5631
-5602
-5775
-6056
-6265
-6582
-6928
-7185
-7430
-7538
-7429
-7115
-6694
-6282
-5902
-5665
-5642
-5733
-5925
-6207
-6529
-6847
-7097
-7238
-7267
-7287
-7210
-6994
-6714
-6448
-6196
-5967
-5891
-5914
-5945
-6093
-6374
-6732
-7102
-7425
-7650
-7560
-7300
-6978
-6595
-6280
-6013
-5832
-5759
-5750
-5946
-6263
-6618
-7042
-7405
-7608
-7550
-7317
-6934
-6512
-6177
-5977
-5934
-6037
-6180
-6293
-6414
-6494
-6616
-6832
-7128
-7379
-7381
-7196
-6915
-6576
-6281
-6090
-5945
-5868
-5945
-6148
-6360
-6559
-6844
-7030
-7152
-7314
-7346
-7173
-6879
-6485
-6085
-5797
-5633
-5661
-5834
-6136
-6544
-6861
-7065
-7228
-7180
-7059
-6990
-6862
-6654
-6423
-6099
-5719
-5505
-5479
-5645
-6012
-6463
-6847
-7060
-7160
-7184
-7015
-6820
-6676
-6438
-6183
-5976
-5776
-5653
-5645
-5829
-6145
-6468
-6799
-7026
-7067
-7022
-6940
-6790
-6597
-6419
-6178
-5911
-5737
-5647
-5665
-5811
-6039
-6272
-6545
-6842
-7054
-7110
-7067
-6897
-6580
-6198
-5845
-5592
-5434
-5480
-5714
-5991
-6286
-6590
-6818
-6922
-6937
-6828
-6664
-6506
-6247
-5979
-5766
-5614
-5582
-5706
-5942
-6134
-6303
-6468
-6605
-6686
-6728
-6726
-6589
-6425
-6273
-6104
-5932
-5764
-5631
-5579
-5657
-5925
-6262
-6613
-6852
-6927
-6896
-6693
-6452
-6172
-5876
-5674
-5615
-5619
-5730
-5838
-5890
-6041
-6333
-6651
-6885
-6999
-6908
-6623
-6230
-5939
-5751
-5674
-5711
-5752
-5800
-5908
-6052
-6204
-6418
-6651
-6814
-6946
-6939
-6690
-6337
-5973
-5653
-5562
-5647
-5789
-5947
-6062
-6245
-6402
-6548
-6683
-6709
-6686
-6624
-6532
-6393
-6165
-5885
-5668
-5575
-5645
-5887
-6163
-6389
-6599
-6768
-6878
-6951
-6932
-6755
-6547
-6321
-6050
-5811
-5641
-5549
-5604
-5860
-6252
-6650
-6926
-7051
-7013
-6863
-6712
-6557
-6347
-6188
-6069
-5947
-5930
-5996
-6102
-6243
-6420
-6594
-6759
-6866
-6890
-6872
-6787
-6655
-6521
-6334
-6133
-6029
-5871
-5833
-6001
-6221
-6469
-6699
-6855
-6903
-6972
-6992
-6866
-6665
-6443
-6098
-5814
-5760
-5798
-5947
-6245
-6594
-6823
-6951
-6986
-6930
-6864
-6788
-6685
-6529
-6391
-6216
-6005
-5943
-5966
-6075
-6261
-6542
-6799
-6920
-7022
-7013
-6868
-6754
-6648
-6473
-6314
-6204
-6098
-6051
-6140
-6245
-6377
-6594
-6840
-7064
-7167
-7161
-7016
-6738
-6526
-6363
-6218
-6204
-6198
-6188
-6187
-6244
-6398
-6547
-6817
-7085
-7255
-7300
-7176
-6910
-6525
-6212
-6047
-5990
-6053
-6216
-6342
-6469
-6631
-6829
-7012
-7179
-7238
-7113
-6898
-6623
-6390
-6185
-6079
-6085
-6140
-6298
-6493
-6631
-6727
-6792
-6884
-6986
-7049
-7081
-6966
-6747
-6553
-6374
-6216
-6096
-6066
-6068
-6185
-6507
-6776
-7008
-7200
-7225
-7144
-6984
-6801
-6524
-6273
-6121
-5934
-5889
-6009
-6155
-6375
-6688
-6924
-7041
-7140
-7138
-6965
-6774
-6613
-6380
-6203
-6153
-6096
-6094
-6168
-6274
-6427
-6629
-6806
-6940
-6982
-6942
-6935
-6844
-6688
-6472
-6202
-6010
-5904
-5970
-6156
-6353
-6549
-6696
-6803
-6857
-6874
-6871
-6824
-6751
-6624
-6413
-6188
-5976
-5865
-5888
-6075
-6364
-6640
-6840
-6931
-6909
-6808
-6762
-6725
-6632
-6517
-6340
-6053
-5881
-5852
-5927
-6134
-6413
-6692
-6870
-6963
-6982
-6832
-6598
-6433
-6333
-6256
-6216
-6187
-6056
-6025
-6122
-6206
-6352
-6480
-6571
-6643
-6692
-6776
-6701
-6463
-6286
-6156
-6043
-6011
-6004
-5979
-5979
-6081
-6252
-6453
-6707
-6918
-6988
-6905
-6740
-6441
-6110
-5917
-5779
-5764
-5914
-6095
-6244
-6365
-6496
-6596
-6691
-6802
-6798
-6672
-6502
-6297
-6112
-5993
-5977
-6015
-6028
-6106
-6232
-6363
-6542
-6725
-6814
-6814
-6771
-6660
-6523
-6364
-6139
-5968
-5905
-5905
-5996
-6094
-6219
-6433
-6668
-6879
-6991
-6959
-6781
-6576
-6396
-6231
-6106
-6021
-5979
-5981
-6066
-6197
-6353
-6527
-6709
-6882
-6950
-6909
-6818
-6598
-6360
-6182
-6014
-5959
-5985
-6089
-6250
-6426
-6577
-6665
-6735
-6807
-6828
-6779
-6703
-6541
-6317
-6173
-6060
-5975
-6017
-6123
-6307
-6505
-6640
-6697
-6688
-6678
-6700
-6742
-6767
-6724
-6539
-6309
-6097
-5917
-5882
-6019
-6204
-6420
-6676
-6833
-6882
-6871
-6810
-6736
-6589
-6444
-6313
-6129
-5987
-5890
-5900
-6112
-6376
-6656
-6860
-6904
-6880
-6790
-6710
-6595
-6484
-6384
-6282
-6201
-6192
-6230
-6237
-6272
-6364
-6531
-6744
-6904
-6941
-6937
-6842
-6696
-6568
-6387
-6217
-6104
-6077
-6138
-6249
-6389
-6514
-6660
-6797
-6927
-7022
-7001
-6919
-6704
-6456
-6320
-6202
-6173
-6226
-6262
-6339
-6471
-6630
-6750
-6879
-6985
-6969
-6927
-6815
-6653
-6484
-6316
-6221
-6131
-6177
-6270
-6351
-6545
-6711
-6879
-7004
-7074
-7050
-6870
-6689
-6567
-6464
-6408
-6381
-6344
-6288
-6277
-6374
-6489
-6632
-6800
-6937
-6984
-6970
-6894
-6717
-6523
-6404
-6329
-6275
-6302
-6288
-6282
-6380
-6543
-6720
-6911
-7078
-7119
-7038
-6867
-6629
-6389
-6215
-6151
-6181
-6249
-6350
-6480
-6598
-6695
-6781
-6786
-6780
-6793
-6784
-6717
-6590
-6451
-6303
-6214
-6220
-6258
-6342
-6453
-6554
-6641
-6692
-6732
-6700
-6670
-6704
-6680
-6611
-6488
-6276
-6060
-5978
-6061
-6198
-6419
-6660
-6755
-6765
-6734
-6667
-6586
-6493
-6415
-6297
-6174
-6113
-6071
-6075
-6157
-6284
-6423
-6608
-6715
-6745
-6728
-6605
-6502
-6417
-6310
-6222
-6147
-6044
-6027
-6115
-6186
-6265
-6381
-6471
-6540
-6623
-6637
-6576
-6410
-6270
-6168
-6024
-5984
-6013
-5974
-6030
-6194
-6305
-6412
-6467
-6494
-6495
-6534
-6531
-6420
-6292
-6134
-5985
-5864
-5808
-5848
-5882
-6022
-6217
-6342
-6515
-6603
-6585
-6499
-6396
-6246
-6087
-5960
-5856
-5847
-5846
-5914
-6010
-6113
-6307
-6438
-6503
-6568
-6502
-6372
-6239
-6106
-6026
-5956
-5982
-6003
-5961
-5968
-5960
-5993
-6101
-6289
-6450
-6544
-6598
-6464
-6273
-6116
-5929
-5843
-5820
-5851
-5914
-5907
-6024
-6166
-6262
-6448
-6589
-6608
-6581
-6482
-6293
-6094
-5908
-5805
-5763
-5832
-6000
-6116
-6183
-6273
-6353
-6387
-6468
-6492
-6434
-6383
-6284
-6155
-6038
-5916
-5826
-5799
-5922
-6099
-6228
-6342
-6406
-6452
-6414
-6429
-6465
-6391
-6298
-6185
-6040
-5969
-5925
-5908
-6006
-6112
-6249
-6411
-6482
-6504
-6488
-6435
-6414
-6376
-6298
-6181
-6067
-5968
-5959
-6005
-6097
-6260
-6407
-6517
-6586
-6640
-6675
-6588
-6438
-6318
-6208
-6095
-6021
-6062
-6083
-6144
-6293
-6430
-6526
-6615
-6600
-6534
-6528
-6504
-6472
-6401
-6293
-6183
-6135
-6136
-6192
-6254
-6354
-6444
-6488
-6592
-6664
-6662
-6666
-6633
-6554
-6470
-6334
-6172
-6048
-6023
-6084
-6221
-6378
-6581
-6724
-6765
-6782
-6721
-6630
-6520
-6397
-6309
-6260
-6231
-6240
-6263
-6311
-6363
-6464
-6593
-6737
-6850
-6851
-6781
-6642
-6533
-6453
-6376
-6359
-6354
-6314
-6283
-6292
-6342
-6430
-6541
-6711
-6826
-6867
-6845
-6707
-6573
-6434
-6335
-6306
-6343
-6379
-6411
-6463
-6505
-6589
-6701
-6823
-6911
-6916
-6883
-6781
-6630
-6486
-6345
-6267
-6253
-6281
-6355
-6483
-6595
-6697
-6767
-6832
-6837
-6826
-6820
-6694
-6549
-6433
-6374
-6332
-6328
-6368
-6433
-6517
-6669
-6784
-6837
-6834
-6788
-6741
-6687
-6633
-6569
-6513
-6404
-6362
-6370
-6390
-6435
-6512
-6571
-6662
-6801
-6871
-6848
-6834
-6770
-6606
-6546
-6460
-6347
-6320
-6334
-6404
-6499
-6619
-6754
-6819
-6874
-6887
-6853
-6785
-6695
-6566
-6387
-6289
-6259
-6305
-6443
-6565
-6619
-6694
-6725
-6724
-6725
-6719
-6741
-6726
-6667
-6610
-6513
-6367
-6294
-6318
-6376
-6519
-6669
-6740
-6821
-6836
-6820
-6806
-6771
-6745
-6690
-6576
-6468
-6380
-6324
-6353
-6417
-6518
-6686
-6809
-6866
-6913
-6872
-6822
-6768
-6663
-6626
-6567
-6502
-6501
-6421
-6428
-6489
-6552
-6687
-6813
-6887
-6891
-6885
-6783
-6654
-6534
-6417
-6372
-6373
-6407
-6462
-6479
-6503
-6573
-6619
-6722
-6811
-6834
-6819
-6768
-6655
-6540
-6508
-6441
-6431
-6456
-6457
-6492
-6525
-6586
-6648
-6692
-6802
-6878
-6849
-6762
-6669
-6519
-6372
-6343
-6277
-6265
-6329
-6364
-6462
-6621
-6740
-6800
-6800
-6733
-6652
-6551
-6454
-6443
-6364
-6290
-6346
-6324
-6347
-6454
-6511
-6552
-6621
-6673
-6674
-6627
-6566
-6495
-6394
-6375
-6383
-6329
-6283
-6254
-6260
-6319
-6408
-6502
-6552
-6606
-6661
-6618
-6583
-6511
-6346
-6216
-6184
-6195
-6188
-6270
-6370
-6399
-6450
-6526
-6542
-6529
-6548
-6523
-6433
-6368
-6287
-6150
-6076
-6098
-6133
-6264
-6402
-6461
-6515
-6482
-6456
-6445
-6458
-6481
-6441
-6359
-6272
-6199
-6115
-6120
-6237
-6286
-6385
-6496
-6513
-6517
-6478
-6450
-6376
-6346
-6384
-6332
-6266
-6218
-6133
-6104
-6135
-6256
-6324
-6380
-6483
-6503
-6536
-6511
-6450
-6402
-6325
-6262
-6199
-6173
-6215
-6182
-6202
-6338
-6419
-6506
-6615
-6672
-6609
-6502
-6439
-6322
-6205
-6179
-6167
-6161
-6199
-6285
-6346
-6361
-6421
-6452
-6457
-6523
-6559
-6532
-6471
-6399
-6314
-6244
-6230
-6222
-6212
-6227
-6288
-6366
-6428
-6523
-6590
-6574
-6584
-6562
-6438
-6318
-6261
-6199
-6124
-6170
-6213
-6226
-6338
-6449
-6512
-6568
-6625
-6605
-6520
-6455
-6361
-6285
-6283
-6290
-6265
-6258
-6299
-6306
-6351
-6463
-6548
-6572
-6600
-6605
-6533
-6431
-6354
-6308
-6254
-6252
-6283
-6281
-6307
-6351
-6352
-6407
-6495
-6558
-6586
-6611
-6573
-6498
-6418
-6310
-6276
-6239
-6275
-6349
-6360
-6435
-6500
-6493
-6532
-6588
-6595
-6618
-6593
-6540
-6440
-6276
-6232
-6194
-6207
-6311
-6419
-6513
-6587
-6621
-6599
-6604
-6599
-6554
-6498
-6464
-6422
-6356
-6288
-6294
-6298
-6376
-6522
-6550
-6584
-6615
-6575
-6535
-6544
-6565
-6526
-6502
-6498
-6421
-6373
-6347
-6317
-6361
-6401
-6493
-6614
-6678
-6751
-6719
-6638
-6597
-6548
-6451
-6383
-6375
-6334
-6351
-6407
-6467
-6552
-6627
-6674
-6700
-6704
-6710
-6649
-6552
-6488
-6401
-6399
-6415
-6418
-6445
-6458
-6506
-6566
-6635
-6682
-6706
-6693
-6669
-6666
-6621
-6587
-6527
-6447
-6419
-6410
-6452
-6518
-6533
-6599
-6680
-6732
-6757
-6719
-6681
-6582
-6535
-6534
-6504
-6461
-6404
-6360
-6341
-6409
-6490
-6585
-6677
-6733
-6753
-6726
-6647
-6570
-6509
-6463
-6434
-6445
-6445
-6412
-6433
-6454
-6512
-6614
-6716
-6763
-6754
-6672
-6582
-6467
-6416
-6430
-6394
-6413
-6445
-6450
-6465
-6493
-6482
-6515
-6589
-6646
-6652
-6664
-6637
-6545
-6481
-6422
-6382
-6358
-6357
-6387
-6417
-6462
-6512
-6541
-6590
-6603
-6597
-6576
-6552
-6491
-6400
-6332
-6255
-6253
-6299
-6371
-6491
-6568
-6610
-6601
-6584
-6579
-6554
-6521
-6508
-6471
-6428
-6404
-6368
-6384
-6373
-6415
-6457
-6490
-6530
-6545
-6526
-6502
-6512
-6487
-6461
-6390
-6327
-6269
-6229
-6233
-6271
-6349
-6395
-6427
-6491
-6530
-6526
-6531
-6533
-6443
-6360
-6307
-6254
-6234
-6222
-6253
-6264
-6291
-6352
-6411
-6408
-6421
-6449
-6445
-6477
-6419
-6319
-6257
-6169
-6128
-6155
-6227
-6292
-6347
-6410
-6424
-6451
-6454
-6423
-6363
-6316
-6275
-6247
-6254
-6224
-6138
-6155
-6230
-6226
-6323
-6407
-6383
-6352
-6367
-6342
-6308
-6299
-6281
-6253
-6207
-6196
-6177
-6129
-6150
-6206
-6258
-6386
-6495
-6506
-6475
-6408
-6333
-6295
-6227
-6227
-6221
-6194
-6216
-6237
-6246
-6290
-6378
-6376
-6403
-6463
-6434
-6370
-6323
-6264
-6223
-6198
-6226
-6260
-6282
-6307
-6286
-6305
-6330
-6371
-6450
-6464
-6461
-6466
-6409
-6330
-6288
-6270
-6223
-6224
-6299
-6309
-6314
-6396
-6407
-6425
-6482
-6499
-6443
-6405
-6382
-6276
-6239
-6243
-6219
-6234
-6299
-6346
-6407
-6468
-6530
-6531
-6530
-6542
-6483
-6458
-6454
-6397
-6334
-6335
-6320
-6299
-6370
-6427
-6421
-6499
-6509
-6519
-6558
-6549
-6526
-6449
-6388
-6376
-6379
-6382
-6393
-6410
-6467
-6522
-6543
-6550
-6594
-6611
-6609
-6634
-6625
-6596
-6510
-6423
-6418
-6389
-6402
-6476
-6489
-6513
-6560
-6602
-6630
-6655
-6694
-6668
-6608
-6575
-6495
-6422
-6386
-6379
-6432
-6525
-6600
-6634
-6659
-6651
-6603
-6594
-6614
-6591
-6545
-6527
-6508
-6458
-6459
-6438
-6429
-6457
-6497
-6564
-6616
-6665
-6654
-6622
-6602
-6560
-6553
-6551
-6511
-6486
-6429
-6419
-6431
-6447
-6536
-6604
-6657
-6699
-6704
-6670
-6574
-6499
-6481
-6439
-6424
-6417
-6419
-6427
-6417
-6461
-6506
-6565
-6620
-6648
-6652
-6581
-6544
-6470
-6438
-6447
-6413
-6432
-6421
-6457
-6479
-6473
-6550
-6584
-6588
-6630
-6609
-6569
-6549
-6529
-6476
-6436
-6463
-6418
-6380
-6435
-6451
-6432
-6501
-6582
-6579
-6557
-6581
-6539
-6498
-6503
-6463
-6417
-6395
-6404
-6386
-6381
-6461
-6521
-6546
-6614
-6675
-6673
-6621
-6586
-6495
-6440
-6433
-6382
-6398
-6415
-6432
-6446
-6472
-6570
-6593
-6565
-6607
-6598
-6535
-6506
-6507
-6440
-6373
-6408
-6438
-6441
-6472
-6528
-6489
-6483
-6559
-6569
-6577
-6649
-6665
-6605
-6561
-6510
-6429
-6354
-6375
-6401
-6422
-6519
-6578
-6563
-6569
-6585
-6549
-6564
-6611
-6556
-6469
-6442
-6424
-6393
-6402
-6467
-6523
-6542
-6602
-6622
-6582
-6569
-6572
-6525
-6501
-6542
-6492
-6423
-6417
-6392
-6340
-6373
-6442
-6472
-6501
-6534
-6519
-6489
-6530
-6527
-6453
-6438
-6432
-6398
-6394
-6377
-6386
-6379
-6398
-6466
-6490
-6526
-6540
-6524
-6487
-6459
-6445
-6398
-6339
-6309
-6304
-6272
-6309
-6359
-6332
-6403
-6476
-6480
-6507
-6516
-6449
-6381
-6326
-6302
-6320
-6286
-6311
-6308
-6288
-6372
-6397
-6386
-6448
-6440
-6386
-6368
-6347
-6339
-6303
-6283
-6262
-6230
-6219
-6253
-6245
-6223
-6289
-6330
-6320
-6367
-6384
-6316
-6303
-6304
-6260
-6239
-6246
-6206
-6172
-6185
-6211
-6240
-6299
-6368
-6392
-6368
-6372
-6367
-6275
-6206
-6173
-6129
-6170
-6208
-6196
-6241
-6233
-6232
-6245
-6251
-6315
-6332
-6275
-6263
-6257
-6201
-6185
-6202
-6190
-6202
-6243
-6265
-6287
-6294
-6294
-6298
-6336
-6408
-6404
-6354
-6322
-6259
-6208
-6193
-6185
-6184
-6249
-6292
-6298
-6358
-6379
-6336
-6347
-6381
-6382
-6392
-6378
-6354
-6275
-6233
-6243
-6255
-6319
-6373
-6394
-6428
-6480
-6474
-6487
-6501
-6450
-6407
-6372
-6333
-6330
-6361
-6351
-6365
-6425
-6439
-6444
-6497
-6520
-6500
-6528
-6518
-6464
-6466
-6479
-6449
-6435
-6469
-6469
-6443
-6509
-6536
-6523
-6588
-6638
-6653
-6646
-6642
-6572
-6546
-6538
-6476
-6449
-6445
-6488
-6492
-6506
-6609
-6634
-6628
-6666
-6643
-6644
-6650
-6625
-6608
-6600
-6596
-6560
-6556
-6587
-6598
-6641
-6679
-6718
-6745
-6695
-6691
-6684
-6650
-6646
-6649
-6635
-6630
-6625
-6581
-6573
-6585
-6630
-6694
-6727
-6754
-6773
-6715
-6684
-6704
-6648
-6643
-6678
-6639
-6612
-6639
-6638
-6636
-6689
-6786
-6804
-6825
-6851
-6765
-6668
-6680
-6685
-6620
-6641
-6681
-6640
-6641
-6710
-6692
-6718
-6788
-6803
-6774
-6820
-6846
-6771
-6762
-6758
-6687
-6644
-6711
-6744
-6723
-6758
-6778
-6768
-6775
-6800
-6811
-6768
-6786
-6797
-6727
-6686
-6668
-6643
-6621
-6633
-6680
-6679
-6680
-6713
-6709
-6729
-6768
-6779
-6758
-6723
-6685
-6621
-6596
-6595
-6575
-6592
-6612
-6670
-6721
-6726
-6757
-6744
-6726
-6711
-6658
-6637
-6618
-6607
-6590
-6587
-6629
-6629
-6636
-6674
-6673
-6658
-6677
-6731
-6718
-6660
-6651
-6619
-6584
-6592
-6586
-6548
-6552
-6617
-6596
-6582
-6638
-6632
-6596
-6634
-6676
-6599
-6577
-6555
-6451
-6426
-6457
-6438
-6446
-6491
-6526
-6528
-6550
-6611
-6551
-6532
-6563
-6521
-6467
-6489
-6472
-6411
-6407
-6410
-6424
-6449
-6480
-6508
-6528
-6496
-6487
-6471
-6449
-6444
-6416
-6395
-6374
-6349
-6328
-6308
-6301
-6331
-6359
-6419
-6474
-6437
-6393
-6410
-6359
-6306
-6368
-6350
-6278
-6319
-6301
-6247
-6303
-6360
-6329
-6344
-6409
-6402
-6404
-6377
-6346
-6292
-6275
-6258
-6215
-6232
-6233
-6225
-6248
-6304
-6313
-6334
-6332
-6322
-6338
-6326
-6279
-6258
-6225
-6186
-6209
-6220
-6233
-6252
-6266
-6262
-6248
-6225
-6258
-6256
-6228
-6257
-6236
-6185
-6185
-6192
-6121
-6123
-6139
-6115
-6158
-6219
-6227
-6238
-6287
-6276
-6264
-6253
-6226
-6142
-6121
-6168
-6099
-6093
-6178
-6190
-6157
-6225
-6255
-6214
-6238
-6242
-6185
-6148
-6181
-6144
-6084
-6136
-6195
-6169
-6182
-6231
-6206
-6207
-6273
-6275
-6254
-6281
-6260
-6208
-6175
-6161
-6126
-6121
-6177
-6191
-6175
-6199
-6211
-6194
-6221
-6259
-6260
-6253
-6259
-6194
-6148
-6157
-6123
-6124
-6150
-6181
-6195
-6241
-6283
-6258
-6276
-6266
-6292
-6306
-6242
-6241
-6215
-6181
-6193
-6193
-6198
-6215
-6247
-6286
-6301
-6324
-6314
-6260
-6232
-6221
-6220
-6229
-6216
-6206
-6203
-6201
-6224
-6238
-6259
-6292
-6318
-6323
-6339
-6347
-6321
-6295
-6300
-6292
-6250
-6273
-6292
-6242
-6242
-6277
-6283
-6321
-6380
-6381
-6342
-6377
-6376
-6322
-6316
-6284
-6230
-6237
-6280
-6282
-6290
-6362
-6375
-6373
-6412
-6408
-6393
-6371
-6358
-6338
-6366
-6364
-6321
-6325
-6333
-6330
-6335
-6348
-6363
-6399
-6394
-6380
-6390
-6367
-6368
-6389
-6357
-6334
-6328
-6333
-6303
-6314
-6379
-6388
-6412
-6468
-6505
-6487
-6472
-6450
-6424
-6413
-6416
-6419
-6403
-6415
-6410
-6398
-6425
-6426
-6452
-6492
-6525
-6536
-6525
-6512
-6466
-6433
-6389
-6402
-6425
-6435
-6502
-6531
-6504
-6550
-6588
-6550
-6591
-6599
-6578
-6561
-6531
-6518
-6494
-6498
-6505
-6507
-6530
-6547
-6548
-6538
-6557
-6578
-6575
-6641
-6662
-6617
-6595
-6562
-6534
-6528
-6547
-6540
-6536
-6604
-6637
-6646
-6673
-6681
-6668
-6616
-6644
-6613
-6560
-6585
-6531
-6491
-6532
-6557
-6551
-6582
-6600
-6607
-6624
-6632
-6587
-6606
-6591
-6554
-6572
-6530
-6544
-6547
-6538
-6569
-6571
-6611
-6638
-6636
-6641
-6628
-6631
-6598
-6588
-6572
-6548
-6531
-6477
-6480
-6498
-6445
-6490
-6566
-6558
-6567
-6571
-6568
-6552
-6561
-6522
-6483
-6491
-6470
-6478
-6481
-6490
-6545
-6551
-6555
-6598
-6584
-6557
-6546
-6530
-6519
-6507
-6505
-6461
-6428
-6422
-6402
-6412
-6457
-6486
-6467
-6494
-6490
-6469
-6454
-6421
-6409
-6398
-6413
-6404
-6386
-6379
-6366
-6379
-6392
-6406
-6445
-6452
-6445
-6450
-6428
-6397
-6390
-6377
-6318
-6331
-6357
-6311
-6313
-6319
-6292
-6335
-6391
-6390
-6414
-6408
-6376
-6343
-6321
-6298
-6273
-6276
-6286
-6322
-6353
-6388
-6385
-6367
-6383
-6388
-6385
-6382
-6370
-6362
-6306
-6288
-6306
-6301
-6302
-6299
-6310
-6305
-6339
-6333
-6326
-6366
-6399
-6386
-6358
-6355
-6333
-6296
-6260
-6262
-6286
-6328
-6349
-6353
-6343
-6388
-6419
-6385
-6409
-6411
-6361
-6344
-6319
-6319
-6327
-6314
-6331
-6333
-6350
-6360
-6364
-6370
-6375
-6389
-6366
-6346
-6379
-6341
-6324
-6334
-6342
-6355
-6361
-6397
-6408
-6417
-6433
-6429
-6437
-6475
-6447
-6434
-6403
-6419
-6399
-6350
-6376
-6372
-6374
-6405
-6448
-6452
-6463
-6464
-6436
-6459
-6497
-6464
-6449
-6448
-6433
-6406
-6406
-6405
-6431
-6485
-6499
-6513
-6532
-6533
-6519
-6509
-6495
-6507
-6503
-6484
-6450
-6433
-6435
-6427
-6481
-6536
-6557
-6558
-6550
-6576
-6556
-6563
-6554
-6518
-6542
-6544
-6541
-6541
-6519
-6504
-6534
-6558
-6580
-6620
-6629
-6626
-6610
-6616
-6600
-6562
-6551
-6528
-6533
-6518
-6500
-6527
-6551
-6572
-6615
-6625
-6629
-6646
-6627
-6566
-6547
-6540
-6536
-6576
-6568
-6580
-6595
-6603
-6619
-6607
-6607
-6623
-6605
-6614
-6643
-6615
-6599
-6578
-6538
-6522
-6538
-6548
-6561
-6586
-6578
-6585
-6601
-6615
-6611
-6592
-6590
-6580
-6568
-6558
-6547
-6524
-6560
-6565
-6554
-6585
-6592
-6621
-6649
-6657
-6641
-6642
-6621
-6566
-6556
-6524
-6521
-6541
-6532
-6554
-6537
-6533
-6576
-6590
-6580
-6583
-6583
-6554
-6542
-6517
-6487
-6498
-6488
-6509
-6522
-6518
-6569
-6575
-6558
-6576
-6573
-6574
-6596
-6558
-6530
-6502
-6447
-6449
-6456
-6457
-6495
-6498
-6511
-6545
-6532
-6548
-6559
-6530
-6562
-6570
-6546
-6560
-6513
-6500
-6506
-6472
-6517
-6546
-6558
-6619
-6622
-6601
-6581
-6555
-6553
-6551
-6536
-6549
-6531
-6497
-6544
-6522
-6501
-6581
-6582
-6593
-6633
-6577
-6598
-6585
-6555
-6601
-6549
-6561
-6596
-6527
-6519
-6565
-6558
-6588
-6627
-6583
-6606
-6631
-6577
-6604
-6566
-6518
-6558
-6524
-6502
-6512
-6468
-6492
-6531
-6534
-6572
-6587
-6587
-6586
-6604
-6601
-6591
-6582
-6555
-6538
-6535
-6523
-6540
-6534
-6545
-6580
-6576
-6596
-6575
-6554
-6550
-6524
-6511
-6494
-6492
-6480
-6469
-6500
-6474
-6495
-6499
-6500
-6541
-6514
-6536
-6567
-6527
-6512
-6501
-6486
-6444
-6425
-6453
-6414
-6424
-6437
-6433
-6450
-6442
-6478
-6470
-6450
-6480
-6410
-6405
-6399
-6361
-6371
-6352
-6370
-6349
-6333
-6393
-6380
-6409
-6398
-6386
-6429
-6349
-6384
-6340
-6300
-6358
-6332
-6342
-6373
-6381
-6374
-6337
-6383
-6377
-6373
-6421
-6369
-6376
-6360
-6349
-6315
-6286
-6297
-6287
-6297
-6348
-6343
-6332
-6359
-6372
-6363
-6376
-6410
-6349
-6330
-6323
-6314
-6338
-6336
-6357
-6377
-6345
-6417
-6432
-6376
-6408
-6376
-6358
-6364
-6370
-6362
-6318
-6328
-6326
-6335
-6354
-6350
-6363
-6352
-6380
-6395
-6383
-6419
-6395
-6355
-6370
-6343
-6339
-6354
-6360
-6368
-6367
-6382
-6406
-6414
-6417
-6421
-6409
-6389
-6399
-6408
-6364
-6372
-6350
-6345
-6353
-6323
-6352
-6342
-6344
-6398
-6404
-6408
-6403
-6389
-6370
-6349
-6367
-6327
-6326
-6335
-6314
-6341
-6360
-6386
-6389
-6383
-6418
-6373
-6338
-6380
-6341
-6341
-6346
-6345
-6324
-6329
-6355
-6325
-6353
-6366
-6396
-6407
-6414
-6460
-6404
-6357
-6367
-6364
-6352
-6354
-6368
-6335
-6345
-6356
-6315
-6328
-6368
-6347
-6337
-6380
-6358
-6281
-6270
-6256
-6205
-6240
-6270
-6252
-6265
-6305
-6297
-6274
-6338
-6366
-6333
-6349
-6334
-6274
-6273
-6300
-6257
-6237
-6279
-6266
-6276
-6307
-6299
-6288
-6257
-6294
-6293
-6266
-6301
-6271
-6229
-6256
-6245
-6205
-6208
-6211
-6242
-6257
-6288
-6275
-6275
-6292
-6274
-6263
-6259
-6265
-6234
-6208
-6221
-6226
-6234
-6250
-6253
-6261
-6227
-6264
-6267
-6259
-6285
-6263
-6234
-6200
-6212
-6207
-6200
-6235
-6213
-6204
-6270
-6281
-6269
-6281
-6294
-6252
-6251
-6277
-6236
-6245
-6278
-6223
-6243
-6272
-6258
-6283
-6285
-6298
-6275
-6287
-6305
-6289
-6283
-6316
-6307
-6284
-6303
-6279
-6251
-6259
-6273
-6296
-6346
-6361
-6380
-6367
-6353
-6335
-6339
-6384
-6349
-6340
-6342
-6326
-6313
-6342
-6358
-6340
-6381
-6403
-6373
-6390
-6424
-6378
-6369
-6391
-6387
-6389
-6380
-6382
-6396
-6398
-6401
-6413
-6453
-6463
-6464
-6456
-6455
-6465
-6459
-6457
-6429
-6450
-6447
-6458
-6486
-6453
-6429
-6457
-6463
-6463
-6497
-6506
-6513
-6498
-6505
-6498
-6469
-6453
-6454
-6460
-6492
-6522
-6518
-6551
-6560
-6540
-6563
-6582
-6555
-6564
-6570
-6531
-6536
-6535
-6539
-6578
-6559
-6546
-6584
-6600
-6598
-6591
-6576
-6586
-6603
-6610
-6577
-6567
-6582
-6569
-6585
-6592
-6623
-6627
-6633
-6638
-6641
-6683
-6692
-6683
-6681
-6690
-6687
-6666
-6645
-6636
-6615
-6626
-6625
-6622
-6633
-6661
-6668
-6665
-6707
-6684
-6655
-6651
-6637
-6629
-6634
-6656
-6671
-6680
-6688
-6692
-6696
-6714
-6738
-6745
-6717
-6708
-6721
-6697
-6695
-6690
-6678
-6649
-6652
-6675
-6664
-6693
-6712
-6680
-6681
-6702
-6674
-6684
-6699
-6654
-6622
-6635
-6623
-6614
-6643
-6639
-6645
-6686
-6692
-6662
-6664
-6675
-6645
-6622
-6642
-6636
-6603
-6605
-6583
-6535
-6575
-6586
-6550
-6597
-6630
-6604
-6614
-6629
-6582
-6564
-6535
-6512
-6545
-6540
-6525
-6529
-6547
-6546
-6547
-6582
-6603
-6586
-6587
-6574
-6542
-6532
-6540
-6518
-6492
-6493
-6485
-6489
-6471
-6483
-6506
-6508
-6508
-6525
-6533
-6522
-6525
-6533
-6487
-6467
-6512
-6483
-6483
-6508
-6499
-6495
-6508
-6525
-6504
-6522
-6515
-6470
-6481
-6438
-6383
-6393
-6389
-6362
-6374
-6383
-6385
-6394
-6419
-6415
-6407
-6439
-6414
-6382
-6369
-6394
-6364
-6360
-6392
-6345
-6346
-6355
-6346
-6364
-6398
-6411
-6408
-6393
-6388
-6373
-6348
-6350
-6343
-6329
-6305
-6326
-6335
-6316
-6319
-6346
-6369
-6349
-6353
-6353
-6311
-6304
-6316
-6286
-6285
-6304
-6288
-6286
-6341
-6333
-6329
-6364
-6354
-6352
-6375
-6388
-6362
-6345
-6329
-6318
-6308
-6326
-6312
-6295
-6322
-6339
-6331
-6337
-6356
-6329
-6348
-6358
-6335
-6356
-6379
-6365
-6364
-6366
-6364
-6371
-6370
-6389
-6408
-6419
-6419
-6432
-6453
-6416
-6413
-6436
-6392
-6381
-6394
-6393
-6383
-6381
-6412
-6441
-6490
-6502
-6482
-6492
-6478
-6488
-6479
-6475
-6489
-6472
-6498
-6501
-6509
-6548
-6530
-6535
-6557
-6551
-6562
-6540
-6554
-6565
-6544
-6545
-6525
-6533
-6513
-6520
-6534
-6537
-6559
-6553
-6569
-6572
-6577
-6610
-6584
-6592
-6615
-6579
-6589
-6609
-6611
-6574
-6588
-6623
-6596
-6631
-6657
-6622
-6618
-6635
-6604
-6562
-6602
-6612
-6542
-6564
-6615
-6590
-6614
-6624
-6625
-6627
-6614
-6612
-6603
-6642
-6627
-6618
-6632
-6619
-6626
-6617
-6607
-6637
-6633
-6621
-6611
-6642
-6684
-6635
-6662
-6676
-6625
-6610
-6597
-6605
-6598
-6604
-6608
-6578
-6644
-6622
-6588
-6639
-6659
-6671
-6641
-6665
-6633
-6615
-6638
-6613
-6643
-6673
-6638
-6614
-6657
-6660
-6597
-6614
-6665
-6611
-6599
-6616
-6592
-6568
-6543
-6556
-6574
-6583
-6594
-6596
-6564
-6581
-6627
-6597
-6586
-6618
-6593
-6569
-6594
-6598
-6567
-6572
-6570
-6546
-6551
-6539
-6537
-6545
-6552
-6565
-6562
-6575
-6591
-6548
-6502
-6530
-6537
-6496
-6546
-6549
-6504
-6515
-6521
-6523
-6514
-6514
-6501
-6487
-6510
-6496
-6448
-6490
-6491
-6427
-6453
-6472
-6438
-6470
-6509
-6465
-6466
-6477
-6433
-6423
-6420
-6423
-6374
-6332
-6373
-6333
-6315
-6371
-6365
-6345
-6404
-6411
-6382
-6408
-6418
-6404
-6384
-6394
-6377
-6340
-6341
-6345
-6311
-6330
-6387
-6361
-6327
-6348
-6315
-6285
-6291
-6287
-6269
-6242
-6263
-6227
-6221
-6255
-6263
-6255
-6242
-6264
-6269
-6268
-6281
-6291
-6254
-6259
-6252
-6222
-6241
-6244
-6235
-6246
-6235
-6192
-6239
-6246
-6211
-6224
-6238
-6210
-6191
-6214
-6189
-6159
-6192
-6205
-6150
-6162
-6197
-6160
-6174
-6259
-6209
-6206
-6290
-6226
-6183
-6251
-6245
-6189
-6198
-6230
-6202
-6192
-6252
-6238
-6218
-6225
-6223
-6201
-6204
-6216
-6178
-6175
-6201
-6210
-6212
-6236
-6241
-6203
-6221
-6247
-6214
-6240
-6266
-6245
-6245
-6262
-6261
-6226
-6226
-6273
-6263
-6268
-6302
-6264
-6258
-6261
-6268
-6257
-6264
-6309
-6252
-6252
-6263
-6224
-6244
-6269
-6272
-6247
-6276
-6291
-6270
-6311
-6313
-6310
-6329
-6307
-6302
-6318
-6301
-6272
-6290
-6300
-6279
-6324
-6324
-6298
-6331
-6342
-6330
-6316
-6325
-6314
-6305
-6334
-6328
-6312
-6304
-6304
-6325
-6326
-6358
-6373
-6357
-6365
-6361
-6364
-6394
-6405
-6399
-6384
-6386
-6413
-6406
-6398
-6409
-6439
-6446
-6437
-6465
-6466
-6421
-6419
-6430
-6423
-6413
-6426
-6419
-6420
-6443
-6423
-6442
-6468
-6468
-6456
-6467
-6503
-6488
-6482
-6516
-6475
-6480
-6509
-6483
-6478
-6493
-6520
-6486
-6514
-6533
-6489
-6534
-6563
-6546
-6551
-6544
-6526
-6513
-6507
-6503
-6499
-6519
-6543
-6559
-6585
-6577
-6592
-6594
-6573
-6604
-6609
-6596
-6572
-6585
-6586
-6561
-6613
-6614
-6559
-6595
-6610
-6567
-6585
-6572
-6530
-6551
-6567
-6550
-6560
-6558
-6546
-6545
-6541
-6534
-6537
-6536
-6532
-6564
-6580
-6573
-6598
-6592
-6549
-6556
-6562
-6566
-6566
-6594
-6578
-6538
-6576
-6549
-6529
-6549
-6561
-6564
-6572
-6576
-6552
-6545
-6551
-6547
-6548
-6565
-6559
-6535
-6538
-6544
-6528
-6565
-6598
-6547
-6541
-6555
-6514
-6513
-6531
-6522
-6503
-6545
-6567
-6535
-6558
-6592
-6554
-6511
-6537
-6516
-6477
-6514
-6521
-6464
-6477
-6504
-6453
-6450
-6495
-6492
-6473
-6515
-6527
-6489
-6491
-6511
-6515
-6508
-6523
-6516
-6491
-6494
-6489
-6488
-6482
-6477
-6504
-6460
-6462
-6506
-6499
-6496
-6494
-6503
-6464
-6449
-6465
-6442
-6452
-6497
-6496
-6499
-6534
-6546
-6514
-6541
-6565
-6515
-6517
-6549
-6524
-6486
-6518
-6513
-6476
-6502
-6514
-6464
-6494
-6514
-6466
-6460
-6499
-6500
-6433
-6458
-6498
-6436
-6433
-6470
-6429
-6448
-6506
-6503
-6488
-6553
-6529
-6472
-6524
-6523
-6465
-6483
-6532
-6485
-6471
-6508
-6490
-6430
-6475
-6491
-6469
-6528
-6540
-6512
-6491
-6503
-6492
-6469
-6487
-6502
-6491
-6516
-6527
-6524
-6519
-6533
-6556
-6532
-6543
-6539
-6508
-6513
-6540
-6521
-6476
-6515
-6520
-6466
-6488
-6479
-6478
-6495
-6520
-6521
-6459
-6506
-6529
-6488
-6504
-6492
-6470
-6497
-6495
-6490
-6490
-6516
-6533
-6519
-6545
-6541
-6523
-6510
-6531
-6534
-6484
-6499
-6513
-6458
-6474
-6483
-6457
-6461
-6439
-6456
-6452
-6463
-6478
-6463
-6449
-6445
-6446
-6419
-6435
-6435
-6415
-6416
-6407
-6418
-6436
-6411
-6400
-6404
-6409
-6406
-6367
-6368
-6385
-6353
-6331
-6342
-6357
-6342
-6335
-6327
-6319
-6338
-6329
-6318
-6290
-6281
-6269
-6266
-6271
-6241
-6219
-6231
-6236
-6233
-6237
-6232
-6232
-6229
-6246
-6220
-6199
-6199
-6206
-6208
-6162
-6164
-6175
-6142
-6105
-6131
-6147
-6129
-6142
-6147
-6114
-6106
-6130
-6112
-6098
-6109
-6100
-6082
-6092
-6096
-6078
-6062
-6091
-6120
-6114
-6106
-6106
-6095
-6068
-6064
-6070
-6062
-6055
-6060
-6028
-6028
-6044
-6055
-6053
-6067
-6087
-6072
-6079
-6075
-6062
-6047
-6080
-6083
-6076
-6105
-6099
-6092
-6092
-6105
-6087
-6072
-6097
-6093
-6081
-6099
-6111
-6091
-6094
-6124
-6103
-6065
-6105
-6112
-6077
-6114
-6129
-6124
-6145
-6185
-6174
-6159
-6204
-6198
-6182
-6198
-6221
-6200
-6207
-6278
-6283
-6265
-6297
-6313
-6287
-6294
-6320
-6285
-6257
-6292
-6290
-6261
-6291
-6305
-6297
-6319
-6334
-6348
-6362
-6385
-6378
-6366
-6391
-6398
-6411
-6440
-6458
-6459
-6433
-6481
-6486
-6449
-6500
-6498
-6501
-6509
-6532
-6547
-6536
-6552
-6543
-6520
-6536
-6573
-6558
-6553
-6588
-6599
-6584
-6625
-6654
-6621
-6626
-6669
-6659
-6635
-6665
-6684
-6673
-6695
-6728
-6718
-6722
-6766
-6763
-6721
-6760
-6775
-6722
-6760
-6785
-6755
-6733
-6748
-6767
-6738
-6790
-6813
-6814
-6832
-6826
-6834
-6824
-6848
-6856
-6825
-6855
-6877
-6855
-6871
-6887
-6882
-6865
-6897
-6911
-6894
-6907
-6929
-6916
-6897
-6931
-6905
-6873
-6889
-6900
-6880
-6893
-6910
-6921
-6932
-6945
-6966
-6958
-6965
-6947
-6920
-6904
-6927
-6939
-6924
-6919
-6962
-6935
-6891
-6932
-6930
-6904
-6918
-6974
-6933
-6904
-6937
-6912
-6858
-6877
-6909
-6869
-6881
-6905
-6854
-6822
-6880
-6895
-6843
-6860
-6881
-6844
-6861
-6884
-6848
-6837
-6860
-6835
-6796
-6811
-6815
-6769
-6808
-6826
-6750
-6776
-6805
-6748
-6706
-6725
-6715
-6671
-6727
-6763
-6692
-6720
-6769
-6732
-6721
-6727
-6733
-6699
-6701
-6724
-6677
-6667
-6687
-6661
-6652
-6650
-6661
-6633
-6630
-6638
-6602
-6617
-6625
-6612
-6579
-6571
-6558
-6527
-6512
-6515
-6479
-6467
-6513
-6484
-6482
-6519
-6495
-6494
-6488
-6472
-6498
-6477
-6471
-6460
-6454
-6454
-6441
-6459
-6443
-6436
-6451
-6453
-6430
-6426
-6433
-6375
-6363
-6398
-6367
-6359
-6379
-6349
-6316
-6330
-6355
-6323
-6313
-6329
-6308
-6301
-6329
-6342
-6309
-6311
-6337
-6310
-6286
-6292
-6287
-6277
-6289
-6300
-6287
-6274
-6282
-6292
-6281
-6258
-6253
-6281
-6263
-6240
-6251
-6228
-6217
-6231
-6222
-6221
-6226
-6225
-6219
-6232
-6246
-6241
-6240
-6237
-6253
-6244
-6245
-6254
-6244
-6250
-6267
-6262
-6271
-6248
-6249
-6267
-6235
-6248
-6249
-6237
-6212
-6215
-6211
-6202
-6233
-6253
-6243
-6240
-6262
-6276
-6275
-6263
-6261
-6273
-6259
-6257
-6259
-6255
-6234
-6241
-6271
-6227
-6264
-6302
-6273
-6287
-6309
-6290
-6259
-6290
-6302
-6249
-6269
-6297
-6246
-6255
-6309
-6272
-6238
-6301
-6308
-6276
-6338
-6349
-6292
-6306
-6339
-6314
-6277
-6354
-6345
-6292
-6352
-6342
-6306
-6317
-6349
-6334
-6297
-6329
-6335
-6264
-6308
-6346
-6300
-6316
-6333
-6334
-6314
-6354
-6358
-6324
-6376
-6367
-6360
-6375
-6350
-6350
-6337
-6350
-6354
-6334
-6389
-6380
-6367
-6373
-6352
-6378
-6346
-6360
-6351
-6323
-6357
-6333
-6340
-6331
-6307
-6344
-6298
-6321
-6349
-6312
-6363
-6356
-6357
-6344
-6350
-6397
-6362
-6359
-6340
-6325
-6364
-6324
-6341
-6360
-6352
-6363
-6348
-6380
-6380
-6366
-6374
-6316
-6350
-6357
-6296
-6345
-6336
-6341
-6311
-6314
-6371
-6363
-6390
-6399
-6389
-6404
-6383
-6364
-6364
-6407
-6390
-6345
-6397
-6391
-6372
-6372
-6364
-6370
-6374
-6350
-6372
-6361
-6358
-6361
-6345
-6369
-6367
-6349
-6323
-6351
-6359
-6330
-6379
-6358
-6378
-6430
-6373
-6412
-6394
-6385
-6381
-6362
-6389
-6365
-6364
-6362
-6352
-6401
-6403
-6376
-6421
-6392
-6353
-6353
-6368
-6368
-6361
-6381
-6372
-6357
-6371
-6364
-6367
-6408
-6411
-6415
-6404
-6399
-6404
-6372
-6356
-6379
-6374
-6352
-6355
-6353
-6361
-6363
-6359
-6367
-6355
-6342
-6347
-6347
-6358
-6354
-6325
-6356
-6347
-6325
-6356
-6337
-6329
-6338
-6355
-6340
-6349
-6381
-6366
-6327
-6346
-6357
-6315
-6343
-6358
-6345
-6343
-6378
-6352
-6340
-6374
-6353
-6339
-6365
-6342
-6310
-6331
-6347
-6335
-6325
-6336
-6315
-6348
-6357
-6337
-6338
-6351
-6365
-6341
-6368
-6381
-6341
-6373
-6400
-6374
-6371
-6377
-6374
-6342
-6374
-6370
-6332
-6348
-6340
-6326
-6297
-6323
-6332
-6302
-6306
-6302
-6280
-6291
-6288
-6301
-6323
-6321
-6363
-6337
-6329
-6360
-6349
-6337
-6352
-6353
-6319
-6340
-6361
-6325
-6315
-6361
-6356
-6309
-6334
-6346
-6308
-6331
-6337
-6302
-6338
-6354
-6302
-6305
-6349
-6331
-6333
-6372
-6368
-6347
-6367
-6381
-6366
-6386
-6378
-6371
-6387
-6394
-6387
-6381
-6378
-6377
-6382
-6395
-6382
-6382
-6419
-6409
-6404
-6414
-6393
-6387
-6415
-6376
-6363
-6389
-6375
-6366
-6417
-6424
-6417
-6456
-6418
-6395
-6415
-6427
-6395
-6396
-6426
-6415
-6414
-6450
-6446
-6394
-6423
-6449
-6426
-6455
-6489
-6453
-6453
-6508
-6478
-6449
-6488
-6487
-6438
-6447
-6508
-6474
-6479
-6530
-6517
-6512
-6511
-6524
-6527
-6538
-6557
-6543
-6542
-6562
-6532
-6528
-6544
-6544
-6551
-6552
-6553
-6547
-6542
-6537
-6532
-6505
-6494
-6509
-6503
-6501
-6544
-6549
-6540
-6541
-6562
-6551
-6542
-6585
-6576
-6566
-6583
-6561
-6552
-6562
-6563
-6561
-6574
-6587
-6541
-6563
-6593
-6569
-6582
-6611
-6598
-6609
-6599
-6593
-6578
-6568
-6605
-6574
-6595
-6613
-6601
-6615
-6616
-6624
-6638
-6628
-6632
-6651
-6649
-6630
-6633
-6629
-6620
-6603
-6626
-6618
-6593
-6649
-6638
-6636
-6665
-6693
-6648
-6638
-6681
-6660
-6648
-6646
-6658
-6664
-6690
-6712
-6711
-6691
-6695
-6685
-6674
-6714
-6704
-6691
-6708
-6692
-6676
-6664
-6678
-6651
-6631
-6661
-6661
-6677
-6699
-6714
-6696
-6700
-6704
-6686
-6657
-6650
-6670
-6660
-6652
-6680
-6688
-6679
-6712
-6721
-6717
-6716
-6719
-6702
-6687
-6701
-6681
-6670
-6698
-6702
-6678
-6677
-6705
-6668
-6667
-6711
-6684
-6673
-6690
-6708
-6670
-6645
-6668
-6644
-6665
-6679
-6658
-6652
-6641
-6677
-6655
-6648
-6669
-6650
-6665
-6664
-6652
-6649
-6629
-6632
-6617
-6582
-6614
-6614
-6598
-6600
-6602
-6600
-6578
-6612
-6598
-6559
-6581
-6586
-6590
-6588
-6610
-6608
-6586
-6587
-6586
-6586
-6584
-6588
-6610
-6600
-6594
-6591
-6555
-6570
-6565
-6558
-6550
-6569
-6574
-6548
-6566
-6587
-6586
-6567
-6564
-6564
-6547
-6550
-6546
-6529
-6549
-6531
-6534
-6579
-6582
-6559
-6561
-6576
-6552
-6534
-6579
-6564
-6506
-6553
-6541
-6511
-6512
-6498
-6509
-6482
-6504
-6530
-6502
-6520
-6554
-6516
-6480
-6518
-6496
-6481
-6525
-6522
-6512
-6520
-6549
-6545
-6527
-6543
-6525
-6518
-6537
-6539
-6521
-6507
-6506
-6508
-6500
-6470
-6461
-6451
-6436
-6436
-6465
-6482
-6456
-6446
-6456
-6439
-6419
-6435
-6437
-6426
-6427
-6434
-6434
-6426
-6437
-6425
-6395
-6418
-6419
-6383
-6407
-6412
-6374
-6375
-6394
-6376
-6359
-6391
-6380
-6348
-6350
-6357
-6346
-6345
-6360
-6331
-6322
-6316
-6289
-6295
-6309
-6301
-6308
-6321
-6293
-6285
-6314
-6312
-6308
-6312
-6315
-6301
-6311
-6333
-6284
-6277
-6272
-6236
-6240
-6263
-6261
-6247
-6262
-6267
-6244
-6248
-6243
-6222
-6223
-6257
-6273
-6243
-6251
-6247
-6210
-6237
-6268
-6230
-6228
-6237
-6222
-6195
-6192
-6185
-6175
-6207
-6202
-6162
-6169
-6179
-6143
-6160
-6169
-6158
-6171
-6175
-6150
-6154
-6175
-6155
-6176
-6200
-6188
-6184
-6188
-6192
-6166
-6145
-6175
-6156
-6166
-6198
-6181
-6178
-6190
-6194
-6165
-6156
-6156
-6159
-6159
-6146
-6161
-6182
-6179
-6184
-6188
-6172
-6182
-6198
-6195
-6194
-6194
-6184
-6187
-6214
-6226
-6209
-6201
-6230
-6216
-6199
-6231
-6201
-6194
-6201
-6167
-6177
-6178
-6145
-6152
-6156
-6149
-6159
-6177
-6199
-6189
-6202
-6219
-6188
-6190
-6226
-6234
-6224
-6232
-6230
-6211
-6229
-6237
-6238
-6242
-6249
-6262
-6285
-6289
-6285
-6281
-6256
-6253
-6261
-6260
-6275
-6307
-6278
-6257
-6286
-6290
-6253
-6277
-6315
-6249
-6236
-6320
-6311
-6274
-6341
-6334
-6295
-6317
-6348
-6314
-6308
-6377
-6342
-6321
-6378
-6371
-6318
-6354
-6367
-6332
-6334
-6367
-6339
-6324
-6371
-6360
-6368
-6398
-6406
-6405
-6404
-6402
-6429
-6424
-6439
-6434
-6442
-6437
-6417
-6444
-6461
-6444
-6459
-6495
-6478
-6498
-6490
-6491
-6483
-6515
-6530
-6516
-6534
-6530
-6548
-6573
-6567
-6581
-6580
-6574
-6588
-6601
-6618
-6594
-6630
-6661
-6632
-6624
-6648
-6646
-6636
-6669
-6693
-6656
-6672
-6681
-6649
-6676
-6705
-6719
-6703
-6711
-6734
-6695
-6692
-6733
-6724
-6740
-6753
-6751
-6747
-6749
-6782
-6765
-6786
-6819
-6791
-6792
-6797
-6798
-6795
-6805
-6823
-6806
-6815
-6843
-6815
-6812
-6821
-6823
-6805
-6804
-6827
-6788
-6806
-6817
-6786
-6781
-6796
-6801
-6779
-6784
-6801
-6773
-6787
-6808
-6783
-6762
-6766
-6781
-6759
-6755
-6744
-6726
-6737
-6750
-6734
-6741
-6729
-6718
-6721
-6713
-6710
-6685
-6679
-6673
-6676
-6681
-6672
-6658
-6649
-6642
-6630
-6645
-6659
-6653
-6678
-6665
-6657
-6676
-6661
-6642
-6648
-6650
-6638
-6644
-6624
-6600
-6597
-6621
-6609
-6594
-6587
-6572
-6562
-6556
-6571
-6535
-6499
-6522
-6505
-6491
-6527
-6520
-6507
-6515
-6533
-6528
-6518
-6523
-6509
-6522
-6538
-6513
-6509
-6522
-6520
-6502
-6528
-6545
-6514
-6512
-6526
-6512
-6506
-6525
-6502
-6463
-6462
-6474
-6445
-6448
-6478
-6450
-6432
-6454
-6444
-6446
-6453
-6472
-6484
-6462
-6465
-6448
-6454
-6449
-6425
-6445
-6430
-6432
-6437
-6431
-6414
-6389
-6409
-6413
-6404
-6411
-6419
-6394
-6381
-6381
-6374
-6356
-6362
-6380
-6390
-6382
-6382
-6418
-6401
-6383
-6390
-6379
-6381
-6387
-6383
-6381
-6358
-6375
-6369
-6357
-6356
-6333
-6349
-6343
-6326
-6335
-6331
-6335
-6319
-6334
-6357
-6326
-6332
-6333
-6345
-6330
-6345
-6372
-6368
-6390
-6384
-6378
-6379
-6365
-6360
-6349
-6357
-6359
-6333
-6348
-6342
-6328
-6325
-6337
-6341
-6325
-6342
-6336
-6325
-6347
-6347
-6350
-6325
-6327
-6355
-6322
-6357
-6350
-6335
-6379
-6350
-6355
-6386
-6366
-6348
-6365
-6382
-6373
-6387
-6426
-6405
-6374
-6413
-6415
-6368
-6380
-6397
-6363
-6370
-6403
-6368
-6382
-6417
-6384
-6351
-6388
-6392
-6335
-6404
-6449
-6407
-6421
-6443
-6406
-6407
-6447
-6432
-6391
-6413
-6419
-6390
-6412
-6400
-6361
-6360
-6397
-6380
-6371
-6407
-6393
-6364
-6379
-6375
-6334
-6344
-6351
-6335
-6347
-6385
-6393
-6358
-6376
-6404
-6400
-6400
-6406
-6413
-6393
-6400
-6409
-6408
-6418
-6400
-6377
-6390
-6386
-6381
-6384
-6399
-6407
-6395
-6422
-6426
-6421
-6413
-6419
-6442
-6428
-6449
-6457
-6450
-6468
-6459
-6485
-6484
-6476
-6467
-6476
-6463
-6456
-6483
-6464
-6447
-6447
-6436
-6423
-6429
-6438
-6439
-6438
-6479
-6465
-6450
-6475
-6472
-6431
-6455
-6484
-6473
-6471
-6503
-6489
-6476
-6533
-6517
-6522
-6528
-6542
-6550
-6507
-6510
-6531
-6519
-6494
-6474
-6485
-6458
-6477
-6501
-6480
-6489
-6514
-6517
-6475
-6517
-6544
-6480
-6504
-6540
-6495
-6505
-6555
-6556
-6534
-6571
-6571
-6531
-6524
-6556
-6564
-6544
-6572
-6552
-6511
-6541
-6546
-6521
-6524
-6527
-6525
-6519
-6544
-6550
-6523
-6542
-6551
-6515
-6540
-6557
-6527
-6536
-6561
-6551
-6534
-6570
-6579
-6562
-6565
-6570
-6589
-6566
-6567
-6569
-6543
-6552
-6541
-6509
-6514
-6541
-6550
-6536
-6562
-6583
-6541
-6571
-6576
-6549
-6562
-6561
-6540
-6524
-6549
-6559
-6549
-6564
-6575
-6549
-6526
-6560
-6556
-6533
-6611
-6605
-6553
-6577
-6567
-6521
-6548
-6575
-6540
-6534
-6533
-6518
-6527
-6536
-6559
-6543
-6523
-6567
-6544
-6517
-6539
-6528
-6493
-6510
-6548
-6547
-6529
-6572
-6565
-6522
-6546
-6550
-6540
-6509
-6520
-6518
-6470
-6490
-6478
-6438
-6464
-6465
-6473
-6479
-6482
-6506
-6494
-6488
-6484
-6439
-6431
-6464
-6458
-6460
-6486
-6470
-6460
-6487
-6478
-6485
-6489
-6491
-6479
-6464
-6488
-6463
-6418
-6432
-6449
-6424
-6415
-6423
-6438
-6403
-6388
-6411
-6407
-6404
-6405
-6399
-6368
-6386
-6417
-6392
-6405
-6431
-6416
-6407
-6413
-6420
-6403
-6420
-6428
-6391
-6403
-6413
-6395
-6402
-6400
-6374
-6357
-6359
-6364
-6357
-6360
-6376
-6375
-6363
-6357
-6350
-6334
-6331
-6338
-6322
-6322
-6340
-6364
-6346
-6351
-6366
-6338
-6328
-6354
-6361
-6332
-6364
-6366
-6345
-6344
-6356
-6322
-6302
-6357
-6368
-6350
-6372
-6373
-6352
-6352
-6375
-6376
-6342
-6368
-6346
-6322
-6347
-6371
-6344
-6331
-6341
-6375
-6378
-6355
-6368
-6377
-6357
-6350
-6371
-6364
-6379
-6371
-6365
-6355
-6372
-6371
-6362
-6375
-6428
-6418
-6413
-6429
-6414
-6402
-6414
-6457
-6432
-6461
-6480
-6469
-6448
-6467
-6457
-6434
-6453
-6489
-6474
-6466
-6495
-6475
-6461
-6442
-6459
-6459
-6431
-6463
-6488
-6487
-6493
-6496
-6511
-6486
-6481
-6484
-6486
-6495
-6503
-6501
-6510
-6515
-6512
-6540
-6522
-6508
-6540
-6537
-6522
-6556
-6551
-6521
-6556
-6573
-6521
-6516
-6541
-6507
-6500
-6530
-6535
-6501
-6525
-6552
-6506
-6545
-6569
-6551
-6541
-6562
-6567
-6552
-6570
-6565
-6563
-6557
-6575
-6576
-6561
-6563
-6572
-6564
-6562
-6558
-6546
-6550
-6550
-6539
-6532
-6522
-6532
-6550
-6529
-6525
-6515
-6506
-6517
-6525
-6519
-6524
-6522
-6530
-6538
-6514
-6527
-6512
-6511
-6535
-6523
-6541
-6539
-6532
-6548
-6535
-6541
-6520
-6481
-6488
-6483
-6473
-6483
-6493
-6484
-6493
-6472
-6460
-6506
-6479
-6463
-6500
-6474
-6483
-6513
-6497
-6458
-6477
-6500
-6452
-6476
-6490
-6465
-6490
-6496
-6473
-6488
-6483
-6448
-6436
-6459
-6452
-6437
-6473
-6483
-6456
-6482
-6500
-6462
-6486
-6481
-6423
-6462
-6490
-6462
-6473
-6488
-6475
-6440
-6486
-6478
-6422
-6452
-6466
-6436
-6439
-6452
-6435
-6436
-6437
-6427
-6418
-6413
-6409
-6432
-6426
-6424
-6423
-6430
-6428
-6416
-6420
-6432
-6441
-6415
-6418
-6424
-6419
-6417
-6423
-6407
-6410
-6393
-6398
-6409
-6383
-6406
-6408
-6400
-6404
-6389
-6404
-6386
-6389
-6413
-6376
-6380
-6350
-6364
-6385
-6374
-6377
-6405
-6427
-6382
-6406
-6426
-6392
-6390
-6422
-6431
-6390
-6409
-6440
-6371
-6385
-6403
-6348
-6377
-6410
-6356
-6330
-6360
-6328
-6321
-6368
-6358
-6324
-6346
-6384
-6326
-6322
-6376
-6325
-6329
-6401
-6377
-6364
-6400
-6396
-6388
-6386
-6379
-6413
-6416
-6364
-6383
-6403
-6394
-6364
-6352
-6360
-6319
-6308
-6358
-6320
-6323
-6349
-6293
-6286
-6318
-6302
-6260
-6320
-6321
-6333
-6331
-6303
-6326
-6335
-6335
-6329
-6318
-6340
-6344
-6326
-6331
-6353
-6373
-6342
-6366
-6395
-6369
-6338
-6380
-6350
-6356
-6355
-6349
-6353
-6330
-6352
-6339
-6328
-6350
-6362
-6301
-6354
-6386
-6340
-6338
-6355
-6345
-6345
-6346
-6374
-6321
-6310
-6390
-6352
-6359
-6392
-6354
-6303
-6352
-6366
-6315
-6334
-6349
-6321
-6317
-6344
-6350
-6313
-6327
-6350
-6355
-6365
-6365
-6376
-6356
-6357
-6384
