01290808.PTO
COBN
2012/01/29 08:08:43.8400
100.0000 m/s  
9685 muestras
-5539
-5553
-5562
-5543
-5548
-5577
-5534
-5528
-5509
-5512
-5514
-5484
-5475
-5433
-5447
-5463
-5465
-5496
-5505
-5533
-5539
-5520
-5499
-5501
-5535
-5510
-5542
-5542
-5490
-5509
-5491
-5459
-5434
-5441
-5417
-5416
-5442
-5426
-5462
-5457
-5437
-5440
-5435
-5442
-5447
-5466
-5429
-5373
-5391
-5395
-5394
-5384
-5401
-5416
-5408
-5428
-5398
-5390
-5403
-5388
-5378
-5367
-5342
-5355
-5351
-5342
-5354
-5352
-5364
-5327
-5294
-5290
-5274
-5260
-5261
-5253
-5248
-5245
-5265
-5270
-5268
-5264
-5272
-5287
-5277
-5274
-5247
-5260
-5232
-5218
-5238
-5270
-5268
-5244
-5267
-5236
-5214
-5227
-5244
-5239
-5247
-5265
-5235
-5221
-5213
-5205
-5206
-5221
-5217
-5196
-5235
-5232
-5207
-5211
-5233
-5195
-5165
-5191
-5161
-5134
-5140
-5136
-5122
-5147
-5144
-5118
-5145
-5150
-5106
-5130
-5138
-5078
-5055
-5074
-5065
-5058
-5086
-5065
-5021
-5056
-5051
-5024
-5088
-5101
-5069
-5073
-5104
-5078
-5067
-5097
-5086
-5041
-5080
-5092
-5045
-5068
-5033
-5013
-5031
-5049
-5000
-4984
-5037
-5009
-4987
-5004
-4982
-4944
-4990
-5024
-4987
-4986
-4982
-4992
-5026
-5026
-5033
-5023
-5053
-5066
-5043
-5036
-5028
-5025
-5062
-5088
-5095
-5121
-5100
-5100
-5049
-5066
-5045
-5025
-5062
-5019
-5052
-5019
-5014
-5028
-5018
-5053
-5020
-5012
-5025
-5020
-5038
-5007
-4997
-5017
-5016
-5018
-5023
-5009
-4985
-5006
-5002
-4993
-5005
-5005
-5026
-5006
-5018
-5013
-4986
-5031
-5047
-5042
-5012
-5017
-5016
-5044
-5059
-5035
-5056
-5052
-5054
-5080
-5100
-5106
-5133
-5144
-5114
-5127
-5116
-5084
-5118
-5115
-5104
-5104
-5123
-5095
-5113
-5167
-5143
-5148
-5153
-5175
-5168
-5189
-5195
-5166
-5193
-5223
-5229
-5232
-5229
-5223
-5203
-5224
-5225
-5193
-5242
-5240
-5188
-5222
-5273
-5250
-5276
-5316
-5258
-5270
-5315
-5289
-5293
-5309
-5307
-5295
-5297
-5287
-5280
-5306
-5295
-5286
-5310
-5315
-5300
-5311
-5300
-5293
-5297
-5301
-5307
-5309
-5352
-5373
-5370
-5391
-5396
-5416
-5436
-5405
-5374
-5391
-5401
-5386
-5423
-5443
-5423
-5429
-5453
-5414
-5399
-5428
-5399
-5394
-5410
-5420
-5425
-5445
-5435
-5435
-5465
-5456
-5423
-5435
-5447
-5433
-5465
-5490
-5502
-5497
-5498
-5499
-5465
-5465
-5488
-5467
-5476
-5481
-5462
-5470
-5470
-5456
-5456
-5455
-5438
-5454
-5459
-5442
-5418
-5431
-5426
-5428
-5443
-5435
-5461
-5493
-5480
-5471
-5472
-5452
-5444
-5436
-5441
-5411
-5425
-5435
-5423
-5447
-5445
-5432
-5409
-5438
-5456
-5446
-5463
-5483
-5512
-5510
-5511
-5523
-5515
-5526
-5521
-5509
-5500
-5498
-5492
-5497
-5531
-5513
-5500
-5523
-5509
-5551
-5563
-5551
-5582
-5564
-5565
-5596
-5575
-5533
-5552
-5540
-5544
-5584
-5570
-5571
-5577
-5558
-5575
-5587
-5560
-5555
-5576
-5550
-5563
-5581
-5575
-5618
-5605
-5605
-5626
-5608
-5587
-5610
-5621
-5593
-5615
-5626
-5609
-5610
-5626
-5632
-5596
-5581
-5590
-5602
-5621
-5664
-5668
-5631
-5672
-5689
-5654
-5660
-5663
-5631
-5636
-5622
-5591
-5594
-5596
-5595
-5609
-5618
-5611
-5616
-5626
-5625
-5615
-5602
-5604
-5635
-5619
-5584
-5594
-5591
-5570
-5578
-5593
-5595
-5601
-5609
-5594
-5592
-5589
-5561
-5598
-5579
-5550
-5589
-5557
-5564
-5575
-5551
-5565
-5547
-5532
-5557
-5533
-5505
-5538
-5541
-5523
-5540
-5517
-5504
-5527
-5494
-5513
-5521
-5481
-5482
-5492
-5488
-5454
-5468
-5480
-5455
-5465
-5452
-5434
-5386
-5369
-5400
-5391
-5408
-5420
-5403
-5386
-5400
-5370
-5361
-5353
-5320
-5330
-5329
-5328
-5284
-5287
-5297
-5280
-5296
-5317
-5295
-5282
-5294
-5254
-5210
-5214
-5227
-5221
-5233
-5203
-5182
-5196
-5164
-5133
-5138
-5121
-5121
-5128
-5101
-5090
-5089
-5106
-5097
-5069
-5095
-5069
-5031
-5052
-5017
-5018
-5017
-4982
-4987
-4984
-4982
-4973
-4982
-4986
-4942
-4954
-4973
-4969
-4944
-4913
-4933
-4917
-4898
-4902
-4904
-4912
-4921
-4903
-4904
-4907
-4912
-4934
-4900
-4886
-4886
-4872
-4872
-4852
-4854
-4849
-4839
-4885
-4889
-4869
-4881
-4880
-4869
-4872
-4865
-4848
-4870
-4843
-4826
-4850
-4851
-4838
-4810
-4867
-4846
-4853
-4907
-4878
-4925
-4903
-4919
-4918
-4906
-4938
-4908
-4958
-4940
-4925
-4921
-4929
-4967
-4925
-4918
-4922
-4937
-4900
-4898
-4944
-4939
-4932
-4908
-4935
-4901
-4886
-4933
-4910
-4930
-4919
-4938
-4938
-4917
-4935
-4895
-4934
-4937
-4958
-4941
-4944
-4991
-4909
-4932
-4899
-4915
-4950
-4926
-4963
-4916
-4941
-4936
-4923
-4919
-4943
-4946
-4891
-4936
-4916
-4965
-4978
-4978
-5001
-4943
-4986
-4956
-4998
-4994
-4972
-5028
-4965
-5043
-5000
-4969
-4989
-4947
-4994
-4985
-5009
-5011
-5024
-5013
-5037
-5080
-5076
-5097
-5069
-5077
-5083
-5079
-5073
-5078
-5070
-5057
-5091
-5055
-5075
-5086
-5061
-5078
-5078
-5100
-5079
-5094
-5128
-5083
-5067
-5064
-5078
-5083
-5054
-5093
-5111
-5099
-5073
-5104
-5134
-5072
-5080
-5103
-5122
-5125
-5095
-5126
-5124
-5062
-5092
-5131
-5123
-5104
-5098
-5142
-5095
-5077
-5103
-5094
-5106
-5079
-5117
-5115
-5113
-5149
-5137
-5184
-5164
-5136
-5092
-5094
-5165
-5124
-5142
-5199
-5215
-5219
-5216
-5304
-5319
-5317
-5378
-5398
-5421
-5465
-5583
-5690
-5749
-5860
-5958
-6071
-6222
-6323
-6518
-6654
-6781
-6918
-7032
-7156
-7158
-7178
-7151
-7070
-6876
-6613
-6287
-5851
-5439
-5015
-4637
-4283
-3947
-3649
-3403
-3305
-3190
-3104
-3030
-2963
-2967
-3039
-3253
-3457
-3730
-4007
-4351
-4779
-5111
-5433
-5648
-5806
-5961
-6136
-6314
-6330
-6284
-6198
-6218
-6247
-6158
-6073
-5872
-5776
-5676
-5554
-5405
-5142
-4955
-4732
-4552
-4371
-4075
-3872
-3778
-3764
-3889
-4029
-4232
-4459
-4698
-5041
-5329
-5598
-5877
-6195
-6742
-7344
-7744
-7830
-7645
-7457
-7442
-7583
-7613
-7443
-7195
-6964
-6887
-6955
-7113
-7239
-7287
-7341
-7438
-7526
-7543
-7515
-7347
-6997
-6622
-6497
-6609
-6651
-6351
-5688
-4930
-4266
-3815
-3360
-2823
-2570
-2782
-3350
-4179
-5121
-5816
-6294
-6742
-7191
-7432
-7099
-6268
-5274
-4650
-4453
-4419
-4463
-4538
-4891
-5180
-4956
-4154
-3051
-2278
-1810
-1610
-1805
-2685
-4207
-5333
-5713
-5586
-5242
-4817
-4448
-4629
-5349
-6417
-7331
-7606
-7256
-6545
-5892
-5380
-5136
-5337
-5912
-6687
-7551
-8444
-8994
-9026
-8827
-8548
-7944
-6839
-5586
-4717
-4631
-5146
-5647
-5707
-5538
-5420
-5254
-5041
-4873
-4995
-5236
-5244
-5109
-5147
-5584
-6279
-6879
-6891
-6123
-4764
-3194
-2111
-2051
-3202
-5064
-6663
-7466
-7422
-6849
-6260
-5963
-5811
-5626
-5414
-5347
-5481
-5617
-5604
-5750
-6500
-7636
-8307
-7802
-6517
-5418
-4952
-4787
-4576
-4504
-4768
-5273
-5588
-5399
-4947
-4747
-5261
-6151
-6584
-6248
-5434
-4479
-3552
-2713
-2060
-1907
-2318
-3142
-4149
-4878
-4941
-4637
-4610
-5240
-6134
-6582
-6369
-5746
-5294
-5284
-5469
-5561
-5536
-5437
-5229
-5034
-5259
-6067
-7143
-7997
-8245
-7884
-7241
-6500
-5692
-5023
-4725
-4812
-4939
-4802
-4589
-4767
-5310
-5802
-5920
-5507
-4931
-4522
-4410
-4357
-4116
-3846
-3611
-3636
-3940
-4415
-5089
-5753
-6187
-6216
-6020
-5982
-6094
-6329
-6232
-5570
-4667
-3934
-3710
-3842
-4068
-4155
-4241
-4563
-5086
-5588
-5859
-5786
-5388
-4953
-4516
-4079
-3610
-3105
-2883
-3222
-4132
-5081
-5601
-5595
-5430
-5637
-6231
-6895
-7178
-6954
-6322
-5697
-5292
-5012
-4801
-4472
-4200
-4209
-4680
-5474
-6115
-6402
-6397
-6305
-6150
-5859
-5404
-4600
-3606
-2758
-2202
-2022
-2035
-2236
-2662
-3429
-4540
-5614
-6343
-6676
-6842
-6989
-7145
-7149
-7023
-6866
-6712
-6607
-6493
-6365
-6215
-6039
-5803
-5659
-5668
-5735
-5693
-5469
-5158
-4801
-4437
-4061
-3711
-3468
-3477
-3752
-4008
-3985
-3672
-3208
-2849
-2695
-2678
-2673
-2713
-2881
-3393
-4257
-5076
-5474
-5329
-5097
-5189
-5807
-6655
-7363
-7780
-7836
-7737
-7580
-7451
-7199
-6668
-5958
-5285
-4959
-4903
-4939
-4907
-4912
-5089
-5228
-5194
-4876
-4387
-3866
-3454
-3258
-3128
-3079
-3024
-3168
-3718
-4476
-5232
-5580
-5642
-5465
-5351
-5299
-5074
-4911
-4713
-4817
-5052
-5328
-5623
-5721
-5758
-5547
-5517
-5846
-6396
-6962
-6997
-6762
-6410
-6272
-6256
-6004
-5669
-5181
-5052
-5272
-5701
-6102
-6059
-5874
-5642
-5533
-5289
-4684
-3834
-2856
-2227
-1913
-1929
-2095
-2319
-2844
-3465
-4114
-4595
-4859
-5016
-5155
-5488
-5898
-6201
-6133
-5812
-5651
-5786
-6264
-6764
-7143
-7308
-7363
-7447
-7456
-7361
-6925
-6261
-5373
-4506
-4028
-3817
-3788
-3687
-3642
-3831
-4188
-4736
-5157
-5354
-5353
-5376
-5617
-5840
-5898
-5606
-5121
-4736
-4651
-4751
-4697
-4540
-4500
-4798
-5384
-5973
-6350
-6372
-6290
-6286
-6402
-6487
-6312
-5878
-5422
-5354
-5497
-5715
-5638
-5248
-4834
-4458
-4364
-4339
-4379
-4435
-4427
-4593
-4887
-5214
-5375
-5241
-5055
-4971
-5197
-5578
-5840
-6012
-6155
-6476
-6746
-6798
-6669
-6233
-5753
-5393
-5350
-5555
-5727
-5832
-5803
-5955
-6112
-6023
-5643
-4891
-4171
-3675
-3438
-3337
-3231
-3224
-3332
-3565
-3896
-4221
-4470
-4599
-4642
-4853
-5234
-5767
-6262
-6503
-6695
-6780
-6922
-7064
-7061
-6893
-6549
-6267
-6131
-6141
-6038
-5703
-5395
-5241
-5246
-5344
-5231
-4878
-4616
-4643
-4855
-5148
-5326
-5351
-5377
-5475
-5570
-5622
-5636
-5522
-5498
-5654
-5951
-6110
-6045
-5841
-5532
-5301
-5145
-4985
-4795
-4703
-4668
-4601
-4619
-4564
-4353
-4080
-3802
-3773
-3905
-4105
-4296
-4432
-4720
-5127
-5598
-6007
-6217
-6219
-6104
-6149
-6397
-6751
-7051
-7127
-7103
-7097
-7102
-7013
-6683
-6170
-5724
-5477
-5344
-5173
-4908
-4592
-4295
-4094
-3960
-3783
-3643
-3598
-3755
-4200
-4783
-5249
-5404
-5379
-5297
-5261
-5285
-5229
-5141
-5162
-5322
-5635
-6057
-6451
-6708
-6836
-6841
-6799
-6747
-6644
-6476
-6233
-6073
-6066
-6194
-6303
-6221
-5959
-5518
-5103
-4853
-4615
-4341
-4047
-3820
-3766
-3719
-3572
-3264
-2875
-2750
-2992
-3452
-3892
-4281
-4659
-5145
-5732
-6189
-6375
-6264
-6057
-5943
-5995
-6164
-6254
-6232
-6248
-6334
-6477
-6599
-6616
-6454
-6148
-5812
-5580
-5495
-5498
-5394
-5104
-4824
-4587
-4476
-4412
-4299
-4178
-4174
-4403
-4727
-4946
-4907
-4662
-4464
-4434
-4540
-4669
-4723
-4772
-4969
-5384
-5887
-6269
-6377
-6278
-6174
-6195
-6226
-6166
-6024
-5865
-5813
-5930
-6126
-6196
-6117
-5927
-5753
-5672
-5688
-5698
-5607
-5512
-5320
-5098
-4817
-4383
-3893
-3413
-3131
-3096
-3325
-3618
-3790
-3978
-4132
-4360
-4580
-4667
-4544
-4288
-4267
-4481
-4947
-5401
-5741
-5980
-6134
-6380
-6564
-6666
-6571
-6323
-6145
-6115
-6226
-6299
-6220
-5979
-5747
-5561
-5393
-5207
-4967
-4797
-4713
-4759
-4834
-4841
-4700
-4423
-4159
-3909
-3760
-3661
-3643
-3792
-4104
-4602
-5077
-5480
-5678
-5677
-5619
-5499
-5498
-5456
-5380
-5291
-5208
-5347
-5602
-5909
-6116
-6205
-6328
-6510
-6708
-6770
-6721
-6582
-6531
-6576
-6516
-6322
-5920
-5551
-5301
-5175
-5131
-5046
-4988
-4916
-4878
-4862
-4746
-4449
-4126
-3876
-3773
-3793
-3845
-4004
-4073
-4101
-4271
-4568
-4979
-5335
-5610
-5795
-5880
-5975
-6082
-6191
-6122
-5949
-5887
-5884
-5911
-5925
-5885
-5848
-5884
-6039
-6197
-6132
-5887
-5481
-5082
-4813
-4527
-4276
-4054
-3991
-4149
-4425
-4676
-4705
-4656
-4636
-4705
-4845
-4949
-4958
-4919
-5043
-5255
-5441
-5618
-5691
-5665
-5650
-5749
-5883
-6032
-6101
-6080
-6079
-5999
-5858
-5643
-5318
-4890
-4521
-4292
-4268
-4306
-4427
-4634
-4787
-5028
-5251
-5380
-5269
-4985
-4709
-4546
-4629
-4815
-5021
-5138
-5247
-5472
-5752
-6061
-6130
-6108
-6012
-6009
-6166
-6250
-6264
-6008
-5793
-5627
-5527
-5367
-5086
-4917
-4764
-4821
-4906
-4972
-4960
-4826
-4774
-4642
-4540
-4317
-4090
-3986
-3956
-4259
-4589
-4986
-5267
-5413
-5541
-5612
-5848
-5959
-6040
-6030
-5986
-6035
-6118
-6228
-6064
-5877
-5674
-5645
-5826
-5964
-6049
-5886
-5834
-5673
-5530
-5368
-5035
-4762
-4386
-4371
-4410
-4546
-4706
-4766
-5023
-5155
-5370
-5402
-5385
-5271
-5004
-5061
-5102
-5283
-5372
-5367
-5333
-5234
-5349
-5417
-5525
-5523
-5536
-5645
-5823
-6025
-5983
-5845
-5520
-5276
-5201
-5172
-5168
-5119
-5166
-5283
-5529
-5682
-5660
-5509
-5276
-5155
-4980
-4814
-4647
-4560
-4694
-4925
-5278
-5523
-5618
-5643
-5620
-5642
-5643
-5652
-5618
-5576
-5577
-5614
-5656
-5605
-5448
-5215
-5034
-4959
-5014
-5210
-5421
-5527
-5545
-5560
-5523
-5380
-5163
-4887
-4613
-4470
-4472
-4633
-4848
-4988
-5165
-5356
-5598
-5752
-5793
-5731
-5517
-5498
-5631
-5758
-5781
-5745
-5807
-5896
-6016
-6014
-5919
-5732
-5583
-5641
-5613
-5600
-5405
-5175
-4970
-4661
-4533
-4346
-4234
-4251
-4405
-4626
-4772
-4911
-5003
-5128
-5180
-5196
-5212
-5139
-5092
-5099
-5094
-5133
-5289
-5409
-5497
-5571
-5576
-5680
-5759
-5768
-5771
-5746
-5734
-5722
-5761
-5627
-5326
-5021
-4777
-4726
-4820
-4972
-5020
-5002
-5079
-5137
-5102
-4986
-4817
-4672
-4615
-4681
-4791
-4898
-4998
-5059
-5133
-5269
-5257
-5246
-5230
-5089
-5104
-5157
-5278
-5292
-5265
-5253
-5167
-5245
-5252
-5256
-5270
-5249
-5318
-5544
-5825
-5944
-5945
-5802
-5616
-5444
-5282
-5040
-4836
-4822
-4879
-5091
-5290
-5428
-5447
-5375
-5382
-5289
-5219
-5099
-5001
-4987
-4989
-5168
-5241
-5266
-5175
-5136
-5158
-5212
-5326
-5263
-5257
-5145
-5181
-5266
-5298
-5304
-5113
-4960
-4828
-4857
-4922
-5009
-5142
-5198
-5374
-5459
-5536
-5565
-5386
-5203
-4986
-5047
-5140
-5241
-5295
-5252
-5282
-5302
-5403
-5365
-5294
-5179
-5159
-5219
-5206
-5154
-5003
-4880
-4841
-4918
-5038
-5014
-4961
-4960
-5104
-5275
-5400
-5492
-5388
-5321
-5204
-5112
-4998
-4898
-4894
-4921
-5065
-5172
-5378
-5495
-5462
-5402
-5286
-5218
-5147
-5149
-5164
-5166
-5174
-5244
-5329
-5349
-5371
-5328
-5374
-5508
-5737
-5869
-5874
-5855
-5843
-5910
-5846
-5690
-5417
-5155
-5003
-5028
-5223
-5348
-5445
-5513
-5602
-5678
-5615
-5481
-5264
-5063
-4956
-4956
-5025
-5110
-5252
-5332
-5396
-5384
-5330
-5331
-5284
-5233
-5250
-5316
-5426
-5439
-5400
-5337
-5210
-5126
-5057
-5068
-5072
-5140
-5260
-5415
-5594
-5695
-5722
-5664
-5620
-5531
-5460
-5367
-5251
-5218
-5268
-5455
-5629
-5788
-5826
-5773
-5696
-5561
-5483
-5335
-5280
-5263
-5255
-5316
-5298
-5262
-5211
-5200
-5259
-5378
-5475
-5511
-5574
-5605
-5633
-5616
-5574
-5508
-5367
-5282
-5261
-5271
-5334
-5432
-5432
-5458
-5485
-5519
-5555
-5445
-5332
-5185
-5064
-5079
-5160
-5261
-5327
-5360
-5430
-5449
-5459
-5391
-5338
-5400
-5420
-5555
-5580
-5466
-5298
-5170
-5075
-4955
-4946
-4910
-5020
-5199
-5379
-5584
-5702
-5665
-5573
-5570
-5442
-5328
-5264
-5125
-5089
-5125
-5222
-5347
-5455
-5556
-5537
-5435
-5369
-5303
-5267
-5216
-5142
-5159
-5145
-5141
-5098
-4984
-4810
-4631
-4631
-4752
-4889
-4955
-5036
-5126
-5221
-5306
-5234
-5086
-4882
-4818
-4910
-5064
-5247
-5330
-5492
-5633
-5767
-5905
-5867
-5783
-5619
-5497
-5408
-5315
-5374
-5310
-5263
-5255
-5198
-5217
-5140
-5061
-4925
-4816
-4827
-4844
-4876
-4842
-4828
-4756
-4686
-4678
-4589
-4535
-4521
-4603
-4796
-4993
-5168
-5213
-5193
-5178
-5171
-5206
-5204
-5143
-5057
-5015
-5100
-5203
-5297
-5327
-5244
-5232
-5266
-5265
-5227
-5150
-5005
-4927
-4945
-4941
-4961
-4881
-4826
-4803
-4813
-4931
-5003
-5156
-5202
-5259
-5324
-5247
-5233
-5089
-5012
-4943
-4931
-5100
-5197
-5312
-5320
-5285
-5279
-5294
-5305
-5196
-5115
-5008
-4987
-5062
-5096
-5126
-5039
-5040
-4989
-4972
-5040
-4945
-4978
-4990
-5111
-5262
-5295
-5329
-5201
-5149
-5099
-4999
-4944
-4890
-4964
-5119
-5333
-5518
-5576
-5603
-5553
-5447
-5359
-5292
-5205
-5190
-5178
-5232
-5315
-5389
-5522
-5508
-5438
-5325
-5280
-5260
-5309
-5316
-5249
-5254
-5215
-5243
-5207
-5143
-5032
-4916
-4923
-4926
-5006
-5074
-5188
-5314
-5330
-5388
-5278
-5133
-4989
-4867
-4873
-4882
-4998
-5095
-5202
-5295
-5328
-5355
-5290
-5252
-5187
-5126
-5186
-5208
-5267
-5295
-5283
-5285
-5302
-5362
-5376
-5437
-5448
-5489
-5544
-5530
-5569
-5537
-5487
-5457
-5416
-5304
-5211
-5161
-5122
-5193
-5289
-5381
-5399
-5332
-5281
-5209
-5122
-5123
-5136
-5091
-5128
-5232
-5283
-5362
-5404
-5373
-5370
-5421
-5525
-5635
-5724
-5759
-5806
-5827
-5808
-5777
-5702
-5644
-5582
-5540
-5573
-5609
-5632
-5675
-5684
-5671
-5616
-5516
-5394
-5230
-5085
-5017
-5013
-5057
-5140
-5211
-5259
-5267
-5314
-5294
-5237
-5187
-5116
-5168
-5290
-5450
-5496
-5503
-5504
-5487
-5520
-5518
-5519
-5501
-5549
-5663
-5787
-5928
-5936
-5900
-5819
-5745
-5664
-5527
-5469
-5397
-5418
-5502
-5577
-5617
-5616
-5588
-5532
-5385
-5254
-5185
-5058
-5001
-4962
-5006
-5114
-5250
-5350
-5305
-5264
-5231
-5271
-5384
-5466
-5535
-5544
-5598
-5639
-5640
-5638
-5549
-5466
-5434
-5488
-5545
-5596
-5635
-5633
-5637
-5656
-5659
-5576
-5449
-5316
-5219
-5204
-5188
-5211
-5246
-5251
-5326
-5422
-5441
-5390
-5373
-5342
-5324
-5365
-5399
-5372
-5309
-5304
-5242
-5198
-5234
-5231
-5261
-5341
-5424
-5506
-5570
-5565
-5453
-5308
-5203
-5144
-5103
-5104
-5085
-5061
-5082
-5145
-5243
-5244
-5212
-5160
-5095
-5090
-5080
-5077
-5047
-5039
-5109
-5142
-5178
-5184
-5070
-5007
-4993
-5065
-5200
-5259
-5357
-5358
-5382
-5380
-5279
-5264
-5106
-5023
-5004
-5041
-5193
-5295
-5451
-5496
-5488
-5449
-5408
-5335
-5194
-5118
-5072
-5063
-5091
-5194
-5190
-5213
-5277
-5281
-5310
-5244
-5237
-5213
-5228
-5366
-5414
-5426
-5418
-5404
-5367
-5337
-5308
-5233
-5267
-5346
-5426
-5508
-5591
-5619
-5585
-5541
-5392
-5261
-5161
-5132
-5130
-5127
-5237
-5293
-5348
-5417
-5417
-5423
-5401
-5382
-5385
-5377
-5338
-5264
-5266
-5299
-5321
-5342
-5305
-5255
-5265
-5314
-5330
-5354
-5373
-5382
-5399
-5394
-5324
-5256
-5180
-5068
-5057
-5102
-5157
-5215
-5310
-5378
-5385
-5399
-5344
-5257
-5205
-5210
-5209
-5164
-5146
-5131
-5142
-5173
-5167
-5182
-5208
-5204
-5224
-5268
-5325
-5354
-5362
-5331
-5234
-5173
-5086
-5058
-5034
-5012
-5082
-5105
-5243
-5349
-5399
-5445
-5323
-5231
-5111
-5022
-5006
-4965
-5032
-5061
-5149
-5280
-5288
-5275
-5203
-5161
-5126
-5107
-5123
-5072
-5065
-5090
-5100
-5151
-5100
-5012
-4973
-4966
-5011
-5068
-5143
-5182
-5241
-5318
-5347
-5299
-5239
-5115
-4973
-4903
-4837
-4897
-4993
-5084
-5209
-5265
-5295
-5308
-5268
-5213
-5099
-4980
-4982
-5011
-5048
-5087
-5071
-5091
-5099
-5121
-5137
-5077
-5081
-5100
-5143
-5202
-5201
-5155
-5104
-5083
-5062
-5069
-5074
-5034
-5059
-5109
-5162
-5270
-5346
-5398
-5350
-5286
-5196
-5097
-5080
-5021
-5014
-4978
-5019
-5084
-5121
-5169
-5097
-5095
-5115
-5140
-5185
-5171
-5140
-5093
-5056
-5054
-5009
-4979
-4942
-4924
-5030
-5120
-5210
-5293
-5340
-5331
-5319
-5349
-5283
-5208
-5151
-5099
-5121
-5172
-5230
-5229
-5269
-5256
-5238
-5216
-5130
-5084
-5004
-5006
-4978
-4984
-5002
-4962
-4928
-4853
-4809
-4742
-4719
-4756
-4825
-4895
-4975
-5092
-5103
-5077
-4985
-4879
-4816
-4765
-4807
-4867
-4911
-5014
-5178
-5258
-5330
-5361
-5268
-5138
-5054
-5012
-4993
-5017
-4982
-4980
-5040
-5094
-5107
-5090
-5035
-4969
-4947
-4926
-4935
-4946
-4967
-5020
-5030
-5001
-4976
-4924
-4898
-4912
-4956
-4993
-5069
-5186
-5285
-5345
-5330
-5316
-5256
-5241
-5172
-5118
-5079
-5065
-5182
-5212
-5286
-5330
-5365
-5448
-5408
-5390
-5294
-5235
-5250
-5196
-5259
-5207
-5175
-5173
-5190
-5221
-5141
-5173
-5199
-5271
-5356
-5393
-5391
-5350
-5291
-5220
-5191
-5165
-5175
-5194
-5236
-5301
-5367
-5434
-5438
-5441
-5416
-5380
-5354
-5361
-5365
-5326
-5350
-5324
-5345
-5371
-5356
-5386
-5354
-5345
-5347
-5419
-5492
-5495
-5521
-5491
-5425
-5342
-5287
-5250
-5209
-5220
-5320
-5424
-5497
-5558
-5620
-5627
-5605
-5574
-5475
-5392
-5332
-5349
-5378
-5445
-5536
-5540
-5592
-5617
-5624
-5618
-5556
-5523
-5447
-5498
-5525
-5548
-5553
-5497
-5495
-5428
-5470
-5444
-5443
-5473
-5522
-5631
-5681
-5759
-5764
-5710
-5641
-5547
-5446
-5358
-5337
-5317
-5329
-5419
-5514
-5603
-5645
-5625
-5532
-5465
-5448
-5465
-5433
-5394
-5381
-5345
-5407
-5479
-5465
-5473
-5489
-5467
-5495
-5501
-5464
-5487
-5503
-5519
-5485
-5423
-5388
-5300
-5282
-5225
-5219
-5276
-5338
-5394
-5371
-5423
-5395
-5327
-5283
-5207
-5143
-5091
-5137
-5155
-5201
-5219
-5191
-5263
-5273
-5345
-5341
-5334
-5314
-5274
-5341
-5266
-5231
-5158
-5086
-5068
-5059
-5097
-5127
-5182
-5223
-5271
-5316
-5388
-5300
-5236
-5184
-5031
-5045
-5010
-5087
-5129
-5143
-5230
-5203
-5280
-5256
-5216
-5163
-5117
-5119
-5105
-5134
-5129
-5127
-5081
-5144
-5111
-5124
-5118
-5050
-5107
-5098
-5259
-5269
-5324
-5361
-5254
-5247
-5145
-5137
-5016
-4978
-5035
-5011
-5135
-5213
-5322
-5320
-5317
-5347
-5198
-5180
-5075
-5026
-5025
-5010
-5107
-5108
-5202
-5211
-5198
-5218
-5182
-5202
-5176
-5187
-5198
-5194
-5230
-5266
-5255
-5246
-5241
-5195
-5177
-5217
-5277
-5281
-5317
-5392
-5444
-5480
-5454
-5388
-5302
-5238
-5231
-5251
-5233
-5237
-5341
-5384
-5429
-5450
-5461
-5420
-5347
-5375
-5311
-5327
-5288
-5334
-5366
-5334
-5428
-5361
-5434
-5410
-5438
-5523
-5510
-5588
-5518
-5585
-5484
-5389
-5413
-5292
-5336
-5308
-5359
-5379
-5402
-5505
-5496
-5567
-5542
-5522
-5457
-5397
-5345
-5325
-5337
-5326
-5431
-5390
-5401
-5359
-5332
-5357
-5295
-5366
-5348
-5375
-5430
-5444
-5475
-5394
-5352
-5284
-5274
-5282
-5271
-5357
-5408
-5484
-5515
-5569
-5562
-5502
-5452
-5338
-5279
-5233
-5222
-5243
-5258
-5308
-5368
-5412
-5438
-5403
-5343
-5308
-5276
-5248
-5261
-5261
-5257
-5280
-5283
-5279
-5275
-5223
-5187
-5200
-5219
-5293
-5341
-5431
-5490
-5498
-5511
-5427
-5362
-5240
-5190
-5181
-5154
-5232
-5262
-5346
-5380
-5410
-5444
-5390
-5378
-5297
-5241
-5195
-5166
-5190
-5218
-5254
-5261
-5299
-5342
-5375
-5353
-5346
-5321
-5289
-5301
-5317
-5377
-5341
-5307
-5264
-5228
-5232
-5271
-5368
-5364
-5371
-5399
-5433
-5440
-5432
-5393
-5247
-5196
-5213
-5192
-5176
-5147
-5133
-5178
-5208
-5223
-5260
-5273
-5284
-5324
-5340
-5304
-5279
-5274
-5267
-5271
-5254
-5233
-5249
-5214
-5236
-5315
-5358
-5411
-5462
-5484
-5434
-5374
-5316
-5257
-5209
-5181
-5194
-5219
-5264
-5369
-5413
-5410
-5389
-5376
-5357
-5314
-5315
-5253
-5234
-5237
-5241
-5247
-5216
-5203
-5206
-5207
-5187
-5177
-5230
-5250
-5242
-5301
-5345
-5345
-5299
-5259
-5168
-5088
-5054
-5079
-5151
-5150
-5236
-5312
-5334
-5327
-5292
-5271
-5155
-5096
-5065
-5035
-5040
-5067
-5141
-5152
-5172
-5165
-5156
-5138
-5103
-5114
-5100
-5100
-5084
-5103
-5122
-5079
-5094
-5101
-5079
-5027
-5040
-5063
-5051
-5101
-5131
-5152
-5137
-5131
-5110
-5062
-5009
-4939
-4913
-4921
-4938
-5005
-5045
-5102
-5148
-5135
-5123
-5056
-5050
-5057
-5017
-5039
-5001
-5015
-4994
-4973
-5024
-4942
-5013
-5019
-5055
-5081
-5076
-5105
-5064
-5084
-5069
-5043
-4969
-4918
-4938
-4953
-4990
-5005
-5064
-5095
-5081
-5116
-5065
-5087
-5021
-5019
-5027
-5040
-5059
-5104
-5162
-5141
-5174
-5144
-5163
-5153
-5188
-5190
-5215
-5223
-5232
-5236
-5204
-5197
-5172
-5138
-5147
-5197
-5210
-5277
-5323
-5403
-5433
-5397
-5389
-5351
-5266
-5193
-5130
-5090
-5053
-5137
-5208
-5237
-5309
-5282
-5305
-5274
-5284
-5212
-5186
-5196
-5178
-5210
-5215
-5235
-5183
-5173
-5138
-5120
-5111
-5114
-5152
-5182
-5227
-5281
-5283
-5293
-5263
-5193
-5117
-5125
-5126
-5138
-5155
-5173
-5224
-5283
-5335
-5336
-5356
-5304
-5278
-5216
-5233
-5164
-5200
-5232
-5277
-5280
-5251
-5353
-5261
-5262
-5248
-5303
-5305
-5296
-5354
-5324
-5309
-5281
-5259
-5249
-5221
-5234
-5274
-5314
-5368
-5432
-5429
-5404
-5410
-5430
-5409
-5340
-5368
-5305
-5338
-5362
-5371
-5426
-5376
-5419
-5451
-5458
-5469
-5470
-5512
-5507
-5467
-5496
-5524
-5483
-5472
-5482
-5425
-5388
-5434
-5497
-5513
-5565
-5602
-5632
-5603
-5580
-5545
-5493
-5486
-5445
-5546
-5568
-5591
-5659
-5658
-5677
-5650
-5692
-5615
-5569
-5579
-5530
-5598
-5553
-5592
-5606
-5555
-5564
-5542
-5608
-5541
-5563
-5607
-5565
-5612
-5637
-5685
-5564
-5560
-5544
-5398
-5403
-5368
-5450
-5375
-5452
-5597
-5591
-5693
-5624
-5657
-5584
-5548
-5523
-5454
-5472
-5360
-5455
-5501
-5539
-5551
-5543
-5621
-5514
-5548
-5596
-5576
-5569
-5525
-5571
-5538
-5574
-5584
-5535
-5520
-5465
-5471
-5430
-5443
-5487
-5483
-5494
-5497
-5495
-5418
-5315
-5306
-5255
-5227
-5258
-5306
-5331
-5321
-5340
-5349
-5344
-5325
-5301
-5280
-5292
-5219
-5229
-5262
-5213
-5207
-5190
-5198
-5182
-5207
-5250
-5221
-5199
-5207
-5280
-5267
-5210
-5195
-5138
-5091
-5047
-5039
-5006
-5038
-5053
-5089
-5129
-5055
-5070
-5034
-5017
-4965
-4899
-4914
-4879
-4904
-4909
-4934
-4917
-4919
-4984
-4941
-4945
-4973
-5018
-4979
-4990
-5022
-4955
-4957
-4929
-4931
-4913
-4863
-4921
-4950
-4948
-4961
-4999
-5066
-5043
-5054
-5046
-4970
-4914
-4880
-4891
-4883
-4890
-4944
-5006
-5059
-5054
-5065
-5034
-4994
-4967
-4974
-5004
-4989
-5070
-5082
-5067
-5038
-5027
-5033
-4971
-5011
-5035
-5019
-5094
-5124
-5155
-5127
-5125
-5118
-5053
-5050
-4980
-5000
-4964
-4987
-5004
-5079
-5114
-5093
-5168
-5107
-5145
-5083
-5053
-5040
-4977
-5031
-5023
-5061
-5055
-5048
-5045
-4997
-5086
-5090
-5129
-5129
-5082
-5092
-5058
-5077
-5036
-5051
-5016
-5053
-5094
-5082
-5171
-5130
-5181
-5180
-5190
-5219
-5122
-5143
-5029
-5027
-5007
-4992
-5070
-5001
-5114
-5097
-5078
-5093
-5086
-5146
-5070
-5127
-5139
-5160
-5187
-5138
-5186
-5130
-5138
-5125
-5140
-5196
-5134
-5191
-5275
-5283
-5264
-5245
-5231
-5159
-5115
-5177
-5129
-5102
-5139
-5168
-5169
-5182
-5246
-5214
-5234
-5224
-5200
-5226
-5204
-5209
-5214
-5239
-5207
-5241
-5310
-5251
-5269
-5234
-5265
-5246
-5239
-5332
-5288
-5298
-5283
-5321
-5264
-5202
-5203
-5160
-5191
-5199
-5263
-5300
-5317
-5348
-5378
-5391
-5370
-5404
-5419
-5371
-5351
-5356
-5375
-5375
-5452
-5482
-5420
-5445
-5437
-5393
-5344
-5349
-5335
-5326
-5334
-5349
-5387
-5350
-5324
-5337
-5342
-5338
-5296
-5372
-5384
-5393
-5452
-5466
-5511
-5449
-5510
-5475
-5471
-5461
-5460
-5480
-5437
-5515
-5507
-5518
-5497
-5521
-5509
-5451
-5491
-5458
-5445
-5446
-5460
-5465
-5407
-5490
-5465
-5483
-5493
-5538
-5582
-5559
-5620
-5557
-5597
-5559
-5544
-5520
-5514
-5521
-5515
-5541
-5526
-5572
-5544
-5558
-5552
-5515
-5534
-5505
-5500
-5517
-5528
-5531
-5552
-5614
-5589
-5577
-5559
-5572
-5600
-5611
-5662
-5693
-5722
-5713
-5734
-5690
-5637
-5621
-5585
-5580
-5547
-5565
-5573
-5585
-5616
-5669
-5689
-5652
-5611
-5585
-5553
-5478
-5473
-5513
-5523
-5543
-5617
-5646
-5682
-5667
-5696
-5704
-5671
-5650
-5653
-5677
-5656
-5674
-5702
-5714
-5643
-5642
-5651
-5620
-5606
-5630
-5654
-5619
-5646
-5677
-5693
-5693
-5652
-5622
-5561
-5558
-5564
-5576
-5609
-5619
-5669
-5678
-5688
-5683
-5674
-5635
-5637
-5653
-5609
-5581
-5561
-5592
-5602
-5611
-5641
-5651
-5637
-5548
-5547
-5552
-5456
-5500
-5479
-5494
-5436
-5453
-5497
-5417
-5456
-5414
-5467
-5423
-5492
-5550
-5547
-5514
-5468
-5510
-5450
-5401
-5387
-5407
-5349
-5336
-5403
-5436
-5383
-5416
-5454
-5433
-5405
-5468
-5452
-5422
-5408
-5404
-5389
-5334
-5387
-5351
-5359
-5333
-5381
-5400
-5377
-5412
-5396
-5362
-5287
-5288
-5279
-5182
-5173
-5191
-5186
-5121
-5138
-5218
-5153
-5162
-5112
-5126
-5077
-5078
-5109
-5086
-5137
-5068
-5174
-5150
-5086
-5096
-5101
-5100
-5028
-5059
-5042
-5062
-5106
-5160
-5173
-5106
-5077
-5011
-5003
-4984
-4962
-5004
-5015
-5081
-5104
-5156
-5131
-5126
-5148
-5078
-5051
-4978
-4960
-4932
-4972
-5005
-5029
-5041
-5039
-5053
-5026
-4981
-4968
-4981
-4968
-4993
-5018
-5017
-4986
-5024
-5009
-5005
-5023
-5041
-5055
-5042
-5068
-5049
-5057
-5082
-5043
-5029
-5038
-5032
-5014
-5005
-5018
-4971
-5000
-5027
-5024
-5053
-5023
-5036
-5008
-5004
-5019
-4967
-5034
-4983
-4945
-4967
-4949
-4977
-4911
-4985
-4972
-4965
-5022
-5011
-5051
-5025
-5048
-5042
-5040
-5023
-5026
-5090
-5065
-5078
-5156
-5204
-5203
-5176
-5193
-5193
-5115
-5089
-5121
-5069
-5023
-5058
-5106
-5097
-5092
-5169
-5140
-5159
-5203
-5218
-5267
-5262
-5298
-5288
-5288
-5325
-5313
-5275
-5275
-5256
-5260
-5280
-5284
-5309
-5287
-5341
-5320
-5301
-5334
-5240
-5231
-5205
-5227
-5264
-5245
-5333
-5346
-5381
-5411
-5416
-5399
-5347
-5354
-5336
-5336
-5367
-5385
-5356
-5372
-5389
-5389
-5396
-5373
-5374
-5348
-5354
-5365
-5408
-5453
-5421
-5421
-5390
-5375
-5369
-5352
-5402
-5396
-5417
-5446
-5522
-5540
-5504
-5560
-5552
-5539
-5497
-5510
-5474
-5479
-5473
-5460
-5493
-5437
-5508
-5480
-5451
-5451
-5404
-5406
-5370
-5428
-5383
-5382
-5432
-5329
-5371
-5369
-5380
-5416
-5405
-5455
-5445
-5479
-5498
-5472
-5505
-5500
-5498
-5480
-5453
-5459
-5430
-5413
-5417
-5394
-5392
-5442
-5459
-5470
-5463
-5501
-5484
-5460
-5461
-5436
-5454
-5402
-5414
-5395
-5368
-5409
-5377
-5402
-5397
-5464
-5506
-5478
-5543
-5461
-5450
-5382
-5362
-5383
-5302
-5351
-5350
-5425
-5419
-5424
-5481
-5427
-5412
-5374
-5423
-5410
-5385
-5438
-5448
-5421
-5388
-5457
-5404
-5374
-5408
-5369
-5360
-5379
-5409
-5428
-5423
-5421
-5422
-5380
-5361
-5323
-5310
-5273
-5236
-5271
-5290
-5335
-5408
-5421
-5410
-5404
-5391
-5387
-5381
-5385
-5416
-5438
-5419
-5443
-5494
-5471
-5432
-5474
-5487
-5446
-5404
-5441
-5479
-5466
-5495
-5540
-5489
-5409
-5456
-5434
-5356
-5352
-5411
-5418
-5412
-5467
-5474
-5463
-5455
-5428
-5387
-5369
-5344
-5352
-5385
-5415
-5421
-5415
-5472
-5477
-5446
-5452
-5467
-5459
-5436
-5463
-5414
-5391
-5445
-5402
-5387
-5411
-5441
-5423
-5412
-5436
-5425
-5406
-5391
-5435
-5442
-5388
-5372
-5385
-5330
-5318
-5367
-5377
-5361
-5380
-5394
-5369
-5372
-5347
-5313
-5359
-5364
-5342
-5373
-5379
-5361
-5348
-5388
-5377
-5364
-5371
-5389
-5370
-5347
-5386
-5391
-5362
-5383
-5403
-5352
-5354
-5340
-5340
-5367
-5427
-5471
-5469
-5554
-5554
-5506
-5545
-5473
-5458
-5454
-5405
-5454
-5454
-5457
-5475
-5474
-5473
-5487
-5495
-5465
-5480
-5494
-5513
-5547
-5541
-5560
-5515
-5570
-5585
-5549
-5554
-5572
-5593
-5525
-5638
-5643
-5644
-5703
-5718
-5718
-5646
-5696
-5629
-5600
-5601
-5583
-5651
-5615
-5711
-5726
-5731
-5764
-5689
-5731
-5635
-5663
-5651
-5603
-5641
-5583
-5628
-5610
-5601
-5624
-5610
-5626
-5590
-5641
-5681
-5632
-5671
-5648
-5638
-5571
-5547
-5583
-5533
-5518
-5518
-5560
-5547
-5558
-5615
-5558
-5501
-5498
-5509
-5450
-5438
-5466
-5448
-5456
-5432
-5442
-5400
-5429
-5444
-5433
-5460
-5430
-5426
-5453
-5434
-5392
-5399
-5410
-5370
-5334
-5354
-5339
-5350
-5381
-5412
-5385
-5366
-5353
-5300
-5259
-5227
-5217
-5192
-5169
-5216
-5229
-5199
-5233
-5209
-5220
-5242
-5280
-5311
-5274
-5291
-5264
-5273
-5322
-5298
-5318
-5306
-5285
-5270
-5190
-5255
-5198
-5188
-5273
-5263
-5318
-5270
-5309
-5246
-5196
-5253
-5150
-5177
-5193
-5178
-5212
-5253
-5320
-5240
-5277
-5250
-5192
-5222
-5131
-5166
-5137
-5144
-5187
-5166
-5224
-5193
-5204
-5210
-5208
-5214
-5167
-5234
-5178
-5170
-5193
-5155
-5145
-5097
-5146
-5132
-5129
-5114
-5150
-5182
-5125
-5200
-5202
-5166
-5176
-5187
-5153
-5120
-5197
-5127
-5131
-5196
-5154
-5151
-5139
-5136
-5117
-5122
-5077
-5075
-5061
-5033
-5096
-5061
-5066
-5067
-5065
-5103
-5101
-5128
-5113
-5122
-5155
-5160
-5158
-5129
-5134
-5132
-5100
-5111
-5133
-5092
-5107
-5120
-5113
-5173
-5168
-5120
-5107
-5120
-5088
-5054
-5060
-5016
-5004
-5066
-5054
-5054
-5095
-5106
-5098
-5103
-5137
-5129
-5107
-5180
-5199
-5121
-5150
-5168
-5100
-5089
-5087
-5069
-5075
-5089
-5162
-5144
-5187
-5199
-5178
-5220
-5134
-5113
-5105
-5103
-5080
-5108
-5173
-5160
-5159
-5188
-5222
-5212
-5238
-5258
-5250
-5256
-5252
-5285
-5269
-5247
-5254
-5222
-5235
-5209
-5229
-5257
-5209
-5241
-5263
-5262
-5268
-5301
-5262
-5213
-5243
-5255
-5261
-5227
-5243
-5255
-5276
-5303
-5284
-5333
-5343
-5330
-5359
-5338
-5323
-5317
-5318
-5334
-5328
-5383
-5391
-5373
-5399
-5419
-5403
-5374
-5407
-5394
-5394
-5418
-5423
-5429
-5409
-5373
-5353
-5388
-5393
-5377
-5409
-5408
-5394
-5459
-5476
-5494
-5454
-5478
-5500
-5402
-5435
-5408
-5441
-5458
-5417
-5465
-5415
-5443
-5433
-5420
-5442
-5364
-5438
-5385
-5375
-5348
-5297
-5378
-5309
-5373
-5360
-5348
-5348
-5385
-5452
-5341
-5442
-5447
-5355
-5376
-5432
-5449
-5318
-5395
-5439
-5369
-5375
-5415
-5412
-5341
-5339
-5337
-5318
-5287
-5288
-5326
-5375
-5320
-5306
-5378
-5303
-5258
-5338
-5373
-5265
-5282
-5428
-5358
-5323
-5425
-5468
-5371
-5381
-5455
-5373
-5322
-5326
-5361
-5290
-5282
-5331
-5311
-5326
-5292
-5346
-5342
-5284
-5304
-5302
-5342
-5274
-5319
-5335
-5265
-5328
-5322
-5339
-5305
-5267
-5303
-5314
-5299
-5306
-5355
-5290
-5256
-5311
-5306
-5248
-5250
-5340
-5297
-5310
-5373
-5397
-5369
-5309
-5369
-5292
-5257
-5252
-5287
-5352
-5252
-5297
-5338
-5345
-5338
-5359
-5408
-5307
-5327
-5371
-5340
-5310
-5319
-5401
-5382
-5355
-5382
-5401
-5404
-5390
-5472
-5525
-5439
-5452
-5523
-5474
-5376
-5392
-5457
-5371
-5382
-5451
-5410
-5413
-5417
-5470
-5481
-5420
-5448
-5420
-5443
-5390
-5353
-5456
-5379
-5357
-5393
-5411
-5363
-5326
-5446
-5375
-5335
-5404
-5358
-5396
-5378
-5414
-5402
-5326
-5393
-5344
-5355
-5396
-5390
-5397
-5352
-5380
-5399
-5387
-5396
-5380
-5365
-5291
-5268
-5319
-5310
-5300
-5321
-5367
-5374
-5329
-5328
-5382
-5333
-5315
-5411
-5372
-5353
-5369
-5401
-5393
-5347
-5380
-5389
-5365
-5319
-5364
-5420
-5355
-5341
-5390
-5391
-5364
-5373
-5394
-5330
-5302
-5323
-5339
-5327
-5332
-5401
-5386
-5396
-5410
-5368
-5369
-5388
-5363
-5375
-5387
-5354
-5375
-5386
-5391
-5391
-5387
-5370
-5345
-5368
-5413
-5367
-5359
-5431
-5352
-5321
-5372
-5364
-5317
-5301
-5342
-5307
-5323
-5346
-5333
-5371
-5326
-5321
-5351
-5327
-5335
-5386
-5403
-5372
-5389
-5427
-5404
-5381
-5416
-5408
-5391
-5413
-5433
-5425
-5411
-5409
-5379
-5382
-5372
-5341
-5368
-5369
-5379
-5370
-5370
-5394
-5355
-5377
-5393
-5355
-5318
-5331
-5319
-5272
-5294
-5277
-5233
-5253
-5269
-5270
-5259
-5258
-5298
-5288
-5285
-5310
-5287
-5293
-5286
-5275
-5323
-5287
-5285
-5304
-5283
-5257
-5232
-5280
-5270
-5256
-5317
-5313
-5283
-5275
-5281
-5244
-5195
-5230
-5251
-5246
-5243
-5286
-5244
-5226
-5279
-5264
-5243
-5251
-5250
-5199
-5253
-5278
-5256
-5312
-5288
-5260
-5299
-5317
-5311
-5299
-5337
-5302
-5303
-5338
-5292
-5305
-5294
-5306
-5283
-5258
-5269
-5279
-5314
-5287
-5336
-5319
-5296
-5339
-5336
-5369
-5311
-5336
-5324
-5291
-5328
-5308
-5346
-5323
-5368
-5403
-5407
-5424
-5382
-5406
-5385
-5414
-5409
-5411
-5436
-5398
-5437
-5420
-5429
-5396
-5411
-5414
-5370
-5429
-5397
-5426
-5449
-5454
-5463
-5432
-5445
-5426
-5467
-5480
-5481
-5486
-5444
-5437
-5422
-5444
-5433
-5450
-5463
-5449
-5479
-5424
-5443
-5449
-5434
-5498
-5497
-5517
-5516
-5538
-5550
-5493
-5489
-5502
-5483
-5488
-5482
-5514
-5530
-5503
-5539
-5549
-5586
-5556
-5613
-5640
-5614
-5623
-5577
-5621
-5563
-5544
-5552
-5521
-5490
-5499
-5533
-5495
-5506
-5554
-5542
-5480
-5490
-5489
-5513
-5509
-5492
-5564
-5489
-5436
-5478
-5416
-5393
-5372
-5457
-5430
-5375
-5472
-5426
-5394
-5330
-5397
-5383
-5286
-5345
-5363
-5405
-5374
-5403
-5460
-5400
-5357
-5395
-5458
-5382
-5381
-5430
-5436
-5382
-5352
-5416
-5343
-5337
-5368
-5368
-5298
-5304
-5349
-5252
-5239
-5253
-5317
-5297
-5271
-5345
-5290
-5287
-5258
-5265
-5255
-5186
-5274
-5272
-5297
-5259
-5255
-5281
-5200
-5214
-5228
-5232
-5182
-5192
-5209
-5207
-5228
-5193
-5208
-5169
-5167
-5234
-5193
-5213
-5264
-5268
-5223
-5201
-5209
-5202
-5167
-5162
-5180
-5144
-5153
-5154
-5183
-5127
-5089
-5113
-5090
-5067
-5067
-5105
-5122
-5110
-5140
-5172
-5155
-5168
-5190
-5211
-5184
-5186
-5164
-5134
-5135
-5102
-5143
-5155
-5145
-5146
-5126
-5138
-5111
-5140
-5149
-5153
-5227
-5220
-5239
-5230
-5232
-5242
-5209
-5219
-5197
-5238
-5236
-5229
-5276
-5270
-5296
-5260
-5242
-5254
-5212
-5193
-5206
-5215
-5232
-5273
-5275
-5257
-5274
-5258
-5255
-5282
-5292
-5287
-5263
-5310
-5315
-5283
-5294
-5295
-5262
-5240
-5279
-5259
-5228
-5274
-5304
-5298
-5260
-5227
-5251
-5239
-5209
-5224
-5223
-5192
-5153
-5170
-5193
-5140
-5097
-5122
-5130
-5126
-5108
-5123
-5116
-5045
-5057
-5056
-5067
-5055
-5019
-5053
-5039
-5030
-5038
-5019
-5038
-5019
-5024
-5033
-5007
-5007
-4994
-4988
-4959
-4973
-4969
-4960
-4967
-4958
-4989
-4989
-5001
-5036
-5030
-5054
-5093
-5079
-5040
-5021
-5018
-5002
-4982
-4976
-4988
-5000
-4989
-5004
-5057
-5026
-5037
-5098
-5095
-5087
-5100
-5120
-5106
-5088
-5113
-5115
-5097
-5144
-5181
-5184
-5221
-5241
-5241
-5204
-5167
-5157
-5150
-5171
-5168
-5183
-5197
-5174
-5173
-5178
-5182
-5184
-5191
-5234
-5227
-5248
-5271
-5241
-5290
-5301
-5289
-5310
-5308
-5310
-5297
-5348
-5376
-5339
-5381
-5388
-5399
-5432
-5404
-5360
-5390
-5418
-5392
-5471
-5480
-5447
-5499
-5471
-5485
-5527
-5495
-5462
-5450
-5473
-5452
-5454
-5486
-5468
-5446
-5465
-5485
-5475
-5471
-5465
-5481
-5503
-5512
-5491
-5463
-5489
-5489
-5482
-5525
-5494
-5473
-5490
-5484
-5482
-5514
-5535
-5503
-5508
-5486
-5478
-5504
-5466
-5457
-5504
-5521
-5514
-5541
-5557
-5536
-5578
-5581
-5567
-5612
-5610
-5579
-5547
-5554
-5539
-5512
-5561
-5564
-5525
-5527
-5520
-5517
-5524
-5533
-5509
-5528
-5568
-5537
-5543
-5558
-5538
-5516
-5562
-5577
-5554
-5618
-5649
-5618
-5643
-5680
-5655
-5684
-5718
-5672
-5640
-5650
-5644
-5634
-5640
-5626
-5645
-5659
-5639
-5622
-5671
-5689
-5652
-5709
-5748
-5704
-5685
-5697
-5666
-5615
-5629
-5652
-5621
-5656
-5728
-5745
-5771
-5791
-5771
-5783
-5768
-5730
-5732
-5725
-5709
-5694
-5737
-5739
-5686
-5735
-5787
-5715
-5735
-5800
-5747
-5746
-5722
-5691
-5681
-5683
-5688
-5643
-5643
-5629
-5622
-5651
-5594
-5557
-5601
-5583
-5566
-5587
-5637
-5562
-5547
-5589
-5541
-5521
-5515
-5560
-5509
-5504
-5566
-5521
-5496
-5493
-5532
-5528
-5454
-5487
-5470
-5501
-5427
-5431
-5422
-5395
-5403
-5420
-5516
-5449
-5441
-5432
-5477
-5385
-5322
-5374
-5354
-5311
-5315
-5354
-5350
-5304
-5364
-5361
-5385
-5337
-5331
-5340
-5270
-5278
-5282
-5342
-5261
-5248
-5250
-5260
-5244
-5317
-5327
-5298
-5262
-5285
-5253
-5250
-5273
-5254
-5274
-5262
-5290
-5240
-5243
-5226
-5222
-5225
-5231
-5205
-5237
-5198
-5181
-5215
-5207
-5174
-5192
-5199
-5196
-5171
-5162
-5161
-5128
-5123
-5115
-5122
-5064
-5084
-5074
-5062
-5057
-5072
-5098
-5097
-5065
-5038
-5053
-5049
-5037
-5049
-5034
-5046
-5096
-5092
-5071
-5078
-5071
-5049
-5079
-5058
-5029
-5012
-5013
-4983
-4948
-4963
-4956
-4946
-4960
-5007
-5010
-4970
-4967
-4935
-4946
-4929
-4946
-4951
-4944
-4979
-4961
-5002
-5008
-5037
-5018
-5098
-5081
-5017
-5091
-5067
-5080
-5081
-5096
-5058
-5048
-5108
-5086
-5118
-5118
-5107
-5076
-5061
-5107
-5039
-5053
-5041
-5041
-5060
-5074
-5090
-5063
-5117
-5127
-5092
-5120
-5150
-5128
-5136
-5159
-5212
-5173
-5178
-5212
-5195
-5192
-5154
-5198
-5179
-5162
-5226
-5216
-5215
-5165
-5203
-5170
-5116
-5194
-5123
-5149
-5156
-5201
-5227
-5231
-5300
-5269
-5326
-5315
-5309
-5342
-5303
-5301
-5254
-5269
-5269
-5234
-5255
-5261
-5272
-5247
-5263
-5229
-5246
-5240
-5215
-5242
-5214
-5290
-5250
-5243
-5257
-5230
-5269
-5243
-5329
-5296
-5314
-5289
-5271
-5351
-5259
-5348
-5304
-5339
-5344
-5326
-5413
-5340
-5391
-5327
-5394
-5357
-5239
-5292
-5299
-5329
-5259
-5337
-5320
-5241
-5255
-5255
-5300
-5216
-5245
-5267
-5274
-5228
-5202
-5322
-5266
-5261
-5308
-5346
-5355
-5313
-5346
-5378
-5335
-5372
-5361
-5343
-5302
-5304
-5394
-5309
-5355
-5340
-5334
-5292
-5287
-5384
-5276
-5320
-5342
-5368
-5356
-5283
-5375
-5330
-5369
-5351
-5372
-5434
-5319
-5432
-5420
-5400
-5337
-5301
-5402
-5314
-5377
-5436
-5435
-5373
-5355
-5433
-5294
-5338
-5400
-5402
-5428
-5432
-5513
-5459
-5508
-5466
-5441
-5444
-5365
-5465
-5468
-5508
-5469
-5455
-5483
-5374
-5435
-5402
-5452
-5427
-5403
-5428
-5339
-5379
-5285
-5396
-5369
-5327
-5426
-5329
-5379
-5351
-5406
-5349
-5283
-5371
-5287
-5334
-5340
-5322
-5312
-5265
-5308
-5269
-5285
-5340
-5292
-5325
-5295
-5233
-5220
-5229
-5295
-5196
-5246
-5312
-5242
-5269
-5258
-5299
-5190
-5173
-5234
-5154
-5198
-5109
-5187
-5212
-5129
-5172
-5128
-5157
-5070
-5112
-5171
-5083
-5140
-5126
-5115
-5137
-5086
-5140
-5095
-5075
-5101
-5077
-5051
-5004
-5097
-5075
-5012
-5098
-5096
-5062
-5047
-5065
-5039
-4961
-4999
-4981
-4982
-4918
-4972
-5005
-4951
-4962
-5005
-5046
-4939
-5026
-5033
-4971
-4965
-5041
-5090
-4952
-5065
-5066
-5009
-5051
-5055
-5114
-5002
-5116
-5138
-5114
-5146
-5087
-5162
-5096
-5079
-5101
-5145
-5144
-5072
-5175
-5187
-5096
-5168
-5236
-5201
-5148
-5225
-5245
-5179
-5168
-5268
-5190
-5165
-5203
-5142
-5186
-5157
-5297
-5259
-5209
-5253
-5228
-5273
-5200
-5248
-5282
-5203
-5212
-5208
-5280
-5185
-5158
-5253
-5206
-5173
-5178
-5275
-5217
-5197
-5262
-5328
-5314
-5310
-5373
-5371
-5396
-5331
-5397
-5386
-5309
-5388
-5368
-5380
-5320
-5364
-5348
-5274
-5332
-5249
-5304
-5286
-5258
-5289
-5300
-5340
-5329
-5372
-5348
-5321
-5328
-5354
-5303
-5301
-5376
-5300
-5349
-5367
-5358
-5371
-5294
-5360
-5350
-5375
-5390
-5397
-5409
-5340
-5397
-5433
-5423
-5451
-5467
-5473
-5472
-5430
-5466
-5489
-5468
-5451
-5501
-5517
-5473
-5485
-5492
-5497
-5486
-5513
-5549
-5554
-5534
-5570
-5561
-5529
-5569
-5551
-5549
-5450
-5475
-5526
-5472
-5525
-5475
-5532
-5485
-5477
-5546
-5466
-5500
-5484
-5536
-5533
-5508
-5566
-5531
-5551
-5539
-5536
-5546
-5518
-5564
-5564
-5568
-5575
-5528
-5543
-5542
-5542
-5570
-5560
-5566
-5558
-5554
-5594
-5585
-5590
-5601
-5596
-5604
-5582
-5557
-5481
-5515
-5527
-5472
-5514
-5510
-5494
-5451
-5485
-5485
-5421
-5465
-5506
-5518
-5509
-5526
-5538
-5491
-5462
-5472
-5426
-5375
-5386
-5393
-5447
-5461
-5429
-5463
-5403
-5407
-5414
-5431
-5445
-5353
-5422
-5385
-5365
-5379
-5333
-5376
-5337
-5353
-5332
-5322
-5323
-5312
-5351
-5292
-5327
-5308
-5304
-5304
-5280
-5303
-5243
-5278
-5272
-5300
-5307
-5271
-5323
-5303
-5309
-5291
-5314
-5319
-5290
-5305
-5295
-5316
-5280
-5333
-5307
-5255
-5284
-5278
-5343
-5277
-5332
-5372
-5282
-5287
-5254
-5289
-5232
-5212
-5268
-5219
-5228
-5228
-5217
-5219
-5222
-5209
-5189
-5191
-5193
-5197
-5241
-5253
-5222
-5236
-5258
-5267
-5300
-5304
-5289
-5249
-5240
-5316
-5297
-5275
-5256
-5247
-5201
-5199
-5264
-5297
-5319
-5299
-5299
-5289
-5312
-5356
-5343
-5402
-5401
-5390
-5417
-5377
-5406
-5375
-5402
-5395
-5417
-5421
-5412
-5428
-5416
-5462
-5463
-5451
-5418
-5391
-5366
-5382
-5437
-5415
-5349
-5348
-5345
-5333
-5286
-5361
-5380
-5358
-5353
-5427
-5424
-5344
-5397
-5394
-5386
-5324
-5385
-5401
-5413
-5412
-5446
-5500
-5447
-5454
-5433
-5460
-5422
-5442
-5492
-5464
-5463
-5474
-5531
-5470
-5484
-5555
-5492
-5487
-5499
-5497
-5482
-5491
-5499
-5431
-5468
-5495
-5444
-5427
-5452
-5454
-5417
-5452
-5468
-5529
-5505
-5496
-5529
-5531
-5495
-5449
-5517
-5454
-5431
-5469
-5493
-5489
-5476
-5508
-5525
-5482
-5461
-5494
-5511
-5488
-5470
-5516
-5519
-5444
-5494
-5533
-5485
-5500
-5514
-5519
-5415
-5444
-5501
-5446
-5490
-5519
-5499
-5451
-5449
-5463
-5403
-5448
-5461
-5456
-5478
-5451
-5470
-5451
-5420
-5385
-5415
-5429
-5354
-5328
-5327
-5282
-5296
-5340
-5384
-5348
-5367
-5404
-5326
-5339
-5309
-5354
-5319
-5297
-5376
-5309
-5341
-5312
-5355
-5392
-5308
-5372
-5341
-5387
-5356
-5327
-5398
-5309
-5336
-5311
-5302
-5239
-5191
-5242
-5162
-5160
-5175
-5170
-5152
-5154
-5222
-5233
-5215
-5232
-5253
-5268
-5228
-5238
-5235
-5234
-5206
-5203
-5243
-5197
-5223
-5206
-5228
-5181
-5142
-5204
-5189
-5155
-5185
-5250
-5197
-5108
-5156
-5180
-5178
-5131
-5185
-5221
-5112
-5168
-5164
-5206
-5134
-5153
-5239
-5128
-5097
-5112
-5204
-5104
-5104
-5198
-5127
-5150
-5160
-5225
-5140
-5107
-5222
-5186
-5169
-5140
-5198
-5133
-5084
-5155
-5160
-5155
-5079
-5155
-5202
-5137
-5130
-5190
-5213
-5097
-5131
-5231
-5172
-5098
-5116
-5173
-5092
-5075
-5140
-5142
-5161
-5100
-5170
-5172
-5121
-5166
-5131
-5139
-5122
-5163
-5159
-5139
-5157
-5144
-5188
-5181
-5208
-5207
-5180
-5203
-5183
-5221
-5168
-5129
-5198
-5172
-5160
-5173
-5219
-5188
-5071
-5121
-5110
-5040
-5034
-5051
-5074
-4954
-5026
-5086
-5022
-5104
-5084
-5099
-5090
-5068
-5096
-5127
-5167
-5090
-5108
-5086
-5043
-5032
-4990
-5012
-5010
-5030
-5052
-5062
-5042
-5060
-5057
-5036
-5062
-5053
-5006
-5025
-5079
-5033
-5065
-5091
-5085
-5111
-5083
-5166
-5188
-5127
-5151
-5142
-5132
-5084
-5136
-5154
-5098
-5180
-5157
-5179
-5169
-5105
-5140
-5132
-5127
-5141
-5168
-5151
-5098
-5087
-5101
-5091
-5097
-5125
-5141
-5102
-5094
-5119
-5138
-5098
-5118
-5169
-5101
-5143
-5155
-5154
-5105
-5125
-5166
-5110
-5096
-5110
-5116
-5058
-5081
-5168
-5198
-5150
-5164
-5202
-5152
-5062
-5139
-5161
-5119
-5110
-5177
-5198
-5177
-5170
-5203
-5198
-5120
-5146
-5166
-5197
-5111
-5195
-5234
-5198
-5185
-5210
-5220
-5141
-5162
-5208
-5208
-5178
-5138
-5191
-5190
-5148
-5200
-5230
-5202
-5147
-5217
-5182
-5147
-5186
-5222
-5194
-5220
-5267
-5266
-5264
-5302
-5291
-5311
-5346
-5349
-5356
-5381
-5409
-5373
-5403
-5374
-5306
-5295
-5345
-5288
-5258
-5356
-5326
-5270
-5332
-5356
-5319
-5301
-5398
-5373
-5357
-5346
-5359
-5366
-5351
-5360
-5411
-5436
-5336
-5335
-5371
-5367
-5338
-5434
-5455
-5391
-5362
-5456
-5392
-5382
-5410
-5444
-5462
-5432
-5426
-5415
-5424
-5386
-5406
-5457
-5437
-5337
-5471
-5442
-5409
-5437
-5507
-5409
-5371
-5504
-5444
-5349
-5391
-5451
-5408
-5451
-5487
-5508
-5479
-5481
-5488
-5532
-5430
-5425
-5497
-5455
-5341
-5460
-5534
-5415
-5415
-5553
-5528
-5427
-5510
-5542
-5539
-5512
-5595
-5573
-5606
-5546
-5533
-5550
-5518
-5443
-5489
-5506
-5371
-5364
-5439
-5398
-5335
-5457
-5458
-5353
-5413
-5494
-5368
-5402
-5490
-5480
-5392
-5529
-5522
-5477
-5503
-5510
-5520
-5524
-5524
-5480
-5550
-5506
-5456
-5502
-5576
-5513
-5449
-5520
-5533
-5406
-5433
-5460
-5425
-5353
-5438
-5475
-5442
-5416
-5440
-5513
-5433
-5456
-5497
-5523
-5404
-5448
-5498
-5413
-5413
-5469
-5498
-5395
-5441
-5526
-5476
-5424
-5417
-5436
-5336
-5326
-5397
-5351
-5338
-5333
-5428
-5377
-5319
-5384
-5405
-5381
-5317
-5401
-5431
-5343
-5346
-5387
-5401
-5333
-5347
-5390
-5349
-5299
-5304
-5399
-5283
-5259
-5319
-5306
-5209
-5303
-5409
-5295
-5319
-5377
-5415
-5291
-5320
-5362
-5299
-5278
-5264
-5337
-5280
-5271
-5347
-5341
-5312
-5217
-5321
-5294
-5265
-5305
-5322
-5316
-5219
-5334
-5293
-5285
-5272
-5320
-5306
-5225
-5276
-5210
-5228
-5184
-5197
-5232
-5154
-5141
-5178
-5269
-5180
-5182
-5257
-5236
-5185
-5218
-5286
-5131
-5137
-5202
-5231
-5232
-5261
-5322
-5260
-5245
-5238
-5207
-5177
-5192
-5229
-5223
-5277
-5273
-5237
-5238
-5245
-5248
-5259
-5301
-5237
-5241
-5236
-5228
-5197
-5200
-5226
-5199
-5265
-5252
-5235
-5230
-5274
-5295
-5297
-5377
-5359
-5343
-5369
-5367
-5379
-5324
-5356
-5319
-5339
-5349
-5268
-5319
-5281
-5349
-5321
-5310
-5297
-5257
-5262
-5270
-5350
-5306
-5285
-5349
-5329
-5332
-5382
-5420
-5379
-5362
-5428
-5351
-5356
-5326
-5349
-5344
-5345
-5371
-5362
-5391
-5344
-5403
-5430
-5391
-5318
-5342
-5380
-5316
-5319
-5372
-5395
-5371
-5386
-5488
-5426
-5407
-5442
-5427
-5419
-5412
-5438
-5443
-5502
-5501
-5486
-5459
-5439
-5463
-5444
-5388
-5394
-5393
-5384
-5357
-5396
-5425
-5374
-5381
-5445
-5439
-5385
-5386
-5408
-5406
-5330
-5374
-5416
-5371
-5323
-5366
-5429
-5362
-5351
-5396
-5313
-5232
-5279
-5338
-5252
-5254
-5280
-5257
-5248
-5239
-5271
-5265
-5262
-5271
-5292
-5262
-5215
-5198
-5216
-5236
-5297
-5280
-5295
-5230
-5232
-5261
-5284
-5285
-5278
-5298
-5229
-5299
-5273
-5268
-5221
-5278
-5277
-5272
-5263
-5263
-5247
-5159
-5169
-5179
-5178
-5149
-5212
-5154
-5148
-5148
-5174
-5145
-5192
-5214
-5198
-5223
-5224
-5202
-5228
-5278
-5231
-5269
-5303
-5347
-5274
-5289
-5255
-5279
-5226
-5217
-5228
-5173
-5147
-5142
-5188
-5120
-5151
-5149
-5169
-5115
-5174
-5204
-5189
-5184
-5208
-5177
-5133
-5162
-5144
-5122
-5087
-5093
-5072
-5056
-5053
-5083
-5079
-5046
-4984
-5033
-5001
-4958
-4995
-5047
-4990
-4945
-5004
-4983
-4930
-4909
-4977
-4959
-4943
-4933
-4960
-4953
-4938
-4955
-5019
-5000
-4930
-4950
-4979
-4949
-4919
-5009
-4985
-4924
-4970
-4998
-4945
-4964
-5017
-5004
-4983
-4995
-4997
-4985
-4976
-5012
-5022
-5002
-4966
-5016
-5013
-4990
-5014
-5016
-5023
-4944
-4990
-5005
-4983
-4997
-5055
-5076
-5050
-5008
-5067
-5099
-5058
-5068
-5120
-5087
-5036
-5097
-5126
-5041
-5027
-5192
-5096
-5077
-5130
-5144
-5077
-5141
-5210
-5132
-5177
-5189
-5195
-5208
-5274
-5201
-5173
-5235
-5191
-5147
-5228
-5251
-5157
-5218
-5304
-5201
-5210
-5259
-5232
-5228
-5307
-5315
-5241
-5311
-5289
-5269
-5289
-5303
-5273
-5279
-5302
-5255
-5332
-5335
-5334
-5399
-5409
-5403
-5404
-5440
-5399
-5396
-5443
-5426
-5367
-5382
-5402
-5385
-5361
-5365
-5355
-5313
-5292
-5314
-5338
-5274
-5303
-5367
-5404
-5391
-5433
-5496
-5449
-5458
-5478
-5471
-5417
-5401
-5482
-5417
-5357
-5427
-5439
-5372
-5398
-5451
-5426
-5373
-5394
-5459
-5437
-5475
-5508
-5478
-5458
-5480
-5526
-5459
-5438
-5471
-5482
-5482
-5479
-5547
-5474
-5467
-5493
-5544
-5492
-5470
-5542
-5529
-5522
-5462
-5467
-5480
-5441
-5445
-5505
-5538
-5518
-5479
-5547
-5522
-5485
-5502
-5571
-5534
-5511
-5544
-5539
-5485
-5507
-5529
-5482
-5530
-5547
-5521
-5476
-5539
-5502
-5509
-5520
-5497
-5447
-5485
-5474
-5426
-5439
-5421
-5434
-5394
-5415
-5357
-5358
-5439
-5428
-5424
-5434
-5484
-5456
-5449
-5516
-5486
-5481
-5438
-5542
-5537
-5470
-5520
-5474
-5473
-5407
-5412
-5416
-5392
-5403
-5397
-5488
-5476
-5454
-5483
-5504
-5476
-5421
-5460
-5465
-5416
-5397
-5431
-5391
-5396
-5411
-5445
-5418
-5419
-5423
-5431
-5457
-5450
-5435
-5410
-5395
-5335
-5353
-5334
-5367
-5361
-5419
-5353
-5343
-5345
-5349
-5337
-5316
-5406
-5368
-5369
-5353
-5290
-5237
-5271
-5244
-5229
-5198
-5240
-5235
-5216
-5206
-5212
-5183
-5195
-5223
-5218
-5220
-5175
-5194
-5192
-5198
-5149
-5179
-5127
-5117
-5127
-5105
-5133
-5089
-5101
-5112
-5145
-5132
-5143
-5221
-5151
-5103
-5086
-5118
-5073
-5050
-5116
-5098
-5053
-5052
-5081
-5042
-5042
-5068
-5063
-5071
-5041
-5010
-5057
-5087
-5051
-5064
-5115
-5039
-5052
-5083
-5096
-5025
-5068
-5074
-4959
-4994
-5030
-4999
-4989
-5067
-5041
-5011
-5029
-5060
-5040
-5058
-5063
-5098
-5077
-5073
-5066
-5078
-5031
-4999
-5062
-5059
-5005
-4977
-5060
-5041
-5036
-5003
-5066
-5004
-5016
-5024
-4976
-4990
-4986
-5022
-4994
-5023
-5015
-5021
-5064
-5039
-5026
-5063
-5085
-5079
-5090
-5101
-5038
-5122
-5073
-5080
-5083
-5090
-5060
-5029
-5043
-4958
-4987
-4961
-5021
-5032
-5055
-5039
-5087
-5115
-5065
-5084
-5085
-5078
-5087
-5129
-5155
-5113
-5146
-5204
-5219
-5219
-5212
-5228
-5179
-5173
-5135
-5147
-5136
-5135
-5110
-5153
-5172
-5165
-5218
-5203
-5220
-5174
-5198
-5171
-5176
-5205
-5260
-5306
-5325
-5399
-5351
-5251
-5235
-5273
-5254
-5292
-5359
-5359
-5342
-5354
-5336
-5341
-5348
-5375
-5378
-5347
-5348
-5387
-5362
-5342
-5352
-5322
-5370
-5409
-5453
-5426
-5420
-5418
-5429
-5383
-5395
-5434
-5497
-5511
-5486
-5503
-5490
-5526
-5492
-5495
-5403
-5421
-5418
-5437
-5446
-5405
-5408
-5405
-5422
-5415
-5432
-5408
-5392
-5382
-5392
-5362
-5346
-5367
-5404
-5394
-5436
-5439
-5466
-5466
-5499
-5502
-5426
-5391
-5331
-5330
-5340
-5429
-5423
-5431
-5401
-5376
-5409
-5389
-5367
-5341
-5401
-5400
-5354
-5379
-5381
-5338
-5328
-5357
-5344
-5359
-5347
-5322
-5337
-5351
-5385
-5421
-5428
-5384
-5338
-5340
-5308
-5263
-5276
-5264
-5272
-5272
-5293
-5253
-5257
-5285
-5294
-5269
-5231
-5256
-5220
-5216
-5167
-5203
-5231
-5190
-5250
-5266
-5255
-5229
-5229
-5239
-5169
-5182
-5217
-5201
-5172
-5219
-5251
-5175
-5113
-5040
-5073
-5091
-5023
-5017
-5005
-4956
-4892
-4970
-5002
-5027
-5097
-5163
-5152
-5008
-5001
-4931
-4961
-5005
-5015
-4991
-4939
-4975
-4939
-4881
-4893
-4958
-5015
-5081
-5047
-4987
-4990
-4993
-5027
-5074
-5126
-5145
-5101
-5155
-5084
-5003
-4989
-5037
-5017
-4961
-5066
-5122
-5062
-5013
-5022
-5001
-4991
-5039
-5062
-5005
-4939
-4905
-4958
-4937
-4954
-4984
-4992
-4975
-5043
-5050
-5004
-4973
-5030
-5101
-5072
-5034
-4926
-4963
-5011
-5070
-5076
-5041
-5019
-5105
-5203
-5187
-5189
-5259
-5216
-5175
-5245
-5227
-5116
-5090
-5146
-5138
-5144
-5196
-5242
-5216
-5279
-5279
-5213
-5171
-5211
-5232
-5242
-5364
-5425
-5423
-5373
-5378
-5327
-5227
-5271
-5322
-5254
-5264
-5324
-5366
-5314
-5295
-5318
-5284
-5279
-5257
-5318
-5292
-5325
-5333
-5373
-5464
-5383
-5517
-5520
-5429
-5419
-5405
-5527
-5422
-5501
-5545
-5464
-5567
-5569
-5634
-5513
-5508
-5522
-5431
-5457
-5391
-5429
-5475
-5471
-5495
-5478
-5480
-5424
-5436
-5526
-5495
-5519
-5541
-5504
-5461
-5489
-5583
-5503
-5428
-5509
-5493
-5458
-5491
-5543
-5577
-5493
-5509
-5603
-5549
-5517
-5558
-5637
-5603
-5550
-5653
-5624
-5583
-5548
-5603
-5587
-5469
-5513
-5481
-5437
-5418
-5515
-5542
-5500
-5601
-5561
-5551
-5572
-5529
-5560
-5496
-5510
-5492
-5465
-5544
-5425
-5438
-5523
-5480
-5504
-5496
-5540
-5533
-5502
-5633
-5580
-5559
-5610
-5525
-5495
-5465
-5517
-5494
-5484
-5594
-5526
-5488
-5515
-5445
-5439
-5466
-5475
-5541
-5588
-5596
-5532
-5500
-5564
-5505
-5455
-5484
-5462
-5402
-5380
-5451
-5445
-5338
-5369
-5417
-5353
-5372
-5477
-5484
-5473
-5466
-5370
-5391
-5360
-5377
-5342
-5320
-5412
-5346
-5439
-5369
-5269
-5303
-5340
-5385
-5261
-5274
-5317
-5287
-5313
-5316
-5329
-5320
-5297
-5295
-5296
-5269
-5253
-5208
-5220
-5245
-5220
-5268
-5171
-5131
-5132
-5159
-5225
-5204
-5246
-5164
-5113
-5116
-5092
-5077
-5030
-5126
-5107
-5078
-5076
-5053
-5071
-5035
-5093
-5018
-5024
-5006
-5049
-5183
-5167
-5171
-5140
-5142
-5135
-5071
-5083
-5010
-4947
-4972
-4982
-4991
-4901
-4924
-4874
-4874
-4841
-4843
-4860
-4837
-4892
-4910
-4970
-4949
-4960
-5054
-5058
-5009
-4996
-5015
-5032
-5008
-5074
-5001
-4999
-4994
-4987
-5047
-5100
-5080
-5042
-5106
-5012
-5056
-5047
-5022
-4993
-4935
-4974
-4913
-4979
-5012
-5006
-5059
-5017
-5066
-4991
-5006
-5049
-4998
-5082
-5056
-5115
-5061
-4978
-5012
-4999
-5072
-5071
-5110
-5128
-5115
-5075
-4996
-5068
-5025
-4987
-5022
-5056
-5061
-5052
-5121
-5052
-5040
-5120
-5093
-5100
-5084
-5054
-5134
-5163
-5178
-5139
-5183
-5214
-5124
-5190
-5136
-5108
-5063
-5011
-5077
-5012
-5036
-5014
-5030
-5062
-5007
-5051
-5015
-5051
-5050
-5127
-5212
-5121
-5193
-5171
-5154
-5168
-5127
-5107
-5094
-5108
-5122
-5208
-5213
-5204
-5219
-5234
-5257
-5258
-5243
-5189
-5180
-5217
-5243
-5216
-5198
-5271
-5257
-5255
-5304
-5244
-5238
-5214
-5269
-5254
-5241
-5218
-5175
-5233
-5187
-5252
-5266
-5258
-5255
-5239
-5295
-5251
-5198
-5201
-5185
-5227
-5244
-5295
-5302
-5304
-5349
-5287
-5321
-5288
-5270
-5303
-5243
-5254
-5240
-5242
-5304
-5261
-5265
-5300
-5258
-5219
-5245
-5286
-5260
-5272
-5320
-5303
-5240
-5219
-5262
-5194
-5180
-5244
-5226
-5237
-5242
-5252
-5221
-5272
-5294
-5254
-5255
-5216
-5215
-5197
-5184
-5209
-5179
-5223
-5176
-5179
-5258
-5196
-5307
-5284
-5291
-5338
-5324
-5333
-5288
-5370
-5358
-5359
-5412
-5402
-5344
-5341
-5355
-5240
-5295
-5311
-5304
-5357
-5337
-5407
-5331
-5353
-5383
-5310
-5357
-5342
-5368
-5360
-5354
-5383
-5364
-5425
-5416
-5399
-5413
-5443
-5457
-5430
-5463
-5487
-5430
-5429
-5498
-5422
-5457
-5510
-5512
-5541
-5515
-5546
-5469
-5422
-5443
-5422
-5452
-5399
-5466
-5410
-5424
-5495
-5419
-5484
-5406
-5456
-5443
-5446
-5534
-5426
-5492
-5481
-5455
-5463
-5429
-5510
-5383
-5421
-5463
-5378
-5387
-5335
-5371
-5352
-5350
-5414
-5337
-5327
-5393
-5358
-5352
-5403
-5388
-5377
-5415
-5452
-5469
-5440
-5450
-5387
-5402
-5380
-5333
-5298
-5267
-5307
-5285
-5316
-5310
-5255
-5204
-5223
-5241
-5236
-5282
-5277
-5223
-5227
-5260
-5261
-5229
-5249
-5288
-5264
-5249
-5223
-5190
-5197
-5213
-5230
-5223
-5243
-5268
-5263
-5224
-5218
-5249
-5223
-5255
-5287
-5281
-5287
-5334
-5338
-5326
-5342
-5333
-5290
-5244
-5245
-5237
-5264
-5300
-5287
-5251
-5260
-5245
-5204
-5208
-5198
-5210
-5200
-5176
-5184
-5166
-5183
-5205
-5175
-5173
-5189
-5195
-5192
-5210
-5207
-5216
-5242
-5238
-5240
-5218
-5204
-5208
-5163
-5127
-5145
-5162
-5145
-5142
-5164
-5145
-5187
-5176
-5146
-5164
-5130
-5153
-5158
-5147
-5197
-5190
-5174
-5188
-5192
-5208
-5172
-5173
-5147
-5160
-5161
-5115
-5167
-5154
-5114
-5153
-5115
-5134
-5146
-5140
-5147
-5108
-5166
-5121
-5128
-5117
-5100
-5070
-5065
-5113
-5119
-5111
-5104
-5091
-5122
-5128
-5132
-5148
-5120
-5150
-5123
-5150
-5111
-5136
-5173
-5229
-5215
-5199
-5205
-5117
-5112
-5104
-5074
-5071
-5067
-5057
-5025
-5025
-5035
-4977
-5016
-4982
-4983
-5010
-5038
-4993
-5009
-5033
-5000
-5060
-5030
-5017
-4986
-4986
-4996
-4993
-4995
-4986
-5000
-4991
-4998
-4990
-4935
-4947
-4944
-4948
-4965
-4940
-4905
-4899
-4911
-4918
-4930
-4902
-4895
-4877
-4859
-4857
-4877
-4850
-4828
-4873
-4858
-4867
-4913
-4882
-4892
-4904
-4916
-4914
-4887
-4959
-4912
-4940
-4965
-4928
-4905
-4921
-4939
-4895
-4943
-4989
-4972
-4955
-5002
-4999
-4989
-4973
-5017
-4986
-4920
-4905
-4912
-4826
-4839
-4883
-4833
-4851
-4899
-4919
-4911
-4983
-4942
-4991
-4959
-4945
-4967
-4988
-5035
-5050
-5095
-5041
-5017
-5001
-5003
-5016
-5001
-5038
-5066
-5078
-5065
-5062
-5134
-5111
-5082
-5100
-5138
-5083
-5091
-5137
-5123
-5017
-5089
-5146
-5072
-5126
-5154
-5167
-5082
-5143
-5122
-5091
-5106
-5085
-5114
-5122
-5115
-5135
-5146
-5137
-5104
-5202
-5257
-5212
-5258
-5287
-5271
-5238
-5341
-5346
-5331
-5323
-5341
-5308
-5270
-5274
-5253
-5232
-5271
-5260
-5249
-5271
-5229
-5298
-5340
-5326
-5325
-5398
-5365
-5341
-5420
-5439
-5387
-5427
-5508
-5490
-5472
-5463
-5432
-5451
-5435
-5430
-5427
-5418
-5448
-5458
-5508
-5434
-5422
-5443
-5440
-5426
-5411
-5464
-5428
-5465
-5516
-5513
-5489
-5477
-5519
-5532
-5549
-5577
-5610
-5590
-5613
-5596
-5654
-5610
-5594
-5626
-5598
-5647
-5601
-5663
-5572
-5535
-5566
-5535
-5515
-5543
-5574
-5501
-5485
-5515
-5525
-5527
-5529
-5536
-5521
-5550
-5591
-5567
-5623
-5630
-5650
-5667
-5683
-5693
-5720
-5720
-5682
-5688
-5715
-5689
-5641
-5644
-5628
-5558
-5574
-5674
-5623
-5581
-5571
-5619
-5613
-5608
-5688
-5691
-5684
-5665
-5709
-5730
-5660
-5688
-5727
-5730
-5665
-5695
-5722
-5630
-5675
-5684
-5678
-5621
-5644
-5673
-5602
-5603
-5617
-5629
-5611
-5602
-5611
-5626
-5602
-5605
-5700
-5679
-5607
-5643
-5665
-5649
-5623
-5673
-5655
-5587
-5637
-5636
-5620
-5583
-5553
-5601
-5524
-5518
-5525
-5485
-5467
-5446
-5473
-5430
-5434
-5417
-5408
-5373
-5340
-5402
-5422
-5378
-5346
-5374
-5336
-5279
-5333
-5363
-5366
-5386
-5395
-5405
-5338
-5311
-5295
-5290
-5255
-5213
-5252
-5207
-5143
-5167
-5152
-5103
-5071
-5110
-5122
-5082
-5082
-5054
-5094
-5064
-5066
-5088
-5068
-5056
-5036
-5052
-5015
-5014
-4996
-4996
-4988
-5005
-5010
-4996
-5015
-4981
-5005
-4977
-4958
-4956
-4935
-4961
-4915
-4915
-4907
-4885
-4911
-4876
-4874
-4850
-4850
-4838
-4808
-4831
-4779
-4811
-4807
-4861
-4859
-4773
-4866
-4797
-4769
-4821
-4786
-4755
-4751
-4773
-4747
-4749
-4744
-4714
-4752
-4695
-4706
-4724
-4674
-4713
-4690
-4709
-4698
-4671
-4669
-4733
-4755
-4734
-4785
-4790
-4767
-4754
-4790
-4754
-4726
-4767
-4781
-4773
-4739
-4744
-4725
-4690
-4687
-4684
-4703
-4653
-4616
-4619
-4619
-4606
-4627
-4658
-4640
-4667
-4681
-4667
-4664
-4675
-4683
-4693
-4733
-4768
-4784
-4780
-4788
-4810
-4801
-4808
-4803
-4858
-4896
-4873
-4895
-4914
-4893
-4855
-4899
-4910
-4901
-4905
-4938
-4968
-4933
-4952
-4968
-4956
-4958
-4950
-4945
-4933
-4922
-4936
-4972
-4995
-4979
-5014
-5052
-5027
-5016
-5026
-5012
-5046
-5058
-5058
-5054
-5024
-5022
-5018
-5051
-5042
-5076
-5063
-5040
-5054
-5049
-5075
-5079
-5118
-5092
-5143
-5166
-5220
-5275
-5197
-5266
-5247
-5246
-5267
-5250
-5270
-5185
-5189
-5175
-5138
-5156
-5135
-5154
-5121
-5122
-5156
-5126
-5152
-5139
-5143
-5186
-5192
-5226
-5265
-5286
-5289
-5295
-5277
-5278
-5279
-5266
-5268
-5258
-5294
-5292
-5263
-5311
-5300
-5285
-5300
-5263
-5260
-5269
-5236
-5233
-5256
-5259
-5274
-5289
-5322
-5313
-5318
-5337
-5312
-5350
-5366
-5371
-5408
-5435
-5449
-5407
-5403
-5388
-5358
-5361
-5309
-5307
-5336
-5321
-5393
-5429
-5398
-5404
-5379
-5389
-5338
-5308
-5292
-5241
-5261
-5267
-5286
-5299
-5283
-5263
-5273
-5286
-5282
-5329
-5350
-5357
-5376
-5394
-5387
-5369
-5358
-5360
-5399
-5401
-5394
-5409
-5408
-5353
-5379
-5371
-5341
-5361
-5336
-5333
-5305
-5258
-5270
-5252
-5213
-5276
-5291
-5255
-5280
-5273
-5247
-5226
-5191
-5161
-5151
-5167
-5156
-5201
-5211
-5172
-5178
-5185
-5189
-5179
-5183
-5183
-5149
-5148
-5197
-5152
-5116
-5150
-5160
-5127
-5141
-5208
-5184
-5185
-5226
-5224
-5192
-5199
-5214
-5194
-5231
-5248
-5250
-5258
-5279
-5274
-5257
-5234
-5219
-5199
-5167
-5196
-5179
-5147
-5182
-5176
-5167
-5178
-5148
-5141
-5121
-5129
-5126
-5171
-5200
-5201
-5193
-5182
-5230
-5196
-5176
-5197
-5171
-5132
-5140
-5144
-5137
-5132
-5155
-5191
-5230
-5245
-5227
-5244
-5279
-5315
-5317
-5302
-5331
-5324
-5285
-5296
-5285
-5254
-5284
-5265
-5240
-5279
-5238
-5206
-5214
-5230
-5206
-5182
-5200
-5187
-5180
-5178
-5174
-5163
-5206
-5215
-5175
-5195
-5210
-5196
-5160
-5133
-5129
-5153
-5143
-5126
-5149
-5166
-5158
-5152
-5158
-5128
-5144
-5154
-5131
-5139
-5161
-5170
-5139
-5202
-5233
-5192
-5249
-5281
-5276
-5287
-5310
-5288
-5312
-5377
-5380
-5366
-5357
-5355
-5351
-5359
-5344
-5328
-5304
-5321
-5303
-5245
-5267
-5248
-5216
-5255
