01300728.PTO
CURN
2012/01/30 07:28:31.8000
100.0000 m/s  
9495 muestras
-9708
-9318
-9307
-9420
-9292
-9590
-8979
-9778
-9087
-9674
-8922
-9723
-9173
-9441
-9267
-9139
-9538
-9096
-9392
-9227
-9397
-9091
-9602
-9038
-9511
-9119
-9443
-9211
-9313
-9354
-9028
-9558
-8968
-9545
-9053
-9404
-9236
-9205
-9327
-9023
-9449
-9179
-9360
-9182
-9199
-9305
-9078
-9164
-9109
-9226
-9160
-9221
-8971
-9285
-9242
-9131
-9307
-9121
-9228
-8924
-9327
-9068
-9305
-8977
-9237
-9174
-8999
-9219
-8974
-9174
-8958
-9320
-8859
-9368
-8946
-9144
-9102
-8974
-9250
-8733
-9396
-8844
-9088
-9011
-9073
-9245
-8843
-9328
-9010
-9111
-9007
-9168
-9123
-9002
-9199
-8886
-9224
-9053
-8907
-9151
-9117
-8809
-9425
-8777
-9175
-9091
-9047
-9222
-8764
-9513
-8542
-9569
-8573
-9357
-8989
-8804
-9456
-8527
-9457
-8695
-9506
-8712
-9262
-8943
-9143
-9067
-8947
-9313
-8567
-9401
-8857
-9328
-8856
-9074
-9194
-8974
-9026
-9041
-9035
-8917
-9216
-8868
-9153
-9015
-8983
-9077
-9053
-9093
-8967
-9129
-9060
-9155
-8924
-9096
-9106
-8995
-9131
-8957
-9182
-8900
-9123
-9121
-9029
-8894
-9146
-9067
-8984
-9294
-8714
-9177
-9146
-9087
-9125
-8862
-9309
-8806
-9319
-8979
-8933
-9346
-8647
-9545
-8695
-9341
-8819
-9095
-9351
-8556
-9576
-8584
-9241
-8963
-9067
-9052
-8944
-9263
-8815
-9131
-8984
-9065
-9073
-8955
-9275
-8729
-9159
-9002
-8948
-9243
-8580
-9398
-8620
-9181
-8882
-8936
-9100
-8840
-9149
-8751
-9189
-8539
-9360
-8652
-9098
-8957
-8789
-9265
-8477
-9416
-8537
-9193
-8928
-8738
-9211
-8615
-9203
-8701
-9093
-8871
-8939
-9133
-8586
-9357
-8478
-9334
-8744
-8912
-9142
-8719
-9277
-8330
-9840
-8144
-9468
-8711
-8651
-9553
-8402
-9297
-8440
-9502
-8434
-9117
-8850
-8706
-9302
-8537
-9125
-8784
-8933
-8932
-8914
-8972
-8783
-9048
-8720
-9138
-8873
-8705
-9191
-8744
-9024
-8772
-8906
-8867
-9002
-8898
-8801
-9143
-8762
-9078
-8710
-8946
-9056
-8612
-9145
-8693
-9074
-8835
-8822
-8964
-8862
-9114
-8597
-9214
-8753
-9008
-8897
-8726
-9247
-8495
-9148
-8723
-9012
-9000
-8664
-9201
-8647
-9126
-8777
-8924
-8898
-8934
-8888
-8756
-9090
-8823
-9030
-8763
-8920
-8847
-8895
-8960
-8820
-9001
-8849
-8954
-8900
-8969
-8705
-8849
-8905
-8918
-8884
-8729
-8936
-8728
-9042
-8727
-9065
-8671
-9070
-8750
-8743
-9111
-8463
-9062
-8604
-9055
-8631
-8858
-8805
-8822
-8901
-8726
-8940
-8653
-8887
-8777
-8822
-8751
-8909
-8617
-8744
-8923
-8702
-8809
-8708
-8954
-8644
-8812
-8901
-8728
-8892
-8649
-9004
-8509
-9021
-8502
-8883
-8738
-8787
-8980
-8296
-9353
-8262
-9130
-8366
-9007
-8787
-8460
-9132
-8279
-9082
-8341
-9080
-8483
-8895
-8641
-8719
-8846
-8655
-8856
-8429
-9100
-8336
-9142
-8312
-9011
-8568
-8843
-8835
-8428
-9274
-7954
-9417
-8273
-8931
-8643
-8485
-9082
-8282
-9093
-8391
-9002
-8584
-8677
-8714
-8617
-8748
-8491
-8848
-8512
-8974
-8340
-8910
-8694
-8423
-9087
-8217
-9051
-8413
-8838
-8614
-8651
-8948
-8265
-9255
-8132
-9155
-8367
-8814
-8788
-8221
-9258
-8075
-9172
-8203
-8997
-8430
-8569
-8910
-8409
-8886
-8181
-9133
-8382
-8967
-8369
-8773
-8697
-8536
-8890
-8346
-9064
-8168
-9054
-8456
-8704
-8600
-8446
-8953
-8295
-8889
-8311
-8893
-8321
-8814
-8635
-8403
-8897
-8166
-8908
-8513
-8655
-8515
-8620
-8678
-8539
-8674
-8454
-8677
-8534
-8529
-8567
-8586
-8448
-8770
-8319
-8663
-8511
-8416
-8835
-8056
-8966
-8434
-8472
-8560
-8411
-8578
-8542
-8500
-8492
-8528
-8398
-8684
-8323
-8634
-8329
-8607
-8424
-8562
-8416
-8361
-8723
-8256
-8541
-8471
-8405
-8566
-8272
-8586
-8368
-8472
-8581
-8168
-8753
-8036
-8816
-8170
-8520
-8569
-8097
-8816
-7944
-8915
-8165
-8449
-8579
-8043
-8742
-8104
-8592
-8282
-8291
-8492
-8137
-8585
-8156
-8559
-8297
-8318
-8478
-8221
-8542
-8170
-8332
-8355
-8268
-8462
-8173
-8376
-8215
-8506
-8368
-8185
-8653
-8138
-8717
-8120
-8484
-8508
-8169
-8508
-8021
-8512
-8096
-8060
-8155
-8043
-8086
-7905
-8076
-7771
-7929
-8099
-7815
-8123
-7992
-8340
-8138
-8616
-8551
-8491
-9006
-8718
-9220
-8878
-9297
-9195
-9316
-9180
-8996
-8861
-8831
-8753
-8359
-8347
-7835
-7898
-7471
-7645
-7289
-7375
-7210
-7314
-7415
-7458
-7635
-7675
-8228
-8111
-8580
-8356
-8889
-9010
-9281
-9382
-9364
-9543
-9395
-9680
-9316
-9421
-9103
-8992
-8705
-8395
-8269
-7976
-7841
-7591
-7509
-7364
-7274
-7316
-7389
-7380
-7456
-7596
-7821
-8040
-8126
-8133
-8238
-8266
-8372
-8388
-8449
-8546
-8448
-8503
-8357
-8373
-8257
-8148
-8191
-7954
-7933
-7788
-7796
-7749
-7711
-7624
-7675
-7762
-7883
-8239
-8262
-8588
-8445
-8768
-8784
-8994
-9163
-8945
-9171
-8991
-9118
-8724
-8832
-8514
-8465
-8434
-8169
-8231
-7990
-8097
-7823
-8026
-7972
-8096
-8184
-8108
-8271
-8141
-8289
-8364
-8413
-8347
-8289
-8412
-8343
-8409
-8388
-8285
-8335
-8244
-8368
-8407
-8493
-8363
-8291
-8261
-8191
-8287
-8226
-8260
-8325
-8394
-8390
-8383
-8397
-8414
-8389
-8573
-8499
-8502
-8380
-8359
-8386
-8234
-8222
-7976
-7972
-7779
-7772
-7771
-7827
-7857
-7715
-7719
-7737
-7831
-7730
-7728
-7776
-7825
-7850
-7997
-8024
-8043
-7948
-7853
-8077
-8231
-8470
-8459
-8533
-8537
-8706
-8784
-8876
-8938
-8748
-8740
-8507
-8591
-8324
-8220
-8022
-7862
-7835
-7806
-8090
-8131
-8262
-8050
-8035
-7901
-7986
-8177
-8236
-8390
-8267
-8281
-8226
-8359
-8601
-8865
-9207
-9532
-9761
-9918
-9951
-9789
-9482
-9058
-8719
-8353
-8025
-7745
-7512
-7269
-6957
-6731
-6628
-6701
-6947
-7241
-7562
-7896
-8086
-8310
-8491
-8703
-8900
-9022
-9261
-9430
-9658
-9763
-9733
-9462
-9062
-8751
-8410
-8141
-7622
-7017
-6405
-6005
-5905
-5798
-5855
-5896
-6087
-6463
-6880
-7484
-8076
-8741
-9075
-9280
-9591
-9801
-10218
-10404
-10499
-10246
-9978
-9803
-9563
-9270
-8714
-8317
-7816
-7501
-7170
-7013
-6949
-6990
-7054
-6995
-6995
-6915
-7067
-7194
-7542
-7791
-8040
-8358
-8562
-8678
-8562
-8610
-8732
-8881
-8998
-8958
-8874
-8674
-8448
-8252
-8044
-7817
-7595
-7591
-7771
-8147
-8289
-8229
-8065
-7870
-7836
-7846
-8049
-8087
-7990
-7726
-7512
-7367
-7198
-7101
-6902
-6870
-6893
-7072
-7283
-7637
-8003
-8348
-8614
-8698
-8825
-8904
-9158
-9151
-9053
-8865
-8742
-8579
-8266
-8041
-7826
-7819
-7881
-8092
-8135
-7950
-7509
-7107
-6988
-7092
-7412
-7628
-7676
-7644
-7575
-7523
-7643
-7839
-8121
-8330
-8492
-8613
-8520
-8483
-8435
-8423
-8291
-8051
-7868
-7613
-7422
-7180
-7043
-6873
-6649
-6554
-6649
-7070
-7637
-8221
-8590
-8726
-8765
-8669
-8569
-8532
-8466
-8418
-8254
-8112
-7894
-7729
-7679
-7685
-7770
-7805
-7942
-8060
-8208
-8101
-8036
-7959
-7910
-7831
-7650
-7650
-7593
-7836
-7961
-8161
-8202
-8000
-7964
-7896
-7985
-8084
-8203
-8091
-7819
-7330
-7053
-7216
-7286
-7461
-7500
-7515
-7631
-7828
-8070
-8176
-8232
-8088
-7969
-7831
-7773
-7665
-7516
-7568
-7572
-7673
-7662
-7774
-8113
-8613
-8894
-8995
-9034
-8864
-8681
-8316
-8169
-8000
-7791
-7586
-7397
-7265
-7083
-7103
-7216
-7376
-7433
-7349
-7312
-7329
-7449
-7616
-7779
-7957
-8131
-8280
-8442
-8649
-8864
-9120
-9211
-9191
-9030
-8895
-8821
-8705
-8507
-8169
-7793
-7370
-7006
-6832
-6857
-6869
-6890
-6861
-6859
-6927
-6987
-7161
-7339
-7427
-7611
-7683
-7867
-8118
-8389
-8788
-8937
-9191
-9225
-9331
-9139
-8904
-8617
-8144
-7909
-7394
-7252
-6803
-6913
-6893
-6987
-7229
-7094
-7370
-7273
-7841
-8063
-8495
-8713
-8771
-8848
-8669
-8878
-8679
-8953
-8738
-8723
-8566
-8337
-8359
-7929
-7940
-7649
-7682
-7523
-7367
-7228
-6870
-6731
-6430
-6531
-6542
-6788
-7111
-7563
-8101
-8552
-8985
-9095
-9192
-9021
-8993
-8885
-8758
-8518
-8155
-7844
-7451
-7319
-7171
-7326
-7397
-7475
-7534
-7550
-7688
-7596
-7676
-7627
-7737
-7830
-7912
-8048
-7968
-7924
-7822
-7886
-7856
-7709
-7613
-7594
-7716
-7767
-7735
-7640
-7467
-7340
-7283
-7458
-7729
-7957
-8084
-8186
-8366
-8519
-8693
-8824
-9047
-9126
-9060
-8938
-8764
-8518
-8143
-7698
-7352
-7025
-6823
-6697
-6621
-6697
-6588
-6725
-6735
-6879
-6965
-7001
-7136
-7156
-7431
-7625
-7909
-8159
-8350
-8613
-8903
-9062
-9166
-9002
-8864
-8653
-8490
-8351
-8081
-7885
-7540
-7389
-7144
-7106
-6970
-6864
-6857
-6934
-7208
-7336
-7577
-7676
-7905
-8096
-8299
-8477
-8557
-8707
-8708
-8677
-8421
-8235
-8027
-7802
-7548
-7316
-7250
-7121
-6978
-6677
-6517
-6452
-6481
-6632
-6961
-7403
-7705
-8126
-8473
-8850
-9111
-9229
-9249
-9150
-8992
-8801
-8807
-8686
-8451
-8068
-7857
-7673
-7515
-7280
-7028
-6783
-6438
-6204
-6093
-6065
-6126
-6337
-6617
-7057
-7351
-7792
-7964
-8376
-8573
-9031
-9260
-9361
-9440
-9052
-8941
-8435
-8296
-7697
-7392
-6995
-6779
-6593
-6485
-6598
-6604
-6899
-6873
-7224
-7343
-7642
-7838
-8035
-8209
-8110
-8164
-8087
-8264
-8305
-8230
-8317
-8098
-8150
-7835
-7682
-7518
-7252
-7300
-6948
-7052
-6626
-6511
-6514
-6588
-6983
-7223
-7624
-7840
-8190
-8378
-8679
-8745
-8836
-8695
-8564
-8508
-8270
-8094
-7666
-7466
-7003
-6733
-6578
-6526
-6702
-6745
-6927
-6909
-6976
-6941
-7011
-7176
-7361
-7698
-7887
-8170
-8372
-8583
-8673
-8782
-8737
-8750
-8712
-8662
-8342
-7990
-7694
-7187
-6909
-6458
-6216
-6052
-6044
-6160
-6314
-6290
-6622
-6672
-7137
-7471
-7819
-8248
-8355
-8610
-8548
-8773
-8424
-8684
-8361
-8422
-8147
-7911
-7892
-7334
-7352
-6755
-6844
-6423
-6249
-6222
-6178
-6421
-6494
-6852
-7009
-7291
-7528
-7944
-8187
-8407
-8439
-8365
-8374
-8066
-8039
-7755
-7706
-7685
-7434
-7272
-6824
-6686
-6498
-6584
-6622
-6663
-6794
-6842
-7171
-7242
-7511
-7518
-7640
-7710
-7705
-7772
-7677
-7766
-7623
-7801
-7695
-7626
-7465
-7273
-7339
-7133
-7212
-6944
-6914
-6854
-6812
-6987
-6979
-7239
-7210
-7277
-7254
-7286
-7308
-7349
-7427
-7617
-7754
-7702
-7654
-7487
-7534
-7334
-7442
-7286
-7371
-7222
-7182
-7362
-7197
-7447
-7198
-7417
-7367
-7458
-7380
-7299
-7379
-7254
-7303
-7142
-7260
-7174
-7330
-7318
-7453
-7347
-7307
-7193
-7157
-7274
-7308
-7448
-7329
-7564
-7372
-7579
-7416
-7369
-7330
-7138
-7281
-7080
-7277
-7154
-7305
-7239
-7316
-7304
-7147
-7274
-7178
-7447
-7436
-7399
-7244
-7337
-7269
-7346
-7293
-7368
-7433
-7339
-7480
-7199
-7321
-7152
-7231
-7299
-7333
-7328
-7388
-7404
-7392
-7430
-7404
-7232
-7306
-7256
-7281
-7405
-7300
-7618
-7135
-7548
-7282
-7416
-7488
-7135
-7450
-7041
-7312
-6912
-7146
-7062
-7173
-7531
-7464
-7821
-7391
-7752
-7340
-7690
-7405
-7416
-7475
-6928
-7655
-6757
-7504
-6987
-7132
-7288
-6952
-7427
-6891
-7490
-7167
-7420
-7364
-7464
-7430
-7398
-7749
-7321
-7610
-7477
-7399
-7283
-7368
-7485
-7544
-7679
-7597
-7711
-7273
-7450
-7034
-7109
-7081
-7008
-7206
-7084
-7309
-7065
-7336
-7266
-7426
-7353
-7358
-7278
-7514
-7453
-7468
-7546
-7418
-7496
-7371
-7543
-7381
-7507
-7293
-7326
-7255
-7081
-7020
-6992
-6991
-7055
-6984
-7042
-6925
-7052
-7000
-7236
-7373
-7302
-7648
-7432
-7722
-7399
-7711
-7278
-7572
-7366
-7291
-7494
-7046
-7522
-7050
-7470
-7076
-7277
-7270
-7153
-7523
-7306
-7473
-7269
-7208
-7201
-7247
-7329
-7186
-7450
-7381
-7378
-7428
-7227
-7360
-7080
-7271
-7110
-7228
-7112
-6959
-7132
-6893
-7032
-6973
-7044
-7032
-7170
-7116
-7225
-7278
-7235
-7361
-7221
-7554
-7324
-7640
-7607
-7464
-7621
-7152
-7225
-6867
-6994
-6968
-6950
-6958
-6897
-6846
-6870
-6907
-6891
-7023
-6864
-7145
-7033
-7272
-7293
-7268
-7346
-7347
-7516
-7393
-7442
-7211
-7181
-7116
-7102
-6900
-6874
-6843
-6726
-7014
-6770
-7006
-6760
-6796
-6764
-6663
-6981
-6753
-7225
-7014
-7308
-7190
-7149
-7307
-7022
-7341
-6943
-7183
-7003
-7039
-7013
-6918
-7122
-6918
-7110
-6916
-6953
-6904
-6799
-6859
-6709
-6890
-6837
-6851
-7145
-6873
-7086
-6952
-6953
-6881
-6647
-6806
-6592
-6856
-6815
-6861
-6900
-6804
-6876
-6826
-6947
-6873
-6868
-6948
-6911
-7022
-6888
-7008
-6952
-6973
-6904
-6936
-6851
-6760
-6810
-6572
-6771
-6474
-6587
-6491
-6669
-6637
-6668
-6736
-6586
-6786
-6556
-6825
-6768
-7030
-6970
-7030
-7016
-6916
-6944
-6711
-6837
-6617
-6794
-6530
-6607
-6475
-6459
-6544
-6397
-6609
-6367
-6690
-6563
-6807
-6839
-6819
-6965
-6889
-7109
-7060
-7277
-7245
-7269
-7237
-7102
-6932
-6750
-6637
-6531
-6496
-6418
-6348
-6254
-6189
-6160
-6207
-6323
-6390
-6529
-6652
-6822
-6907
-6951
-7105
-7141
-7260
-7229
-7294
-7208
-7190
-7157
-6996
-6956
-6729
-6635
-6506
-6458
-6437
-6419
-6370
-6246
-6184
-6145
-6187
-6275
-6416
-6598
-6787
-6923
-7024
-7089
-7162
-7257
-7289
-7294
-7213
-7119
-6951
-6908
-6823
-6685
-6639
-6457
-6501
-6340
-6351
-6255
-6228
-6205
-6121
-6277
-6253
-6546
-6569
-6795
-6814
-6861
-6885
-6853
-6965
-6860
-7082
-6979
-7024
-6975
-6902
-6791
-6628
-6660
-6431
-6381
-6253
-6221
-6219
-6164
-6215
-6180
-6323
-6393
-6392
-6430
-6479
-6528
-6564
-6581
-6581
-6582
-6660
-6786
-6871
-6863
-6775
-6742
-6655
-6606
-6525
-6520
-6494
-6475
-6503
-6416
-6350
-6254
-6220
-6222
-6244
-6272
-6263
-6312
-6356
-6401
-6449
-6484
-6578
-6575
-6554
-6557
-6603
-6604
-6528
-6492
-6470
-6455
-6423
-6474
-6540
-6546
-6496
-6438
-6356
-6281
-6248
-6284
-6353
-6365
-6386
-6371
-6373
-6407
-6446
-6498
-6531
-6579
-6577
-6556
-6489
-6455
-6394
-6350
-6372
-6331
-6340
-6308
-6309
-6351
-6360
-6310
-6263
-6265
-6295
-6358
-6470
-6534
-6546
-6484
-6445
-6431
-6403
-6444
-6425
-6479
-6434
-6427
-6425
-6425
-6402
-6365
-6437
-6419
-6417
-6308
-6271
-6240
-6192
-6189
-6188
-6263
-6257
-6283
-6314
-6302
-6309
-6282
-6270
-6254
-6248
-6255
-6318
-6408
-6391
-6345
-6309
-6279
-6267
-6270
-6291
-6291
-6290
-6239
-6175
-6198
-6170
-6132
-6113
-6082
-6082
-6108
-6099
-6112
-6159
-6198
-6271
-6336
-6384
-6381
-6382
-6369
-6331
-6242
-6129
-6066
-6066
-6110
-6127
-6120
-6123
-6123
-6097
-6054
-6012
-6029
-6055
-6080
-6106
-6121
-6118
-6111
-6172
-6213
-6238
-6261
-6271
-6291
-6268
-6275
-6215
-6190
-6128
-6064
-6036
-6005
-6039
-5993
-5956
-5868
-5868
-5867
-5946
-6008
-6069
-6146
-6150
-6183
-6129
-6107
-6076
-6109
-6135
-6167
-6129
-6060
-6032
-6042
-6067
-6066
-6099
-6111
-6113
-6059
-6021
-5971
-5952
-5949
-5913
-5919
-5940
-5976
-6028
-6065
-6101
-6067
-6033
-6037
-6069
-6126
-6124
-6151
-6160
-6161
-6102
-6037
-6039
-6033
-6047
-6014
-6014
-5983
-5935
-5894
-5866
-5885
-5887
-5907
-5871
-5858
-5798
-5803
-5840
-5879
-5898
-5898
-5996
-6039
-6107
-6106
-6117
-6087
-6018
-5997
-5967
-6002
-5972
-5992
-5985
-5931
-5862
-5792
-5832
-5836
-5888
-5855
-5897
-5934
-5922
-5974
-5946
-6000
-5987
-6039
-5994
-5954
-5903
-5877
-5866
-5825
-5863
-5843
-5920
-5926
-5953
-5862
-5808
-5771
-5708
-5651
-5644
-5710
-5748
-5812
-5817
-5818
-5783
-5813
-5826
-5859
-5844
-5857
-5859
-5879
-5898
-5840
-5842
-5846
-5886
-5837
-5770
-5727
-5682
-5634
-5600
-5596
-5593
-5603
-5642
-5697
-5728
-5716
-5708
-5689
-5675
-5660
-5690
-5771
-5834
-5900
-5882
-5861
-5833
-5807
-5802
-5779
-5769
-5747
-5703
-5657
-5612
-5592
-5594
-5588
-5594
-5580
-5560
-5540
-5537
-5564
-5582
-5631
-5669
-5735
-5790
-5845
-5903
-5894
-5908
-5869
-5805
-5742
-5718
-5707
-5709
-5683
-5645
-5573
-5504
-5485
-5448
-5481
-5486
-5543
-5570
-5555
-5539
-5534
-5566
-5622
-5672
-5700
-5734
-5726
-5730
-5700
-5701
-5685
-5669
-5681
-5626
-5669
-5653
-5645
-5641
-5562
-5556
-5488
-5500
-5497
-5558
-5600
-5638
-5653
-5599
-5650
-5634
-5712
-5704
-5703
-5654
-5591
-5545
-5506
-5544
-5532
-5568
-5555
-5588
-5567
-5557
-5533
-5509
-5524
-5559
-5616
-5663
-5739
-5735
-5763
-5719
-5728
-5676
-5600
-5612
-5596
-5661
-5647
-5631
-5580
-5543
-5504
-5453
-5428
-5396
-5402
-5391
-5402
-5407
-5480
-5534
-5631
-5681
-5713
-5736
-5713
-5739
-5721
-5732
-5668
-5631
-5616
-5623
-5635
-5618
-5567
-5510
-5461
-5423
-5415
-5413
-5437
-5452
-5509
-5521
-5526
-5483
-5495
-5532
-5578
-5639
-5642
-5624
-5619
-5604
-5588
-5616
-5619
-5618
-5553
-5511
-5458
-5398
-5366
-5298
-5261
-5235
-5257
-5340
-5332
-5386
-5432
-5491
-5509
-5500
-5509
-5510
-5653
-5674
-5743
-5695
-5674
-5672
-5623
-5670
-5597
-5600
-5558
-5522
-5482
-5341
-5321
-5250
-5277
-5295
-5255
-5286
-5234
-5316
-5315
-5377
-5365
-5367
-5449
-5453
-5561
-5548
-5563
-5548
-5546
-5540
-5505
-5533
-5477
-5505
-5459
-5454
-5436
-5384
-5356
-5302
-5331
-5280
-5312
-5238
-5205
-5157
-5170
-5202
-5247
-5310
-5329
-5382
-5395
-5461
-5407
-5440
-5368
-5383
-5362
-5378
-5426
-5362
-5405
-5338
-5355
-5264
-5216
-5192
-5182
-5220
-5196
-5223
-5193
-5233
-5237
-5238
-5226
-5250
-5285
-5313
-5290
-5284
-5261
-5273
-5333
-5319
-5339
-5249
-5297
-5244
-5250
-5193
-5146
-5140
-5090
-5158
-5158
-5271
-5203
-5220
-5172
-5137
-5138
-5115
-5199
-5193
-5244
-5204
-5241
-5221
-5230
-5259
-5262
-5294
-5236
-5246
-5185
-5200
-5208
-5214
-5200
-5191
-5212
-5206
-5206
-5129
-5127
-5069
-5117
-5144
-5157
-5167
-5171
-5268
-5275
-5311
-5244
-5208
-5191
-5194
-5237
-5243
-5268
-5232
-5196
-5165
-5141
-5139
-5208
-5266
-5288
-5273
-5216
-5203
-5198
-5239
-5223
-5201
-5183
-5177
-5253
-5184
-5182
-5114
-5082
-5081
-5050
-5125
-5092
-5113
-5065
-5094
-5048
-5050
-5112
-5111
-5141
-5125
-5180
-5196
-5258
-5217
-5209
-5193
-5238
-5266
-5197
-5207
-5155
-5150
-5064
-5011
-5006
-5007
-5032
-5018
-5011
-4982
-4970
-4966
-4970
-4924
-4913
-4922
-4986
-5069
-5082
-5125
-5093
-5136
-5155
-5137
-5130
-5101
-5130
-5072
-5019
-4995
-4956
-4961
-4942
-4918
-4896
-4847
-4828
-4789
-4799
-4810
-4824
-4867
-4897
-4954
-5001
-5057
-5051
-5006
-4973
-4941
-4966
-4972
-5028
-5013
-5000
-4974
-4942
-4963
-4873
-4857
-4788
-4828
-4833
-4781
-4783
-4793
-4858
-4852
-4913
-4930
-4955
-4933
-4915
-4943
-4933
-4936
-4957
-5040
-5048
-5039
-5012
-4980
-4970
-4912
-4883
-4830
-4806
-4764
-4778
-4810
-4793
-4822
-4756
-4738
-4722
-4717
-4770
-4807
-4884
-4922
-4926
-4931
-4952
-4988
-4992
-4999
-5007
-4968
-4929
-4876
-4865
-4834
-4845
-4844
-4831
-4835
-4809
-4857
-4838
-4838
-4813
-4857
-4883
-4890
-4915
-4931
-4983
-4949
-4940
-4920
-4909
-4920
-4930
-4936
-4930
-4908
-4874
-4811
-4808
-4830
-4856
-4861
-4857
-4841
-4810
-4830
-4840
-4871
-4836
-4893
-4943
-4983
-4998
-4948
-4939
-4891
-4946
-4886
-4852
-4860
-4837
-4882
-4856
-4858
-4805
-4821
-4841
-4853
-4848
-4799
-4807
-4803
-4800
-4759
-4782
-4783
-4838
-4881
-4908
-4882
-4807
-4853
-4808
-4807
-4762
-4764
-4768
-4787
-4830
-4804
-4819
-4789
-4783
-4721
-4737
-4730
-4784
-4817
-4808
-4791
-4768
-4809
-4765
-4784
-4748
-4765
-4776
-4703
-4698
-4687
-4728
-4722
-4744
-4772
-4715
-4740
-4692
-4721
-4664
-4655
-4685
-4710
-4780
-4723
-4735
-4719
-4758
-4746
-4724
-4658
-4623
-4673
-4717
-4743
-4732
-4708
-4698
-4691
-4680
-4665
-4667
-4709
-4671
-4648
-4631
-4660
-4650
-4671
-4707
-4727
-4734
-4685
-4687
-4704
-4710
-4681
-4703
-4783
-4804
-4746
-4735
-4765
-4792
-4742
-4674
-4656
-4652
-4651
-4657
-4650
-4698
-4724
-4673
-4649
-4650
-4660
-4659
-4689
-4692
-4675
-4661
-4655
-4629
-4633
-4619
-4653
-4650
-4657
-4619
-4597
-4616
-4577
-4601
-4553
-4607
-4600
-4587
-4588
-4590
-4578
-4575
-4555
-4575
-4569
-4565
-4613
-4612
-4661
-4576
-4584
-4566
-4632
-4595
-4558
-4548
-4504
-4523
-4421
-4484
-4442
-4506
-4504
-4507
-4512
-4488
-4507
-4463
-4517
-4407
-4455
-4412
-4506
-4468
-4460
-4516
-4436
-4515
-4381
-4449
-4399
-4486
-4455
-4428
-4467
-4451
-4470
-4356
-4401
-4360
-4474
-4397
-4411
-4338
-4322
-4354
-4330
-4458
-4338
-4438
-4332
-4354
-4317
-4267
-4292
-4216
-4306
-4328
-4367
-4324
-4358
-4354
-4411
-4322
-4346
-4309
-4353
-4354
-4326
-4396
-4283
-4369
-4268
-4348
-4293
-4333
-4305
-4292
-4298
-4243
-4253
-4206
-4263
-4255
-4306
-4266
-4323
-4294
-4303
-4267
-4313
-4267
-4288
-4294
-4360
-4317
-4338
-4355
-4272
-4270
-4247
-4187
-4261
-4299
-4102
-4272
-4094
-4288
-4094
-4253
-4169
-4221
-4291
-4158
-4308
-4111
-4346
-4163
-4361
-4208
-4373
-4170
-4359
-4387
-4158
-4331
-4064
-4307
-4114
-4254
-4142
-4182
-4201
-4172
-4280
-4095
-4245
-4134
-4258
-4245
-4197
-4231
-4169
-4272
-4186
-4221
-4207
-4266
-4219
-4217
-4203
-4191
-4181
-4109
-4153
-4067
-4192
-4173
-4176
-4155
-4165
-4138
-4110
-4132
-4136
-4148
-4109
-4132
-4127
-4194
-4128
-4136
-4071
-4178
-4073
-4129
-4113
-4129
-4141
-4036
-4202
-4075
-4264
-4088
-4254
-4118
-4125
-4108
-4007
-4199
-4015
-4237
-4094
-4229
-4102
-4113
-4114
-4071
-4086
-3990
-4104
-4035
-4121
-4051
-4116
-4118
-4140
-4110
-4104
-4089
-4098
-4110
-4094
-4115
-4062
-4119
-4096
-4122
-4069
-4122
-4148
-4138
-4080
-4003
-4018
-4022
-4038
-4041
-4083
-4117
-4102
-4078
-4129
-4085
-4095
-4059
-4077
-4090
-4080
-4098
-4086
-4114
-4057
-4088
-4013
-4000
-4022
-4053
-4096
-4050
-4068
-4023
-4036
-4039
-4034
-4049
-4056
-4092
-4023
-4009
-3978
-4022
-4043
-4011
-4066
-4037
-4067
-4049
-4040
-4020
-3974
-3984
-3995
-3992
-3985
-3981
-3998
-3979
-3962
-3942
-3939
-3968
-3980
-4009
-3946
-3967
-3935
-3932
-3933
-3952
-3966
-3948
-3961
-3978
-3994
-3919
-3918
-3909
-3952
-3909
-3931
-3979
-4003
-4019
-3944
-3956
-3931
-3915
-3905
-3922
-3929
-3916
-3945
-3924
-3929
-3879
-3919
-3942
-3926
-3917
-3844
-3904
-3852
-3902
-3859
-3902
-3929
-3898
-3935
-3888
-3937
-3823
-3810
-3782
-3833
-3792
-3834
-3869
-3865
-3868
-3773
-3851
-3796
-3846
-3759
-3816
-3819
-3789
-3830
-3761
-3844
-3784
-3826
-3814
-3831
-3798
-3751
-3766
-3779
-3810
-3745
-3812
-3821
-3825
-3776
-3758
-3777
-3706
-3675
-3631
-3751
-3779
-3740
-3716
-3689
-3734
-3656
-3722
-3722
-3743
-3677
-3625
-3690
-3699
-3712
-3657
-3725
-3719
-3709
-3671
-3690
-3697
-3665
-3624
-3630
-3646
-3610
-3579
-3597
-3672
-3648
-3658
-3617
-3650
-3583
-3596
-3620
-3651
-3708
-3662
-3698
-3673
-3681
-3626
-3622
-3604
-3606
-3592
-3649
-3671
-3675
-3705
-3649
-3671
-3604
-3606
-3586
-3643
-3673
-3651
-3653
-3646
-3635
-3594
-3594
-3637
-3680
-3656
-3661
-3654
-3664
-3629
-3667
-3611
-3625
-3666
-3608
-3639
-3582
-3608
-3584
-3595
-3617
-3578
-3601
-3616
-3657
-3679
-3637
-3591
-3592
-3612
-3652
-3585
-3638
-3596
-3564
-3569
-3559
-3603
-3543
-3649
-3621
-3594
-3575
-3535
-3536
-3537
-3521
-3496
-3528
-3584
-3595
-3599
-3511
-3590
-3562
-3566
-3583
-3493
-3556
-3471
-3614
-3503
-3597
-3528
-3558
-3550
-3524
-3571
-3508
-3657
-3521
-3580
-3441
-3576
-3513
-3559
-3493
-3496
-3608
-3484
-3534
-3420
-3516
-3428
-3551
-3462
-3537
-3596
-3533
-3612
-3485
-3553
-3465
-3452
-3500
-3477
-3542
-3497
-3518
-3499
-3472
-3529
-3455
-3530
-3442
-3476
-3459
-3442
-3496
-3435
-3497
-3494
-3500
-3480
-3434
-3473
-3408
-3417
-3456
-3388
-3479
-3375
-3471
-3431
-3442
-3433
-3387
-3430
-3413
-3467
-3393
-3441
-3355
-3427
-3405
-3420
-3464
-3353
-3376
-3407
-3416
-3405
-3341
-3324
-3392
-3352
-3400
-3349
-3388
-3361
-3357
-3345
-3270
-3397
-3265
-3366
-3291
-3352
-3322
-3326
-3377
-3288
-3391
-3235
-3320
-3293
-3325
-3276
-3344
-3294
-3294
-3279
-3208
-3270
-3213
-3262
-3193
-3234
-3219
-3232
-3200
-3269
-3249
-3295
-3280
-3275
-3260
-3237
-3290
-3214
-3298
-3177
-3232
-3218
-3301
-3316
-3255
-3325
-3256
-3322
-3197
-3274
-3216
-3186
-3230
-3187
-3323
-3196
-3267
-3238
-3260
-3280
-3220
-3263
-3174
-3221
-3118
-3188
-3190
-3237
-3249
-3185
-3237
-3202
-3219
-3143
-3183
-3154
-3205
-3200
-3207
-3194
-3180
-3224
-3211
-3223
-3140
-3152
-3142
-3196
-3139
-3151
-3173
-3161
-3168
-3120
-3186
-3171
-3198
-3164
-3159
-3147
-3122
-3151
-3163
-3189
-3151
-3184
-3165
-3174
-3149
-3090
-3096
-3103
-3150
-3131
-3147
-3157
-3188
-3186
-3145
-3144
-3094
-3112
-3121
-3169
-3156
-3127
-3155
-3163
-3215
-3158
-3157
-3149
-3179
-3167
-3110
-3131
-3133
-3167
-3153
-3185
-3182
-3215
-3213
-3196
-3152
-3105
-3122
-3112
-3144
-3106
-3148
-3151
-3169
-3150
-3145
-3154
-3091
-3104
-3068
-3120
-3086
-3105
-3107
-3139
-3187
-3130
-3134
-3150
-3200
-3152
-3136
-3104
-3096
-3105
-3095
-3097
-3071
-3122
-3104
-3100
-3117
-3076
-3130
-3095
-3135
-3128
-3111
-3140
-3091
-3145
-3059
-3104
-3100
-3109
-3129
-3049
-3092
-3019
-3075
-3014
-3019
-3024
-3031
-3086
-3054
-3128
-3018
-3079
-3033
-3085
-3057
-3038
-3085
-3039
-3125
-3026
-3069
-2994
-3013
-3053
-2979
-3053
-2968
-3038
-3042
-2972
-3067
-2925
-3036
-2922
-2979
-2985
-2945
-3048
-2899
-3035
-2925
-3021
-2951
-2998
-2998
-2934
-2984
-2908
-2999
-2894
-2973
-2966
-2980
-2978
-2934
-2982
-2953
-2955
-2904
-2948
-2976
-2957
-2960
-2963
-2984
-2964
-2964
-2956
-2983
-2972
-2947
-2935
-2945
-2958
-2930
-2921
-2939
-2974
-2964
-2971
-2948
-2953
-2938
-2916
-2933
-2946
-2950
-2955
-2988
-3001
-2977
-2938
-2907
-2862
-2885
-2892
-2891
-2933
-2914
-2901
-2899
-2908
-2900
-2864
-2860
-2875
-2882
-2880
-2859
-2867
-2865
-2862
-2890
-2865
-2898
-2889
-2916
-2914
-2873
-2852
-2830
-2839
-2817
-2855
-2828
-2894
-2866
-2846
-2850
-2839
-2866
-2778
-2817
-2817
-2838
-2806
-2803
-2816
-2816
-2832
-2802
-2816
-2807
-2837
-2844
-2858
-2848
-2839
-2821
-2824
-2823
-2807
-2807
-2809
-2791
-2776
-2748
-2733
-2760
-2755
-2778
-2782
-2786
-2762
-2748
-2751
-2784
-2794
-2764
-2758
-2758
-2769
-2730
-2713
-2748
-2742
-2764
-2768
-2794
-2792
-2753
-2771
-2754
-2777
-2736
-2748
-2760
-2766
-2804
-2796
-2805
-2744
-2743
-2720
-2722
-2762
-2767
-2795
-2782
-2823
-2767
-2756
-2751
-2777
-2797
-2767
-2793
-2765
-2826
-2802
-2813
-2754
-2767
-2794
-2792
-2854
-2808
-2784
-2733
-2763
-2787
-2806
-2788
-2827
-2838
-2812
-2775
-2746
-2747
-2736
-2757
-2754
-2794
-2782
-2826
-2856
-2870
-2862
-2818
-2813
-2762
-2805
-2782
-2793
-2827
-2771
-2821
-2749
-2798
-2714
-2741
-2784
-2693
-2806
-2732
-2833
-2742
-2803
-2791
-2735
-2826
-2717
-2841
-2759
-2747
-2787
-2735
-2776
-2718
-2755
-2749
-2736
-2766
-2728
-2785
-2731
-2787
-2725
-2706
-2765
-2734
-2785
-2743
-2751
-2772
-2766
-2774
-2732
-2701
-2749
-2679
-2723
-2657
-2679
-2684
-2700
-2732
-2643
-2666
-2629
-2702
-2644
-2674
-2652
-2668
-2679
-2646
-2660
-2658
-2678
-2616
-2654
-2620
-2659
-2626
-2673
-2663
-2617
-2680
-2586
-2656
-2618
-2606
-2610
-2612
-2645
-2591
-2599
-2581
-2629
-2587
-2661
-2668
-2630
-2620
-2574
-2579
-2568
-2608
-2588
-2623
-2581
-2622
-2611
-2616
-2628
-2583
-2639
-2600
-2575
-2578
-2533
-2591
-2621
-2592
-2583
-2561
-2587
-2550
-2561
-2550
-2580
-2570
-2573
-2574
-2578
-2538
-2593
-2628
-2609
-2629
-2512
-2593
-2535
-2633
-2568
-2526
-2613
-2572
-2632
-2520
-2599
-2527
-2580
-2526
-2500
-2559
-2458
-2615
-2551
-2603
-2553
-2581
-2591
-2570
-2616
-2514
-2605
-2541
-2547
-2580
-2555
-2616
-2639
-2605
-2581
-2558
-2580
-2548
-2578
-2602
-2567
-2614
-2637
-2581
-2604
-2578
-2554
-2578
-2534
-2591
-2510
-2620
-2553
-2568
-2592
-2574
-2627
-2511
-2614
-2488
-2573
-2541
-2522
-2550
-2504
-2572
-2476
-2585
-2523
-2608
-2627
-2550
-2568
-2499
-2518
-2480
-2551
-2534
-2542
-2567
-2565
-2557
-2537
-2563
-2548
-2560
-2501
-2581
-2544
-2577
-2597
-2563
-2643
-2570
-2647
-2581
-2605
-2602
-2586
-2608
-2581
-2571
-2552
-2548
-2565
-2649
-2603
-2691
-2583
-2600
-2539
-2536
-2599
-2517
-2599
-2563
-2624
-2596
-2600
-2583
-2587
-2597
-2540
-2584
-2567
-2547
-2580
-2572
-2553
-2516
-2524
-2561
-2547
-2574
-2547
-2553
-2590
-2560
-2550
-2519
-2529
-2557
-2559
-2532
-2506
-2525
-2482
-2506
-2493
-2498
-2550
-2514
-2514
-2531
-2517
-2544
-2531
-2544
-2524
-2527
-2554
-2480
-2551
-2511
-2531
-2528
-2517
-2499
-2480
-2500
-2463
-2512
-2476
-2491
-2448
-2495
-2492
-2534
-2551
-2525
-2513
-2443
-2518
-2451
-2490
-2459
-2482
-2533
-2508
-2557
-2537
-2528
-2503
-2523
-2471
-2498
-2474
-2494
-2494
-2447
-2503
-2469
-2542
-2492
-2478
-2501
-2485
-2517
-2502
-2492
-2489
-2480
-2512
-2502
-2516
-2549
-2526
-2576
-2484
-2539
-2510
-2502
-2510
-2481
-2518
-2457
-2560
-2506
-2509
-2516
-2511
-2505
-2516
-2542
-2490
-2565
-2478
-2522
-2521
-2514
-2545
-2498
-2553
-2454
-2545
-2485
-2496
-2531
-2440
-2515
-2440
-2545
-2500
-2501
-2535
-2473
-2539
-2510
-2549
-2496
-2548
-2512
-2529
-2517
-2466
-2524
-2457
-2536
-2425
-2485
-2436
-2478
-2485
-2442
-2503
-2424
-2526
-2455
-2534
-2460
-2475
-2487
-2477
-2520
-2438
-2513
-2464
-2539
-2459
-2464
-2519
-2459
-2533
-2436
-2509
-2437
-2507
-2508
-2431
-2527
-2403
-2506
-2478
-2520
-2491
-2487
-2527
-2481
-2512
-2489
-2534
-2496
-2514
-2480
-2440
-2473
-2437
-2478
-2456
-2464
-2483
-2464
-2511
-2458
-2490
-2459
-2511
-2483
-2463
-2486
-2446
-2491
-2480
-2488
-2425
-2443
-2473
-2489
-2494
-2475
-2477
-2509
-2500
-2527
-2509
-2474
-2527
-2492
-2480
-2529
-2479
-2510
-2501
-2491
-2554
-2520
-2544
-2479
-2530
-2499
-2534
-2532
-2483
-2519
-2472
-2536
-2494
-2548
-2527
-2532
-2554
-2495
-2531
-2464
-2497
-2492
-2490
-2540
-2484
-2506
-2487
-2502
-2504
-2491
-2516
-2480
-2480
-2518
-2519
-2497
-2519
-2505
-2535
-2507
-2482
-2492
-2475
-2513
-2490
-2509
-2508
-2513
-2524
-2488
-2520
-2514
-2555
-2535
-2536
-2533
-2524
-2513
-2465
-2483
-2424
-2494
-2456
-2488
-2474
-2520
-2558
-2504
-2561
-2485
-2497
-2424
-2486
-2492
-2499
-2474
-2442
-2513
-2478
-2507
-2446
-2441
-2459
-2430
-2458
-2450
-2466
-2454
-2490
-2505
-2517
-2533
-2448
-2493
-2444
-2489
-2438
-2435
-2486
-2487
-2553
-2493
-2536
-2495
-2506
-2478
-2454
-2490
-2474
-2527
-2495
-2489
-2536
-2508
-2561
-2510
-2512
-2519
-2506
-2504
-2475
-2506
-2469
-2511
-2503
-2521
-2524
-2572
-2586
-2559
-2539
-2503
-2517
-2509
-2548
-2530
-2538
-2579
-2561
-2542
-2518
-2505
-2526
-2535
-2535
-2509
-2500
-2497
-2531
-2501
-2534
-2506
-2476
-2576
-2495
-2534
-2457
-2520
-2516
-2513
-2556
-2480
-2581
-2506
-2612
-2543
-2557
-2565
-2522
-2513
-2502
-2560
-2507
-2576
-2517
-2575
-2528
-2559
-2524
-2522
-2571
-2531
-2607
-2542
-2595
-2540
-2548
-2559
-2571
-2585
-2556
-2563
-2563
-2587
-2558
-2542
-2525
-2570
-2559
-2587
-2551
-2528
-2539
-2548
-2509
-2469
-2495
-2533
-2552
-2522
-2520
-2497
-2491
-2487
-2530
-2498
-2532
-2527
-2579
-2564
-2545
-2517
-2521
-2594
-2560
-2614
-2536
-2604
-2547
-2553
-2536
-2474
-2545
-2543
-2602
-2553
-2609
-2544
-2556
-2558
-2529
-2538
-2511
-2589
-2550
-2613
-2577
-2582
-2567
-2600
-2575
-2550
-2566
-2551
-2600
-2569
-2633
-2570
-2627
-2573
-2579
-2550
-2598
-2603
-2625
-2633
-2537
-2603
-2563
-2624
-2535
-2701
-2602
-2640
-2658
-2573
-2623
-2548
-2670
-2523
-2624
-2573
-2604
-2702
-2624
-2676
-2583
-2654
-2593
-2602
-2654
-2622
-2640
-2624
-2668
-2604
-2628
-2592
-2664
-2697
-2631
-2622
-2616
-2639
-2639
-2669
-2618
-2683
-2607
-2666
-2641
-2640
-2685
-2601
-2697
-2585
-2662
-2634
-2658
-2717
-2658
-2691
-2589
-2620
-2595
-2622
-2620
-2587
-2638
-2639
-2616
-2596
-2627
-2628
-2639
-2618
-2638
-2636
-2635
-2631
-2613
-2628
-2605
-2613
-2629
-2675
-2634
-2653
-2650
-2641
-2629
-2588
-2621
-2638
-2696
-2672
-2677
-2647
-2660
-2623
-2615
-2625
-2614
-2686
-2657
-2734
-2677
-2650
-2659
-2670
-2682
-2655
-2696
-2649
-2676
-2644
-2660
-2652
-2639
-2680
-2669
-2707
-2668
-2690
-2679
-2682
-2684
-2649
-2672
-2665
-2703
-2672
-2705
-2699
-2685
-2696
-2696
-2716
-2659
-2686
-2650
-2668
-2664
-2661
-2674
-2661
-2694
-2690
-2689
-2680
-2677
-2672
-2711
-2696
-2685
-2679
-2683
-2719
-2714
-2732
-2711
-2693
-2718
-2701
-2728
-2706
-2764
-2748
-2745
-2766
-2714
-2721
-2664
-2745
-2714
-2734
-2720
-2734
-2777
-2721
-2747
-2715
-2757
-2711
-2744
-2742
-2719
-2736
-2684
-2737
-2747
-2749
-2766
-2794
-2759
-2722
-2729
-2722
-2778
-2725
-2721
-2761
-2756
-2807
-2736
-2753
-2718
-2722
-2717
-2715
-2749
-2702
-2753
-2691
-2743
-2690
-2702
-2777
-2759
-2763
-2699
-2739
-2781
-2795
-2738
-2754
-2759
-2805
-2782
-2754
-2791
-2708
-2780
-2745
-2780
-2777
-2724
-2781
-2751
-2794
-2738
-2767
-2765
-2715
-2689
-2707
-2772
-2774
-2777
-2709
-2775
-2765
-2754
-2775
-2781
-2790
-2714
-2758
-2744
-2749
-2725
-2743
-2797
-2771
-2785
-2752
-2779
-2781
-2804
-2799
-2750
-2765
-2744
-2773
-2778
-2781
-2781
-2762
-2770
-2754
-2776
-2743
-2775
-2759
-2793
-2813
-2795
-2821
-2780
-2805
-2752
-2828
-2788
-2814
-2807
-2784
-2840
-2796
-2855
-2790
-2808
-2811
-2830
-2829
-2815
-2790
-2786
-2781
-2793
-2845
-2819
-2833
-2783
-2797
-2817
-2782
-2807
-2794
-2796
-2823
-2798
-2830
-2801
-2812
-2777
-2795
-2806
-2797
-2799
-2755
-2821
-2777
-2840
-2791
-2791
-2805
-2803
-2824
-2785
-2832
-2796
-2857
-2805
-2884
-2844
-2847
-2817
-2786
-2882
-2772
-2883
-2770
-2896
-2836
-2815
-2849
-2769
-2874
-2759
-2862
-2760
-2839
-2812
-2805
-2844
-2780
-2810
-2749
-2845
-2778
-2898
-2757
-2817
-2801
-2728
-2850
-2737
-2853
-2701
-2787
-2707
-2717
-2789
-2703
-2783
-2775
-2756
-2791
-2786
-2796
-2789
-2723
-2821
-2753
-2768
-2728
-2802
-2785
-2806
-2776
-2705
-2907
-2694
-2817
-2737
-2629
-2988
-2650
-2874
-2698
-2692
-2881
-2667
-2783
-2850
-2881
-2625
-2903
-2704
-2727
-2801
-2755
-2831
-2741
-2691
-2889
-2610
-2841
-2727
-2695
-2876
-2526
-3083
-2434
-2897
-2734
-2591
-2954
-2565
-2933
-2646
-2897
-2721
-2722
-2875
-2585
-2969
-2552
-2991
-2575
-2896
-2874
-2510
-3129
-2380
-3102
-2431
-3045
-2612
-2760
-2991
-2384
-3218
-2425
-3022
-2641
-2924
-2857
-2633
-3034
-2568
-2925
-2787
-2728
-2869
-2686
-2887
-2695
-2828
-2803
-2746
-2830
-2763
-2884
-2679
-2890
-2785
-2822
-2835
-2806
-2783
-2878
-2795
-2886
-2766
-2823
-2767
-2779
-2934
-2704
-2941
-2669
-2988
-2713
-2841
-2736
-2825
-2854
-2711
-2968
-2632
-3005
-2717
-2936
-2806
-2886
-2865
-2858
-2960
-2728
-2913
-2696
-2923
-2754
-2872
-2798
-2819
-2907
-2829
-2897
-2778
-2919
-2839
-2866
-2821
-2799
-2804
-2853
-2854
-2817
-2786
-2803
-2867
-2892
-2908
-2835
-2868
-2846
-2808
-2821
-2778
-2836
-2886
-2832
-2867
-2782
-2841
-2836
-2870
-2841
-2777
-2876
-2838
-2909
-2792
-2824
-2814
-2840
-2835
-2766
-2823
-2786
-2876
-2800
-2855
-2828
-2841
-2871
-2846
-2895
-2843
-2905
-2840
-2892
-2806
-2860
-2906
-2863
-2914
-2752
-2866
-2811
-2892
-2861
-2821
-2876
-2818
-2925
-2803
-2878
-2829
-2861
-2936
-2843
-2909
-2867
-2912
-2929
-2935
-2939
-2883
-2929
-2912
-2930
-2901
-2940
-2925
-2909
-2900
-2817
-2900
-2864
-2965
-2919
-2907
-2985
-2879
-2995
-2939
-3006
-3044
-2951
-3086
-2945
-3049
-2931
-2966
-3056
-2998
-3111
-2919
-3143
-2971
-3101
-3010
-2999
-3085
-2944
-3127
-2933
-3161
-2959
-3065
-2985
-2988
-3066
-2952
-3090
-2945
-3114
-3011
-3118
-3092
-3151
-3110
-3084
-3146
-3086
-3136
-3030
-3107
-3063
-3141
-3092
-3086
-3093
-3107
-3130
-3082
-3074
-3033
-3094
-3114
-3108
-3075
-3086
-3106
-3165
-3113
-3134
-3114
-3168
-3191
-3128
-3137
-3127
-3196
-3160
-3178
-3128
-3152
-3166
-3156
-3132
-3081
-3132
-3147
-3151
-3108
-3083
-3159
-3154
-3133
-3116
-3118
-3156
-3105
-3157
-3127
-3177
-3185
-3152
-3161
-3120
-3156
-3124
-3152
-3135
-3123
-3110
-3102
-3131
-3116
-3123
-3092
-3127
-3131
-3118
-3119
-3100
-3124
-3090
-3118
-3064
-3040
-3085
-3103
-3127
-3071
-3088
-3079
-3149
-3177
-3178
-3150
-3120
-3147
-3111
-3136
-3052
-3097
-3117
-3111
-3112
-3054
-3075
-3077
-3142
-3115
-3119
-3137
-3170
-3177
-3112
-3127
-3146
-3140
-3125
-3120
-3125
-3155
-3164
-3183
-3162
-3172
-3135
-3120
-3134
-3105
-3134
-3126
-3209
-3186
-3165
-3151
-3175
-3205
-3166
-3201
-3152
-3194
-3165
-3220
-3203
-3165
-3191
-3205
-3286
-3174
-3177
-3167
-3235
-3233
-3177
-3203
-3207
-3250
-3174
-3190
-3192
-3201
-3176
-3183
-3224
-3187
-3175
-3162
-3240
-3245
-3204
-3216
-3272
-3279
-3206
-3171
-3222
-3278
-3277
-3225
-3194
-3226
-3217
-3212
-3175
-3217
-3228
-3221
-3255
-3232
-3254
-3194
-3255
-3276
-3240
-3208
-3198
-3277
-3220
-3220
-3182
-3259
-3278
-3244
-3259
-3260
-3257
-3233
-3240
-3213
-3200
-3180
-3202
-3219
-3244
-3159
-3215
-3215
-3272
-3213
-3201
-3201
-3215
-3262
-3205
-3246
-3194
-3269
-3224
-3288
-3219
-3230
-3260
-3328
-3277
-3270
-3282
-3300
-3337
-3216
-3231
-3206
-3315
-3247
-3244
-3216
-3309
-3290
-3320
-3296
-3254
-3274
-3228
-3268
-3195
-3221
-3174
-3216
-3235
-3259
-3240
-3295
-3328
-3311
-3288
-3292
-3324
-3307
-3312
-3268
-3284
-3289
-3240
-3246
-3272
-3224
-3262
-3262
-3342
-3317
-3308
-3338
-3340
-3351
-3270
-3291
-3259
-3344
-3294
-3298
-3322
-3319
-3413
-3347
-3358
-3331
-3324
-3349
-3349
-3337
-3292
-3353
-3393
-3417
-3334
-3331
-3342
-3328
-3380
-3267
-3347
-3315
-3360
-3350
-3340
-3396
-3320
-3393
-3390
-3416
-3341
-3322
-3346
-3390
-3362
-3356
-3379
-3346
-3345
-3308
-3324
-3305
-3341
-3346
-3322
-3373
-3369
-3403
-3407
-3386
-3331
-3301
-3331
-3356
-3360
-3262
-3336
-3312
-3357
-3333
-3327
-3354
-3354
-3391
-3315
-3366
-3303
-3356
-3322
-3378
-3359
-3352
-3423
-3400
-3429
-3318
-3362
-3320
-3347
-3307
-3297
-3420
-3358
-3394
-3326
-3341
-3294
-3245
-3277
-3269
-3348
-3307
-3354
-3359
-3388
-3368
-3382
-3411
-3412
-3392
-3352
-3354
-3353
-3379
-3316
-3348
-3330
-3353
-3357
-3347
-3276
-3347
-3364
-3432
-3388
-3436
-3436
-3413
-3506
-3290
-3475
-3347
-3492
-3391
-3431
-3391
-3374
-3457
-3382
-3514
-3301
-3536
-3330
-3553
-3393
-3455
-3457
-3335
-3554
-3353
-3530
-3340
-3537
-3431
-3495
-3458
-3404
-3518
-3406
-3476
-3401
-3504
-3390
-3516
-3419
-3488
-3381
-3459
-3538
-3357
-3495
-3317
-3539
-3443
-3465
-3414
-3450
-3517
-3437
-3513
-3419
-3521
-3461
-3455
-3396
-3383
-3432
-3430
-3528
-3475
-3442
-3425
-3480
-3526
-3365
-3410
-3377
-3526
-3445
-3399
-3414
-3382
-3544
-3336
-3511
-3441
-3512
-3456
-3373
-3536
-3337
-3492
-3380
-3501
-3474
-3387
-3455
-3382
-3435
-3387
-3430
-3323
-3449
-3392
-3354
-3429
-3286
-3507
-3448
-3352
-3494
-3385
-3472
-3400
-3559
-3356
-3215
-3472
-3465
-3302
-3400
-3516
-3212
-3641
-3221
-3414
-3481
-3254
-3507
-3322
-3435
-3282
-3420
-3295
-3500
-3488
-3319
-3489
-3432
-3397
-3386
-3287
-3501
-3399
-3329
-3583
-3200
-3526
-3494
-3329
-3535
-3509
-3403
-3409
-3484
-3348
-3554
-3391
-3426
-3422
-3375
-3464
-3288
-3517
-3405
-3477
-3472
-3431
-3588
-3387
-3562
-3471
-3511
-3434
-3454
-3559
-3315
-3521
-3534
-3476
-3395
-3461
-3474
-3543
-3464
-3395
-3529
-3383
-3562
-3401
-3511
-3470
-3359
-3533
-3368
-3530
-3418
-3520
-3474
-3538
-3526
-3536
-3529
-3487
-3510
-3312
-3607
-3369
-3529
-3489
-3488
-3570
-3406
-3524
-3480
-3373
-3533
-3435
-3538
-3541
-3403
-3592
-3418
-3686
-3425
-3584
-3443
-3514
-3520
-3497
-3588
-3431
-3627
-3469
-3632
-3498
-3555
-3455
-3585
-3432
-3544
-3571
-3527
-3612
-3500
-3696
-3470
-3706
-3525
-3563
-3598
-3535
-3635
-3442
-3693
-3506
-3547
-3589
-3610
-3573
-3655
-3603
-3447
-3818
-3477
-3708
-3423
-3695
-3657
-3452
-3783
-3348
-3841
-3442
-3699
-3609
-3508
-3804
-3449
-3763
-3544
-3630
-3608
-3555
-3644
-3501
-3594
-3573
-3606
-3647
-3557
-3599
-3550
-3638
-3613
-3597
-3627
-3608
-3650
-3534
-3661
-3544
-3640
-3575
-3583
-3646
-3566
-3682
-3578
-3627
-3609
-3624
-3580
-3598
-3574
-3610
-3630
-3650
-3641
-3592
-3586
-3566
-3703
-3563
-3602
-3555
-3572
-3572
-3571
-3611
-3557
-3693
-3567
-3625
-3563
-3504
-3636
-3526
-3570
-3643
-3585
-3675
-3520
-3610
-3582
-3555
-3694
-3576
-3576
-3515
-3584
-3597
-3615
-3611
-3601
-3624
-3638
-3537
-3600
-3556
-3610
-3655
-3666
-3599
-3502
-3559
-3609
-3602
-3584
-3619
-3558
-3614
-3589
-3647
-3573
-3665
-3468
-3628
-3500
-3539
-3582
-3489
-3620
-3501
-3594
-3461
-3683
-3523
-3576
-3554
-3552
-3622
-3531
-3553
-3596
-3563
-3623
-3532
-3609
-3559
-3593
-3609
-3456
-3737
-3421
-3656
-3500
-3656
-3570
-3492
-3696
-3492
-3691
-3433
-3565
-3515
-3653
-3605
-3393
-3637
-3540
-3597
-3587
-3552
-3584
-3555
-3681
-3499
-3649
-3592
-3548
-3788
-3548
-3730
-3485
-3714
-3555
-3511
-3692
-3519
-3742
-3494
-3792
-3476
-3688
-3604
-3624
-3699
-3455
-3787
-3472
-3790
-3544
-3578
-3631
-3612
-3780
-3571
-3838
-3608
-3715
-3645
-3549
-3613
-3732
-3589
-3727
-3719
-3383
-3883
-3482
-3754
-3603
-3781
-3673
-3578
-3785
-3543
-3786
-3577
-3913
-3615
-3831
-3581
-3808
-3701
-3702
-3831
-3556
-3875
-3514
-4009
-3546
-3968
-3688
-3667
-3920
-3567
-3857
-3485
-3891
-3614
-3786
-3663
-3787
-3730
-3727
-3832
-3694
-3828
-3667
-3749
-3864
-3719
-3728
-3824
-3696
-3979
-3604
-3902
-3678
-3930
-3800
-3877
-3630
-3909
-3890
-3546
-4078
-3570
-4130
-3581
-4025
-3708
-3819
-3702
-3847
-3876
-3755
-4028
-3648
-4113
-3588
-4043
-3677
-4080
-3823
-3935
-3879
-3869
-4022
-3792
-4168
-3666
-4214
-3648
-4156
-3705
-4012
-3839
-3623
-4235
-3547
-4154
-3685
-4029
-3816
-4005
-3746
-3931
-4151
-3693
-4171
-3708
-4105
-3823
-3983
-4098
-3786
-4072
-3839
-4047
-4003
-3861
-3967
-3810
-4045
-3875
-3870
-4000
-3777
-4003
-3836
-4012
-3961
-3913
-4016
-3897
-4080
-3902
-4030
-3915
-3981
-3946
-3940
-4045
-3951
-3983
-3872
-4017
-4004
-4033
-4015
-4067
-4081
-4053
-4051
-4019
-4008
-3965
-4013
-4053
-4083
-4129
-3946
-4159
-3999
-4024
-3965
-4004
-4218
-3970
-4174
-3867
-4105
-3904
-4095
-4054
-3996
-4094
-3896
-4182
-4003
-4091
-3893
-4113
-4049
-4042
-4015
-3969
-4175
-4040
-4090
-4057
-4118
-4091
-4096
-3951
-4042
-4189
-4103
-4184
-4018
-4173
-4029
-4089
-4171
-3988
-4236
-3837
-4113
-4035
-4189
-4143
-4004
-4299
-3855
-4270
-3958
-4137
-4115
-3990
-4260
-4025
-4165
-3954
-4158
-4194
-3945
-4244
-4023
-4151
-4311
-3739
-4321
-4021
-3986
-4274
-3842
-4495
-4105
-4246
-4377
-3931
-4305
-4049
-4102
-4170
-4139
-4031
-4268
-4249
-4169
-4073
-4074
-4330
-4157
-4121
-4031
-4277
-4188
-4315
-4000
-4305
-4158
-4123
-4239
-3952
-4348
-4060
-4170
-4222
-4215
-4222
-4161
-4242
-4246
-4045
-4384
-3863
-4524
-4126
-3910
-4593
-3951
-4340
-4109
-4129
-4312
-4157
-4005
-4594
-3609
-4729
-3956
-4388
-4473
-3522
-5126
-3199
-5030
-3527
-4538
-4142
-3783
-5017
-3232
-5081
-3528
-4623
-3933
-4136
-4419
-3851
-4467
-4100
-4072
-4468
-4110
-4059
-4453
-3878
-4528
-3521
-4980
-3495
-4705
-4142
-4121
-4484
-3595
-5101
-3357
-5019
-3614
-4534
-4119
-3953
-4504
-3713
-4741
-3621
-4439
-3989
-4327
-4267
-3890
-4447
-4045
-4231
-4098
-4140
-4082
-4415
-3950
-4426
-3953
-4119
-4382
-3925
-4746
-3573
-4792
-3623
-4280
-4418
-3890
-4569
-3574
-4865
-3599
-4509
-3960
-4292
-4210
-3851
-4610
-3593
-4715
-3724
-4499
-4091
-4287
-4166
-3953
-4527
-3857
-4668
-3592
-4620
-3937
-4220
-4193
-3930
-4682
-3691
-4678
-3827
-4487
-3997
-4313
-4236
-4011
-4434
-3815
-4640
-3960
-4390
-4011
-4428
-4061
-4273
-4309
-4166
-4260
-4070
-4402
-4056
-4421
-4032
-4426
-4147
-4380
-4074
-4405
-4140
-4179
-4353
-4200
-4294
-4048
-4558
-3858
-4465
-4254
-4179
-4266
-4061
-4461
-4184
-4014
-4646
-3963
-4374
-4232
-4143
-4373
-4019
-4580
-3847
-4691
-4009
-4465
-4269
-4139
-4548
-3894
-4508
-4068
-4409
-4269
-4357
-4315
-4269
-4492
-4128
-4371
-4350
-4246
-4343
-4244
-4375
-4197
-4359
-4388
-4237
-4234
-4466
-4256
-4409
-4309
-4226
-4610
-4161
-4556
-3996
-4669
-4223
-4424
-4479
-4137
-4745
-4010
-4729
-4005
-4662
-4283
-4464
-4399
-4179
-4665
-4062
-4796
-4038
-4779
-4191
-4568
-4406
-4378
-4503
-4031
-5012
-3862
-4959
-4149
-4452
-4702
-3982
-4904
-4034
-4678
-4543
-4445
-4533
-4266
-4641
-4229
-4590
-4410
-4413
-4457
-4434
-4564
-4536
-4403
-4429
-4709
-4200
-4828
-4290
-4642
-4454
-4552
-4578
-4365
-4663
-4414
-4643
-4261
-4638
-4345
-4680
-4397
-4581
-4499
-4533
-4562
-4522
-4441
-4434
-4655
-4414
-4494
-4527
-4552
-4430
-4723
-4290
-4777
-4291
-4675
-4486
-4492
-4744
-4292
-4746
-4296
-4760
-4383
-4639
-4531
-4455
-4682
-4298
-4711
-4396
-4482
-4626
-4490
-4611
-4389
-4861
-4399
-4427
-4581
-4390
-4775
-4337
-4551
-4425
-4548
-4543
-4500
-4431
-4610
-4562
-4542
-4622
-4654
-4452
-4450
-4665
-4501
-4606
-4376
-4615
-4533
-4655
-4362
-4604
-4519
-4577
-4479
-4350
-4580
-4465
-4521
-4455
-4466
-4522
-4406
-4458
-4666
-4278
-4722
-4510
-4687
-4574
-4336
-4782
-4220
-4584
-4605
-4280
-4767
-4237
-4797
-4270
-4636
-4618
-4452
-4752
-4259
-4977
-4158
-4899
-4255
-4658
-4566
-4439
-4657
-4382
-4790
-4232
-4650
-4391
-4811
-4375
-4596
-4425
-4425
-4646
-4383
-4576
-4404
-4631
-4490
-4648
-4544
-4556
-4572
-4605
-4716
-4402
-4594
-4582
-4584
-4536
-4545
-4647
-4375
-4722
-4456
-4537
-4584
-4582
-4592
-4601
-4610
-4647
-4591
-4591
-4753
-4402
-4715
-4454
-4685
-4510
-4559
-4701
-4490
-4761
-4375
-4708
-4580
-4487
-4826
-4300
-4850
-4309
-4746
-4705
-4366
-4854
-4374
-5034
-4215
-5091
-4264
-4517
-4935
-4308
-4897
-4333
-4814
-4392
-4637
-4513
-4730
-4575
-4517
-4664
-4416
-4640
-4492
-4766
-4375
-4535
-4657
-4430
-4709
-4367
-4735
-4462
-4674
-4612
-4483
-4765
-4299
-4690
-4351
-4723
-4291
-4569
-4547
-4413
-4726
-4285
-4751
-4378
-4598
-4679
-4275
-4643
-4398
-4552
-4581
-4421
-4820
-4156
-4823
-4367
-4457
-4595
-4360
-4792
-4136
-4840
-4297
-4557
-4593
-4366
-4670
-4332
-4752
-4370
-4572
-4466
-4396
-4598
-4398
-4561
-4350
-4634
-4456
-4648
-4369
-4645
-4608
-4405
-4767
-4257
-4873
-4334
-4758
-4459
-4531
-4710
-4350
-4730
-4273
-4762
-4381
-4607
-4566
-4463
-4647
-4384
-4758
-4525
-4592
-4564
-4414
-4705
-4534
-4665
-4513
-4593
-4575
-4775
-4390
-4693
-4676
-4471
-4798
-4287
-4836
-4246
-4757
-4436
-4646
-4536
-4469
-4697
-4404
-4858
-4357
-4869
-4460
-4708
-4621
-4463
-4720
-4403
-4711
-4430
-4498
-4699
-4422
-4753
-4537
-4737
-4496
-4588
-4715
-4429
-4780
-4379
-4780
-4466
-4601
-4676
-4452
-4755
-4346
-4709
-4500
-4664
-4522
-4472
-4734
-4427
-4865
-4334
-4797
-4524
-4492
-4737
-4419
-4767
-4412
-4669
-4540
-4633
-4559
-4660
-4705
-4413
-4884
-4339
-4654
-4498
-4456
-4762
-4385
-4888
-4236
-4669
-4500
-4520
-4653
-4375
-4569
-4641
-4419
-4514
-4495
-4334
-4920
-4090
-4913
-4282
-4570
-4637
-4290
-4932
-4140
-4977
-4197
-4818
-4474
-4526
-4582
-4263
-4956
-3924
-5075
-3920
-4878
-4249
-4426
-4949
-3941
-5291
-3804
-5039
-4146
-4612
-4651
-4177
-4835
-4185
-4867
-4183
-4762
-4389
-4483
-4621
-4410
-4624
-4527
-4656
-4404
-4683
-4363
-4664
-4337
-4541
-4664
-4401
-4819
-4351
-4653
-4442
-4641
-4465
-4477
-4645
-4392
-4656
-4468
-4634
-4553
-4650
-4558
-4439
-4680
-4375
-4739
-4386
-4584
-4655
-4529
-4891
-4254
-4713
-4584
-4648
-4446
-4653
-4401
-4508
-4721
-4286
-4823
-4358
-4881
-4406
-4639
-4747
-4205
-4823
-4399
-4790
-4527
-4582
-4793
-4440
-4842
-4432
-4692
-4495
-4693
-4639
-4534
-4841
-4283
-4871
-4399
-4704
-4584
-4365
-4828
-4431
-4656
-4583
-4616
-4562
-4728
-4531
-4544
-4743
-4546
-4581
-4761
-4603
-4626
-4417
-4748
-4695
-4427
-4845
-4373
-4845
-4545
-4772
-4496
-4630
-4788
-4401
-4765
-4446
-4869
-4564
-4793
-4563
-4664
-4647
-4597
-4776
-4514
-4743
-4554
-4599
-4655
-4667
-4584
-4667
-4695
-4660
-4607
-4723
-4550
-4696
-4731
-4551
-4749
-4716
-4596
-4725
-4727
-4755
-4624
-4664
-4844
-4622
-4790
-4544
-4818
-4589
-4736
-4597
-4605
-4807
-4495
-4778
-4524
-4863
-4571
-4644
-4842
-4570
-4732
-4665
-4704
-4802
-4528
-4764
-4468
-4762
-4687
-4557
-4776
-4635
-4722
-4457
-4797
-4482
-4864
-4458
-4685
-4700
-4558
-4758
-4450
-4848
-4578
-4701
-4831
-4432
-5003
-4496
-4721
-5003
-4246
-5119
-4065
-5080
-4481
-4568
-4995
-4192
-5216
-4158
-5013
-4472
-4555
-4860
-4307
-4953
-4349
-4770
-4558
-4599
-4734
-4540
-4717
-4473
-4966
-4594
-4808
-4511
-4741
-4787
-4556
-4850
-4484
-4956
-4538
-4849
-4554
-4694
-4601
-4743
-4809
-4493
-4784
-4511
-4882
-4467
-4799
-4557
-4700
-4689
-4662
-4737
-4673
-4702
-4439
-4897
-4530
-4788
-4655
-4587
-4830
-4634
-4662
-4545
-4824
-4699
-4725
-4667
-4661
-4834
-4491
-4827
-4358
-4933
-4448
-4771
-4776
-4466
-4900
-4270
-5297
-4055
-4918
-4539
-4595
-4991
-4367
-5056
-4290
-4986
-4545
-4636
-4625
-4653
-4644
-4710
-4657
-4540
-4892
-4241
-4979
-4615
-4579
-4684
-4613
-4828
-4480
-4782
-4644
-4743
-4719
-4762
-4718
-4715
-4731
-4630
-4613
-4856
-4589
-4629
-4791
-4459
-5022
-4453
-4989
-4603
-4472
-5116
-4059
-5175
-4486
-4656
-4903
-4434
-5025
-4364
-4903
-4464
-4711
-4737
-4441
-4847
-4732
-4492
-4723
-4739
-4624
-4817
-4498
-4885
-4514
-4884
-4664
-4634
-4752
-4563
-4733
-4557
-4878
-4507
-4664
-4649
-4701
-4471
-4655
-4798
-4516
-4764
-4542
-4700
-4795
-4639
-4764
-4530
-4643
-4629
-4544
-4824
-4507
-4686
-4714
-4536
-4788
-4547
-4611
-4703
-4578
-4714
-4520
-4733
-4617
-4629
-4680
-4647
-4639
-4727
-4497
-4792
-4644
-4553
-4728
-4490
-4797
-4404
-4921
-4379
-4859
-4472
-4554
-4702
-4409
-4915
-4355
-4758
-4569
-4698
-4540
-4724
-4530
-4711
-4593
-4518
-4740
-4616
-4625
-4615
-4659
-4575
-4688
-4648
-4571
-4580
-4682
-4511
-4809
-4409
-4671
-4631
-4575
-4809
-4642
-4594
-4572
-4588
-4592
-4572
-4560
-4630
-4594
-4554
-4578
-4874
-4239
-4881
-4400
-4657
-4776
-4370
-4815
-4360
-4858
-4411
-4695
-4621
-4507
-4650
-4585
-4631
-4629
-4537
-4626
-4625
-4596
-4480
-4587
-4738
-4416
-4766
-4251
-4862
-4463
-4579
-4601
-4487
-4743
-4321
-4860
-4255
-4698
-4326
-4570
-4536
-4343
-4743
-4284
-4713
-4322
-4606
-4425
-4476
-4656
-4257
-4576
-4333
-4622
-4387
-4473
-4503
-4524
-4576
-4376
-4535
-4369
-4627
-4348
-4619
-4373
-4510
-4370
-4408
-4534
-4279
-4609
-4233
-4642
-4245
-4480
-4382
-4397
-4534
-4255
-4579
-4227
-4588
-4365
-4532
-4466
-4352
-4542
-4417
-4557
-4254
-4522
-4290
-4513
-4469
-4327
-4531
-4293
-4548
-4333
-4485
-4447
-4418
-4445
-4367
-4450
-4383
-4464
-4366
-4414
-4473
-4369
-4412
-4457
-4370
-4496
-4384
-4460
-4538
-4392
-4468
-4502
-4531
-4490
-4444
-4413
-4497
-4460
-4413
-4554
-4505
-4420
-4474
-4487
-4410
-4423
-4494
-4469
-4471
-4430
-4514
-4426
-4517
-4472
-4426
-4478
-4439
-4524
-4413
-4533
-4411
-4503
-4408
-4462
-4465
-4468
-4499
-4377
-4561
-4423
-4599
-4496
-4549
-4464
-4370
-4539
-4348
-4518
-4422
-4443
-4543
-4401
-4516
-4402
-4523
-4375
-4479
-4451
-4414
-4519
-4381
-4518
-4362
-4503
-4314
-4585
-4398
-4410
-4350
-4343
-4533
-4327
-4528
-4230
-4496
-4302
-4440
-4312
-4412
-4516
-4305
-4513
-4237
-4499
-4254
-4439
-4358
-4310
-4411
-4218
-4480
-4245
-4501
-4209
-4454
-4331
-4296
-4548
-4150
-4588
-4126
-4496
-4296
-4257
-4448
-4154
-4562
-4212
-4384
-4219
-4357
-4362
-4264
-4369
-4209
-4468
-4274
-4312
-4232
-4326
-4318
-4217
-4282
-4228
-4332
-4263
-4366
-4267
-4251
-4337
-4209
-4351
-4314
-4276
-4303
-4250
-4329
-4205
-4343
-4227
-4320
-4279
-4260
-4386
-4220
-4327
-4177
-4278
-4246
-4265
-4286
-4238
-4393
-4266
-4240
-4331
-4263
-4318
-4270
-4251
-4293
-4238
-4221
-4281
-4241
-4235
-4228
-4280
-4336
-4273
-4254
-4212
-4331
-4226
-4272
-4233
-4243
-4229
-4233
-4254
-4238
-4257
-4235
-4272
-4200
-4331
-4140
-4253
-4194
-4130
-4345
-4159
-4282
-4257
-4235
-4219
-4187
-4250
-4164
-4235
-4176
-4202
-4186
-4203
-4273
-4212
-4229
-4160
-4185
-4222
-4238
-4206
-4214
-4192
-4216
-4237
-4171
-4206
-4114
-4122
-4144
-4162
-4160
-4166
-4169
-4139
-4162
-4106
-4192
-4125
-4162
-4160
-4123
-4182
-4085
-4173
-4131
-4154
-4143
-4135
-4148
-4138
-4195
-4112
-4134
-4107
-4162
-4146
-4123
-4112
-4110
-4128
-4087
-4113
-4112
-4115
-4064
-4107
-4109
-4135
-4109
-4084
-4076
-4114
-4137
-4068
-4076
-4089
-4098
-4072
-4028
-4061
-4069
-4084
-4047
-4052
-4075
-4022
-4095
-3995
-4066
-4033
-4051
-3993
-4054
-4015
-3939
-4117
-4049
-4038
-4038
-4144
-4045
-4083
-4066
-4025
-4077
-4081
-4047
-4030
-4007
-4098
-4057
-4097
-4037
-4112
-4038
-4035
-4205
-3873
-4207
-4024
-4173
-4100
-4107
-4108
-3964
-4304
-3929
-4167
-3963
-4007
-4192
-3974
-4105
-4100
-4076
-4081
-4104
-4101
-4079
-4079
-4065
-4082
-4068
-4032
-4167
-4009
-4146
-4004
-4145
-4084
-4051
-4221
-3895
-4237
-3885
-4125
-4092
-4028
-4167
-4013
-4240
-3948
-4236
-3993
-4110
-4069
-4024
-4230
-3949
-4187
-3975
-4071
-4040
-4161
-3963
-3925
-4091
-4062
-4051
-3932
-4221
-3834
-4128
-3930
-4079
-4014
-3951
-4151
-3788
-4273
-3731
-4134
-3980
-3948
-4135
-3766
-4157
-3813
-4072
-3885
-4033
-4074
-3926
-4108
-3886
-4139
-3952
-4001
-3917
-3951
-4013
-3861
-3968
-3959
-3984
-3846
-4007
-3853
-4023
-3922
-3920
-4010
-3917
-4064
-3856
-4079
-3912
-4043
-3899
-3969
-3939
-3915
-4037
-3907
-3994
-3862
-3996
-3911
-3928
-3951
-4045
-3841
-4041
-3878
-3990
-4049
-3931
-4040
-3877
-4033
-3964
-3993
-3883
-4013
-3858
-4022
-3923
-3953
-3978
-3944
-3931
-3932
-3956
-3885
-3948
-3929
-3957
-3933
-3985
-3908
-3971
-3835
-4087
-3790
-3995
-3896
-3973
-3771
-4023
-3945
-3817
-4082
-3783
-4063
-3720
-4139
-3611
-4194
-3715
-3999
-3893
-3784
-4172
-3622
-4236
-3668
-4155
-3791
-4049
-3908
-3978
-3876
-3840
-4095
-3783
-4070
-3802
-4097
-3820
-4070
-3857
-3941
-3937
-3875
-3968
-3756
-4050
-3770
-3964
-3836
-3911
-3902
-3817
-3956
-3785
-3944
-3851
-3910
-3874
-3850
-3972
-3846
-3912
-3802
-3950
-3843
-3896
-3909
-3764
-4057
-3763
-3975
-3781
-3760
-3849
-3848
-3866
-3761
-3947
-3770
-3919
-3761
-3891
-3738
-3850
-3890
-3713
-3989
-3671
-3854
-3924
-3779
-3869
-3741
-3908
-3821
-3762
-3863
-3728
-3882
-3761
-3837
-3772
-3823
-3809
-3744
-3888
-3674
-3849
-3720
-3830
-3810
-3699
-3776
-3708
-3869
-3680
-3718
-3715
-3749
-3829
-3717
-3724
-3731
-3796
-3777
-3751
-3730
-3771
-3685
-3771
-3809
-3768
-3751
-3708
-3809
-3745
-3776
-3723
-3794
-3755
-3752
-3741
-3722
-3802
-3705
-3772
-3744
-3795
-3729
-3766
-3791
-3742
-3695
-3670
-3732
-3693
-3738
-3698
-3733
-3727
-3730
-3688
-3677
-3751
-3667
-3670
-3652
-3675
-3715
-3635
-3711
-3657
-3655
-3650
-3701
-3717
-3602
-3742
-3651
-3718
-3660
-3611
-3652
-3615
-3726
-3569
-3663
-3657
-3649
-3664
-3548
-3678
-3631
-3671
-3580
-3610
-3679
-3596
-3704
-3573
-3703
-3622
-3640
-3733
-3640
-3708
-3612
-3708
-3642
-3666
-3593
-3677
-3761
-3676
-3709
-3627
-3755
-3669
-3675
-3691
-3611
-3681
-3665
-3714
-3716
-3607
-3668
-3665
-3750
-3716
-3631
-3685
-3655
-3761
-3627
-3677
-3713
-3687
-3696
-3653
-3767
-3663
-3667
-3673
-3726
-3716
-3671
-3685
-3757
-3690
-3624
-3714
-3709
-3770
-3628
-3758
-3710
-3741
-3649
-3709
-3769
-3699
-3793
-3654
-3802
-3634
-3754
-3664
-3753
-3667
-3669
-3680
-3655
-3827
-3611
-3721
-3557
-3742
-3602
-3662
-3726
-3647
-3734
-3566
-3719
-3662
-3593
-3614
-3681
-3652
-3620
-3591
-3647
-3681
-3613
-3611
-3588
-3642
-3594
-3657
-3576
-3636
-3583
-3564
-3642
-3564
-3598
-3509
-3589
-3625
-3622
-3434
-3635
-3497
-3600
-3509
-3470
-3646
-3497
-3690
-3414
-3660
-3484
-3530
-3543
-3567
-3592
-3462
-3602
-3491
-3565
-3438
-3560
-3477
-3541
-3456
-3479
-3536
-3492
-3512
-3413
-3586
-3450
-3546
-3424
-3525
-3529
-3495
-3542
-3452
-3579
-3443
-3530
-3464
-3546
-3457
-3465
-3475
-3486
-3509
-3447
-3549
-3483
-3547
-3430
-3473
-3490
-3445
-3448
-3483
-3527
-3479
-3433
-3445
-3453
-3468
-3399
-3482
-3483
-3429
-3431
-3376
-3539
-3425
-3449
-3431
-3427
-3490
-3455
-3436
-3471
-3458
-3478
-3390
-3431
-3432
-3415
-3469
-3420
-3492
-3353
-3458
-3391
-3503
-3379
-3401
-3463
-3460
-3497
-3307
-3520
-3423
-3434
-3394
-3454
-3523
-3341
-3521
-3380
-3510
-3423
-3416
-3564
-3300
-3555
-3284
-3525
-3445
-3385
-3412
-3403
-3455
-3361
-3508
-3303
-3449
-3326
-3488
-3284
-3565
-3368
-3325
-3548
-3275
-3633
-3262
-3565
-3352
-3432
-3459
-3285
-3583
-3247
-3563
-3302
-3408
-3432
-3344
-3466
-3338
-3368
-3334
-3359
-3371
-3512
-3303
-3434
-3328
-3512
-3425
-3137
-3489
-3322
-3437
-3335
-3321
-3423
-3253
-3499
-3316
-3481
-3306
-3336
-3473
-3274
-3447
-3265
-3485
-3324
-3438
-3244
-3379
-3404
-3373
-3365
-3298
-3454
-3127
-3560
-3210
-3466
-3326
-3264
-3526
-3193
-3420
-3210
-3340
-3392
-3253
-3323
-3222
-3310
-3382
-3269
-3348
-3240
-3403
-3291
-3345
-3369
-3250
-3382
-3274
-3458
-3229
-3255
-3239
-3331
-3331
-3220
-3295
-3297
-3368
-3211
-3345
-3257
-3300
-3305
-3309
-3318
-3219
-3199
-3254
-3276
-3260
-3209
-3184
-3334
-3252
-3274
-3180
-3275
-3255
-3245
-3272
-3273
-3314
-3238
-3267
-3226
-3270
-3258
-3226
-3292
-3296
-3217
-3219
-3195
-3340
-3209
-3209
-3238
-3313
-3275
-3253
-3335
-3206
-3310
-3188
-3301
-3208
-3329
-3195
-3238
-3350
-3207
-3366
-3205
-3382
-3229
-3254
-3311
-3303
-3331
-3184
-3300
-3209
-3265
-3268
-3221
-3286
-3242
-3237
-3252
-3248
-3268
-3237
-3226
-3299
-3269
-3314
-3243
-3289
-3259
-3176
-3258
-3239
-3278
-3183
-3203
-3284
-3271
-3158
-3221
-3192
-3184
-3222
-3174
-3222
-3209
-3252
-3196
-3238
-3191
-3185
-3221
-3267
-3213
-3206
-3196
-3144
-3198
-3176
-3207
-3175
-3217
-3162
-3162
-3174
-3176
-3163
-3212
-3182
-3190
-3214
-3139
-3214
-3102
-3151
-3154
-3092
-3125
-3103
-3191
-3127
-3124
-3198
-3145
-3180
-3149
-3185
-3191
-3223
-3189
-3129
-3192
-3158
-3147
-3165
-3174
-3146
-3192
-3173
-3206
-3163
-3133
-3208
-3158
-3178
-3172
-3189
-3125
-3152
-3183
-3055
-3135
-3080
-3199
-3147
-3131
-3093
-3105
-3215
-3105
-3214
-3035
-3182
-3029
-3205
-3106
-3108
-3120
-3038
-3313
-2947
-3242
-2944
-3159
-3134
-3093
-3196
-3029
-3226
-3021
-3258
-3048
-3132
-3068
-3116
-3166
-3062
-3187
-3045
-3168
-3048
-3100
-3101
-3126
-3120
-2994
-3067
-3049
-3147
-3088
-3092
-3199
-3114
-3124
-3090
-3091
-3117
-3097
-3102
-3127
-3160
-3096
-3119
-3109
-3138
-3099
-3109
-3129
-3100
-3163
-3007
-3120
-3145
-3087
-3093
-3082
-3160
-3032
-3077
-3083
-3122
-3133
-3065
-3097
-3092
-3126
-3090
-3143
-3112
-3103
-3100
-3053
-3126
-3031
-3078
-3094
-3158
-3198
-3133
-3178
-3100
-3170
-3055
-3130
-3192
-3125
-3135
-3059
-3167
-3118
-3142
-3096
-3097
-3129
-3153
-3116
-3090
-3167
-3140
-3231
-3163
-3153
-3048
-3106
-3141
-3144
-3167
-3101
-3178
-3143
-3213
-3065
-3092
-3062
-3116
-3145
-3099
-3137
-3054
-3176
-3078
-3129
-3062
-3076
-3104
-3062
-3135
-3057
-3098
-3064
-3150
-3094
-3020
-3059
-3052
-3107
-3101
-3107
-3093
-3125
-3121
-3099
-3084
-3030
-3055
-3116
-3071
-3100
-3089
-3101
-3118
-3062
-2987
-3083
-3132
-3052
-3094
-3065
-3105
-3111
-3004
-3098
-3123
-3006
-3162
-3008
-3168
-3013
-3131
-3074
-3044
-3176
-3001
-3176
-2914
-3231
-2986
-3291
-3084
-3087
-3171
-2977
-3190
-2971
-3209
-3034
-3161
-2979
-3140
-3082
-3213
-3159
-3071
-3197
-3014
-3154
-2955
-3226
-3077
-3133
-3102
-3008
-3180
-3046
-3222
-2958
-3095
-3096
-3157
-3163
-3080
-3190
-2984
-3218
-2933
-3317
-2971
-3217
-3163
-3115
-3355
-2904
-3482
-2821
-3387
-2923
-3146
-3131
-2986
-3383
-2868
-3485
-2817
-3438
-3090
-3071
-3246
-3033
-3344
-2987
-3276
-3108
-3285
-3175
-3258
-3277
-3140
-3253
-3187
-3227
-3241
-3152
-3370
-3133
-3234
-3213
-3126
-3359
-3146
-3403
-3090
-3359
-3165
-3231
-3273
-3151
-3412
-3082
-3278
-3179
-3299
-3288
-3130
-3347
-3198
-3309
-3225
-3201
-3349
-3207
-3376
-3149
-3377
-3234
-3274
-3337
-3243
-3321
-3268
-3305
-3295
-3315
-3265
-3391
-3186
-3473
-3151
-3327
-3287
-3299
-3326
-3259
-3487
-3180
-3405
-3188
-3410
-3296
-3362
-3390
-3317
-3404
-3203
-3338
-3231
-3362
-3291
-3324
-3336
-3319
-3339
-3338
-3425
-3319
-3290
-3326
-3351
-3256
-3329
-3320
-3450
-3353
-3343
-3281
-3366
-3328
-3391
-3337
-3307
-3423
-3285
-3374
-3241
-3444
-3298
-3407
-3296
-3396
-3341
-3314
-3384
-3301
-3385
-3367
-3326
-3503
-3266
-3575
-3068
-3522
-3407
-3363
-3527
-3144
-3708
-2538
-4263
-2713
-3935
-2839
-3343
-3839
-2436
-4448
-2397
-4140
-2824
-3633
-3385
-3202
-3457
-3104
-3628
-3043
-3736
-3054
-3462
-3337
-3303
-3309
-3743
-3089
-3685
-3091
-3611
-3364
-3247
-3623
-2997
-3716
-2978
-3845
-2878
-3618
-3252
-3220
-3199
-3561
-3329
-2984
-3713
-2694
-4087
-2822
-3723
-3147
-3252
-3640
-2798
-4117
-2799
-3402
-3551
-3158
-3491
-3114
-3676
-3145
-3357
-3689
-2936
-3930
-2861
-3440
-3606
-2970
-3390
-3372
-3274
-3198
-3626
-2960
-3743
-2798
-3684
-3297
-3283
-3465
-3190
-3572
-3116
-3791
-2753
-3789
-2982
-3489
-3409
-3195
-3755
-2968
-3746
-3277
-3551
-3271
-3538
-3319
-3630
-2973
-3463
-3561
-2931
-4161
-1836
-5054
-1978
-3848
-4048
-1695
-5362
-1262
-5294
-1763
-4165
-3406
-2424
-5061
-1171
-5311
-1803
-4120
-3216
-2832
-4077
-2526
-4056
-2802
-3711
-3062
-3388
-3268
-3450
-3224
-3437
