01301305.PTO
ABLN
2012/01/30 13:05:50.0099
100.0000 m/s  
8573 muestras
-9418
-9418
-9424
-9452
-9463
-9467
-9452
-9444
-9449
-9441
-9437
-9429
-9428
-9439
-9448
-9461
-9451
-9463
-9467
-9466
-9474
-9457
-9459
-9449
-9429
-9422
-9417
-9437
-9435
-9428
-9435
-9425
-9444
-9476
-9483
-9476
-9460
-9441
-9462
-9448
-9452
-9448
-9431
-9444
-9428
-9449
-9434
-9441
-9447
-9440
-9442
-9442
-9438
-9441
-9452
-9442
-9433
-9422
-9427
-9417
-9406
-9402
-9411
-9410
-9426
-9430
-9433
-9445
-9438
-9448
-9444
-9436
-9436
-9442
-9429
-9448
-9463
-9457
-9455
-9441
-9451
-9461
-9472
-9481
-9471
-9469
-9460
-9448
-9427
-9418
-9424
-9416
-9417
-9415
-9400
-9384
-9393
-9398
-9410
-9418
-9435
-9426
-9412
-9413
-9406
-9430
-9447
-9456
-9457
-9460
-9461
-9454
-9441
-9463
-9454
-9477
-9474
-9445
-9467
-9447
-9477
-9478
-9472
-9491
-9472
-9472
-9457
-9436
-9437
-9439
-9446
-9443
-9438
-9444
-9436
-9428
-9420
-9420
-9431
-9433
-9444
-9438
-9426
-9419
-9428
-9437
-9437
-9442
-9436
-9461
-9470
-9492
-9499
-9507
-9495
-9470
-9486
-9476
-9473
-9450
-9452
-9452
-9432
-9437
-9450
-9445
-9446
-9443
-9450
-9449
-9432
-9435
-9432
-9456
-9447
-9467
-9483
-9484
-9489
-9484
-9508
-9497
-9485
-9488
-9485
-9477
-9487
-9480
-9487
-9495
-9493
-9483
-9471
-9456
-9453
-9477
-9456
-9438
-9424
-9433
-9451
-9452
-9448
-9440
-9431
-9440
-9448
-9434
-9427
-9436
-9439
-9439
-9448
-9441
-9443
-9440
-9460
-9461
-9452
-9455
-9460
-9489
-9488
-9486
-9478
-9469
-9475
-9458
-9445
-9440
-9436
-9427
-9426
-9410
-9388
-9385
-9382
-9382
-9366
-9366
-9365
-9373
-9385
-9389
-9396
-9386
-9381
-9400
-9415
-9426
-9447
-9449
-9447
-9448
-9446
-9453
-9455
-9433
-9429
-9407
-9388
-9383
-9374
-9387
-9391
-9396
-9395
-9403
-9415
-9432
-9452
-9456
-9450
-9434
-9414
-9406
-9404
-9398
-9408
-9403
-9410
-9410
-9417
-9424
-9429
-9444
-9438
-9457
-9443
-9422
-9403
-9388
-9400
-9408
-9413
-9421
-9417
-9417
-9419
-9414
-9424
-9433
-9453
-9447
-9450
-9450
-9433
-9430
-9421
-9411
-9395
-9393
-9404
-9418
-9418
-9439
-9436
-9418
-9426
-9425
-9427
-9429
-9429
-9425
-9432
-9446
-9445
-9448
-9462
-9471
-9475
-9472
-9490
-9487
-9462
-9476
-9465
-9465
-9470
-9455
-9466
-9473
-9486
-9480
-9478
-9479
-9463
-9441
-9448
-9453
-9452
-9456
-9458
-9458
-9439
-9440
-9451
-9440
-9438
-9447
-9454
-9464
-9452
-9446
-9437
-9443
-9433
-9422
-9433
-9447
-9444
-9429
-9442
-9450
-9435
-9444
-9439
-9425
-9447
-9440
-9443
-9449
-9452
-9437
-9439
-9433
-9424
-9434
-9434
-9425
-9429
-9444
-9433
-9439
-9434
-9440
-9434
-9417
-9421
-9412
-9415
-9412
-9420
-9424
-9419
-9443
-9457
-9474
-9471
-9467
-9465
-9461
-9458
-9439
-9437
-9427
-9412
-9422
-9445
-9450
-9442
-9442
-9452
-9458
-9446
-9439
-9436
-9419
-9405
-9406
-9412
-9417
-9430
-9426
-9420
-9435
-9433
-9437
-9446
-9422
-9413
-9410
-9407
-9392
-9399
-9415
-9402
-9431
-9444
-9457
-9467
-9464
-9476
-9475
-9473
-9481
-9464
-9459
-9459
-9440
-9442
-9432
-9422
-9420
-9417
-9406
-9403
-9420
-9421
-9420
-9421
-9434
-9416
-9393
-9408
-9404
-9413
-9410
-9433
-9451
-9439
-9435
-9442
-9468
-9516
-9531
-9518
-9508
-9481
-9484
-9471
-9487
-9498
-9495
-9499
-9479
-9446
-9409
-9401
-9384
-9400
-9422
-9425
-9409
-9385
-9360
-9293
-9259
-9216
-9168
-9156
-9181
-9242
-9313
-9311
-9293
-9257
-9201
-9184
-9118
-9140
-9206
-9275
-9386
-9611
-9983
-10337
-10660
-10928
-11052
-11077
-11129
-11165
-11094
-10928
-10714
-10436
-10159
-9937
-9671
-9440
-9252
-9079
-8831
-8461
-8058
-7647
-7273
-6901
-6604
-6360
-6209
-6220
-6379
-6675
-7053
-7402
-7726
-8042
-8353
-8766
-9265
-9864
-10557
-11284
-11975
-12612
-13174
-13749
-14202
-14434
-14518
-14461
-14181
-13769
-13269
-12721
-12217
-11591
-10894
-10080
-9141
-8150
-7275
-6586
-6018
-5489
-4961
-4445
-3993
-3742
-3668
-3758
-3896
-4109
-4579
-5350
-6337
-7343
-8169
-8898
-9665
-10552
-11525
-12482
-13482
-14355
-14937
-15165
-15137
-15045
-14867
-14650
-14337
-13909
-13269
-12412
-11558
-10716
-10006
-9378
-8734
-8001
-7300
-6708
-6082
-5556
-5195
-5009
-4882
-4606
-4296
-4233
-4446
-4974
-5677
-6425
-7230
-7960
-8576
-9147
-9722
-10284
-10811
-11226
-11703
-12245
-12769
-13213
-13538
-13813
-13907
-13714
-13220
-12588
-11998
-11459
-11020
-10717
-10506
-10263
-9770
-9144
-8646
-8396
-8265
-8110
-7863
-7553
-7121
-6791
-7061
-7747
-8462
-8787
-8650
-8225
-7847
-7918
-8346
-8842
-9105
-9021
-8732
-8682
-9357
-10667
-11830
-12199
-11694
-10799
-10254
-10393
-11070
-11623
-11360
-10141
-8549
-7461
-7243
-7796
-8681
-9294
-9323
-8972
-8647
-8589
-8762
-9052
-9319
-9325
-8984
-8598
-8566
-8722
-8818
-8603
-7889
-7038
-6709
-7308
-8569
-9855
-10576
-10522
-10323
-10512
-10952
-11678
-12562
-13088
-12758
-11792
-10846
-10358
-10426
-10856
-11225
-11030
-9982
-8488
-7469
-7186
-7519
-8065
-8372
-8242
-7808
-7460
-7307
-7327
-7624
-8330
-9251
-9973
-10255
-10113
-9896
-10037
-10662
-11441
-11799
-11561
-10863
-9988
-9517
-9767
-10463
-11011
-10855
-10166
-9502
-9311
-9632
-10085
-10234
-9755
-8767
-7687
-7027
-6851
-6876
-6938
-7016
-7126
-7205
-7369
-7614
-7680
-7734
-7997
-8464
-9228
-10207
-10919
-11231
-11423
-11623
-11869
-12030
-12016
-11805
-11476
-11241
-11177
-11114
-11107
-11085
-10919
-10606
-10201
-9535
-8624
-7789
-7266
-7395
-7996
-8726
-9247
-9311
-8927
-8394
-7873
-7661
-7813
-8092
-8311
-8201
-7810
-7392
-7303
-7762
-8670
-9682
-10556
-11138
-11676
-12237
-12682
-12803
-12417
-11654
-10772
-10068
-9566
-9167
-8803
-8561
-8618
-8984
-9518
-10124
-10604
-10687
-10194
-9284
-8299
-7603
-7520
-8072
-8750
-8907
-8370
-7296
-6203
-5828
-6477
-7903
-9490
-10484
-10627
-10153
-9527
-9304
-9634
-10099
-10326
-10105
-9635
-9379
-9762
-10825
-12053
-12984
-13285
-13076
-12453
-11542
-10607
-9766
-9152
-8795
-8645
-8551
-8487
-8483
-8583
-8656
-8593
-8477
-8469
-8670
-8952
-9142
-9008
-8459
-7649
-6992
-6746
-6939
-7518
-8284
-8998
-9504
-9805
-10035
-10317
-10733
-11231
-11460
-11222
-10623
-10003
-9536
-9351
-9328
-9242
-9142
-9126
-9180
-9430
-9861
-10208
-10399
-10230
-9844
-9366
-8927
-8683
-8610
-8610
-8661
-8724
-8880
-9234
-9687
-10196
-10570
-10672
-10537
-10368
-10152
-9901
-9631
-9383
-9155
-8891
-8623
-8452
-8491
-8724
-9077
-9391
-9512
-9408
-9288
-9215
-9143
-9026
-8786
-8497
-8341
-8426
-8792
-9378
-10035
-10545
-10733
-10639
-10471
-10370
-10458
-10608
-10499
-10100
-9546
-9028
-8637
-8414
-8257
-8173
-8332
-8801
-9454
-10014
-10327
-10232
-9885
-9703
-9709
-9658
-9379
-8760
-8067
-7747
-7886
-8466
-9274
-9961
-10300
-10136
-9683
-9234
-8932
-8994
-9252
-9508
-9592
-9386
-9119
-8889
-8884
-9150
-9637
-10308
-10967
-11390
-11557
-11300
-10801
-10375
-9997
-9749
-9479
-9156
-8909
-8734
-8663
-8722
-8840
-9142
-9418
-9501
-9335
-8970
-8582
-8373
-8321
-8381
-8544
-8636
-8845
-8980
-9090
-9172
-9261
-9447
-9804
-10344
-10711
-10711
-10372
-10044
-9831
-9821
-9918
-9976
-9992
-9979
-10020
-10046
-10008
-9970
-9830
-9711
-9699
-9512
-9342
-9133
-8870
-8666
-8550
-8535
-8521
-8580
-8694
-8834
-9014
-9208
-9389
-9636
-9775
-9799
-9610
-9244
-8940
-8733
-8738
-8945
-9281
-9635
-9904
-10057
-10144
-10297
-10536
-10696
-10726
-10402
-9806
-9162
-8634
-8458
-8441
-8539
-8707
-8879
-9147
-9417
-9653
-9889
-10110
-10293
-10274
-9994
-9475
-8813
-8332
-8169
-8353
-8716
-9100
-9543
-9974
-10304
-10505
-10478
-10265
-10047
-9857
-9632
-9284
-8777
-8288
-8041
-8165
-8623
-9192
-9682
-9856
-9812
-9687
-9611
-9680
-9812
-9842
-9691
-9372
-8991
-8741
-8667
-8876
-9301
-9873
-10504
-11023
-11281
-11214
-10834
-10312
-9858
-9479
-9163
-8911
-8653
-8440
-8373
-8470
-8737
-9031
-9391
-9802
-10131
-10309
-10183
-9824
-9342
-8869
-8580
-8388
-8218
-8066
-7965
-7998
-8209
-8646
-9212
-9722
-10069
-10224
-10235
-10137
-10004
-9916
-9882
-9867
-9843
-9770
-9701
-9706
-9794
-10018
-10318
-10521
-10592
-10510
-10210
-9795
-9365
-8989
-8712
-8540
-8455
-8471
-8588
-8740
-8927
-9129
-9362
-9590
-9707
-9634
-9403
-9106
-8882
-8808
-8814
-8927
-9093
-9280
-9463
-9621
-9796
-9986
-10206
-10460
-10707
-10771
-10524
-9982
-9370
-8929
-8781
-8909
-9126
-9335
-9518
-9617
-9645
-9648
-9667
-9766
-9843
-9703
-9271
-8682
-8098
-7703
-7638
-7914
-8394
-8895
-9351
-9683
-9913
-10068
-10201
-10335
-10458
-10527
-10468
-10211
-9772
-9315
-8928
-8757
-8849
-9179
-9728
-10251
-10518
-10478
-10251
-9981
-9707
-9441
-9105
-8672
-8181
-7698
-7429
-7435
-7711
-8277
-8959
-9585
-10024
-10239
-10256
-10192
-10162
-10157
-10088
-9846
-9528
-9233
-9064
-9061
-9167
-9422
-9767
-10192
-10612
-10905
-11010
-10925
-10686
-10334
-9925
-9457
-8996
-8537
-8181
-8059
-8158
-8427
-8770
-9081
-9360
-9478
-9417
-9327
-9214
-9195
-9209
-9158
-9009
-8791
-8656
-8663
-8871
-9293
-9818
-10309
-10609
-10669
-10520
-10221
-9937
-9756
-9646
-9498
-9248
-8930
-8689
-8637
-8856
-9310
-9847
-10346
-10639
-10643
-10332
-9831
-9308
-8882
-8626
-8514
-8544
-8613
-8685
-8809
-8936
-9115
-9385
-9755
-10138
-10358
-10331
-10025
-9582
-9150
-8931
-8871
-8813
-8764
-8733
-8758
-8826
-8949
-9183
-9548
-9951
-10306
-10426
-10320
-10042
-9713
-9502
-9410
-9426
-9498
-9592
-9635
-9681
-9754
-9891
-10014
-10102
-10130
-10085
-9914
-9593
-9205
-8751
-8397
-8212
-8267
-8479
-8744
-8995
-9143
-9251
-9369
-9534
-9703
-9769
-9671
-9399
-9084
-8784
-8596
-8557
-8648
-8973
-9391
-9801
-10130
-10370
-10559
-10760
-10902
-10908
-10698
-10263
-9718
-9222
-8975
-8939
-9055
-9239
-9405
-9577
-9764
-9887
-9944
-9909
-9783
-9525
-9175
-8694
-8147
-7752
-7589
-7700
-7987
-8374
-8829
-9211
-9504
-9756
-9923
-10139
-10288
-10349
-10279
-10069
-9734
-9403
-9220
-9197
-9477
-9863
-10274
-10578
-10631
-10481
-10250
-10000
-9858
-9730
-9489
-9178
-8759
-8443
-8197
-8124
-8289
-8640
-9183
-9709
-10105
-10262
-10208
-10052
-9907
-9759
-9523
-9219
-8849
-8505
-8260
-8176
-8305
-8653
-9225
-9889
-10482
-10822
-10805
-10527
-10126
-9812
-9596
-9420
-9269
-9100
-8932
-8829
-8831
-9009
-9297
-9589
-9817
-9865
-9779
-9552
-9278
-9052
-8885
-8790
-8740
-8656
-8642
-8718
-8876
-9261
-9691
-10130
-10402
-10476
-10415
-10169
-9897
-9590
-9295
-9048
-8904
-8950
-9118
-9293
-9436
-9507
-9635
-9797
-9978
-10141
-10109
-9971
-9659
-9386
-9172
-8935
-8813
-8680
-8681
-8795
-8966
-9218
-9477
-9806
-10136
-10365
-10374
-10095
-9648
-9192
-8919
-8831
-8924
-9067
-9136
-9229
-9331
-9493
-9732
-9916
-10054
-10123
-10009
-9800
-9456
-9125
-8893
-8760
-8760
-8805
-8920
-9014
-9095
-9169
-9289
-9491
-9754
-9969
-10009
-9855
-9540
-9210
-8933
-8810
-8917
-9197
-9610
-10002
-10251
-10310
-10223
-10150
-10081
-10027
-9905
-9659
-9287
-8854
-8543
-8350
-8375
-8578
-8894
-9243
-9461
-9588
-9619
-9595
-9616
-9697
-9725
-9664
-9545
-9332
-9090
-8914
-8836
-8945
-9152
-9472
-9824
-10058
-10181
-10161
-10119
-10007
-9856
-9734
-9553
-9304
-9030
-8801
-8760
-8866
-9152
-9550
-9907
-10144
-10129
-10001
-9756
-9498
-9295
-9111
-8976
-8821
-8644
-8542
-8549
-8734
-9088
-9493
-9834
-10019
-10114
-10090
-10005
-9911
-9755
-9560
-9355
-9169
-9041
-8990
-9083
-9220
-9422
-9666
-9881
-10046
-10048
-9920
-9675
-9394
-9196
-9049
-8924
-8832
-8793
-8863
-8902
-9058
-9270
-9560
-9902
-10103
-10214
-10130
-9901
-9644
-9447
-9315
-9258
-9229
-9174
-9130
-9144
-9243
-9553
-9876
-10179
-10355
-10283
-10058
-9690
-9334
-8986
-8812
-8748
-8788
-8982
-9143
-9276
-9413
-9497
-9636
-9797
-9909
-9970
-9785
-9520
-9227
-8938
-8804
-8840
-8993
-9252
-9502
-9607
-9703
-9677
-9784
-9980
-10120
-10268
-10126
-9871
-9525
-9105
-8773
-8604
-8659
-8830
-9041
-9191
-9309
-9404
-9462
-9627
-9791
-9846
-9858
-9748
-9544
-9344
-9120
-9048
-9043
-9152
-9374
-9605
-9891
-10037
-10142
-10145
-10099
-10001
-9886
-9697
-9372
-9050
-8762
-8633
-8593
-8724
-8935
-9142
-9430
-9536
-9629
-9694
-9649
-9680
-9596
-9499
-9354
-9183
-9065
-8927
-8940
-9101
-9327
-9617
-9794
-9882
-9942
-9934
-9989
-9986
-9840
-9658
-9372
-9120
-8959
-8877
-8963
-9135
-9373
-9653
-9857
-9975
-9970
-9823
-9696
-9579
-9455
-9282
-9117
-8894
-8784
-8766
-8830
-9006
-9240
-9555
-9718
-9858
-9791
-9652
-9546
-9467
-9490
-9486
-9464
-9423
-9207
-8996
-8956
-9061
-9329
-9650
-9937
-10043
-9995
-9873
-9706
-9525
-9425
-9254
-9171
-9065
-8957
-8884
-8829
-8959
-9177
-9474
-9746
-9932
-9917
-9760
-9499
-9291
-9094
-8987
-8993
-9086
-9201
-9270
-9321
-9342
-9458
-9661
-9891
-10078
-10134
-10039
-9809
-9489
-9252
-9077
-9030
-9058
-9149
-9252
-9350
-9415
-9513
-9595
-9690
-9809
-9837
-9794
-9596
-9350
-9136
-9042
-8997
-9044
-9138
-9305
-9442
-9521
-9572
-9631
-9689
-9703
-9727
-9652
-9527
-9339
-9128
-8977
-8979
-9069
-9217
-9354
-9503
-9642
-9741
-9837
-9877
-9888
-9835
-9702
-9497
-9281
-9073
-8939
-8960
-9082
-9274
-9496
-9667
-9765
-9764
-9742
-9735
-9760
-9737
-9667
-9516
-9328
-9211
-9154
-9208
-9226
-9325
-9443
-9540
-9632
-9649
-9626
-9638
-9629
-9524
-9448
-9268
-9076
-8915
-8813
-8825
-9009
-9283
-9587
-9815
-9952
-9978
-9894
-9844
-9786
-9762
-9734
-9662
-9541
-9363
-9150
-9056
-9049
-9297
-9580
-9821
-9945
-9856
-9696
-9505
-9395
-9295
-9250
-9173
-9106
-8977
-8913
-8882
-8937
-9133
-9365
-9621
-9812
-9896
-9822
-9688
-9509
-9395
-9326
-9254
-9239
-9227
-9219
-9244
-9278
-9391
-9536
-9740
-9952
-10032
-10004
-9839
-9620
-9431
-9255
-9156
-9090
-9030
-9004
-8953
-8976
-9072
-9242
-9438
-9605
-9750
-9747
-9638
-9505
-9372
-9283
-9244
-9242
-9275
-9314
-9361
-9410
-9500
-9597
-9712
-9810
-9812
-9781
-9640
-9468
-9337
-9224
-9158
-9136
-9143
-9205
-9234
-9271
-9329
-9398
-9534
-9654
-9713
-9675
-9583
-9439
-9262
-9135
-9104
-9113
-9230
-9342
-9439
-9463
-9473
-9553
-9667
-9818
-9857
-9793
-9598
-9363
-9182
-9095
-9077
-9156
-9271
-9384
-9440
-9505
-9526
-9522
-9565
-9623
-9699
-9670
-9586
-9410
-9222
-9067
-9026
-9090
-9266
-9472
-9615
-9749
-9792
-9795
-9783
-9766
-9737
-9698
-9633
-9542
-9380
-9188
-9044
-8994
-9117
-9308
-9526
-9664
-9672
-9640
-9550
-9524
-9501
-9465
-9437
-9318
-9218
-9075
-9002
-9005
-9100
-9285
-9467
-9674
-9788
-9765
-9687
-9623
-9524
-9491
-9447
-9430
-9389
-9311
-9310
-9376
-9436
-9533
-9709
-9849
-9985
-9932
-9831
-9698
-9526
-9419
-9327
-9227
-9173
-9083
-8995
-8997
-9058
-9229
-9352
-9523
-9633
-9667
-9641
-9541
-9470
-9402
-9384
-9305
-9234
-9175
-9131
-9206
-9345
-9560
-9743
-9907
-9950
-9918
-9800
-9647
-9527
-9337
-9268
-9177
-9186
-9222
-9173
-9248
-9320
-9440
-9611
-9716
-9792
-9707
-9586
-9428
-9228
-9135
-9046
-9039
-9138
-9210
-9259
-9330
-9322
-9409
-9587
-9728
-9850
-9846
-9732
-9522
-9321
-9188
-9144
-9235
-9346
-9459
-9506
-9562
-9572
-9597
-9644
-9695
-9791
-9772
-9689
-9513
-9344
-9123
-9017
-8999
-9137
-9291
-9425
-9520
-9535
-9629
-9627
-9749
-9784
-9766
-9690
-9580
-9406
-9206
-9061
-9041
-9110
-9274
-9487
-9596
-9646
-9615
-9603
-9573
-9618
-9568
-9591
-9467
-9308
-9210
-9105
-9120
-9129
-9212
-9343
-9486
-9601
-9702
-9716
-9725
-9751
-9717
-9640
-9542
-9370
-9266
-9157
-9120
-9207
-9309
-9454
-9602
-9727
-9812
-9837
-9778
-9688
-9573
-9429
-9308
-9184
-9071
-8996
-8988
-9078
-9213
-9409
-9564
-9644
-9635
-9624
-9576
-9539
-9507
-9493
-9470
-9365
-9264
-9166
-9134
-9184
-9308
-9452
-9634
-9673
-9666
-9620
-9530
-9477
-9415
-9410
-9352
-9275
-9242
-9177
-9132
-9194
-9307
-9469
-9652
-9773
-9785
-9664
-9505
-9400
-9276
-9235
-9218
-9225
-9213
-9140
-9124
-9130
-9242
-9381
-9546
-9713
-9784
-9757
-9627
-9419
-9272
-9165
-9180
-9242
-9255
-9313
-9338
-9391
-9467
-9577
-9698
-9825
-9864
-9821
-9693
-9527
-9337
-9205
-9172
-9188
-9274
-9353
-9404
-9363
-9381
-9434
-9525
-9625
-9684
-9678
-9584
-9442
-9323
-9177
-9092
-9102
-9131
-9268
-9367
-9475
-9526
-9577
-9609
-9667
-9719
-9710
-9611
-9438
-9307
-9162
-9140
-9166
-9234
-9335
-9444
-9542
-9611
-9632
-9669
-9691
-9671
-9654
-9558
-9448
-9343
-9243
-9229
-9249
-9353
-9429
-9503
-9577
-9570
-9710
-9720
-9771
-9791
-9658
-9596
-9418
-9244
-9142
-9043
-9045
-9173
-9308
-9462
-9554
-9572
-9592
-9601
-9595
-9558
-9528
-9455
-9372
-9276
-9160
-9122
-9167
-9294
-9453
-9627
-9714
-9751
-9748
-9678
-9631
-9632
-9606
-9573
-9504
-9377
-9276
-9179
-9179
-9262
-9413
-9568
-9702
-9767
-9692
-9596
-9471
-9379
-9324
-9258
-9244
-9210
-9125
-9047
-9038
-9108
-9262
-9405
-9590
-9728
-9754
-9735
-9631
-9546
-9424
-9358
-9346
-9333
-9291
-9227
-9193
-9215
-9334
-9502
-9619
-9734
-9760
-9708
-9632
-9460
-9362
-9284
-9261
-9263
-9288
-9321
-9340
-9367
-9438
-9541
-9613
-9660
-9645
-9579
-9471
-9388
-9303
-9236
-9201
-9194
-9217
-9258
-9274
-9343
-9408
-9513
-9609
-9670
-9724
-9689
-9605
-9504
-9382
-9281
-9249
-9249
-9305
-9327
-9403
-9434
-9530
-9598
-9676
-9740
-9687
-9630
-9506
-9374
-9264
-9220
-9215
-9269
-9340
-9416
-9440
-9495
-9523
-9579
-9620
-9666
-9630
-9591
-9486
-9344
-9262
-9148
-9206
-9253
-9348
-9474
-9531
-9564
-9593
-9590
-9640
-9631
-9641
-9602
-9503
-9405
-9267
-9215
-9212
-9251
-9390
-9507
-9584
-9605
-9534
-9542
-9521
-9592
-9621
-9597
-9542
-9382
-9288
-9211
-9152
-9202
-9254
-9370
-9486
-9548
-9587
-9536
-9525
-9515
-9473
-9452
-9419
-9320
-9271
-9207
-9192
-9260
-9355
-9482
-9606
-9696
-9751
-9759
-9709
-9626
-9546
-9501
-9481
-9460
-9355
-9265
-9212
-9195
-9246
-9361
-9460
-9543
-9581
-9579
-9551
-9464
-9419
-9379
-9305
-9264
-9217
-9176
-9206
-9205
-9285
-9428
-9590
-9705
-9705
-9667
-9592
-9525
-9473
-9403
-9353
-9302
-9224
-9249
-9263
-9348
-9406
-9469
-9578
-9600
-9604
-9577
-9516
-9430
-9386
-9308
-9307
-9283
-9262
-9229
-9200
-9282
-9335
-9423
-9554
-9647
-9676
-9683
-9635
-9538
-9434
-9366
-9332
-9335
-9348
-9356
-9336
-9333
-9362
-9443
-9562
-9661
-9696
-9653
-9577
-9441
-9341
-9270
-9221
-9231
-9282
-9327
-9381
-9409
-9428
-9494
-9545
-9642
-9725
-9715
-9661
-9505
-9356
-9227
-9161
-9201
-9278
-9385
-9462
-9498
-9509
-9514
-9535
-9605
-9621
-9628
-9550
-9421
-9297
-9199
-9201
-9236
-9323
-9422
-9477
-9523
-9524
-9520
-9549
-9563
-9625
-9606
-9569
-9493
-9372
-9287
-9229
-9214
-9266
-9347
-9462
-9557
-9619
-9668
-9663
-9680
-9622
-9552
-9490
-9426
-9324
-9263
-9216
-9207
-9250
-9347
-9484
-9561
-9631
-9630
-9625
-9591
-9574
-9550
-9502
-9449
-9362
-9287
-9254
-9217
-9244
-9317
-9426
-9528
-9562
-9585
-9553
-9553
-9554
-9550
-9480
-9397
-9305
-9205
-9162
-9178
-9241
-9369
-9485
-9543
-9609
-9601
-9623
-9582
-9541
-9540
-9489
-9454
-9408
-9340
-9257
-9245
-9299
-9384
-9531
-9619
-9668
-9675
-9597
-9541
-9447
-9396
-9368
-9345
-9296
-9305
-9265
-9215
-9254
-9298
-9446
-9548
-9651
-9640
-9576
-9511
-9446
-9366
-9368
-9374
-9326
-9364
-9341
-9340
-9354
-9375
-9465
-9570
-9652
-9730
-9700
-9608
-9519
-9418
-9348
-9301
-9276
-9307
-9287
-9338
-9356
-9359
-9476
-9521
-9592
-9629
-9592
-9531
-9432
-9353
-9317
-9248
-9283
-9328
-9360
-9406
-9439
-9455
-9486
-9536
-9558
-9597
-9528
-9505
-9405
-9307
-9302
-9266
-9300
-9378
-9420
-9457
-9522
-9550
-9568
-9607
-9629
-9564
-9537
-9448
-9374
-9327
-9225
-9211
-9229
-9292
-9425
-9473
-9509
-9568
-9538
-9599
-9575
-9578
-9557
-9450
-9369
-9286
-9242
-9217
-9299
-9346
-9443
-9509
-9515
-9541
-9512
-9522
-9532
-9525
-9527
-9453
-9327
-9244
-9189
-9196
-9266
-9365
-9466
-9560
-9585
-9585
-9613
-9547
-9555
-9518
-9480
-9455
-9371
-9356
-9262
-9179
-9256
-9310
-9403
-9561
-9550
-9606
-9595
-9514
-9481
-9469
-9435
-9421
-9389
-9314
-9286
-9233
-9249
-9340
-9429
-9572
-9686
-9656
-9706
-9611
-9518
-9496
-9410
-9406
-9391
-9345
-9319
-9299
-9302
-9371
-9438
-9536
-9598
-9635
-9621
-9556
-9473
-9394
-9402
-9365
-9338
-9326
-9308
-9331
-9335
-9341
-9447
-9478
-9537
-9655
-9566
-9600
-9467
-9392
-9355
-9246
-9310
-9288
-9290
-9322
-9337
-9418
-9500
-9547
-9636
-9607
-9598
-9517
-9441
-9345
-9288
-9303
-9306
-9344
-9336
-9340
-9415
-9439
-9487
-9610
-9570
-9628
-9584
-9501
-9477
-9406
-9331
-9322
-9285
-9288
-9337
-9336
-9424
-9405
-9431
-9503
-9511
-9535
-9529
-9491
-9441
-9349
-9290
-9228
-9259
-9321
-9377
-9451
-9465
-9489
-9477
-9523
-9554
-9604
-9636
-9574
-9490
-9364
-9266
-9252
-9258
-9313
-9394
-9452
-9495
-9491
-9508
-9564
-9570
-9542
-9565
-9475
-9423
-9314
-9198
-9199
-9155
-9272
-9360
-9466
-9566
-9581
-9584
-9544
-9513
-9493
-9502
-9497
-9445
-9418
-9391
-9324
-9349
-9362
-9428
-9525
-9577
-9647
-9611
-9549
-9531
-9487
-9516
-9494
-9435
-9361
-9262
-9247
-9234
-9297
-9338
-9455
-9524
-9558
-9618
-9557
-9540
-9493
-9432
-9408
-9360
-9332
-9337
-9322
-9354
-9388
-9461
-9523
-9599
-9667
-9627
-9615
-9600
-9501
-9483
-9451
-9389
-9410
-9337
-9323
-9333
-9315
-9366
-9467
-9539
-9624
-9638
-9576
-9519
-9456
-9427
-9397
-9382
-9382
-9357
-9336
-9355
-9347
-9429
-9514
-9622
-9693
-9694
-9676
-9581
-9510
-9471
-9423
-9376
-9382
-9329
-9343
-9355
-9334
-9431
-9453
-9522
-9590
-9582
-9583
-9466
-9375
-9282
-9232
-9241
-9283
-9343
-9356
-9430
-9451
-9469
-9516
-9548
-9621
-9658
-9601
-9566
-9449
-9332
-9295
-9247
-9329
-9389
-9414
-9430
-9424
-9441
-9468
-9510
-9550
-9564
-9520
-9476
-9394
-9311
-9252
-9216
-9235
-9296
-9328
-9408
-9457
-9469
-9522
-9492
-9544
-9544
-9475
-9475
-9372
-9315
-9302
-9253
-9325
-9348
-9427
-9529
-9522
-9539
-9502
-9496
-9504
-9498
-9492
-9456
-9391
-9332
-9292
-9278
-9295
-9347
-9416
-9482
-9522
-9549
-9552
-9529
-9522
-9494
-9465
-9430
-9356
-9300
-9292
-9282
-9325
-9397
-9455
-9500
-9545
-9587
-9577
-9569
-9538
-9502
-9460
-9438
-9394
-9343
-9302
-9259
-9299
-9350
-9444
-9524
-9592
-9606
-9579
-9542
-9487
-9479
-9438
-9439
-9433
-9388
-9352
-9306
-9323
-9377
-9471
-9561
-9620
-9620
-9565
-9478
-9414
-9407
-9399
-9406
-9409
-9376
-9294
-9308
-9316
-9374
-9444
-9478
-9591
-9603
-9584
-9539
-9464
-9429
-9382
-9358
-9331
-9295
-9304
-9303
-9349
-9383
-9440
-9550
-9600
-9661
-9633
-9555
-9485
-9363
-9314
-9282
-9289
-9334
-9354
-9412
-9415
-9425
-9478
-9512
-9544
-9565
-9543
-9504
-9428
-9363
-9355
-9323
-9317
-9341
-9392
-9417
-9418
-9409
-9457
-9503
-9552
-9585
-9578
-9547
-9442
-9423
-9361
-9315
-9318
-9323
-9320
-9355
-9416
-9426
-9471
-9487
-9494
-9539
-9518
-9502
-9499
-9408
-9366
-9320
-9319
-9353
-9373
-9433
-9460
-9490
-9497
-9489
-9534
-9537
-9523
-9503
-9443
-9405
-9329
-9311
-9318
-9344
-9424
-9443
-9447
-9474
-9478
-9499
-9529
-9527
-9550
-9494
-9463
-9402
-9324
-9317
-9292
-9320
-9386
-9453
-9494
-9538
-9524
-9516
-9507
-9515
-9523
-9500
-9472
-9420
-9359
-9303
-9288
-9311
-9412
-9456
-9525
-9564
-9497
-9488
-9445
-9408
-9414
-9361
-9340
-9315
-9250
-9280
-9300
-9343
-9410
-9494
-9582
-9616
-9632
-9580
-9526
-9495
-9465
-9473
-9460
-9420
-9411
-9362
-9317
-9348
-9390
-9409
-9485
-9490
-9536
-9533
-9469
-9481
-9371
-9378
-9331
-9336
-9398
-9346
-9370
-9379
-9387
-9465
-9526
-9590
-9609
-9559
-9539
-9430
-9422
-9382
-9373
-9402
-9384
-9402
-9397
-9435
-9478
-9527
-9574
-9629
-9636
-9602
-9529
-9492
-9428
-9411
-9396
-9368
-9395
-9406
-9401
-9413
-9431
-9488
-9554
-9560
-9612
-9565
-9508
-9438
-9369
-9340
-9341
-9383
-9410
-9410
-9425
-9425
-9459
-9516
-9526
-9622
-9638
-9626
-9580
-9495
-9407
-9336
-9322
-9326
-9353
-9376
-9410
-9429
-9459
-9494
-9509
-9571
-9599
-9526
-9445
-9361
-9300
-9274
-9286
-9298
-9346
-9384
-9445
-9476
-9465
-9466
-9469
-9483
-9489
-9508
-9444
-9370
-9319
-9318
-9323
-9335
-9364
-9389
-9439
-9503
-9553
-9560
-9515
-9480
-9517
-9501
-9512
-9466
-9394
-9333
-9267
-9290
-9307
-9384
-9459
-9482
-9495
-9465
-9452
-9462
-9456
-9438
-9401
-9367
-9341
-9298
-9296
-9307
-9335
-9426
-9462
-9518
-9510
-9488
-9517
-9483
-9508
-9467
-9434
-9419
-9332
-9338
-9338
-9340
-9355
-9378
-9440
-9515
-9538
-9522
-9539
-9468
-9456
-9393
-9384
-9392
-9302
-9326
-9273
-9290
-9341
-9356
-9474
-9480
-9487
-9512
-9432
-9459
-9413
-9407
-9398
-9377
-9359
-9291
-9315
-9295
-9399
-9444
-9507
-9547
-9503
-9546
-9539
-9461
-9447
-9391
-9335
-9425
-9338
-9382
-9356
-9343
-9459
-9402
-9502
-9538
-9518
-9573
-9513
-9476
-9452
-9371
-9418
-9399
-9387
-9403
-9428
-9412
-9406
-9447
-9454
-9544
-9573
-9593
-9515
-9466
-9389
-9338
-9340
-9327
-9351
-9366
-9427
-9421
-9472
-9500
-9511
-9560
-9585
-9604
-9573
-9508
-9444
-9396
-9375
-9396
-9429
-9450
-9488
-9507
-9506
-9518
-9533
-9553
-9558
-9559
-9550
-9482
-9443
-9378
-9338
-9346
-9337
-9382
-9406
-9457
-9486
-9509
-9525
-9514
-9521
-9529
-9508
-9477
-9419
-9371
-9316
-9344
-9391
-9423
-9520
-9523
-9546
-9541
-9528
-9537
-9530
-9535
-9513
-9441
-9413
-9359
-9328
-9349
-9358
-9425
-9450
-9481
-9502
-9489
-9502
-9502
-9488
-9477
-9425
-9409
-9357
-9318
-9315
-9290
-9334
-9407
-9478
-9531
-9552
-9541
-9525
-9514
-9503
-9498
-9477
-9447
-9425
-9400
-9376
-9364
-9391
-9449
-9534
-9560
-9567
-9570
-9547
-9525
-9498
-9479
-9449
-9408
-9377
-9345
-9308
-9304
-9327
-9381
-9441
-9493
-9528
-9551
-9532
-9463
-9410
-9397
-9375
-9383
-9384
-9380
-9394
-9408
-9422
-9414
-9449
-9486
-9539
-9541
-9513
-9490
-9429
-9396
-9400
-9392
-9382
-9380
-9398
-9381
-9387
-9428
-9431
-9476
-9500
-9521
-9519
-9469
-9426
-9397
-9376
-9363
-9361
-9385
-9376
-9389
-9426
-9435
-9480
-9528
-9542
-9551
-9549
-9496
-9459
-9417
-9398
-9382
-9370
-9383
-9406
-9440
-9458
-9480
-9510
-9520
-9525
-9547
-9519
-9484
-9447
-9394
-9322
-9293
-9304
-9330
-9387
-9394
-9387
-9396
-9426
-9464
-9503
-9533
-9519
-9460
-9393
-9367
-9332
-9332
-9368
-9409
-9429
-9445
-9469
-9481
-9473
-9478
-9505
-9480
-9484
-9460
-9423
-9359
-9325
-9336
-9334
-9367
-9429
-9456
-9454
-9464
-9443
-9464
-9474
-9462
-9434
-9408
-9385
-9341
-9295
-9287
-9315
-9337
-9385
-9455
-9475
-9469
-9459
-9448
-9456
-9448
-9459
-9427
-9419
-9406
-9360
-9339
-9341
-9372
-9417
-9441
-9463
-9506
-9512
-9514
-9464
-9469
-9463
-9425
-9430
-9392
-9391
-9365
-9325
-9350
-9389
-9441
-9472
-9481
-9479
-9449
-9437
-9416
-9404
-9393
-9387
-9383
-9360
-9355
-9352
-9392
-9449
-9498
-9516
-9529
-9552
-9526
-9507
-9484
-9456
-9446
-9434
-9421
-9401
-9409
-9440
-9466
-9493
-9527
-9552
-9519
-9531
-9523
-9483
-9457
-9429
-9414
-9358
-9365
-9358
-9364
-9376
-9398
-9414
-9440
-9484
-9504
-9552
-9545
-9531
-9481
-9459
-9413
-9393
-9426
-9413
-9453
-9445
-9440
-9472
-9493
-9555
-9564
-9563
-9547
-9476
-9441
-9385
-9374
-9389
-9380
-9391
-9389
-9407
-9416
-9445
-9474
-9488
-9524
-9517
-9497
-9462
-9422
-9393
-9375
-9401
-9433
-9455
-9451
-9469
-9485
-9500
-9533
-9536
-9529
-9526
-9500
-9464
-9438
-9377
-9361
-9354
-9362
-9417
-9455
-9487
-9502
-9474
-9457
-9452
-9448
-9455
-9451
-9438
-9428
-9398
-9371
-9353
-9355
-9385
-9399
-9431
-9459
-9471
-9467
-9470
-9464
-9474
-9444
-9401
-9382
-9364
-9362
-9350
-9370
-9408
-9457
-9499
-9497
-9488
-9501
-9476
-9475
-9474
-9442
-9424
-9427
-9399
-9428
-9401
-9425
-9475
-9482
-9504
-9465
-9514
-9470
-9486
-9495
-9476
-9469
-9413
-9384
-9367
-9331
-9324
-9351
-9352
-9419
-9447
-9487
-9517
-9501
-9501
-9508
-9483
-9461
-9450
-9420
-9385
-9371
-9387
-9419
-9445
-9483
-9532
-9550
-9550
-9541
-9522
-9486
-9467
-9437
-9424
-9417
-9411
-9405
-9386
-9399
-9415
-9425
-9477
-9500
-9513
-9491
-9448
-9409
-9373
-9370
-9372
-9402
-9391
-9380
-9390
-9424
-9450
-9485
-9506
-9528
-9579
-9558
-9548
-9486
-9424
-9414
-9381
-9395
-9390
-9406
-9411
-9410
-9407
-9432
-9468
-9482
-9517
-9491
-9472
-9435
-9377
-9363
-9352
-9315
-9333
-9362
-9382
-9403
-9424
-9439
-9472
-9446
-9462
-9456
-9414
-9427
-9366
-9368
-9346
-9335
-9378
-9374
-9380
-9401
-9405
-9452
-9425
-9480
-9502
-9480
-9470
-9388
-9366
-9328
-9319
-9354
-9374
-9380
-9441
-9440
-9469
-9471
-9472
-9470
-9489
-9470
-9427
-9413
-9359
-9362
-9315
-9364
-9379
-9426
-9457
-9465
-9493
-9480
-9473
-9479
-9493
-9456
-9474
-9443
-9426
-9376
-9341
-9342
-9360
-9420
-9468
-9491
-9486
-9484
-9466
-9478
-9468
-9471
-9455
-9427
-9390
-9371
-9386
-9405
-9417
-9425
-9459
-9488
-9528
-9535
-9504
-9506
-9489
-9469
-9482
-9465
-9460
-9429
-9387
-9380
-9378
-9414
-9460
-9494
-9515
-9512
-9508
-9485
-9442
-9414
-9391
-9378
-9378
-9380
-9375
-9387
-9402
-9439
-9486
-9520
-9531
-9515
-9499
-9463
-9442
-9424
-9417
-9427
-9420
-9410
-9406
-9398
-9408
-9430
-9483
-9533
-9553
-9540
-9506
-9488
-9463
-9455
-9430
-9419
-9416
-9424
-9435
-9444
-9465
-9482
-9501
-9512
-9525
-9515
-9505
-9467
-9427
-9399
-9382
-9397
-9386
-9401
-9428
-9439
-9462
-9477
-9493
-9500
-9496
-9481
-9459
-9416
-9391
-9374
-9347
-9338
-9347
-9359
-9372
-9399
-9409
-9441
-9475
-9480
-9504
-9499
-9476
-9450
-9413
-9391
-9345
-9353
-9380
-9405
-9440
-9455
-9482
-9483
-9481
-9503
-9528
-9522
-9501
-9457
-9428
-9389
-9384
-9406
-9413
-9460
-9467
-9490
-9491
-9478
-9479
-9479
-9490
-9484
-9485
-9470
-9454
-9421
-9393
-9378
-9374
-9405
-9431
-9446
-9468
-9481
-9484
-9480
-9463
-9446
-9435
-9417
-9407
-9401
-9383
-9381
-9384
-9404
-9437
-9470
-9500
-9493
-9480
-9483
-9468
-9449
-9452
-9454
-9453
-9438
-9411
-9415
-9437
-9451
-9477
-9490
-9496
-9503
-9491
-9471
-9451
-9440
-9431
-9425
-9424
-9405
-9394
-9392
-9393
-9409
-9441
-9457
-9459
-9468
-9450
-9461
-9455
-9446
-9444
-9420
-9392
-9389
-9392
-9401
-9438
-9453
-9468
-9476
-9491
-9501
-9510
-9499
-9468
-9448
-9435
-9426
-9417
-9405
-9392
-9389
-9388
-9428
-9452
-9455
-9461
-9444
-9418
-9402
-9373
-9352
-9362
-9364
-9362
-9364
-9376
-9387
-9392
-9398
-9431
-9477
-9506
-9522
-9516
-9496
-9473
-9457
-9442
-9421
-9424
-9422
-9425
-9439
-9443
-9462
-9462
-9463
-9467
-9477
-9479
-9462
-9449
-9427
-9400
-9390
-9393
-9401
-9419
-9425
-9416
-9421
-9431
-9433
-9450
-9444
-9428
-9425
-9423
-9392
-9374
-9375
-9387
-9409
-9436
-9475
-9486
-9499
-9493
-9493
-9506
-9494
-9487
-9480
-9447
-9421
-9406
-9399
-9399
-9411
-9430
-9445
-9459
-9467
-9486
-9479
-9470
-9451
-9436
-9421
-9386
-9358
-9359
-9373
-9387
-9411
-9421
-9448
-9457
-9463
-9471
-9475
-9506
-9538
-9534
-9514
-9494
-9469
-9449
-9433
-9428
-9437
-9466
-9492
-9499
-9499
-9504
-9493
-9492
-9499
-9486
-9452
-9418
-9391
-9365
-9348
-9328
-9313
-9328
-9356
-9394
-9410
-9401
-9394
-9385
-9387
-9376
-9379
-9380
-9363
-9367
-9374
-9383
-9406
-9439
-9477
-9505
-9514
-9514
-9499
-9478
-9464
-9465
-9458
-9444
-9449
-9446
-9434
-9412
-9407
-9423
-9450
-9482
-9490
-9491
-9463
-9432
-9412
-9406
-9402
-9390
-9388
-9393
-9397
-9397
-9421
-9436
-9445
-9460
-9473
-9473
-9464
-9445
-9422
-9405
-9403
-9417
-9421
-9422
-9434
-9454
-9458
-9470
-9486
-9493
-9487
-9472
-9457
-9437
-9418
-9386
-9371
-9399
-9398
-9422
-9419
-9403
-9413
-9409
-9450
-9448
-9474
-9471
-9456
-9440
-9409
-9394
-9361
-9368
-9358
-9388
-9402
-9392
-9419
-9429
-9458
-9474
-9455
-9441
-9425
-9401
-9374
-9393
-9375
-9385
-9403
-9408
-9457
-9456
-9473
-9497
-9506
-9515
-9533
-9524
-9538
-9513
-9486
-9463
-9439
-9440
-9453
-9474
-9495
-9517
-9501
-9512
-9489
-9473
-9450
-9448
-9429
-9415
-9397
-9383
-9362
-9343
-9358
-9357
-9404
-9424
-9439
-9461
-9463
-9461
-9484
-9480
-9493
-9491
-9484
-9490
-9467
-9459
-9472
-9496
-9523
-9569
-9570
-9566
-9555
-9530
-9516
-9493
-9463
-9450
-9437
-9431
-9426
-9405
-9417
-9423
-9435
-9457
-9449
-9454
-9445
-9430
-9426
-9405
-9413
-9420
-9421
-9419
-9404
-9408
-9413
-9424
-9440
-9466
-9490
-9492
-9494
-9499
-9488
-9476
-9463
-9430
-9403
-9387
-9385
-9380
-9383
-9404
-9420
-9444
-9456
-9461
-9462
-9438
-9420
-9413
-9408
-9408
-9400
-9397
-9389
-9377
-9401
-9436
-9471
-9496
-9497
-9487
-9457
-9418
-9412
-9424
-9415
-9421
-9417
-9395
-9391
-9388
-9407
-9434
-9440
-9457
-9474
-9474
-9465
-9441
-9416
-9390
-9365
-9355
-9358
-9377
-9393
-9396
-9401
-9398
-9410
-9435
-9455
-9469
-9471
-9456
-9440
-9426
-9421
-9427
-9422
-9423
-9413
-9412
-9417
-9412
-9409
-9414
-9430
-9441
-9448
-9437
-9414
-9397
-9382
-9366
-9368
-9386
-9412
-9441
-9467
-9471
-9492
-9516
-9500
-9494
-9480
-9464
-9464
-9438
-9440
-9434
-9422
-9445
-9453
-9463
-9464
-9461
-9460
-9450
-9425
-9426
-9437
-9433
-9442
-9433
-9421
-9428
-9410
-9414
-9424
-9430
-9445
-9445
-9443
-9449
-9459
-9466
-9478
-9459
-9441
-9419
-9415
-9435
-9458
-9482
-9481
-9470
-9470
-9476
-9464
-9470
-9476
-9465
-9459
-9437
-9442
-9423
-9403
-9407
-9401
-9419
-9425
-9435
-9435
-9446
-9448
-9442
-9438
-9434
-9427
-9420
-9405
-9395
-9390
-9397
-9402
-9399
-9417
-9439
-9491
-9510
-9510
-9488
-9468
-9436
-9425
-9426
-9421
-9408
-9388
-9390
-9399
-9424
-9433
-9452
-9458
-9477
-9478
-9483
-9468
-9435
-9411
-9376
-9366
-9383
-9385
-9398
-9410
-9397
-9408
-9405
-9424
-9441
-9450
-9450
-9440
-9421
-9406
-9393
-9388
-9416
-9436
-9455
-9462
-9461
-9463
-9475
-9485
-9495
-9498
-9481
-9466
-9450
-9431
-9426
-9420
-9433
-9433
-9435
-9440
-9460
-9489
-9494
-9504
-9494
-9484
-9467
-9468
-9467
-9456
-9437
-9415
-9413
-9432
-9460
-9473
-9478
-9476
-9459
-9436
-9437
-9429
-9421
-9417
-9406
-9406
-9410
-9429
-9430
-9428
-9428
-9438
-9453
-9454
-9462
-9460
-9473
-9477
-9490
-9482
-9454
-9449
-9449
-9455
-9470
-9496
-9498
-9499
-9489
-9485
-9484
-9485
-9483
-9479
-9469
-9449
-9427
-9412
-9406
-9416
-9422
-9421
-9432
-9423
-9436
-9460
-9456
-9436
-9450
-9471
-9475
-9461
-9445
-9437
-9414
-9408
-9418
-9426
-9439
-9470
-9466
-9471
-9464
-9455
-9457
-9457
-9481
-9463
-9449
-9436
-9419
-9422
-9428
-9445
-9443
-9446
-9449
-9459
-9464
-9450
-9450
-9438
-9428
-9422
-9412
-9399
-9393
-9374
-9369
-9382
-9400
-9421
-9432
-9446
-9448
-9437
-9397
-9373
-9365
-9384
-9412
-9417
-9430
-9426
-9412
-9419
-9442
-9458
-9467
-9460
-9463
-9450
-9424
-9398
-9379
-9405
-9406
-9410
-9412
-9418
-9433
-9424
-9433
-9437
-9431
-9432
-9434
-9429
-9428
-9437
-9428
-9406
-9414
-9411
-9412
-9422
-9418
-9434
-9429
-9428
-9444
-9454
-9451
-9452
-9438
-9434
-9421
-9414
-9433
-9448
-9463
-9463
-9460
-9452
-9462
-9454
-9455
-9450
-9444
-9431
-9422
-9429
-9417
-9431
-9454
-9456
-9468
-9450
-9437
-9438
-9430
-9449
-9450
-9463
-9451
-9438
-9414
-9398
-9402
-9406
-9426
-9429
-9444
-9448
-9439
-9433
-9453
-9469
-9489
-9492
-9489
-9482
-9472
-9479
-9465
-9473
-9474
-9472
-9490
-9485
-9477
-9462
-9439
-9422
-9407
-9399
-9391
-9386
-9397
-9400
-9397
-9393
-9392
-9409
-9427
-9450
-9457
-9462
-9450
-9446
-9447
-9434
-9444
-9446
-9463
-9469
-9451
-9441
-9437
-9416
-9425
-9431
-9428
-9441
-9440
-9466
-9472
-9451
-9433
-9407
-9389
-9388
-9384
-9383
-9398
-9410
-9438
-9466
-9486
-9487
-9474
-9470
-9469
-9457
-9445
-9434
-9428
-9431
-9453
-9464
-9480
-9503
-9493
-9498
-9480
-9462
-9435
-9422
-9423
-9412
-9415
-9416
-9429
-9422
-9405
-9397
-9394
-9391
-9426
-9455
-9476
-9492
-9467
-9476
-9471
-9469
-9477
-9463
-9459
-9451
-9452
-9465
-9469
-9466
-9488
-9518
-9543
-9551
-9533
-9489
-9456
-9419
-9387
-9378
-9378
-9381
-9392
-9392
-9381
-9405
-9407
-9423
-9436
-9450
-9447
-9426
-9404
-9394
-9397
-9378
-9398
-9411
-9426
-9445
-9451
-9456
-9451
-9468
-9486
-9493
-9496
-9484
-9477
-9459
-9437
-9428
-9422
-9419
-9419
-9415
-9429
-9429
-9422
-9427
-9434
-9445
-9445
-9434
-9433
-9427
-9393
-9372
-9339
-9361
-9386
-9389
-9397
-9400
-9417
-9432
-9443
-9451
-9468
-9458
-9454
-9457
-9444
-9426
-9421
-9422
-9433
-9463
-9474
-9465
-9465
-9452
-9459
-9453
-9448
-9434
-9412
-9415
-9411
-9430
-9422
-9419
-9412
-9407
-9420
-9434
-9433
-9431
-9434
-9435
-9435
-9429
-9438
-9426
-9427
-9432
-9444
-9450
-9462
-9488
-9504
-9513
-9488
-9467
-9450
-9453
-9456
-9438
-9441
-9456
-9445
-9438
-9441
-9439
-9445
-9458
-9479
-9490
-9472
-9457
-9437
-9419
-9420
-9411
-9417
-9419
-9406
-9394
-9395
-9409
-9438
-9452
-9464
-9491
-9504
-9506
-9475
-9449
-9433
-9437
-9460
-9470
-9469
-9474
-9471
-9459
-9462
-9464
-9479
-9493
-9494
-9496
-9459
-9426
-9397
-9374
-9383
-9382
-9401
-9408
-9414
-9435
-9442
-9458
-9455
-9471
-9490
-9478
-9470
-9450
-9425
-9413
-9423
-9419
-9443
-9455
-9459
-9470
-9458
-9455
-9459
-9472
-9469
-9468
-9458
-9434
-9423
-9435
-9412
-9405
-9394
-9415
-9451
-9448
-9453
-9433
-9419
-9424
-9436
-9422
-9428
-9403
-9390
-9397
-9401
-9421
-9425
-9447
-9477
-9463
-9453
-9468
-9463
-9493
-9493
-9474
-9459
-9409
-9373
-9353
-9368
-9399
-9415
-9446
-9458
-9451
-9431
-9415
-9426
-9430
-9412
-9414
-9417
-9426
-9441
-9441
-9437
-9423
-9421
-9430
-9476
-9505
-9509
-9485
-9465
-9449
-9429
-9431
-9434
-9437
-9444
-9440
-9422
-9414
-9406
-9421
-9428
-9430
-9417
-9403
-9406
-9407
-9382
-9391
-9399
-9399
-9416
-9402
-9391
-9393
-9423
-9438
-9475
-9509
-9515
-9517
-9510
-9503
-9490
-9451
-9418
-9419
-9408
-9428
-9448
-9455
-9465
-9467
-9472
-9470
-9462
-9452
-9425
-9388
-9361
-9337
-9350
-9361
-9370
-9385
-9384
-9401
-9420
-9426
-9455
-9458
-9463
-9479
-9447
-9429
-9430
-9422
-9427
-9454
-9466
-9477
-9459
-9470
-9498
-9501
-9518
-9519
-9513
-9489
-9473
-9445
-9433
-9437
-9426
-9429
-9419
-9408
-9418
-9423
-9429
-9426
-9420
-9418
-9404
-9405
-9394
-9379
-9374
-9369
-9370
-9375
-9377
-9406
-9428
-9430
-9435
-9439
-9457
-9467
-9477
-9490
-9503
-9482
-9469
-9463
-9452
-9453
-9462
-9467
-9455
-9435
-9427
-9431
-9445
-9471
-9474
-9461
-9440
-9425
-9400
-9379
-9364
-9357
-9355
-9370
-9397
-9401
-9410
-9418
-9416
-9432
-9449
-9453
-9453
-9454
-9451
-9439
-9431
-9422
-9426
-9425
-9444
-9458
-9466
-9477
-9490
-9507
-9505
-9497
-9493
-9499
-9484
-9483
-9450
-9420
-9409
-9390
-9412
-9404
-9409
-9421
-9404
-9408
-9404
-9404
-9426
-9439
-9448
-9455
-9452
-9453
-9438
-9427
-9445
-9460
-9470
-9502
-9498
-9477
-9471
-9460
-9460
-9461
-9448
-9414
-9413
-9401
-9395
-9417
-9438
-9446
-9435
-9427
-9416
-9426
-9452
-9470
-9471
-9474
-9463
-9458
-9468
-9478
-9479
-9489
-9485
-9489
-9509
-9500
-9494
-9486
-9467
-9448
-9442
-9435
-9424
-9409
-9401
-9407
-9427
-9437
-9459
-9467
-9454
-9447
-9438
-9442
-9435
-9439
-9423
-9431
-9445
-9459
-9468
-9432
-9425
-9435
-9459
-9493
-9511
-9510
-9502
-9461
-9423
-9404
-9393
-9394
-9395
-9407
-9417
-9407
-9419
-9433
-9424
-9448
-9467
-9467
-9452
-9439
-9422
-9413
-9414
-9416
-9425
-9419
-9429
-9455
-9482
-9494
-9489
-9469
-9458
-9443
-9432
-9425
-9414
-9409
-9396
-9389
-9388
-9382
-9401
-9412
-9412
-9420
-9410
-9428
-9423
-9414
-9410
-9388
-9412
-9438
-9422
-9414
-9407
-9410
-9430
-9435
-9441
-9441
-9419
-9417
-9431
-9434
-9453
-9437
-9419
-9399
-9382
-9369
-9370
-9390
-9425
-9440
-9436
-9450
-9442
-9451
-9458
-9459
-9456
-9434
-9417
-9408
-9403
-9426
-9448
-9458
-9476
-9489
-9497
-9501
-9518
-9508
-9501
-9495
-9464
-9448
-9445
-9471
-9472
-9457
-9456
-9456
-9478
-9493
-9488
-9464
-9448
-9437
-9445
-9444
-9442
-9439
-9434
-9436
-9444
-9450
-9444
-9446
-9465
-9496
-9507
-9516
-9524
-9537
-9525
-9503
-9470
-9465
-9469
-9455
-9462
-9453
-9429
-9418
-9431
-9438
-9453
-9468
-9473
-9457
-9436
-9442
-9466
-9480
-9468
-9453
-9437
-9427
-9423
-9437
-9472
-9495
-9506
-9496
-9472
-9440
-9414
-9411
-9403
-9390
-9393
-9403
-9421
-9449
-9462
-9478
-9498
-9499
-9490
-9482
-9474
-9461
-9434
-9406
-9383
-9382
-9397
-9404
-9410
-9408
-9409
-9426
-9437
-9445
-9443
-9433
-9440
-9448
-9430
-9398
-9383
-9366
-9361
-9372
-9393
-9415
-9429
-9430
-9434
-9436
-9436
-9456
-9456
-9445
-9421
-9402
-9395
-9385
-9384
-9377
-9372
-9385
-9405
-9412
-9409
-9415
-9412
-9396
-9369
-9346
-9345
-9345
-9336
-9334
-9339
-9349
-9357
-9360
-9370
-9394
-9429
-9459
-9467
-9458
-9446
-9436
-9439
-9436
-9443
-9451
-9466
-9472
-9460
-9462
-9465
-9466
-9459
-9459
-9447
-9435
-9434
-9443
-9443
-9434
-9414
-9396
-9386
-9375
-9380
-9380
-9394
-9399
-9402
-9421
-9429
-9420
-9426
-9439
-9450
-9456
-9436
-9463
-9488
-9488
-9477
-9466
-9466
-9481
-9502
-9507
-9498
-9474
-9465
-9455
-9433
-9407
-9403
-9407
-9415
-9420
-9421
-9421
-9424
-9437
-9451
-9458
-9458
-9450
-9450
-9448
-9435
-9430
-9427
-9428
-9441
-9459
-9469
-9483
-9492
-9497
-9494
-9503
-9495
-9481
-9464
-9440
-9424
-9419
-9428
-9426
-9434
-9446
-9469
-9490
-9505
-9495
-9486
-9473
-9479
-9482
-9462
-9460
-9457
-9437
-9436
-9442
-9453
-9465
-9441
-9439
-9443
-9468
-9483
-9471
-9464
-9457
-9425
-9416
-9432
-9414
-9423
-9426
-9426
-9442
-9429
-9454
-9451
-9433
-9457
-9437
-9471
-9473
-9458
-9484
-9474
-9472
-9459
-9447
-9463
-9473
-9465
-9488
-9471
-9482
-9487
-9459
-9452
-9423
-9418
-9427
-9431
-9412
-9417
-9412
-9392
-9392
-9414
-9421
-9437
-9435
-9456
-9448
-9428
-9449
-9435
-9455
-9451
-9437
-9432
-9452
-9453
-9470
-9474
-9464
-9470
-9463
-9466
-9467
-9472
-9467
-9447
-9425
-9406
-9396
-9401
-9410
-9414
-9415
-9441
-9426
-9445
-9442
-9413
-9428
-9407
-9408
-9418
-9391
-9399
-9370
-9370
-9429
-9437
-9484
-9484
-9473
-9489
-9472
-9464
-9444
-9433
-9432
-9435
-9445
-9437
-9444
-9447
-9464
-9475
-9476
-9478
-9449
-9469
-9443
-9443
-9434
-9406
-9421
-9389
-9402
-9400
-9405
-9420
-9438
-9447
-9452
-9443
-9418
-9440
-9417
-9422
-9430
-9409
-9420
-9423
-9421
-9448
-9423
-9413
-9417
-9418
-9455
-9437
-9430
-9399
-9399
-9393
-9396
-9404
-9405
-9403
-9403
-9420
-9404
-9449
-9451
-9494
-9456
-9453
-9464
-9439
-9433
-9404
-9437
-9402
-9440
-9419
-9414
-9437
-9441
-9471
-9450
-9446
-9444
-9448
-9446
-9448
-9439
-9411
-9444
-9427
-9412
-9440
-9424
-9447
-9427
-9435
-9438
-9429
-9448
-9445
-9428
-9423
-9421
-9425
-9453
-9429
-9448
-9450
-9445
-9467
-9462
-9473
-9470
-9448
-9436
-9434
-9431
-9442
-9454
-9442
-9450
-9445
-9434
-9437
-9423
-9430
-9439
-9437
-9435
-9424
-9439
-9471
-9460
-9460
-9421
-9397
-9390
-9386
-9403
-9407
-9433
-9433
-9443
-9452
-9452
-9445
-9458
-9465
-9463
-9462
-9469
-9481
-9474
-9436
-9435
-9440
-9421
-9454
-9467
-9485
-9472
-9450
-9439
-9427
-9430
-9425
-9421
-9417
-9432
-9418
-9417
-9428
-9414
-9419
-9430
-9443
-9449
-9450
-9440
-9429
-9435
-9439
-9464
-9469
-9463
-9471
-9477
-9495
-9519
-9510
-9504
-9511
-9494
-9494
-9463
-9451
-9424
-9419
-9430
-9414
-9416
-9393
-9388
-9389
-9402
-9417
-9434
-9436
-9433
-9433
-9436
-9441
-9439
-9435
-9445
-9432
-9433
-9433
-9434
-9452
-9448
-9463
-9473
-9514
-9483
-9479
-9463
-9445
-9474
-9456
-9464
-9448
-9422
-9439
-9459
-9467
-9491
-9455
-9470
-9492
-9479
-9493
-9466
-9449
-9439
-9422
-9435
-9418
-9403
-9417
-9406
-9429
-9445
-9452
-9471
-9470
-9466
-9465
-9431
-9422
-9422
-9399
-9410
-9412
-9434
-9426
-9422
-9435
-9444
-9474
-9476
-9472
-9482
-9489
-9471
-9468
-9451
-9433
-9430
-9431
-9448
-9433
-9437
-9467
-9482
-9470
-9435
-9424
-9402
-9381
-9397
-9391
-9371
-9354
-9335
-9347
-9353
-9354
-9368
-9376
-9407
-9428
-9429
-9440
-9433
-9432
-9438
-9420
-9425
-9435
-9426
-9452
-9482
-9489
-9506
-9498
-9486
-9490
-9462
-9456
-9468
-9467
-9469
-9436
-9435
-9453
-9455
-9445
-9428
-9415
-9390
-9393
-9396
-9404
-9408
-9411
-9425
-9413
-9388
-9361
-9360
-9388
-9403
-9398
-9402
-9407
-9419
-9430
-9451
-9470
-9454
-9445
-9455
-9454
-9462
-9461
-9440
-9440
-9426
-9429
-9443
-9449
-9457
-9457
-9483
-9497
-9486
-9467
-9448
-9442
-9449
-9442
-9432
-9437
-9438
-9453
-9447
-9432
-9444
-9466
-9476
-9461
-9452
-9410
-9384
-9377
-9386
-9417
-9416
-9405
-9396
-9404
-9409
-9421
-9457
-9467
-9466
-9460
-9433
-9429
-9441
-9467
-9469
-9456
-9444
-9460
-9493
-9500
-9497
-9503
-9516
-9511
-9501
-9495
-9465
-9427
-9422
-9425
-9449
-9450
-9428
-9412
-9395
-9389
-9386
-9393
-9383
-9381
-9382
-9369
-9382
-9380
-9362
-9353
-9361
-9392
-9401
-9422
-9438
-9455
-9477
-9480
-9494
-9493
-9473
-9454
-9449
-9425
-9420
-9431
-9457
-9483
-9484
-9480
-9454
-9451
-9445
-9435
-9427
-9422
-9411
-9398
-9380
-9381
-9386
-9387
-9368
-9372
-9387
-9381
-9401
-9394
-9413
-9429
-9440
-9451
-9466
-9453
-9436
-9439
-9456
-9462
-9465
-9468
-9463
-9500
-9514
-9520
-9533
-9527
-9481
-9464
-9467
-9487
-9496
-9488
-9447
-9400
-9384
-9379
-9409
-9453
-9483
-9480
-9437
-9397
-9415
-9438
-9459
-9458
-9426
-9408
-9419
-9416
-9436
-9450
-9461
-9477
-9450
-9447
-9480
-9479
-9491
-9488
-9457
-9461
-9438
-9443
-9430
-9418
-9424
-9448
-9465
-9460
-9451
-9458
-9471
-9461
-9457
-9443
-9434
-9413
-9432
-9464
-9474
-9466
-9454
-9424
-9411
-9427
-9470
-9491
-9465
-9442
-9418
-9397
-9403
-9415
-9412
-9445
-9442
-9429
-9412
-9411
-9437
-9450
-9446
-9442
-9440
-9448
-9463
-9462
-9463
-9439
-9431
-9451
-9485
-9484
-9473
-9470
-9451
-9418
-9392
-9403
-9439
-9456
-9461
-9455
-9409
-9388
-9390
-9416
-9424
-9422
-9415
-9411
-9411
-9386
-9389
-9398
-9419
-9437
-9453
-9444
-9437
-9436
-9412
-9427
-9444
-9446
-9419
-9399
-9419
-9438
-9453
-9476
-9478
-9466
-9451
-9433
-9422
-9430
-9443
-9448
-9408
-9355
-9341
-9324
-9366
-9405
-9428
-9447
-9431
-9439
-9459
-9468
-9465
-9460
-9438
-9421
-9410
-9427
-9459
-9460
-9466
-9479
-9460
-9469
-9483
-9469
-9476
-9469
-9452
-9443
-9432
-9425
-9423
-9443
-9462
-9443
-9462
-9471
-9447
-9420
-9408
-9434
-9417
-9399
-9390
-9394
-9415
-9407
-9407
-9407
-9412
-9433
-9441
-9465
-9483
-9456
-9453
-9480
-9483
-9469
-9463
-9446
-9425
-9419
-9422
-9458
-9474
-9496
-9500
-9487
-9493
-9456
-9443
-9442
-9440
-9423
-9397
-9378
-9356
-9344
-9383
-9441
-9456
-9481
-9482
-9484
-9470
-9468
-9482
-9454
-9446
-9455
-9434
-9430
-9421
-9417
-9444
-9453
-9462
-9466
-9470
-9482
-9505
-9490
-9482
-9476
-9426
-9408
-9402
-9393
-9415
-9420
-9412
-9412
-9405
-9414
-9418
-9432
-9457
-9456
-9448
-9428
-9398
-9386
-9413
-9432
-9423
-9424
-9417
-9439
-9462
-9443
-9446
-9493
-9476
-9477
-9477
-9419
-9416
-9412
-9413
-9433
-9420
-9410
-9417
-9400
-9423
-9471
-9461
-9420
-9401
-9393
-9422
-9417
-9413
-9404
-9365
-9405
-9428
-9454
-9473
-9451
-9466
-9489
-9477
-9490
-9467
-9449
-9456
-9440
-9439
-9464
-9473
-9449
-9466
-9469
-9493
-9483
-9474
-9457
-9445
-9475
-9443
-9420
-9398
-9407
-9411
-9383
-9407
-9397
-9410
-9427
-9409
-9434
-9425
-9461
-9464
-9445
-9430
-9429
-9464
-9445
-9467
-9438
-9451
-9478
-9461
-9489
-9506
-9529
-9496
-9502
-9487
-9487
-9474
-9481
-9491
-9439
-9436
-9386
-9403
-9368
-9432
-9421
-9388
-9439
-9388
-9449
-9427
-9430
-9441
-9425
-9412
-9395
-9368
-9370
-9387
-9382
-9383
-9413
-9440
-9419
-9452
-9452
-9447
-9402
-9449
-9437
-9445
-9430
-9413
-9435
-9420
-9480
-9450
-9493
-9450
-9467
-9521
-9487
-9475
-9424
-9413
-9443
-9382
-9376
-9446
-9377
-9356
-9377
-9325
-9430
-9408
-9359
-9489
-9405
-9393
-9463
-9384
-9460
-9446
-9334
-9499
-9374
-9378
-9473
-9406
-9514
-9498
-9458
-9517
-9459
-9439
-9483
-9406
-9501
-9459
-9431
-9458
-9424
-9431
-9441
-9413
-9391
-9442
-9443
-9435
-9416
-9400
-9368
-9399
-9426
-9407
-9388
-9414
-9376
-9439
-9439
-9395
-9475
-9427
-9463
-9457
-9431
-9437
-9422
-9431
-9398
-9434
-9452
-9474
-9519
-9499
-9464
-9476
-9489
-9525
-9509
-9452
-9443
-9442
-9494
-9486
-9475
-9432
-9422
-9446
-9432
-9469
-9512
-9507
-9493
-9466
-9413
-9460
-9424
-9418
-9463
-9425
-9440
-9451
-9448
-9420
-9444
-9458
-9431
-9465
-9461
-9443
-9440
-9458
-9423
-9417
-9451
-9440
-9477
-9456
-9462
-9498
-9468
-9515
-9497
-9458
-9478
-9436
-9415
-9412
-9435
-9418
-9396
-9404
-9400
-9387
-9423
-9455
-9428
-9424
-9438
-9443
-9425
-9459
-9428
-9408
-9430
-9447
-9451
-9429
-9442
-9435
-9456
-9456
-9477
-9464
-9458
-9452
-9414
-9437
-9436
-9475
-9491
-9458
-9427
-9397
-9414
-9439
-9439
-9463
-9460
-9476
-9468
-9423
-9410
-9430
-9443
-9413
-9371
-9379
-9408
-9412
-9426
-9429
-9467
-9467
-9452
-9446
-9471
-9432
-9448
-9411
-9415
-9389
-9370
-9438
-9369
-9397
-9363
-9421
-9454
-9430
-9464
-9445
-9428
-9394
-9425
-9458
-9435
-9492
-9398
-9400
-9431
-9387
-9477
-9411
-9456
-9534
-9480
-9506
-9521
-9467
-9506
-9469
-9409
-9430
-9418
-9400
-9360
-9379
-9413
-9423
-9419
-9473
-9485
-9469
-9526
-9480
-9462
-9408
-9400
-9416
-9380
-9420
-9456
-9438
-9426
-9445
-9393
-9436
-9506
-9470
-9455
-9454
-9455
-9435
-9366
-9464
-9453
-9432
-9482
-9447
-9456
-9464
-9490
-9501
-9492
-9462
-9468
-9452
-9492
-9465
-9480
-9454
-9411
-9450
-9348
-9409
-9442
-9444
-9492
-9453
-9460
-9445
-9433
-9428
-9440
-9415
-9400
-9401
-9387
-9405
-9402
-9401
-9454
-9462
-9457
-9444
-9410
-9418
-9430
-9488
-9474
-9508
-9463
-9446
-9473
-9432
-9462
-9435
-9406
-9460
-9442
-9413
-9403
-9389
-9405
-9397
-9433
-9391
-9381
-9426
-9387
-9329
-9374
-9376
-9482
-9434
-9455
-9496
-9414
-9470
-9430
-9460
-9466
-9419
-9400
-9464
-9440
-9518
-9500
-9513
-9478
-9473
-9504
-9458
-9485
-9446
-9448
-9382
-9452
-9364
-9424
-9479
-9382
-9402
-9385
-9444
-9459
-9388
-9465
-9376
-9363
-9436
-9344
-9442
-9358
-9368
-9439
-9376
-9492
-9432
-9400
-9469
-9413
-9516
-9471
-9468
-9492
-9482
-9455
-9459
-9467
-9482
-9495
-9447
-9516
-9453
-9510
-9444
-9436
-9461
-9379
-9444
-9413
-9399
-9479
-9377
-9426
-9419
-9368
-9482
-9441
-9419
-9446
-9460
-9427
-9477
-9407
-9514
-9479
-9415
-9435
-9405
-9469
-9429
-9401
-9437
-9417
-9421
-9473
-9351
-9469
-9438
-9445
-9451
-9462
-9456
-9422
-9469
-9400
-9424
-9412
-9462
-9465
-9470
-9454
-9486
-9429
-9475
-9469
-9410
-9473
-9433
-9454
-9428
-9433
-9464
-9466
-9439
-9452
-9432
-9438
-9493
-9501
-9493
-9444
-9478
-9479
-9464
-9512
-9474
-9466
-9469
-9389
-9445
-9398
-9429
-9507
-9426
-9549
-9478
-9469
-9497
-9427
-9485
-9380
-9385
-9396
-9332
-9438
-9400
-9366
-9442
-9410
-9431
-9392
-9383
-9472
-9436
-9389
-9505
-9428
-9410
-9425
-9366
-9514
-9387
-9486
-9435
-9401
-9520
-9410
-9522
-9453
-9451
-9505
-9430
-9457
-9427
-9375
-9482
-9336
-9427
-9351
-9362
-9479
-9377
-9467
-9385
-9411
-9435
-9508
-9401
-9496
-9335
-9398
-9433
-9276
-9475
-9356
-9424
-9402
-9446
-9467
-9454
-9476
-9419
-9466
-9427
-9444
-9467
-9378
-9462
-9402
-9452
-9421
-9367
-9425
-9351
-9420
-9384
-9443
-9386
-9429
-9382
-9428
-9444
-9405
-9432
-9352
-9432
-9367
-9359
-9443
-9416
-9377
-9472
-9360
-9487
-9437
-9389
-9457
-9391
-9424
-9465
-9497
-9368
-9457
-9429
-9442
-9420
-9450
-9485
-9452
-9458
-9454
-9456
-9374
-9416
-9473
-9394
-9471
-9413
-9348
-9491
-9388
-9506
-9453
-9499
-9458
-9402
-9463
-9393
-9471
-9427
-9438
-9464
-9442
-9472
-9484
-9340
-9408
-9454
-9489
-9511
-9503
-9479
-9475
-9414
-9421
-9460
-9353
-9401
-9408
-9390
-9393
-9466
-9390
-9486
-9429
-9445
-9519
-9418
-9508
-9437
-9436
-9470
-9437
-9490
-9467
-9476
-9474
-9456
-9552
-9423
-9508
-9522
-9467
-9503
-9365
-9442
-9444
-9377
-9475
-9367
-9352
-9496
-9343
-9466
-9516
-9391
-9517
-9397
-9440
-9499
-9443
-9517
-9477
-9493
-9506
-9479
-9481
-9466
-9456
-9491
-9471
-9494
-9505
-9499
-9476
-9473
-9464
-9452
-9442
-9375
-9403
-9364
-9332
-9396
-9417
-9417
-9399
-9372
-9409
-9401
-9394
-9466
-9505
-9474
-9486
-9405
-9414
-9464
-9431
-9496
-9458
-9454
-9475
-9491
-9531
-9527
-9500
-9464
-9421
-9404
-9435
-9419
-9420
-9430
-9399
-9420
-9417
-9447
-9465
-9368
-9391
-9407
-9403
-9479
-9454
-9462
-9490
-9431
-9407
-9433
-9424
-9426
-9481
-9471
-9481
-9456
-9447
-9470
-9418
-9434
-9434
-9461
-9485
-9413
-9427
-9447
-9418
-9429
-9356
-9401
-9445
-9407
-9422
-9411
-9390
-9388
-9438
-9385
-9417
-9414
-9455
-9501
-9463
-9462
-9432
-9435
-9457
-9394
-9373
-9427
-9378
-9413
-9420
-9445
-9442
-9452
-9458
-9483
-9431
-9438
-9434
-9418
-9474
-9390
-9406
-9394
-9464
-9421
-9450
-9473
-9400
-9428
-9378
-9419
-9501
-9455
-9493
-9499
-9482
-9473
-9459
-9450
-9412
-9486
-9441
-9472
-9405
-9410
-9448
-9413
-9435
-9442
-9454
-9471
-9504
-9401
-9402
-9404
-9443
-9496
-9397
-9362
-9422
-9391
-9481
-9435
-9437
-9451
-9375
-9457
-9395
-9426
-9440
-9381
-9444
-9453
-9365
-9435
-9443
-9479
-9451
-9423
-9478
-9431
-9424
-9429
-9442
-9515
-9492
-9536
-9481
-9435
-9500
-9390
-9488
-9379
-9440
-9394
-9381
-9417
-9416
-9485
-9382
-9488
-9406
-9437
-9399
-9379
-9428
-9411
-9390
-9381
-9409
-9412
-9449
-9393
-9439
-9468
-9469
-9453
-9456
-9439
-9360
-9451
-9455
-9433
-9451
-9363
-9381
-9439
-9397
-9504
-9448
-9399
-9415
-9413
-9463
-9425
-9498
-9431
-9448
-9407
-9420
-9386
-9420
-9416
-9389
-9443
-9422
-9435
-9425
-9443
-9415
-9504
-9405
-9454
-9448
-9414
-9400
-9455
-9465
-9493
-9492
-9437
-9503
-9466
-9517
-9475
-9502
-9502
-9505
-9446
-9455
-9431
-9437
-9483
-9498
-9464
-9408
-9389
-9411
-9481
-9439
-9468
-9441
-9399
-9459
-9466
-9449
-9501
-9483
-9485
-9451
-9419
-9383
-9438
-9443
-9527
-9515
-9494
-9543
-9449
-9503
-9465
-9488
-9465
-9468
-9419
-9419
-9449
-9385
-9420
-9445
-9424
-9463
-9464
-9443
-9488
-9442
-9502
-9489
-9471
-9475
-9427
-9476
-9488
-9472
-9479
-9418
-9455
-9465
-9421
-9448
-9446
-9489
-9463
-9478
-9473
-9422
-9439
-9455
-9449
-9435
-9458
-9444
-9464
-9430
-9432
-9485
-9465
-9488
-9446
-9424
-9443
-9434
-9397
-9479
-9423
-9407
-9413
-9370
-9456
-9383
-9412
-9452
-9406
-9402
-9433
-9416
-9424
-9405
-9393
-9387
-9410
-9407
-9394
-9401
-9406
-9450
-9425
-9396
-9423
-9425
-9392
-9409
-9390
-9413
-9411
-9414
-9366
-9394
-9385
-9407
-9431
-9389
-9427
-9401
-9431
-9429
-9457
-9438
-9491
-9437
-9409
-9444
-9400
-9417
-9433
-9426
-9378
-9435
-9392
-9413
-9418
-9342
-9403
-9384
-9373
-9442
-9344
-9414
-9408
-9363
-9428
-9372
-9400
-9386
-9347
-9363
-9389
-9393
-9432
-9390
-9433
-9391
-9399
-9463
-9439
-9440
-9472
-9435
-9411
-9462
-9413
-9494
-9440
-9432
-9474
-9426
-9406
-9436
-9425
-9425
-9447
-9403
-9431
-9462
-9442
-9447
-9426
-9453
-9441
-9374
-9413
-9382
-9438
-9447
-9495
-9472
-9446
-9469
-9488
-9511
-9492
-9517
-9470
-9468
-9438
-9465
-9475
-9451
-9456
-9442
-9460
-9464
-9489
-9459
-9474
-9543
-9426
-9451
-9470
-9431
-9476
-9450
-9444
-9464
-9346
-9476
-9414
-9412
-9549
-9390
-9507
-9551
-9489
-9503
-9503
-9369
-9550
-9352
-9444
-9579
-9351
-9575
-9457
-9428
-9520
-9430
-9439
-9497
-9396
-9506
-9382
-9397
-9485
-9343
-9433
-9311
-9381
-9446
-9411
-9467
-9435
-9480
-9473
-9427
-9516
-9564
-9435
-9475
-9457
-9404
-9497
-9320
-9442
-9405
-9254
-9489
-9422
-9462
-9436
-9452
-9443
-9471
-9486
-9417
-9518
-9374
-9454
-9408
-9430
-9439
-9362
-9484
-9414
-9493
-9543
-9480
-9476
-9462
-9417
-9447
-9436
-9341
-9477
-9355
-9384
-9514
-9331
-9477
-9493
-9403
-9448
-9427
-9458
-9478
-9410
-9445
-9449
-9419
-9442
-9407
-9406
-9432
-9395
-9468
-9501
-9414
-9457
-9426
-9432
-9457
-9450
-9459
-9481
-9457
-9425
-9470
-9437
