01312049.PTO
COBZ
2012/01/31 20:49:04.5600
100.0000 m/s  
6710 muestras
-6879
-6953
-6950
-6904
-6955
-6946
-6842
-6951
-6948
-6836
-6954
-6904
-6933
-6927
-6987
-6955
-6987
-6973
-7039
-6976
-7032
-7023
-7026
-7020
-6983
-7074
-7071
-7070
-6958
-7088
-6973
-7035
-6966
-7033
-6962
-6982
-7050
-6958
-6984
-6967
-7025
-6883
-7016
-7058
-7020
-6933
-7004
-7034
-6968
-6987
-7077
-6994
-6942
-7085
-6985
-6906
-7013
-7057
-6990
-7006
-7074
-7044
-6978
-7043
-7043
-6999
-7054
-7140
-6995
-6976
-7116
-7009
-6988
-7106
-7088
-6981
-7011
-7080
-6988
-7003
-7122
-7052
-6935
-7138
-7125
-6983
-7087
-7127
-7032
-6990
-7205
-7020
-6937
-7059
-7030
-6950
-6978
-7156
-7003
-6927
-7151
-7053
-6869
-7036
-6967
-6902
-6959
-7076
-7030
-6976
-7051
-7052
-7033
-7047
-7117
-7080
-7107
-7120
-7175
-7080
-7098
-7178
-7152
-7069
-7074
-7114
-7027
-7072
-7114
-7061
-7092
-7092
-7028
-7011
-7002
-7104
-7014
-7068
-7108
-7132
-7136
-7116
-7140
-7075
-7072
-7133
-7162
-7108
-7162
-7143
-6995
-7003
-7238
-7112
-7059
-7147
-7063
-7035
-7084
-7175
-7091
-7056
-7223
-7139
-7145
-7180
-7111
-7221
-7133
-7239
-7213
-7206
-7341
-7209
-7216
-7286
-7254
-7230
-7122
-7244
-7330
-7162
-7263
-7298
-7203
-7172
-7273
-7239
-7168
-7255
-7243
-7123
-7201
-7243
-7196
-7239
-7245
-7277
-7145
-7159
-7261
-7232
-7259
-7292
-7284
-7261
-7279
-7290
-7226
-7274
-7268
-7301
-7280
-7227
-7327
-7262
-7260
-7310
-7311
-7314
-7278
-7276
-7268
-7206
-7296
-7296
-7261
-7328
-7333
-7295
-7244
-7323
-7321
-7209
-7332
-7295
-7196
-7296
-7289
-7250
-7182
-7297
-7309
-7238
-7269
-7218
-7160
-7249
-7298
-7210
-7246
-7259
-7317
-7297
-7344
-7401
-7250
-7231
-7355
-7337
-7305
-7442
-7365
-7262
-7390
-7402
-7245
-7277
-7292
-7228
-7169
-7264
-7353
-7163
-7212
-7329
-7239
-7199
-7301
-7286
-7218
-7276
-7258
-7169
-7240
-7262
-7189
-7212
-7325
-7291
-7238
-7302
-7313
-7235
-7269
-7390
-7307
-7334
-7373
-7307
-7259
-7355
-7371
-7326
-7274
-7361
-7403
-7277
-7328
-7379
-7330
-7324
-7393
-7306
-7297
-7278
-7317
-7303
-7257
-7346
-7365
-7255
-7344
-7400
-7277
-7339
-7383
-7264
-7266
-7429
-7332
-7258
-7326
-7374
-7313
-7311
-7351
-7357
-7265
-7320
-7338
-7296
-7340
-7280
-7294
-7245
-7268
-7202
-7230
-7317
-7274
-7300
-7328
-7332
-7384
-7333
-7318
-7329
-7278
-7271
-7255
-7317
-7248
-7325
-7424
-7252
-7327
-7349
-7174
-7259
-7288
-7237
-7237
-7232
-7254
-7272
-7300
-7219
-7192
-7355
-7264
-7149
-7211
-7201
-7171
-7197
-7223
-7282
-7262
-7259
-7313
-7201
-7230
-7242
-7206
-7222
-7257
-7280
-7206
-7203
-7206
-7104
-7169
-7155
-7108
-7080
-7075
-7087
-7096
-7116
-7116
-7099
-7113
-7105
-7008
-7081
-7036
-7080
-7044
-7091
-7025
-7058
-7093
-7065
-7081
-7070
-7049
-6982
-7111
-7074
-7018
-7003
-7068
-7058
-7024
-6997
-7092
-6981
-7043
-7022
-6972
-7029
-7012
-7042
-7070
-7066
-6990
-7089
-7049
-7058
-7019
-7042
-6998
-7025
-7001
-7000
-7018
-6952
-6992
-6899
-6848
-7001
-6932
-6879
-6981
-6937
-6934
-6862
-6971
-6975
-6946
-6966
-6970
-6911
-6905
-7013
-6904
-6909
-7022
-6897
-6875
-6998
-7007
-6932
-6923
-6997
-6943
-6983
-6991
-7015
-6977
-6935
-7030
-6985
-6922
-7094
-7077
-7011
-7106
-7090
-7071
-7040
-7006
-6990
-6977
-7059
-7078
-6970
-7112
-6967
-7023
-7126
-6985
-7025
-7047
-7101
-7020
-7007
-7145
-7046
-7039
-7100
-6992
-7071
-6919
-7017
-7061
-6954
-7021
-7042
-7101
-7074
-7147
-7068
-7085
-7139
-7012
-7077
-7133
-7059
-7010
-7027
-7103
-7087
-7109
-7215
-7040
-6998
-7122
-7049
-7077
-7096
-7095
-7082
-7101
-7129
-7048
-7085
-7081
-7068
-7043
-6939
-7124
-7052
-7036
-7198
-7020
-7042
-7104
-7054
-7031
-7044
-7024
-6988
-7067
-7135
-7083
-7127
-7121
-7080
-7002
-7019
-7202
-7093
-7092
-7229
-7115
-7112
-7192
-7168
-7182
-7151
-7202
-7130
-7176
-7261
-7196
-7202
-7150
-7264
-7260
-7177
-7241
-7223
-7235
-7257
-7169
-7178
-7249
-7296
-7267
-7226
-7321
-7225
-7172
-7279
-7243
-7249
-7297
-7296
-7199
-7254
-7278
-7185
-7232
-7360
-7312
-7297
-7378
-7279
-7282
-7328
-7361
-7348
-7367
-7341
-7303
-7303
-7373
-7306
-7300
-7364
-7305
-7395
-7355
-7324
-7322
-7378
-7374
-7347
-7431
-7348
-7346
-7396
-7328
-7409
-7351
-7368
-7400
-7320
-7428
-7469
-7446
-7414
-7391
-7455
-7445
-7415
-7518
-7379
-7366
-7399
-7389
-7411
-7416
-7428
-7364
-7404
-7431
-7381
-7308
-7442
-7363
-7362
-7522
-7428
-7382
-7433
-7513
-7404
-7370
-7525
-7348
-7232
-7403
-7383
-7302
-7367
-7412
-7317
-7297
-7396
-7372
-7329
-7413
-7372
-7339
-7349
-7344
-7358
-7255
-7304
-7369
-7270
-7379
-7342
-7292
-7300
-7369
-7404
-7282
-7378
-7368
-7298
-7312
-7354
-7290
-7324
-7326
-7345
-7263
-7304
-7413
-7302
-7190
-7314
-7288
-7177
-7276
-7248
-7257
-7182
-7324
-7193
-7181
-7277
-7230
-7178
-7243
-7228
-7218
-7190
-7223
-7292
-7109
-7218
-7178
-7182
-7188
-7259
-7183
-7173
-7212
-7166
-7098
-7149
-7199
-7169
-7150
-7127
-7178
-7016
-7100
-7142
-7054
-7074
-7146
-7055
-7107
-7131
-7118
-7135
-7067
-7111
-7016
-7068
-7096
-7055
-7031
-7071
-7141
-7057
-7105
-7140
-7051
-7063
-7101
-7056
-7057
-7058
-7124
-7094
-7025
-7083
-7094
-7028
-7113
-7158
-7112
-7213
-7222
-7272
-7238
-7258
-7285
-7225
-7210
-7223
-7241
-7170
-7160
-7167
-7041
-6979
-6937
-6904
-6889
-6836
-6752
-6689
-6654
-6642
-6727
-6680
-6748
-6744
-6754
-6914
-6914
-6900
-7050
-6996
-6926
-6977
-6917
-6868
-6950
-6958
-6799
-6936
-6918
-6806
-6818
-6767
-6746
-6767
-6875
-6998
-6978
-7017
-7052
-7058
-7050
-7137
-7197
-7212
-7241
-7222
-7223
-7030
-7015
-6898
-6923
-6945
-7045
-7172
-7067
-6994
-6832
-6791
-6779
-6740
-6748
-6840
-6791
-6872
-6703
-6575
-6441
-6339
-6527
-6569
-6739
-6823
-6862
-6911
-6942
-7096
-7167
-7155
-7233
-7285
-7502
-7674
-7945
-8108
-8234
-8467
-8598
-8717
-8653
-8597
-8399
-8062
-7630
-7348
-7183
-7018
-6947
-6915
-6923
-6807
-6764
-6672
-6417
-6382
-6302
-6086
-5952
-5839
-5757
-5731
-5632
-5689
-5854
-6070
-6431
-6840
-7218
-7388
-7647
-7711
-7716
-7873
-7922
-8035
-8187
-8098
-8119
-8171
-8078
-8122
-7991
-8082
-8127
-7932
-7782
-7418
-7032
-6767
-6490
-6300
-6104
-6022
-6124
-6187
-6307
-6298
-6398
-6448
-6495
-6566
-6363
-6304
-6197
-5991
-5950
-6068
-6358
-6672
-6996
-7503
-7806
-7894
-7996
-7934
-7965
-8089
-8073
-8047
-8074
-7968
-7769
-7809
-7897
-7947
-8060
-7962
-7710
-7457
-7312
-7177
-7021
-6844
-6699
-6602
-6522
-6479
-6331
-6173
-6004
-6126
-6543
-6867
-7222
-7481
-7158
-6987
-6981
-6899
-6980
-6823
-6807
-6970
-7264
-7412
-7378
-7310
-7399
-7723
-8029
-8108
-7922
-7608
-7170
-6878
-6587
-6486
-6524
-6563
-6551
-6494
-6463
-6453
-6444
-6304
-6208
-6345
-6654
-6874
-6857
-6912
-7223
-7008
-6688
-6719
-6954
-7385
-7772
-7971
-7974
-7897
-7894
-7864
-7709
-7820
-7834
-7597
-7334
-7203
-6993
-6883
-6992
-6984
-6933
-6904
-6986
-6976
-6928
-7013
-6931
-6479
-6027
-5851
-5722
-5727
-6034
-6118
-6097
-6499
-6984
-7123
-7144
-7289
-7447
-7383
-7424
-7385
-6994
-6921
-7187
-7403
-7769
-8273
-8306
-8027
-7936
-7913
-7758
-7556
-7238
-6917
-6622
-6416
-6358
-6254
-6322
-6529
-6655
-6806
-7032
-6997
-6753
-6760
-6717
-6587
-6576
-6499
-6437
-6403
-6481
-6693
-6812
-7105
-7547
-7824
-7792
-7676
-7647
-7399
-7284
-7356
-7160
-7046
-7277
-7260
-7350
-7358
-7326
-7270
-7241
-7443
-7371
-7326
-7186
-6875
-6615
-6633
-6755
-7002
-7125
-7301
-7224
-7061
-6963
-6762
-6894
-7103
-7327
-7305
-7389
-7524
-7475
-7322
-7221
-7121
-6981
-6968
-7242
-7310
-7348
-7541
-7472
-7409
-7417
-7556
-7495
-7488
-7582
-7495
-7335
-7271
-7126
-6922
-6955
-6968
-7072
-7401
-7781
-7931
-7874
-7704
-7416
-7298
-7125
-7159
-7255
-7023
-6938
-6846
-6834
-7001
-7266
-7515
-7677
-7600
-7470
-7260
-7079
-6944
-6858
-6709
-6602
-6760
-6767
-7013
-7202
-7343
-7493
-7609
-7564
-7528
-7682
-7846
-7677
-7633
-7647
-7405
-7415
-7526
-7574
-7542
-7694
-7705
-7601
-7772
-7892
-7687
-7670
-7585
-7524
-7387
-7320
-7090
-6926
-6926
-6854
-6933
-7065
-7196
-7060
-6989
-6965
-6902
-6902
-7148
-7068
-7076
-7099
-7159
-7240
-7318
-7557
-7658
-7717
-7937
-7891
-7799
-7779
-7609
-7627
-7501
-7432
-7344
-7388
-7306
-7269
-7255
-7288
-7435
-7487
-7490
-7502
-7348
-7269
-7287
-7040
-6839
-6820
-6840
-6910
-7010
-7128
-7223
-7234
-7286
-7130
-7198
-7374
-7501
-7481
-7505
-7450
-7270
-7012
-6887
-6690
-6777
-7126
-7236
-7322
-7307
-7374
-7269
-7322
-7227
-7051
-6969
-6928
-6794
-6787
-6848
-6894
-6943
-7340
-7638
-7638
-7737
-7707
-7536
-7469
-7521
-7342
-7252
-7227
-7235
-7091
-7193
-7324
-7262
-7171
-7193
-7094
-7090
-7269
-7371
-7212
-6996
-6905
-6694
-6614
-6637
-6682
-6693
-6847
-7025
-7138
-7152
-7190
-7125
-7056
-7112
-7147
-7094
-7105
-6974
-6807
-6801
-6977
-7240
-7346
-7454
-7577
-7632
-7591
-7533
-7363
-7307
-7281
-7273
-7275
-7033
-6852
-6888
-6868
-6930
-7123
-7184
-7176
-7349
-7396
-7264
-7105
-6914
-6729
-6587
-6725
-6764
-6693
-6815
-6914
-6917
-6974
-7152
-7308
-7391
-7550
-7547
-7316
-7159
-7114
-7043
-7072
-7222
-7259
-7282
-7288
-7224
-7282
-7358
-7401
-7480
-7639
-7639
-7495
-7289
-6954
-6831
-6760
-6753
-6803
-6752
-6880
-7033
-7073
-7173
-7126
-7125
-7059
-6970
-7049
-6932
-6782
-6738
-6714
-6818
-6928
-7115
-7314
-7329
-7473
-7576
-7542
-7450
-7384
-7369
-7337
-7417
-7509
-7415
-7383
-7316
-7226
-7255
-7410
-7422
-7386
-7535
-7488
-7256
-7029
-6977
-6826
-6753
-6832
-6755
-6691
-6907
-7072
-7042
-7009
-7189
-7162
-6999
-7123
-6987
-6860
-6867
-6808
-6865
-7011
-7257
-7350
-7327
-7664
-7708
-7690
-7672
-7509
-7422
-7347
-7496
-7458
-7410
-7333
-7096
-7023
-7043
-7157
-7288
-7252
-7330
-7309
-7167
-7110
-7007
-6925
-6827
-6907
-7004
-6951
-7046
-7162
-7113
-7104
-7253
-7310
-7230
-7355
-7289
-7116
-7277
-7289
-7167
-7180
-7231
-7113
-7093
-7213
-7233
-7143
-7227
-7387
-7230
-7268
-7312
-7252
-7149
-7053
-6932
-6738
-6777
-6865
-6981
-7085
-7220
-7319
-7302
-7196
-7192
-7174
-7122
-7157
-7189
-7200
-7051
-7054
-7000
-6952
-7134
-7244
-7236
-7268
-7342
-7251
-7107
-7124
-7205
-7199
-7296
-7217
-7180
-6944
-6854
-6915
-6827
-7074
-7147
-7258
-7352
-7354
-7290
-7239
-7016
-6869
-6843
-6921
-6879
-6898
-7126
-7057
-7080
-7127
-7238
-7152
-7223
-7381
-7251
-7209
-7243
-6946
-6779
-6879
-6856
-6919
-6972
-7007
-7003
-7020
-7079
-6970
-6945
-7054
-7012
-6977
-6880
-6905
-6779
-6734
-6782
-6755
-6903
-6989
-7192
-7239
-7163
-7205
-7124
-6988
-7143
-7133
-7096
-7078
-7088
-7048
-7015
-7079
-7057
-7117
-7084
-7185
-7206
-7310
-7368
-7209
-7007
-6923
-6851
-6822
-6866
-6909
-6915
-6921
-7000
-7110
-7156
-7228
-7432
-7366
-7291
-7233
-7088
-6826
-6869
-6982
-6977
-7116
-7301
-7280
-7200
-7212
-7195
-7165
-7182
-7348
-7302
-7283
-7303
-7271
-7136
-6939
-7009
-7128
-7238
-7400
-7461
-7388
-7351
-7412
-7347
-7292
-7301
-7196
-7141
-7084
-6987
-6974
-6950
-7072
-7141
-7219
-7330
-7379
-7328
-7135
-7122
-6991
-6852
-6923
-6958
-6979
-7046
-7189
-7327
-7280
-7375
-7558
-7557
-7600
-7638
-7625
-7549
-7364
-7373
-7295
-7232
-7335
-7338
-7408
-7394
-7374
-7391
-7379
-7457
-7391
-7448
-7403
-7096
-7086
-6986
-6847
-6867
-6931
-7058
-7075
-7197
-7274
-7252
-7372
-7332
-7301
-7250
-7281
-7257
-7186
-7297
-7198
-7192
-7328
-7271
-7337
-7508
-7623
-7673
-7660
-7689
-7638
-7421
-7379
-7298
-7127
-7196
-7206
-7220
-7231
-7344
-7321
-7350
-7415
-7447
-7458
-7478
-7314
-7154
-7109
-7005
-7086
-7080
-7171
-7207
-7313
-7299
-7337
-7399
-7306
-7246
-7282
-7355
-7315
-7246
-7198
-7084
-6992
-7015
-7019
-7055
-7139
-7318
-7348
-7418
-7410
-7358
-7358
-7277
-7201
-7107
-7128
-7107
-7071
-7083
-7118
-7252
-7399
-7530
-7662
-7509
-7388
-7327
-7137
-7061
-7045
-7104
-7016
-7071
-7079
-7135
-7051
-7053
-7217
-7197
-7375
-7364
-7341
-7314
-7201
-7096
-7089
-7067
-7046
-6904
-7013
-7091
-7147
-7273
-7257
-7289
-7253
-7344
-7320
-7226
-7191
-7001
-6800
-6925
-6910
-7004
-7100
-7199
-7264
-7220
-7265
-7193
-7132
-7068
-7084
-7118
-7012
-6962
-6960
-6783
-6696
-6799
-7002
-6977
-7085
-7252
-7216
-7275
-7143
-7011
-7039
-6980
-6912
-6928
-6903
-6974
-7092
-7082
-7268
-7281
-7277
-7355
-7220
-7117
-7134
-7073
-6933
-7060
-6975
-6933
-6959
-6925
-7035
-7025
-6982
-7027
-7012
-7073
-7165
-7028
-7088
-7114
-6942
-6935
-6942
-6781
-6841
-6975
-6979
-7113
-7133
-7365
-7346
-7236
-7242
-7047
-7076
-6969
-6907
-6869
-6839
-6842
-6910
-7032
-7119
-7121
-7174
-7170
-7095
-7077
-7054
-7035
-6973
-7006
-7025
-7024
-6966
-7117
-7050
-7112
-7232
-7143
-7247
-7322
-7272
-7261
-7199
-7094
-6965
-6865
-6963
-6875
-7023
-7100
-7079
-7130
-7212
-7160
-7147
-7230
-7157
-7021
-6949
-6977
-6792
-6815
-6905
-6897
-7015
-7152
-7201
-7334
-7302
-7259
-7337
-7262
-7233
-7337
-7181
-7085
-7027
-6961
-7076
-7054
-7027
-7121
-7228
-7299
-7329
-7290
-7422
-7113
-7067
-7145
-6997
-6986
-7055
-7102
-6993
-7063
-7143
-7136
-7106
-7165
-7173
-7129
-7077
-7033
-6930
-6904
-6878
-6919
-6825
-6898
-6952
-6918
-6960
-7026
-6980
-7004
-7192
-7126
-7120
-7010
-6957
-6787
-6692
-6779
-6755
-6721
-7050
-7081
-7035
-7113
-7222
-7093
-7002
-7139
-6954
-6859
-6891
-6909
-6792
-6936
-6985
-6940
-6903
-7122
-7009
-6975
-7125
-7069
-6864
-6865
-6947
-6767
-6734
-6825
-6833
-6652
-6829
-6934
-6922
-6958
-7163
-7039
-7126
-7273
-7225
-7085
-6958
-6838
-6803
-6875
-6819
-6919
-7024
-6992
-6999
-7129
-6994
-7096
-7082
-7013
-6902
-6953
-6925
-6821
-6737
-6788
-6821
-6844
-6983
-6920
-6932
-7007
-7053
-6982
-7106
-6971
-6985
-6973
-6908
-6953
-6958
-6995
-7086
-7106
-7123
-7220
-7291
-7301
-7287
-7228
-7139
-7103
-7046
-7228
-7051
-7021
-7097
-7093
-7165
-7060
-7159
-7267
-7188
-7303
-7301
-7222
-7095
-6977
-7083
-7061
-7058
-7135
-7127
-7092
-7135
-7164
-7378
-7418
-7500
-7593
-7485
-7391
-7333
-7130
-7069
-7111
-7064
-7199
-7411
-7415
-7429
-7506
-7481
-7425
-7345
-7496
-7323
-7251
-7257
-7221
-7198
-7284
-7307
-7202
-7345
-7416
-7342
-7456
-7567
-7397
-7471
-7540
-7445
-7340
-7395
-7349
-7182
-7246
-7307
-7182
-7272
-7422
-7477
-7556
-7628
-7611
-7447
-7402
-7367
-7170
-7183
-7281
-7125
-7120
-7258
-7288
-7224
-7319
-7423
-7339
-7385
-7484
-7363
-7266
-7301
-7268
-7186
-7276
-7264
-7268
-7317
-7336
-7483
-7446
-7489
-7511
-7428
-7469
-7490
-7313
-7289
-7300
-7164
-7105
-7255
-7296
-7233
-7422
-7432
-7489
-7396
-7423
-7283
-7090
-7221
-7230
-7163
-7245
-7274
-7172
-7206
-7212
-7327
-7236
-7453
-7438
-7427
-7533
-7371
-7318
-7223
-7119
-7203
-7051
-7057
-7198
-7161
-7301
-7146
-7357
-7384
-7393
-7332
-7378
-7221
-7035
-7058
-7029
-7002
-7077
-7241
-7170
-7278
-7257
-7339
-7213
-7241
-7224
-7221
-7148
-7244
-7231
-7145
-7141
-7142
-7084
-7103
-7290
-7162
-7232
-7250
-7353
-7248
-7334
-7309
-7191
-7084
-7121
-6994
-6884
-7008
-6928
-6978
-7217
-7307
-7195
-7334
-7301
-7203
-7046
-7220
-7146
-6966
-7040
-7104
-7050
-7135
-7292
-7175
-7253
-7302
-7373
-7307
-7343
-7391
-7250
-7169
-7132
-7130
-7019
-7054
-7080
-7088
-7145
-7131
-7240
-7173
-7208
-7197
-7042
-7093
-7129
-6997
-6925
-6858
-6876
-6859
-6873
-7060
-6997
-7108
-7267
-7261
-7125
-7222
-7250
-7064
-7036
-7154
-7074
-6944
-7059
-7034
-7007
-7077
-7226
-7173
-7223
-7219
-7231
-7200
-7100
-7053
-6982
-6895
-6894
-6962
-6901
-6983
-7004
-7062
-7060
-7158
-7155
-7008
-7065
-7158
-6939
-6906
-6978
-6874
-6807
-6989
-7137
-7029
-7158
-7239
-7138
-7072
-7241
-7143
-7146
-7221
-7161
-7056
-7026
-7005
-6860
-6863
-7094
-7062
-7074
-7230
-7166
-7111
-7149
-7249
-7068
-7056
-6998
-6983
-6909
-6942
-6915
-6939
-6925
-7080
-7173
-7114
-7285
-7190
-7122
-7047
-7024
-7009
-7063
-6988
-7091
-7056
-7101
-7182
-7100
-7071
-7222
-7202
-7205
-7318
-7267
-7249
-7261
-7208
-7085
-7092
-7165
-7176
-7038
-7249
-7280
-7183
-7259
-7324
-7233
-7176
-7243
-7269
-7022
-7016
-6972
-6933
-7024
-7019
-7154
-7217
-7202
-7253
-7252
-7310
-7360
-7251
-7305
-7142
-7198
-7152
-7156
-7157
-7161
-7255
-7239
-7353
-7419
-7340
-7456
-7392
-7336
-7351
-7137
-7209
-7090
-7056
-7156
-7159
-7214
-7171
-7234
-7252
-7129
-7241
-7245
-7256
-7113
-7156
-7151
-6981
-7087
-7150
-7114
-7239
-7204
-7130
-7231
-7276
-7278
-7249
-7377
-7329
-7277
-7334
-7262
-7055
-7063
-7042
-7096
-6978
-7200
-7220
-7157
-7360
-7274
-7199
-7138
-7233
-7042
-7053
-7025
-7042
-7029
-7040
-7170
-7136
-7127
-7333
-7246
-7207
-7315
-7205
-7200
-7193
-7177
-7095
-7190
-7127
-7157
-7052
-7136
-7074
-7169
-7280
-7180
-7365
-7179
-7211
-7092
-7089
-7003
-6949
-7041
-6990
-7004
-6965
-7027
-7124
-7080
-7186
-7301
-7118
-7163
-7178
-7081
-6996
-7074
-7076
-6951
-7016
-7164
-7137
-7063
-7198
-7164
-7096
-7287
-7251
-7132
-7136
-7072
-6964
-7041
-7106
-6963
-7004
-7110
-7153
-7161
-7194
-7184
-7147
-7061
-7154
-7092
-7028
-7152
-7077
-7031
-7091
-7135
-7092
-7187
-7240
-7220
-7275
-7291
-7262
-7239
-7174
-7215
-7186
-7117
-7125
-7082
-7091
-7054
-7112
-7174
-7105
-7139
-7258
-7253
-7262
-7292
-7138
-7102
-7056
-7001
-7040
-7046
-7126
-7159
-7179
-7281
-7338
-7336
-7323
-7303
-7250
-7216
-7259
-7167
-7164
-7226
-7234
-7227
-7222
-7240
-7250
-7300
-7304
-7289
-7312
-7310
-7288
-7276
-7262
-7251
-7257
-7268
-7190
-7237
-7225
-7284
-7348
-7388
-7436
-7435
-7395
-7336
-7363
-7233
-7210
-7241
-7276
-7234
-7352
-7361
-7316
-7468
-7423
-7381
-7455
-7480
-7412
-7368
-7385
-7320
-7221
-7346
-7299
-7251
-7371
-7460
-7384
-7338
-7468
-7390
-7358
-7443
-7395
-7387
-7351
-7301
-7279
-7227
-7266
-7312
-7331
-7378
-7450
-7417
-7380
-7413
-7378
-7328
-7356
-7329
-7333
-7313
-7308
-7290
-7278
-7287
-7297
-7449
-7400
-7374
-7441
-7399
-7362
-7398
-7310
-7258
-7232
-7251
-7255
-7187
-7292
-7292
-7351
-7395
-7458
-7432
-7353
-7464
-7356
-7205
-7176
-7081
-7082
-7082
-7189
-7312
-7253
-7356
-7333
-7315
-7198
-7208
-7335
-7084
-7166
-7288
-7170
-7165
-7219
-7166
-7047
-7052
-7217
-7073
-7115
-7272
-7066
-7117
-7184
-7114
-6957
-6994
-6948
-6927
-6961
-7015
-7034
-6953
-7064
-7081
-7059
-7131
-7226
-7159
-7073
-7002
-6962
-6931
-6981
-6957
-7001
-7037
-7104
-7132
-7026
-7007
-7012
-7024
-6988
-7064
-6970
-6883
-6900
-6818
-6739
-6770
-6808
-6888
-6902
-6914
-6908
-6864
-6967
-6986
-6913
-6911
-6848
-6722
-6789
-6828
-6686
-6855
-6905
-6792
-6909
-6940
-6945
-6924
-6900
-6925
-6893
-6857
-7000
-6808
-6795
-6835
-6807
-6747
-6792
-6889
-6824
-6942
-7051
-7011
-6916
-6902
-6819
-6804
-6723
-6877
-6759
-6740
-6786
-6849
-6859
-6909
-6908
-6906
-6928
-6930
-6993
-6834
-6845
-6707
-6812
-6768
-6941
-6879
-6872
-6912
-6860
-6971
-6947
-6966
-7021
-6978
-7000
-7135
-6976
-7038
-6935
-7008
-6935
-6907
-7053
-6961
-7049
-7105
-7038
-7147
-7093
-7013
-6963
-6854
-6931
-6810
-6825
-6842
-6868
-6882
-6973
-7048
-6961
-7013
-7086
-6934
-6946
-7018
-6955
-6966
-6941
-7153
-6970
-7006
-7153
-6994
-7134
-7208
-7162
-7163
-7232
-7283
-7179
-7146
-7187
-7083
-7111
-7075
-7183
-7114
-7100
-7263
-7195
-7230
-7287
-7208
-7148
-7225
-7251
-7140
-7068
-7207
-7139
-7057
-7158
-7298
-7261
-7220
-7412
-7377
-7282
-7427
-7385
-7258
-7304
-7387
-7331
-7243
-7346
-7312
-7222
-7352
-7467
-7352
-7406
-7626
-7477
-7279
-7427
-7361
-7181
-7300
-7314
-7265
-7254
-7296
-7381
-7193
-7290
-7404
-7309
-7461
-7413
-7411
-7410
-7262
-7418
-7328
-7253
-7430
-7457
-7403
-7354
-7519
-7397
-7427
-7569
-7480
-7468
-7475
-7414
-7412
-7382
-7337
-7327
-7298
-7437
-7361
-7322
-7547
-7506
-7372
-7427
-7447
-7356
-7268
-7349
-7251
-7275
-7307
-7280
-7298
-7244
-7312
-7368
-7345
-7397
-7485
-7356
-7376
-7335
-7359
-7459
-7369
-7441
-7460
-7389
-7419
-7488
-7468
-7494
-7571
-7496
-7542
-7559
-7480
-7445
-7446
-7397
-7351
-7423
-7343
-7330
-7394
-7342
-7386
-7419
-7513
-7462
-7396
-7427
-7367
-7362
-7392
-7421
-7315
-7314
-7343
-7363
-7350
-7487
-7450
-7399
-7561
-7494
-7365
-7361
-7426
-7324
-7274
-7400
-7380
-7240
-7402
-7499
-7423
-7479
-7565
-7487
-7436
-7413
-7334
-7365
-7366
-7264
-7310
-7380
-7347
-7300
-7180
-7327
-7319
-7248
-7379
-7337
-7248
-7261
-7308
-7150
-7139
-7265
-7186
-7139
-7252
-7245
-7189
-7218
-7360
-7382
-7293
-7451
-7451
-7308
-7265
-7234
-7131
-7136
-7268
-7254
-7227
-7313
-7258
-7253
-7267
-7266
-7211
-7169
-7222
-7117
-7136
-7150
-7068
-7041
-7181
-7176
-7062
-7049
-7167
-7189
-7145
-7269
-7280
-7195
-7215
-7238
-7158
-7137
-7168
-7166
-7136
-7168
-7150
-7198
-7208
-7308
-7241
-7186
-7276
-7153
-7123
-7128
-7118
-7047
-7081
-7171
-7097
-7009
-7144
-7138
-7120
-7182
-7173
-7165
-7123
-7189
-7102
-7043
-7148
-7125
-7071
-7105
-7125
-7093
-7159
-7245
-7157
-7130
-7241
-7179
-7100
-7174
-7123
-7016
-7099
-7145
-6965
-7037
-7200
-7105
-7125
-7186
-7111
-7017
-7067
-7089
-6933
-7003
-7102
-6978
-6963
-7006
-7043
-7023
-7029
-7045
-6999
-7122
-7142
-7067
-7113
-7135
-7057
-6990
-7033
-7061
-7024
-7084
-7027
-7034
-7075
-7082
-7121
-7083
-7134
-7059
-6990
-6985
-6956
-6907
-6914
-6970
-7054
-6972
-6991
-7046
-7047
-7043
-6993
-7005
-7012
-6975
-6995
-6997
-6877
-7003
-7053
-6981
-6954
-7097
-7077
-7034
-7076
-7109
-7058
-6993
-7101
-7049
-6956
-7023
-6989
-6918
-6988
-6894
-6866
-6883
-7011
-7000
-6995
-7111
-7026
-6957
-6989
-6980
-6894
-6902
-6915
-6918
-6953
-7007
-6990
-7004
-7041
-7035
-7074
-7035
-7024
-7059
-6954
-6987
-7030
-6876
-6845
-6920
-6879
-6892
-7086
-7011
-6889
-7062
-7024
-6944
-6982
-7010
-6960
-6780
-6981
-6974
-6835
-6961
-6926
-6967
-6992
-7020
-7040
-6980
-7023
-7049
-7029
-7037
-7004
-7066
-6990
-6987
-7053
-7012
-6967
-7113
-7194
-7076
-7148
-7147
-7135
-7126
-7139
-7061
-6948
-7029
-7113
-7029
-7093
-7138
-7081
-7151
-7163
-7198
-7245
-7043
-7122
-7192
-7033
-7125
-7130
-7075
-7069
-7199
-7184
-7121
-7193
-7205
-7083
-7122
-7261
-7198
-7121
-7194
-7230
-7095
-7147
-7147
-7102
-7185
-7207
-7260
-7256
-7305
-7289
-7281
-7352
-7279
-7199
-7242
-7258
-7167
-7169
-7257
-7182
-7195
-7373
-7257
-7206
-7374
-7328
-7137
-7291
-7330
-7148
-7182
-7323
-7132
-7123
-7292
-7216
-7228
-7308
-7334
-7289
-7292
-7332
-7316
-7194
-7330
-7243
-7222
-7289
-7327
-7312
-7304
-7348
-7300
-7407
-7368
-7353
-7296
-7229
-7304
-7333
-7265
-7285
-7239
-7176
-7181
-7216
-7145
-7199
-7279
-7271
-7257
-7258
-7346
-7238
-7243
-7300
-7275
-7215
-7210
-7196
-7157
-7197
-7281
-7275
-7339
-7369
-7296
-7273
-7264
-7277
-7237
-7303
-7294
-7210
-7215
-7280
-7233
-7265
-7286
-7325
-7297
-7316
-7336
-7324
-7345
-7198
-7294
-7328
-7231
-7209
-7298
-7253
-7225
-7329
-7358
-7282
-7315
-7388
-7350
-7352
-7407
-7391
-7297
-7357
-7331
-7258
-7361
-7284
-7330
-7467
-7380
-7406
-7411
-7401
-7361
-7390
-7333
-7270
-7257
-7284
-7288
-7262
-7261
-7298
-7353
-7356
-7397
-7316
-7333
-7343
-7259
-7236
-7327
-7345
-7214
-7278
-7337
-7258
-7288
-7334
-7359
-7274
-7335
-7404
-7363
-7335
-7377
-7297
-7223
-7342
-7312
-7308
-7339
-7332
-7272
-7333
-7374
-7397
-7376
-7377
-7439
-7293
-7248
-7429
-7290
-7217
-7318
-7313
-7226
-7251
-7369
-7269
-7313
-7373
-7381
-7240
-7281
-7288
-7236
-7220
-7231
-7188
-7101
-7203
-7120
-7191
-7244
-7190
-7199
-7205
-7163
-7066
-7113
-7140
-7053
-7199
-7145
-7072
-7189
-7172
-7145
-7146
-7195
-7114
-7124
-7225
-7163
-7104
-7138
-7080
-7031
-7096
-7083
-7016
-7093
-7090
-7020
-7092
-7126
-7131
-7045
-7090
-7157
-6937
-7058
-7100
-6909
-6953
-6980
-6982
-6976
-7002
-6989
-6993
-6976
-6978
-7009
-6942
-6944
-6912
-6870
-6952
-6985
-6879
-6947
-7016
-6911
-6987
-7052
-7038
-6979
-7002
-6958
-6926
-7022
-6957
-6906
-6958
-6950
-6880
-6883
-6989
-6957
-6906
-7042
-6989
-6983
-6975
-6945
-6975
-6892
-6898
-6828
-6853
-6929
-6848
-6874
-6954
-6911
-6926
-6980
-7022
-6971
-6922
-7049
-6954
-6917
-6943
-6888
-6925
-6893
-6903
-6965
-6948
-6935
-6925
-7031
-7006
-6973
-7004
-6914
-6981
-6896
-6908
-6968
-6923
-6949
-6979
-6978
-6940
-7000
-7073
-6946
-6948
-7006
-6905
-6917
-6920
-7014
-6981
-6942
-7058
-6950
-6928
-7028
-6981
-6966
-6992
-6978
-7007
-7060
-7046
-6999
-7012
-6976
-6917
-6992
-7026
-6999
-7006
-7002
-7006
-6996
-6982
-7027
-6977
-6962
-6988
-6992
-6949
-6927
-6969
-6961
-7000
-7044
-7092
-7045
-7073
-7108
-7023
-7026
-7026
-7090
-7053
-6961
-7085
-7073
-7013
-6989
-7070
-7094
-7063
-7090
-7156
-7143
-7094
-7101
-7050
-7067
-7052
-7140
-7063
-7036
-7123
-7050
-7058
-7131
-7158
-7146
-7111
-7119
-7130
-7096
-7129
-7070
-7018
-7104
-7084
-7021
-7074
-7149
-7056
-7115
-7169
-7090
-7145
-7195
-7142
-7027
-7050
-7015
-6921
-7031
-7134
-7047
-7156
-7190
-7120
-7105
-7200
-7165
-7128
-7192
-7162
-7195
-7192
-7211
-7145
-7154
-7233
-7191
-7093
-7220
-7210
-7172
-7224
-7250
-7150
-7178
-7287
-7183
-7170
-7153
-7160
-7177
-7170
-7154
-7235
-7233
-7286
-7266
-7257
-7247
-7209
-7234
-7194
-7213
-7237
-7249
-7174
-7255
-7345
-7257
-7272
-7402
-7336
-7289
-7350
-7311
-7332
-7326
-7269
-7273
-7224
-7273
-7394
-7294
-7348
-7434
-7321
-7362
-7403
-7348
-7311
-7321
-7310
-7340
-7301
-7226
-7263
-7259
-7344
-7361
-7379
-7374
-7315
-7325
-7330
-7405
-7306
-7318
-7341
-7299
-7356
-7305
-7344
-7327
-7327
-7340
-7333
-7350
-7366
-7383
-7352
-7301
-7331
-7345
-7258
-7338
-7293
-7246
-7291
-7280
-7272
-7223
-7314
-7342
-7265
-7364
-7365
-7257
-7298
-7306
-7247
-7217
-7254
-7349
-7388
-7375
-7380
-7324
-7304
-7317
-7282
-7277
-7269
-7187
-7235
-7260
-7169
-7247
-7296
-7222
-7245
-7301
-7237
-7288
-7329
-7298
-7302
-7321
-7311
-7250
-7283
-7266
-7240
-7303
-7255
-7193
-7197
-7268
-7253
-7287
-7370
-7306
-7323
-7305
-7290
-7256
-7285
-7295
-7287
-7342
-7349
-7308
-7359
-7455
-7387
-7362
-7376
-7352
-7316
-7304
-7331
-7351
-7295
-7332
-7378
-7271
-7235
-7284
-7248
-7265
-7341
-7325
-7283
-7385
-7426
-7316
-7299
-7310
-7247
-7232
-7338
-7344
-7309
-7419
-7364
-7296
-7398
-7355
-7325
-7318
-7350
-7297
-7256
-7320
-7322
-7279
-7280
-7308
-7320
-7355
-7313
-7250
-7277
-7297
-7234
-7254
-7242
-7226
-7226
-7287
-7294
-7231
-7228
-7306
-7314
-7265
-7324
-7304
-7286
-7276
-7287
-7215
-7201
-7251
-7170
-7175
-7236
-7187
-7215
-7273
-7287
-7294
-7257
-7256
-7203
-7205
-7252
-7254
-7244
-7240
-7222
-7208
-7244
-7180
-7154
-7201
-7125
-7132
-7163
-7221
-7224
-7110
-7195
-7143
-7040
-7062
-7075
-7084
-7049
-7131
-7233
-7197
-7189
-7201
-7154
-7187
-7100
-7107
-7154
-7109
-7097
-7015
-7050
-7061
-7077
-7092
-7086
-7105
-7050
-7032
-7046
-6996
-7045
-7024
-6957
-7018
-7051
-6992
-6933
-7027
-7009
-6974
-7035
-6996
-6950
-6980
-6945
-6929
-6892
-6894
-6928
-6867
-6955
-6984
-6956
-6988
-7025
-7003
-6982
-7048
-6989
-6954
-6937
-6941
-7005
-6931
-6946
-6995
-7005
-7007
-6972
-7029
-7070
-6980
-7003
-7019
-6976
-6998
-6973
-6920
-6910
-6919
-6879
-6882
-6789
-6845
-6865
-6811
-6856
-6925
-6916
-6875
-6859
-6834
-6872
-6834
-6836
-6881
-6937
-6876
-6890
-6952
-6990
-6932
-6954
-7064
-7019
-7013
-7036
-6919
-6914
-6930
-6921
-6906
-6942
-6990
-6922
-6931
-6951
-6991
-6896
-6985
-6977
-6891
-6910
-6909
-6825
-6865
-6893
-6818
-6841
-6918
-6914
-6889
-6920
-6950
-6971
-6915
-6934
-6879
-6979
-6985
-6986
-6977
-7041
-7002
-6928
-7017
-7069
-7062
-7127
-7146
-7065
-7067
-7105
-7096
-7049
-7083
-7067
-7057
-7040
-7159
-7143
-7124
-7142
-7208
-7145
-7133
-7186
-7166
-7072
-7123
-7071
-6964
-7065
-7153
-7105
-7090
-7200
-7106
-7082
-7162
-7265
-7064
-7218
-7242
-7154
-7081
-7250
-7176
-7072
-7245
-7202
-7155
-7147
-7313
-7197
-7235
-7240
-7193
-7075
-7205
-7134
-7110
-7242
-7229
-7090
-7174
-7237
-7129
-7186
-7290
-7266
-7116
-7251
-7181
-7079
-7107
-7199
-7059
-7083
-7162
-7066
-7069
-7169
-7076
-7172
-7256
-7181
-7181
-7184
-7175
-7097
-7122
-7139
-7133
-7163
-7196
-7133
-7200
-7238
-7219
-7137
-7227
-7177
-7073
-7187
-7184
-7157
-7199
-7109
-7150
-7192
-7192
-7144
-7168
-7209
-7089
-7164
-7163
-7187
-7133
-7191
-7175
-7113
-7177
-7239
-7167
-7170
-7235
-7172
-7172
-7159
-7268
-7204
-7220
-7288
-7172
-7139
-7189
-7156
-7053
-7132
-7182
-7112
-7215
-7313
-7231
-7201
-7261
-7222
-7169
-7227
-7283
-7154
-7088
-7214
-7158
-7086
-7152
-7254
-7117
-7100
-7256
-7208
-7105
-7144
-7263
-7115
-7133
-7227
-7154
-7026
-7095
-7164
-6999
-7114
-7210
-7078
-7080
-7179
-7104
-7052
-7105
-7041
-7019
-7042
-7077
-7036
-6979
-7003
-6988
-7042
-7114
-7115
-7042
-7059
-7112
-7052
-7011
-7032
-6987
-7030
-7087
-7048
-6994
-7031
-7038
-7026
-7101
-7077
-7071
-6976
-7016
-7039
-6970
-6977
-6955
-6918
-6976
-6986
-6915
-6984
-7037
-6984
-6993
-7028
-6975
-6963
-6961
-6990
-6965
-6968
-6997
-6991
-6978
-6984
-6951
-7000
-7062
-6958
-6980
-6948
-6950
-7059
-7046
-7004
-6997
-7028
-6963
-6891
-6919
-6966
-6972
-7074
-7069
-6944
-6967
-7020
-7071
-7000
-7000
-7010
-6976
-6971
-7017
-6987
-6945
-7070
-7067
-7022
-7091
-7138
-7079
-7050
-7087
-7106
-7045
-7106
-7107
-7017
-7027
-7079
-7033
-7013
-7077
-7068
-7038
-7032
-7105
-7001
-6974
-7046
-7056
-6987
-7017
-7051
-6987
-7052
-7127
-7108
-7146
-7199
-7039
-7089
-7144
-7119
-7103
-7160
-7179
-7105
-7143
-7199
-7126
-7093
-7179
-7191
-7131
-7155
-7290
-7129
-7155
-7170
-7148
-7126
-7177
-7215
-7036
-7150
-7233
-7140
-7134
-7256
-7160
-7176
-7220
-7185
-7156
-7174
-7234
-7125
-7148
-7214
-7170
-7098
-7211
-7214
-7053
-7162
-7195
-7188
-7209
-7158
-7172
-7117
-7135
-7190
-7139
-7179
-7125
-7190
-7275
-7139
-7260
-7281
-7244
-7179
-7219
-7295
-7140
-7207
-7275
-7180
-7274
-7271
-7228
-7294
-7310
-7326
-7296
-7373
-7277
-7192
-7255
-7260
-7151
-7196
-7292
-7113
-7122
-7319
-7268
-7223
-7268
-7246
-7186
-7199
-7285
-7249
-7198
-7267
-7230
-7170
-7298
-7253
-7251
-7254
-7284
-7383
-7291
-7336
-7390
-7268
-7347
-7351
-7278
-7242
-7269
-7347
-7250
-7292
-7407
-7305
-7239
-7386
-7335
-7210
-7268
-7335
-7230
-7233
-7263
-7236
-7186
-7221
-7300
-7268
-7282
-7309
-7298
-7316
-7374
-7329
-7321
-7372
-7448
-7321
-7313
-7397
-7351
-7311
-7289
-7377
-7323
-7297
-7451
-7353
-7322
-7431
-7354
-7315
-7243
-7334
-7365
-7267
-7348
-7395
-7350
-7345
-7388
-7374
-7323
-7454
-7324
-7252
-7455
-7321
-7365
-7346
-7342
-7330
-7292
-7481
-7386
-7330
-7472
-7483
-7389
-7385
-7384
-7403
-7352
-7471
-7429
-7378
-7412
-7348
-7399
-7310
-7420
-7458
-7365
-7323
-7356
-7294
-7344
-7314
-7240
-7315
-7388
-7313
-7253
-7368
-7292
-7306
-7321
-7329
-7387
-7298
-7254
-7407
-7293
-7312
-7311
-7252
-7247
-7325
-7322
-7191
-7366
-7338
-7312
-7297
-7359
-7417
-7267
-7249
-7318
-7249
-7272
-7275
-7185
-7294
-7364
-7281
-7224
-7350
-7340
-7113
-7261
-7298
-7171
-7233
-7234
-7246
-7181
-7226
-7299
-7192
-7265
-7316
-7182
-7129
-7208
-7259
-7188
-7220
-7238
-7193
-7198
-7199
-7170
-7149
-7098
-7198
-7239
-7172
-7173
-7193
-7142
-7171
-7231
-7106
-7133
-7188
-7110
-7074
-7188
-7193
-7101
-7067
-7154
-7112
-7046
-7197
-7153
-7042
-7113
-7131
-7058
-7112
-7133
-7022
-7113
-7053
-7006
-7162
-7044
-6993
-7074
-7070
-7026
-6995
-7051
-7043
-7023
-7104
-7025
-7035
-7106
-7017
-6971
-7082
-7044
-6927
-7049
-7060
-6916
-7037
-6977
-6878
-6948
-6924
-6944
-6946
-6865
-6856
-6955
-6958
-6960
-6931
-6966
-6872
-6927
-6919
-6930
-6917
-6868
-6933
-6866
-6878
-6957
-6959
-6973
-6969
-6908
-6981
-6886
-6918
-6956
-6956
-6892
-6875
-6934
-6943
-6893
-6951
-6930
-6856
-6904
-6889
-6881
-6840
-6946
-6902
-6858
-6844
-6873
-6831
-6787
-6899
-6829
-6759
-6859
-6866
-6723
-6845
-6840
-6795
-6848
-6877
-6837
-6752
-6882
-6882
-6836
-6926
-7039
-6807
-6919
-6957
-6862
-6925
-6964
-6897
-6816
-6957
-6859
-6823
-6810
-6903
-6762
-6833
-6952
-6891
-6841
-6932
-6938
-6804
-6892
-6924
-6940
-6897
-6999
-6954
-6925
-6985
-7045
-6925
-7005
-7147
-7038
-7072
-7041
-7029
-6976
-7092
-7051
-6964
-7095
-7113
-7009
-6994
-7029
-6990
-7070
-7033
-7135
-7071
-7056
-7104
-6961
-7037
-7015
-7021
-7013
-7019
-7043
-7009
-7056
-7044
-7015
-7113
-7088
-7057
-7163
-7095
-7095
-7132
-7119
-7097
-7081
-7203
-7180
-7165
-7210
-7160
-7245
-7185
-7222
-7220
-7104
-7197
-7146
-7158
-7127
-7152
-7113
-7121
-7193
-7111
-7085
-7166
-7101
-7091
-7187
-7095
-7115
-7070
-7156
-7123
-7134
-7205
-7113
-7086
-7111
-7221
-7111
-7149
-7270
-7138
-7126
-7204
-7152
-7055
-7156
-7207
-7182
-7197
-7217
-7103
-7108
-7234
-7177
-7217
-7204
-7256
-7179
-7154
-7236
-7085
-7062
-7155
-7082
-7088
-7183
-7184
-7108
-7126
-7201
-7147
-7130
-7173
-7197
-7129
-7146
-7228
-7182
-7144
-7229
-7192
-7246
-7232
-7229
-7236
-7129
-7140
-7151
-7158
-7155
-7171
-7180
-7153
-7163
-7180
-7061
-7172
-7190
-7201
-7223
-7250
-7288
-7161
-7201
-7205
-7125
-7154
-7239
-7145
-7150
-7166
-7152
-7139
-7185
-7201
-7237
-7165
-7165
-7228
-7077
-7186
-7201
-7135
-7235
-7257
-7220
-7244
-7249
-7320
-7254
-7279
-7320
-7251
-7277
-7317
-7294
-7176
-7243
-7248
-7178
-7228
-7257
-7232
-7245
-7223
-7263
-7264
-7222
-7321
-7207
-7210
-7323
-7197
-7171
-7198
-7267
-7160
-7195
-7309
-7215
-7225
-7251
-7312
-7216
-7221
-7279
-7202
-7189
-7298
-7218
-7167
-7305
-7246
-7243
-7181
-7235
-7235
-7195
-7252
-7186
-7291
-7311
-7220
-7239
-7252
-7298
-7194
-7270
-7327
-7216
-7273
-7209
-7242
-7213
-7236
-7191
-7163
-7136
-7193
-7143
-7086
-7170
-7085
-7080
-7114
-7124
-7089
-7109
-7166
-7172
-7155
-7249
-7164
-7185
-7140
-7238
-7182
-7165
-7202
-7221
-7233
-7214
-7205
-7238
-7253
-7183
-7225
-7133
-7211
-7048
-7137
-7099
-7098
-7111
-7198
-7152
-7097
-7153
-7106
-7029
-7133
-7178
-7083
-7154
-7096
-7146
-7102
-7208
-7130
-7147
-7141
-7156
-7126
-7272
-7231
-7223
-7293
-7259
-7163
-7209
-7318
-7177
-7208
-7228
-7137
-7181
-7270
-7166
-7207
-7156
-7254
-7069
-7308
-7182
-7121
-7261
-7175
-7125
-7148
-7214
-7108
-7179
-7204
-7263
-7091
-7299
-7148
-7130
-7210
-7178
-7127
-7151
-7178
-7189
-7228
-7172
-7185
-7222
-7228
-7174
-7206
-7217
-7344
-7163
-7236
-7275
-7194
-7177
-7231
-7267
-7296
-7241
-7267
-7312
-7289
-7351
-7234
-7325
-7233
-7208
-7248
-7203
-7272
-7216
-7213
-7171
-7161
-7244
-7233
-7254
-7251
-7218
-7224
-7288
-7236
-7203
-7328
-7269
-7223
-7328
-7390
-7309
-7321
-7465
-7378
-7281
-7352
-7445
-7288
-7397
-7440
-7301
-7255
-7403
-7401
-7250
-7422
-7324
-7290
-7336
-7359
-7296
-7318
-7446
-7447
-7245
-7499
-7447
-7266
-7462
-7412
-7388
-7339
-7455
-7404
-7386
-7439
-7442
-7344
-7465
-7481
-7338
-7386
-7421
-7373
-7366
-7436
-7372
-7369
-7450
-7478
-7429
-7446
-7458
-7450
-7406
-7466
-7431
-7347
-7366
-7356
-7337
-7287
-7314
-7391
-7381
-7374
-7365
-7334
-7371
-7363
-7411
-7355
-7332
-7435
-7367
-7292
-7279
-7340
-7365
-7279
-7335
-7328
-7292
-7353
-7371
-7237
-7246
-7279
-7220
-7311
-7326
-7286
-7261
-7304
-7269
-7170
-7210
-7335
-7190
-7174
-7304
-7286
-7237
-7275
-7213
-7137
-7224
-7272
-7290
-7242
-7257
-7199
-7179
-7184
-7279
-7248
-7171
-7232
-7245
-7151
-7135
-7214
-7164
-7105
-7175
-7127
-7090
-7171
-7173
-7175
-7052
-7113
-7122
-7075
-7097
-7101
-7061
-7112
-7063
-7068
-7123
-7032
-7057
-7026
-7057
-7061
-7106
-7107
-7028
-7092
-7072
-6996
-7062
-7040
-7046
-6973
-7010
-7049
-7064
-7052
-7040
-7036
-7015
-7085
-7031
-6992
-6953
-7065
-6965
-6950
-6998
-7048
-6969
-6942
-7101
-6925
-6925
-6993
-6935
-6938
-6957
-6918
-6943
-6916
-6921
-6938
-6876
-6859
-6855
-6879
-6853
-6904
-6944
-6909
-6865
-6879
-6987
-6895
-6872
-6991
-6853
-6786
-6974
-6935
-6835
-6920
-6897
-6830
-6809
-6869
-6846
-6785
-6815
-6874
-6836
-6817
-6905
-6887
-6897
-6945
-6918
-6880
-6954
-6954
-6879
-6902
-6929
-6900
-6862
-6903
-6980
-6905
-6841
-6917
-6884
-6852
-6905
-6902
-6913
-6923
-6928
-6870
-6950
-6979
-6904
-6924
-6868
-6989
-6987
-6956
-7041
-7010
-6963
-7034
-7011
-6961
-6941
-6963
-7016
-6955
-7034
-7030
-6971
-7003
-7043
-7045
-7022
-7036
-7056
-7024
-7065
-7068
-7018
-6981
-7031
-7060
-7021
-7159
-7173
-7061
-7124
-7118
-7033
-7079
-7146
-7156
-7081
-7165
-7112
-7066
-7134
-7097
-7109
-7080
-7178
-7171
-7023
-7114
-7195
-7069
-7093
-7241
-7135
-7082
-7228
-7175
-7134
-7173
-7147
-7185
-7114
-7122
-7232
-7108
-7151
-7192
-7201
-7095
-7103
-7177
-7094
-7194
-7168
-7190
-7175
-7236
-7214
-7126
-7195
-7190
-7090
-7155
-7185
-7133
-7135
-7158
-7180
-7098
-7213
-7231
-7115
-7220
-7204
-7095
-7151
-7103
-7153
-7076
-7134
-7130
-7084
-7152
-7015
-7082
-7053
-7035
-7088
-7098
-7055
-7154
-7170
-7137
-7139
-7116
-7115
-7058
-7101
-7045
-7135
-7137
-7102
-7109
-7123
-7188
-7156
-7139
-7216
-7149
-7041
-7171
-7073
-7104
-7135
-7054
-7097
-7140
-7105
-7074
-7111
-7189
-7125
-7097
-7159
-7082
-7097
-7096
-7128
-7079
-7133
-7153
-7038
-7090
-7138
-7118
-7121
-7105
-7111
-7091
-7100
-7087
-7139
-7108
-7048
-7119
-7105
-7096
-7154
-7254
-7147
-7183
-7257
-7172
-7080
-7201
-7193
-7048
-7183
-7232
-7085
-7162
-7251
-7086
-7117
-7237
-7171
-7125
-7245
-7162
-7050
-7121
-7202
-7124
-7106
-7134
-7061
-7155
-7237
-7159
-7161
-7135
-7076
-7148
-7128
-7208
-7218
-7110
-7092
-7161
-7235
-7111
-7158
-7144
-7090
-7244
-7236
-7105
-7155
-7141
-6996
-7059
-7244
-7137
-7014
-7218
-7177
-7096
-7141
-7194
-7130
-7123
-7260
-7188
-7091
-7178
-7140
-7050
-7101
-7197
-7164
-7061
-7100
-7040
-7051
-7168
-7117
-7043
-7145
-7145
-7061
-7112
-7263
-7125
-7082
-7192
-7091
-7074
-7120
-7170
-7061
-7134
-7260
-7137
-7128
-7162
-7131
-7161
-7132
-7188
-7266
-7196
-7192
-7216
-7245
-7200
-7238
-7263
-7240
-7267
-7304
-7310
-7283
-7333
-7302
-7283
-7264
-7308
-7307
-7203
-7239
-7353
-7242
-7225
-7323
-7260
-7206
-7271
-7267
-7198
-7288
-7290
-7241
-7270
-7306
-7190
-7267
-7394
-7262
-7230
-7343
-7273
-7250
-7348
-7313
-7227
-7306
-7347
-7227
-7235
-7305
-7320
-7221
-7358
-7400
-7324
-7401
-7413
-7382
-7344
-7323
-7345
-7366
-7360
-7369
-7374
-7350
-7339
-7373
-7342
-7360
-7358
-7370
-7401
-7403
-7345
-7276
-7318
-7357
-7301
-7319
-7408
-7317
-7300
-7372
-7335
-7305
-7362
-7363
-7387
-7400
-7404
-7379
-7408
-7481
-7384
-7329
-7399
-7471
-7387
-7453
-7543
-7378
-7356
-7374
-7327
-7414
-7431
-7412
-7411
-7389
-7370
-7305
-7337
-7268
-7239
-7337
-7325
-7313
-7338
-7408
-7321
-7285
-7379
-7351
-7308
-7332
-7346
-7346
-7353
-7379
-7374
-7343
-7346
-7319
-7407
-7421
-7304
-7355
-7414
-7316
-7396
-7369
-7319
-7329
-7337
-7323
-7285
-7428
-7348
-7344
-7376
-7312
-7286
-7330
-7304
-7249
-7279
-7359
-7244
-7222
-7284
-7208
-7292
-7266
-7280
-7244
-7175
-7187
-7217
-7219
-7223
-7267
-7249
-7150
-7225
-7190
-7141
-7263
-7243
-7256
-7212
-7216
-7200
-7180
-7138
-7198
-7150
-7109
-7255
-7125
-7125
-7175
-7165
-7134
-7106
-7209
-7112
-7084
-7168
-7103
-7127
-7143
-7192
-7141
-7134
-7140
-7115
-7113
-7110
-7220
-7180
-7139
-7132
-7223
-7090
-7113
-7181
-7084
-7150
-7177
-7137
-7075
-7156
-7145
-7087
-7197
-7127
-7005
-7147
-7114
-7022
-7113
-7151
-7005
-7104
-7175
-7035
-7020
-7189
-7135
-7029
-7247
-7261
-7149
-7181
-7227
-7146
-7215
-7216
-7150
-7149
-7240
-7233
-7137
-7266
-7250
-7174
-7189
-7153
-7150
-7109
-7121
-7146
-7064
-7090
-7075
-7017
-7033
-7060
-7106
-7081
-7067
-7101
-6989
-6974
-7020
-7048
-7060
-7025
-7081
-7034
-6971
-7091
-7081
-6985
-7073
-7118
-7083
-7043
-7049
-7000
-7064
-7135
-7126
-7057
-6999
-7080
-7057
-7078
-7063
-7093
-7032
-7015
-7038
-7003
-6982
-7011
-7032
-6937
-6969
-6955
-6935
-6895
-6940
-6918
-6858
-6906
-6967
-6937
-6928
-6957
-6943
-6947
-6963
-6898
-6875
-7000
-6981
-6970
-7003
-7052
-6994
-7006
-7034
-7058
-6985
-6976
-7055
-6963
-6943
-7057
-7032
-6946
-7056
-7006
-6928
-6975
-7024
-6899
-6929
-7001
-7006
-6912
-6921
-6933
-6851
-6985
-6961
-6946
-6895
-6999
-6982
-6909
-6995
-6991
-6981
-6957
-7056
-7072
-7045
-7092
-7103
-7022
-7059
-7105
-7077
-7088
-7129
-7126
-7067
-7135
-7132
-7080
-7111
-7076
-7055
-7106
-7073
-7157
-7081
-7060
-7136
-7070
-7035
-6991
-7094
-6995
-6962
-7041
-7021
-7011
-7016
-7004
-7004
-7053
-7108
-7055
-7096
-7172
-7054
-7092
-7143
-7118
-7105
-7166
-7140
-7059
-7121
-7178
-7103
-7153
-7169
-7143
-7156
-7163
-7199
-7077
-7125
-7200
-7045
-7024
-7167
-7052
-7059
-7158
-7040
-7043
-7151
-7147
-7031
-7143
-7135
-7077
-7103
-7132
-7159
-7019
-7194
-7172
-7061
-7214
-7219
-7127
-7193
-7287
-7164
-7199
-7252
-7179
-7159
-7258
-7207
-7132
-7190
-7228
-7201
-7107
-7219
-7181
-7132
-7250
-7207
-7194
-7139
-7331
-7283
-7115
-7310
-7185
-7099
-7170
-7176
-7178
-7057
-7177
-7208
-7022
-7188
-7161
-7091
-7179
-7226
-7143
-7113
-7136
-7227
-7197
-7268
-7376
-7161
-7289
-7268
-7177
-7240
-7337
-7314
-7233
-7212
-7335
-7171
-7168
-7292
-7104
-7182
-7238
-7276
-7176
-7222
-7304
-7200
-7216
-7355
-7166
-7138
-7261
-7191
-7176
-7236
-7277
-7216
-7171
-7316
-7252
-7162
-7314
-7196
-7193
-7233
-7302
-7167
-7231
-7245
-7104
-7132
-7229
-7204
-7106
-7235
-7209
-7090
-7145
-7253
-7057
-7157
-7271
-7132
-7081
-7290
-7196
-7115
-7279
-7267
-7104
-7154
-7226
-7056
-7089
-7189
-7145
-7012
-7228
-7155
-7102
-7159
-7222
-7071
-7161
-7241
-7094
-7124
-7176
-7135
-7074
-7187
-7086
-7123
-7073
-7178
-7035
-7038
-7096
-7112
-7080
-7179
-7113
-7055
-7080
-7019
-7086
-7051
-7127
-7038
-7124
-7100
-7144
-7031
-7201
-7151
-7200
-7195
-7046
-7062
-7122
-7118
-7039
-7136
-7058
-7106
-7042
-7104
-7038
-7073
-7089
-7065
-7033
-7089
-7079
-7072
-7095
-7079
-7053
-6996
-7089
-7020
-6951
-6985
-6989
-6966
-6988
-7034
-7005
-6972
-6992
-6936
-6939
-6979
-7049
-7000
-6982
-7084
-7066
-6982
-7063
-7071
-6991
-6990
-7074
-7017
-6974
-7059
-7070
-6997
-7032
-7042
-6969
-7017
-7041
-7038
-7033
-7087
-7032
-6975
-6979
-7026
-6955
-6994
-7004
-6983
-6894
-6957
-6951
-6892
-6947
-6943
-6964
-6985
-7044
-6945
-6948
-6970
-7030
-6952
-7013
-7046
-7041
-7038
-7111
-7038
-7004
-7098
-7036
-7041
-7006
-7122
-7104
-6998
-6982
-7046
-7046
-6971
-7021
-7063
-6959
-6993
-7065
-6982
-6974
-7076
-7055
-6960
-7050
-7079
-6984
-7031
-7094
-7039
-6975
-7168
-7111
-7061
-7110
-7111
-7036
-7078
-7127
-6959
-7010
-7064
-7101
-7000
-7129
-7057
-7022
-7061
-7175
-7087
-7056
-7095
-7015
-7081
-7030
-7118
-7026
-7095
-7082
-7097
-7060
-7085
-7031
-7040
-7080
-7043
-7113
-7111
-7168
-7081
-7018
-7121
-7121
-7053
-7137
-7131
-7163
-7100
-7106
