02011529.PTO
ABLN
2012/02/01 15:29:19.1299
100.0000 m/s  
9102 muestras
-9289
-9294
-9303
-9311
-9311
-9310
-9309
-9303
-9301
-9310
-9319
-9330
-9324
-9305
-9309
-9320
-9321
-9323
-9314
-9299
-9292
-9289
-9296
-9297
-9291
-9282
-9290
-9310
-9319
-9328
-9329
-9322
-9317
-9318
-9315
-9318
-9311
-9313
-9316
-9311
-9317
-9319
-9337
-9337
-9331
-9330
-9333
-9334
-9331
-9326
-9318
-9320
-9322
-9330
-9337
-9329
-9326
-9324
-9323
-9328
-9331
-9328
-9331
-9338
-9346
-9351
-9334
-9337
-9343
-9344
-9345
-9329
-9328
-9327
-9318
-9316
-9308
-9315
-9319
-9311
-9309
-9313
-9307
-9308
-9311
-9311
-9313
-9309
-9317
-9310
-9320
-9317
-9319
-9314
-9310
-9318
-9321
-9339
-9324
-9321
-9318
-9320
-9326
-9319
-9318
-9319
-9300
-9315
-9324
-9330
-9340
-9324
-9339
-9338
-9325
-9318
-9303
-9278
-9272
-9267
-9265
-9266
-9254
-9259
-9259
-9269
-9282
-9295
-9302
-9282
-9285
-9299
-9318
-9326
-9322
-9319
-9313
-9313
-9313
-9317
-9319
-9314
-9306
-9300
-9302
-9301
-9283
-9279
-9282
-9286
-9295
-9291
-9283
-9279
-9277
-9288
-9288
-9281
-9276
-9269
-9267
-9267
-9276
-9289
-9295
-9299
-9310
-9314
-9321
-9329
-9331
-9338
-9338
-9335
-9339
-9335
-9329
-9323
-9322
-9318
-9306
-9295
-9288
-9282
-9281
-9285
-9284
-9291
-9293
-9293
-9293
-9295
-9290
-9285
-9277
-9276
-9283
-9279
-9288
-9303
-9311
-9312
-9312
-9310
-9313
-9314
-9315
-9316
-9315
-9313
-9305
-9303
-9312
-9300
-9303
-9312
-9305
-9312
-9310
-9304
-9303
-9294
-9293
-9301
-9291
-9298
-9300
-9308
-9311
-9306
-9306
-9298
-9302
-9305
-9310
-9312
-9327
-9345
-9345
-9338
-9335
-9333
-9333
-9332
-9314
-9303
-9303
-9296
-9316
-9319
-9302
-9332
-9321
-9307
-9332
-9310
-9330
-9327
-9318
-9334
-9310
-9309
-9312
-9314
-9325
-9316
-9324
-9338
-9334
-9332
-9340
-9322
-9308
-9339
-9313
-9320
-9321
-9309
-9331
-9320
-9314
-9359
-9320
-9332
-9345
-9306
-9350
-9305
-9331
-9326
-9306
-9320
-9332
-9307
-9324
-9343
-9277
-9352
-9312
-9293
-9341
-9292
-9322
-9329
-9299
-9329
-9340
-9316
-9360
-9337
-9321
-9357
-9311
-9327
-9327
-9302
-9314
-9300
-9285
-9322
-9299
-9311
-9320
-9282
-9319
-9307
-9309
-9315
-9296
-9308
-9307
-9306
-9311
-9312
-9326
-9326
-9327
-9312
-9296
-9293
-9291
-9278
-9296
-9289
-9296
-9307
-9282
-9304
-9288
-9295
-9297
-9294
-9311
-9314
-9316
-9337
-9318
-9328
-9336
-9315
-9329
-9307
-9312
-9303
-9302
-9302
-9301
-9298
-9300
-9300
-9293
-9290
-9289
-9283
-9275
-9306
-9286
-9303
-9319
-9292
-9298
-9301
-9298
-9306
-9300
-9285
-9301
-9302
-9303
-9312
-9290
-9306
-9307
-9301
-9326
-9310
-9318
-9324
-9309
-9323
-9315
-9320
-9342
-9320
-9318
-9305
-9306
-9311
-9306
-9326
-9316
-9303
-9291
-9290
-9301
-9295
-9285
-9291
-9289
-9282
-9280
-9274
-9270
-9279
-9294
-9308
-9317
-9332
-9329
-9321
-9326
-9323
-9332
-9328
-9328
-9334
-9334
-9336
-9327
-9326
-9333
-9329
-9323
-9314
-9317
-9319
-9313
-9310
-9296
-9292
-9300
-9300
-9298
-9311
-9307
-9304
-9299
-9294
-9298
-9291
-9289
-9290
-9287
-9292
-9296
-9285
-9291
-9298
-9321
-9325
-9329
-9340
-9337
-9341
-9335
-9338
-9344
-9345
-9331
-9329
-9322
-9316
-9305
-9298
-9301
-9285
-9285
-9281
-9281
-9297
-9295
-9292
-9293
-9293
-9297
-9293
-9297
-9298
-9309
-9317
-9308
-9300
-9294
-9304
-9313
-9305
-9309
-9312
-9303
-9313
-9306
-9311
-9315
-9306
-9302
-9289
-9286
-9279
-9272
-9272
-9280
-9289
-9288
-9297
-9301
-9293
-9299
-9297
-9292
-9284
-9279
-9278
-9272
-9288
-9300
-9302
-9305
-9306
-9306
-9312
-9310
-9309
-9312
-9308
-9303
-9298
-9295
-9288
-9291
-9291
-9300
-9307
-9304
-9309
-9306
-9296
-9298
-9301
-9305
-9308
-9303
-9304
-9305
-9305
-9308
-9311
-9306
-9300
-9298
-9298
-9296
-9299
-9291
-9283
-9282
-9285
-9291
-9288
-9289
-9292
-9298
-9300
-9296
-9295
-9298
-9293
-9295
-9295
-9297
-9306
-9316
-9316
-9306
-9302
-9299
-9305
-9311
-9315
-9326
-9326
-9333
-9342
-9338
-9338
-9334
-9336
-9340
-9327
-9317
-9319
-9312
-9311
-9310
-9299
-9307
-9312
-9315
-9318
-9304
-9293
-9292
-9298
-9303
-9298
-9300
-9301
-9305
-9328
-9333
-9333
-9329
-9322
-9338
-9341
-9345
-9341
-9328
-9330
-9333
-9329
-9325
-9319
-9304
-9294
-9287
-9303
-9321
-9317
-9321
-9320
-9318
-9315
-9305
-9301
-9302
-9299
-9293
-9291
-9296
-9304
-9303
-9316
-9323
-9329
-9340
-9337
-9334
-9327
-9329
-9326
-9327
-9319
-9303
-9314
-9312
-9312
-9328
-9324
-9323
-9334
-9331
-9331
-9326
-9314
-9297
-9281
-9286
-9296
-9314
-9315
-9315
-9303
-9289
-9294
-9303
-9311
-9315
-9314
-9300
-9304
-9300
-9306
-9312
-9309
-9319
-9324
-9337
-9339
-9341
-9336
-9322
-9324
-9319
-9314
-9308
-9300
-9295
-9289
-9295
-9309
-9314
-9312
-9316
-9322
-9316
-9323
-9348
-9351
-9338
-9328
-9320
-9316
-9318
-9313
-9330
-9325
-9322
-9313
-9292
-9301
-9305
-9314
-9321
-9327
-9308
-9306
-9314
-9325
-9322
-9337
-9349
-9341
-9341
-9324
-9344
-9345
-9344
-9365
-9353
-9345
-9331
-9318
-9330
-9325
-9330
-9324
-9317
-9331
-9318
-9322
-9332
-9323
-9328
-9317
-9314
-9319
-9313
-9322
-9309
-9307
-9323
-9324
-9312
-9308
-9309
-9317
-9316
-9316
-9330
-9314
-9313
-9312
-9319
-9325
-9324
-9329
-9327
-9335
-9332
-9326
-9317
-9315
-9313
-9309
-9302
-9300
-9314
-9320
-9321
-9319
-9323
-9324
-9323
-9321
-9328
-9332
-9332
-9328
-9306
-9306
-9305
-9296
-9294
-9300
-9296
-9288
-9288
-9283
-9293
-9301
-9289
-9286
-9291
-9287
-9299
-9293
-9305
-9324
-9320
-9326
-9325
-9332
-9335
-9328
-9306
-9312
-9315
-9306
-9319
-9299
-9290
-9289
-9272
-9267
-9268
-9266
-9256
-9267
-9266
-9273
-9274
-9255
-9250
-9244
-9242
-9239
-9239
-9244
-9263
-9265
-9260
-9266
-9286
-9300
-9289
-9289
-9292
-9289
-9286
-9278
-9272
-9285
-9287
-9295
-9300
-9304
-9318
-9311
-9296
-9283
-9284
-9283
-9262
-9273
-9280
-9274
-9277
-9275
-9272
-9267
-9271
-9276
-9275
-9276
-9287
-9286
-9276
-9267
-9295
-9303
-9287
-9283
-9283
-9306
-9313
-9324
-9322
-9314
-9316
-9301
-9300
-9318
-9317
-9318
-9320
-9297
-9278
-9298
-9281
-9279
-9287
-9269
-9274
-9270
-9280
-9294
-9312
-9307
-9315
-9313
-9326
-9327
-9316
-9326
-9309
-9296
-9307
-9306
-9316
-9315
-9319
-9340
-9312
-9345
-9354
-9330
-9336
-9330
-9327
-9342
-9330
-9341
-9308
-9298
-9329
-9305
-9306
-9286
-9310
-9309
-9303
-9293
-9268
-9295
-9289
-9301
-9302
-9300
-9314
-9315
-9358
-9344
-9351
-9369
-9330
-9366
-9372
-9372
-9390
-9338
-9363
-9338
-9320
-9336
-9339
-9327
-9311
-9306
-9319
-9324
-9292
-9337
-9312
-9332
-9323
-9339
-9314
-9339
-9331
-9305
-9345
-9300
-9360
-9321
-9353
-9337
-9289
-9345
-9330
-9333
-9355
-9325
-9338
-9340
-9309
-9317
-9316
-9332
-9301
-9318
-9307
-9289
-9322
-9302
-9292
-9295
-9285
-9299
-9300
-9278
-9299
-9296
-9303
-9323
-9333
-9310
-9337
-9325
-9328
-9322
-9295
-9347
-9307
-9340
-9310
-9314
-9333
-9321
-9294
-9317
-9325
-9292
-9324
-9266
-9348
-9292
-9281
-9337
-9268
-9315
-9314
-9311
-9349
-9319
-9299
-9337
-9316
-9333
-9351
-9329
-9370
-9344
-9334
-9364
-9335
-9350
-9360
-9334
-9344
-9322
-9318
-9326
-9305
-9342
-9340
-9315
-9312
-9313
-9321
-9322
-9314
-9333
-9332
-9320
-9346
-9329
-9336
-9327
-9332
-9348
-9353
-9344
-9333
-9344
-9333
-9325
-9324
-9324
-9321
-9316
-9319
-9334
-9307
-9307
-9308
-9311
-9315
-9315
-9323
-9314
-9300
-9313
-9303
-9310
-9316
-9293
-9302
-9320
-9317
-9318
-9340
-9298
-9324
-9299
-9334
-9341
-9310
-9347
-9324
-9360
-9356
-9365
-9361
-9341
-9348
-9344
-9299
-9293
-9299
-9257
-9286
-9283
-9245
-9285
-9284
-9287
-9299
-9276
-9292
-9278
-9270
-9270
-9263
-9272
-9285
-9279
-9277
-9292
-9299
-9308
-9307
-9304
-9302
-9283
-9299
-9292
-9283
-9302
-9278
-9301
-9291
-9290
-9317
-9297
-9315
-9290
-9293
-9289
-9273
-9284
-9257
-9279
-9276
-9295
-9307
-9290
-9292
-9283
-9306
-9315
-9305
-9312
-9342
-9319
-9322
-9319
-9312
-9333
-9316
-9333
-9323
-9318
-9298
-9296
-9288
-9277
-9290
-9260
-9277
-9252
-9265
-9257
-9277
-9292
-9282
-9313
-9283
-9314
-9290
-9270
-9291
-9300
-9289
-9308
-9281
-9270
-9302
-9266
-9302
-9310
-9284
-9313
-9306
-9303
-9330
-9289
-9324
-9319
-9280
-9296
-9277
-9275
-9270
-9250
-9264
-9274
-9252
-9278
-9259
-9264
-9282
-9260
-9277
-9290
-9260
-9273
-9268
-9266
-9279
-9274
-9291
-9294
-9314
-9323
-9337
-9327
-9320
-9341
-9347
-9326
-9321
-9315
-9301
-9298
-9312
-9321
-9318
-9316
-9310
-9322
-9321
-9330
-9310
-9309
-9319
-9293
-9281
-9294
-9297
-9305
-9322
-9319
-9343
-9326
-9336
-9347
-9313
-9320
-9319
-9320
-9317
-9328
-9319
-9320
-9336
-9327
-9327
-9311
-9308
-9300
-9321
-9319
-9297
-9326
-9328
-9325
-9337
-9326
-9312
-9316
-9313
-9323
-9332
-9317
-9303
-9304
-9292
-9288
-9289
-9301
-9307
-9303
-9297
-9293
-9315
-9309
-9312
-9305
-9323
-9318
-9323
-9340
-9325
-9344
-9346
-9334
-9314
-9311
-9313
-9322
-9307
-9319
-9304
-9270
-9245
-9196
-9203
-9223
-9236
-9253
-9267
-9285
-9319
-9343
-9380
-9391
-9386
-9378
-9385
-9416
-9486
-9575
-9619
-9621
-9575
-9524
-9477
-9469
-9468
-9455
-9409
-9304
-9215
-9184
-9138
-9082
-9014
-8929
-8824
-8703
-8660
-8614
-8641
-8730
-8831
-8990
-9096
-9114
-9108
-9144
-9235
-9421
-9615
-9780
-9869
-9919
-9950
-9944
-9944
-9950
-9969
-9968
-9983
-9986
-9960
-9864
-9633
-9305
-9040
-8867
-8879
-9041
-9223
-9328
-9286
-9189
-9072
-8968
-8817
-8646
-8458
-8371
-8422
-8537
-8693
-8868
-8978
-9138
-9376
-9712
-10160
-10427
-10629
-10617
-10397
-10190
-9937
-9703
-9490
-9283
-9214
-9148
-9010
-8889
-8879
-9048
-9181
-9278
-9371
-9388
-9233
-8991
-8802
-8766
-8892
-9016
-9123
-9175
-9208
-9303
-9399
-9467
-9575
-9690
-9679
-9623
-9558
-9443
-9305
-9128
-9027
-8984
-9009
-9179
-9311
-9297
-9237
-9241
-9394
-9611
-9723
-9708
-9561
-9365
-9145
-9012
-8925
-8761
-8616
-8675
-8942
-9195
-9415
-9555
-9677
-9721
-9849
-10009
-9933
-9715
-9511
-9209
-8981
-9013
-9123
-9282
-9326
-9426
-9523
-9606
-9642
-9651
-9658
-9581
-9437
-9259
-9042
-8728
-8442
-8354
-8521
-8863
-9277
-9610
-9813
-9845
-9929
-10125
-10310
-10292
-10085
-9708
-9269
-8743
-8302
-8191
-8243
-8513
-8917
-9212
-9302
-9316
-9416
-9647
-9824
-9923
-9816
-9473
-9024
-8664
-8438
-8480
-8757
-9075
-9467
-9892
-10272
-10390
-10146
-9833
-9569
-9249
-9127
-9046
-9038
-9050
-8848
-8609
-8505
-8555
-8850
-9305
-9699
-9921
-9887
-9819
-9660
-9452
-9368
-9230
-9094
-8871
-8599
-8502
-8453
-8613
-9091
-9748
-10243
-10455
-10314
-10142
-10062
-9906
-9812
-9610
-9357
-8975
-8513
-8155
-8004
-8217
-8750
-9232
-9515
-9712
-9870
-9898
-9703
-9253
-8744
-8541
-8624
-8794
-8877
-8966
-8926
-8863
-8908
-9243
-9750
-10105
-10346
-10413
-10205
-9688
-9109
-8657
-8505
-8499
-8678
-8948
-9154
-9225
-9258
-9571
-10075
-10548
-10648
-10313
-9561
-8656
-8112
-8036
-8279
-8588
-8865
-9182
-9294
-9328
-9531
-9777
-10000
-10056
-10001
-9906
-9614
-9180
-8857
-8790
-8897
-9074
-9314
-9534
-9528
-9351
-9315
-9430
-9580
-9613
-9520
-9434
-9348
-9178
-8941
-8744
-8626
-8678
-8937
-9360
-9780
-9972
-9935
-9794
-9616
-9542
-9566
-9605
-9560
-9346
-9017
-8722
-8590
-8597
-8820
-9212
-9618
-9875
-9943
-9835
-9560
-9288
-9197
-9237
-9260
-9200
-8978
-8648
-8430
-8500
-8920
-9593
-10205
-10523
-10567
-10412
-10038
-9558
-9193
-9001
-8954
-8997
-8966
-8877
-8835
-8837
-8952
-9181
-9438
-9682
-9795
-9681
-9451
-9247
-9163
-9166
-9262
-9412
-9517
-9534
-9403
-9244
-9204
-9321
-9607
-9897
-10006
-9929
-9673
-9273
-8821
-8476
-8422
-8651
-8980
-9203
-9235
-9222
-9311
-9451
-9619
-9799
-9860
-9764
-9503
-9123
-8777
-8609
-8666
-8862
-9171
-9514
-9734
-9824
-9864
-9861
-9880
-9926
-9876
-9718
-9420
-9069
-8780
-8548
-8469
-8604
-8844
-9075
-9237
-9338
-9422
-9528
-9606
-9653
-9676
-9576
-9349
-9039
-8755
-8585
-8575
-8765
-9118
-9567
-9977
-10176
-10131
-9985
-9862
-9829
-9814
-9728
-9521
-9149
-8699
-8346
-8226
-8334
-8648
-9101
-9513
-9729
-9801
-9771
-9650
-9540
-9471
-9440
-9316
-9067
-8783
-8591
-8607
-8791
-9119
-9533
-9879
-10063
-10023
-9828
-9550
-9291
-9170
-9121
-9059
-8952
-8881
-8800
-8708
-8772
-9025
-9374
-9675
-9882
-9958
-9893
-9745
-9535
-9301
-9125
-9051
-8987
-8906
-8825
-8736
-8730
-8940
-9325
-9762
-10129
-10273
-10139
-9781
-9354
-8929
-8633
-8569
-8619
-8680
-8753
-8802
-8915
-9193
-9552
-9888
-10114
-10225
-10185
-9957
-9608
-9262
-8990
-8875
-8850
-8848
-8879
-8873
-8871
-8989
-9234
-9557
-9883
-10114
-10166
-9993
-9622
-9170
-8747
-8465
-8444
-8632
-8897
-9091
-9250
-9419
-9593
-9780
-9977
-10116
-10086
-9881
-9519
-9101
-8698
-8463
-8461
-8639
-8916
-9222
-9474
-9612
-9688
-9782
-9887
-9933
-9905
-9690
-9281
-8782
-8388
-8229
-8336
-8644
-9099
-9577
-9912
-10024
-9976
-9861
-9685
-9534
-9372
-9201
-9000
-8812
-8665
-8623
-8737
-9034
-9424
-9772
-10050
-10111
-10039
-9914
-9788
-9699
-9556
-9288
-8910
-8572
-8309
-8207
-8307
-8585
-9054
-9531
-9918
-10119
-10092
-9979
-9841
-9632
-9376
-9176
-9022
-8836
-8614
-8521
-8671
-8980
-9393
-9841
-10155
-10299
-10212
-9956
-9679
-9392
-9209
-9104
-9015
-8889
-8730
-8610
-8542
-8645
-8996
-9469
-9889
-10137
-10134
-9968
-9664
-9345
-9113
-8983
-8920
-8897
-8873
-8848
-8915
-9092
-9409
-9732
-10011
-10158
-10076
-9770
-9325
-8904
-8651
-8586
-8684
-8871
-9046
-9179
-9282
-9425
-9568
-9739
-9913
-10019
-9975
-9778
-9454
-9008
-8607
-8369
-8402
-8660
-8994
-9290
-9499
-9602
-9669
-9758
-9838
-9851
-9781
-9625
-9305
-8961
-8693
-8559
-8603
-8828
-9158
-9473
-9712
-9819
-9843
-9850
-9833
-9775
-9726
-9555
-9280
-8967
-8673
-8511
-8488
-8710
-9055
-9382
-9680
-9838
-9874
-9831
-9711
-9591
-9450
-9280
-9089
-8885
-8696
-8577
-8633
-8906
-9297
-9705
-9959
-9976
-9866
-9637
-9455
-9284
-9123
-9015
-8924
-8885
-8857
-8868
-8929
-9100
-9365
-9709
-9980
-10071
-10002
-9770
-9526
-9271
-9110
-9002
-8896
-8835
-8689
-8651
-8670
-8882
-9260
-9629
-9915
-10022
-9962
-9693
-9396
-9102
-8933
-8854
-8941
-9097
-9202
-9264
-9245
-9310
-9496
-9724
-9870
-9947
-9856
-9621
-9324
-9033
-8845
-8762
-8808
-8946
-9030
-9117
-9190
-9255
-9379
-9542
-9786
-9947
-9951
-9761
-9450
-9122
-8902
-8816
-8869
-9026
-9215
-9374
-9424
-9454
-9479
-9550
-9629
-9683
-9676
-9593
-9379
-9072
-8826
-8697
-8764
-8965
-9205
-9421
-9546
-9545
-9531
-9528
-9573
-9635
-9629
-9553
-9352
-9122
-8968
-8878
-8895
-9047
-9259
-9482
-9644
-9681
-9608
-9500
-9430
-9376
-9335
-9301
-9211
-9095
-8955
-8889
-8971
-9144
-9359
-9548
-9653
-9634
-9525
-9367
-9238
-9161
-9142
-9146
-9166
-9148
-9086
-9052
-9029
-9130
-9366
-9653
-9901
-9962
-9868
-9682
-9468
-9311
-9183
-9124
-9104
-9070
-9019
-8961
-8983
-9102
-9301
-9527
-9684
-9722
-9626
-9408
-9169
-8997
-8954
-9014
-9095
-9171
-9179
-9158
-9132
-9150
-9255
-9447
-9635
-9749
-9750
-9630
-9439
-9241
-9106
-9052
-9101
-9180
-9230
-9220
-9197
-9216
-9322
-9504
-9705
-9800
-9776
-9611
-9345
-9036
-8795
-8733
-8779
-8920
-9114
-9277
-9355
-9390
-9397
-9468
-9551
-9641
-9618
-9510
-9265
-9010
-8880
-8818
-8923
-9083
-9309
-9481
-9582
-9584
-9571
-9554
-9570
-9608
-9613
-9551
-9356
-9127
-8911
-8801
-8795
-8932
-9116
-9299
-9414
-9450
-9424
-9391
-9411
-9452
-9499
-9476
-9391
-9275
-9117
-8977
-8941
-9039
-9247
-9464
-9624
-9697
-9667
-9582
-9514
-9450
-9401
-9289
-9127
-8979
-8847
-8787
-8847
-9018
-9263
-9583
-9821
-9934
-9887
-9712
-9525
-9330
-9214
-9132
-9067
-9046
-8985
-8941
-8971
-9066
-9257
-9493
-9626
-9691
-9644
-9497
-9361
-9215
-9149
-9137
-9166
-9191
-9193
-9157
-9145
-9194
-9337
-9578
-9775
-9887
-9840
-9652
-9401
-9179
-9008
-8908
-8886
-8926
-9004
-9091
-9198
-9336
-9486
-9668
-9813
-9838
-9765
-9548
-9277
-9022
-8848
-8836
-8978
-9138
-9286
-9369
-9389
-9428
-9441
-9507
-9602
-9685
-9686
-9584
-9390
-9159
-8985
-8898
-8924
-9043
-9236
-9388
-9460
-9469
-9459
-9479
-9545
-9612
-9595
-9476
-9273
-9035
-8833
-8753
-8821
-9006
-9241
-9450
-9578
-9625
-9594
-9528
-9492
-9503
-9525
-9493
-9375
-9192
-9020
-8905
-8915
-9051
-9238
-9434
-9561
-9572
-9501
-9403
-9342
-9299
-9253
-9213
-9171
-9115
-9032
-8966
-8993
-9115
-9326
-9586
-9760
-9800
-9706
-9541
-9382
-9253
-9214
-9216
-9184
-9123
-9043
-8998
-9003
-9047
-9171
-9382
-9549
-9643
-9652
-9583
-9467
-9338
-9277
-9223
-9186
-9162
-9116
-9064
-9062
-9157
-9359
-9587
-9749
-9804
-9732
-9550
-9301
-9084
-8945
-8894
-8917
-9012
-9111
-9177
-9231
-9291
-9401
-9556
-9706
-9788
-9734
-9565
-9356
-9167
-9054
-9027
-9078
-9143
-9193
-9230
-9240
-9260
-9322
-9428
-9557
-9664
-9680
-9570
-9358
-9105
-8909
-8850
-8916
-9063
-9243
-9398
-9490
-9535
-9570
-9623
-9664
-9675
-9622
-9457
-9224
-8996
-8818
-8766
-8846
-9020
-9256
-9456
-9579
-9610
-9565
-9519
-9505
-9523
-9537
-9463
-9305
-9111
-8924
-8839
-8876
-9023
-9245
-9475
-9651
-9731
-9692
-9587
-9495
-9426
-9373
-9294
-9175
-9035
-8893
-8821
-8842
-8975
-9198
-9446
-9637
-9713
-9685
-9588
-9462
-9356
-9289
-9225
-9151
-9069
-8974
-8903
-8906
-9011
-9225
-9487
-9716
-9841
-9827
-9692
-9512
-9356
-9244
-9165
-9083
-9009
-8957
-8920
-8933
-9043
-9205
-9393
-9570
-9657
-9644
-9548
-9409
-9265
-9158
-9119
-9135
-9151
-9131
-9098
-9097
-9152
-9276
-9441
-9613
-9727
-9746
-9659
-9499
-9324
-9169
-9080
-9039
-9042
-9071
-9128
-9181
-9233
-9340
-9492
-9632
-9696
-9653
-9505
-9295
-9079
-8920
-8876
-8953
-9097
-9256
-9366
-9434
-9479
-9512
-9553
-9607
-9664
-9666
-9576
-9404
-9205
-9041
-8979
-9008
-9094
-9211
-9313
-9367
-9384
-9398
-9429
-9492
-9551
-9550
-9467
-9307
-9100
-8898
-8791
-8823
-8984
-9225
-9452
-9613
-9663
-9637
-9584
-9552
-9547
-9533
-9477
-9349
-9187
-9038
-8952
-8950
-9040
-9205
-9397
-9547
-9621
-9592
-9500
-9432
-9405
-9406
-9382
-9303
-9179
-9048
-8952
-8935
-9017
-9195
-9415
-9598
-9693
-9676
-9586
-9450
-9323
-9243
-9200
-9175
-9141
-9098
-9070
-9070
-9128
-9268
-9452
-9633
-9737
-9730
-9635
-9489
-9350
-9247
-9181
-9134
-9091
-9054
-9022
-9017
-9069
-9203
-9392
-9583
-9706
-9723
-9621
-9425
-9223
-9077
-9012
-9005
-9033
-9069
-9115
-9188
-9277
-9392
-9516
-9618
-9677
-9664
-9560
-9396
-9219
-9084
-9030
-9049
-9115
-9183
-9217
-9230
-9256
-9323
-9432
-9550
-9650
-9676
-9594
-9434
-9232
-9052
-8947
-8925
-8971
-9059
-9157
-9248
-9326
-9400
-9470
-9538
-9598
-9599
-9501
-9319
-9112
-8943
-8867
-8922
-9070
-9245
-9397
-9482
-9513
-9509
-9496
-9496
-9502
-9493
-9451
-9354
-9199
-9039
-8922
-8891
-8971
-9128
-9296
-9428
-9491
-9479
-9439
-9421
-9425
-9427
-9402
-9321
-9201
-9077
-8987
-8953
-9014
-9182
-9390
-9564
-9652
-9629
-9539
-9438
-9350
-9311
-9302
-9274
-9205
-9117
-9048
-9024
-9080
-9212
-9372
-9515
-9604
-9606
-9535
-9425
-9306
-9222
-9173
-9141
-9130
-9101
-9061
-9056
-9117
-9259
-9448
-9627
-9719
-9700
-9579
-9419
-9286
-9183
-9131
-9132
-9170
-9195
-9205
-9225
-9266
-9332
-9429
-9541
-9605
-9613
-9540
-9393
-9231
-9118
-9076
-9089
-9118
-9127
-9148
-9189
-9254
-9342
-9467
-9606
-9694
-9698
-9603
-9433
-9234
-9066
-8981
-8996
-9084
-9194
-9297
-9369
-9433
-9496
-9545
-9579
-9602
-9586
-9497
-9343
-9158
-9024
-8982
-9022
-9108
-9208
-9304
-9375
-9410
-9413
-9418
-9450
-9504
-9529
-9478
-9364
-9193
-9031
-8950
-8967
-9067
-9215
-9369
-9492
-9559
-9576
-9554
-9516
-9493
-9463
-9410
-9316
-9178
-9050
-8981
-8989
-9086
-9257
-9433
-9558
-9599
-9559
-9465
-9367
-9306
-9282
-9270
-9230
-9155
-9079
-9029
-9027
-9099
-9237
-9405
-9546
-9622
-9611
-9523
-9406
-9299
-9243
-9219
-9201
-9176
-9145
-9120
-9127
-9196
-9321
-9463
-9585
-9654
-9627
-9527
-9383
-9243
-9142
-9099
-9103
-9131
-9148
-9141
-9143
-9179
-9260
-9386
-9524
-9611
-9627
-9562
-9430
-9284
-9175
-9117
-9113
-9143
-9181
-9228
-9275
-9335
-9406
-9498
-9595
-9642
-9619
-9511
-9335
-9159
-9044
-9004
-9037
-9112
-9185
-9231
-9260
-9289
-9330
-9384
-9443
-9495
-9518
-9487
-9394
-9264
-9146
-9084
-9086
-9144
-9230
-9305
-9366
-9423
-9470
-9516
-9566
-9615
-9620
-9541
-9387
-9203
-9047
-8970
-8984
-9071
-9207
-9342
-9435
-9455
-9428
-9387
-9361
-9360
-9362
-9342
-9267
-9168
-9075
-9031
-9072
-9180
-9325
-9456
-9547
-9580
-9563
-9509
-9458
-9443
-9455
-9443
-9384
-9278
-9147
-9061
-9028
-9078
-9197
-9354
-9488
-9555
-9536
-9459
-9362
-9269
-9206
-9167
-9143
-9106
-9057
-9021
-9035
-9116
-9245
-9399
-9540
-9622
-9615
-9529
-9411
-9305
-9247
-9240
-9256
-9251
-9223
-9184
-9164
-9195
-9281
-9398
-9512
-9579
-9567
-9489
-9352
-9206
-9098
-9055
-9067
-9102
-9140
-9165
-9183
-9231
-9315
-9415
-9511
-9568
-9583
-9531
-9422
-9294
-9196
-9146
-9153
-9199
-9234
-9257
-9274
-9301
-9342
-9416
-9503
-9580
-9606
-9554
-9440
-9284
-9155
-9080
-9074
-9125
-9200
-9275
-9333
-9384
-9435
-9485
-9515
-9533
-9508
-9441
-9330
-9190
-9078
-9032
-9072
-9159
-9268
-9356
-9406
-9407
-9391
-9386
-9393
-9417
-9436
-9423
-9355
-9257
-9150
-9082
-9075
-9124
-9217
-9322
-9416
-9462
-9474
-9464
-9456
-9465
-9465
-9438
-9354
-9240
-9118
-9046
-9054
-9133
-9267
-9412
-9518
-9551
-9518
-9440
-9353
-9284
-9257
-9252
-9243
-9207
-9146
-9094
-9088
-9135
-9239
-9374
-9486
-9539
-9527
-9475
-9397
-9335
-9306
-9294
-9287
-9266
-9219
-9168
-9140
-9168
-9256
-9372
-9486
-9559
-9558
-9477
-9356
-9239
-9162
-9137
-9147
-9166
-9173
-9171
-9173
-9196
-9264
-9356
-9446
-9510
-9526
-9486
-9392
-9270
-9177
-9130
-9141
-9180
-9204
-9225
-9244
-9284
-9349
-9422
-9489
-9535
-9535
-9469
-9340
-9198
-9089
-9032
-9042
-9110
-9196
-9263
-9308
-9334
-9358
-9381
-9414
-9452
-9461
-9423
-9339
-9233
-9139
-9090
-9108
-9184
-9249
-9307
-9356
-9385
-9418
-9440
-9474
-9505
-9514
-9470
-9372
-9228
-9101
-9025
-9037
-9114
-9221
-9362
-9442
-9497
-9487
-9456
-9454
-9429
-9406
-9352
-9262
-9170
-9091
-9046
-9071
-9156
-9278
-9394
-9472
-9490
-9460
-9407
-9363
-9338
-9329
-9338
-9314
-9258
-9181
-9111
-9097
-9140
-9225
-9340
-9453
-9516
-9528
-9483
-9416
-9360
-9307
-9267
-9235
-9201
-9150
-9101
-9088
-9129
-9241
-9377
-9496
-9558
-9542
-9479
-9372
-9283
-9227
-9201
-9213
-9215
-9213
-9196
-9184
-9210
-9269
-9360
-9456
-9527
-9537
-9480
-9373
-9258
-9172
-9129
-9129
-9147
-9163
-9177
-9194
-9223
-9287
-9374
-9455
-9509
-9514
-9472
-9390
-9283
-9192
-9148
-9150
-9184
-9219
-9246
-9265
-9279
-9312
-9357
-9411
-9450
-9454
-9423
-9338
-9221
-9121
-9057
-9045
-9076
-9130
-9199
-9260
-9316
-9361
-9401
-9437
-9463
-9459
-9415
-9320
-9210
-9122
-9080
-9119
-9203
-9297
-9384
-9443
-9457
-9449
-9436
-9430
-9434
-9430
-9402
-9335
-9240
-9141
-9073
-9066
-9112
-9196
-9284
-9350
-9389
-9401
-9409
-9419
-9437
-9443
-9420
-9365
-9274
-9176
-9108
-9092
-9148
-9274
-9404
-9517
-9585
-9584
-9540
-9468
-9403
-9365
-9330
-9300
-9255
-9191
-9149
-9136
-9172
-9263
-9367
-9462
-9514
-9492
-9446
-9369
-9301
-9276
-9268
-9284
-9285
-9247
-9202
-9184
-9203
-9279
-9390
-9490
-9570
-9600
-9565
-9488
-9391
-9309
-9253
-9228
-9224
-9229
-9230
-9227
-9241
-9286
-9355
-9428
-9485
-9506
-9464
-9385
-9283
-9193
-9157
-9153
-9177
-9209
-9215
-9234
-9269
-9324
-9406
-9465
-9530
-9541
-9498
-9416
-9298
-9206
-9149
-9148
-9192
-9255
-9301
-9347
-9369
-9393
-9416
-9447
-9476
-9459
-9420
-9344
-9255
-9185
-9145
-9131
-9163
-9214
-9268
-9325
-9355
-9357
-9378
-9409
-9446
-9474
-9464
-9404
-9302
-9197
-9120
-9119
-9158
-9237
-9328
-9390
-9446
-9458
-9468
-9478
-9471
-9459
-9403
-9328
-9242
-9151
-9098
-9096
-9150
-9262
-9362
-9430
-9452
-9403
-9365
-9331
-9313
-9315
-9303
-9283
-9247
-9187
-9141
-9132
-9151
-9231
-9335
-9430
-9490
-9487
-9460
-9425
-9384
-9353
-9329
-9293
-9245
-9182
-9134
-9128
-9156
-9243
-9373
-9478
-9540
-9552
-9488
-9397
-9300
-9228
-9197
-9187
-9195
-9210
-9200
-9191
-9208
-9256
-9347
-9426
-9475
-9481
-9429
-9354
-9276
-9217
-9192
-9194
-9216
-9231
-9233
-9241
-9275
-9319
-9385
-9458
-9508
-9517
-9473
-9384
-9272
-9179
-9122
-9117
-9157
-9211
-9238
-9265
-9286
-9323
-9376
-9422
-9463
-9471
-9434
-9362
-9266
-9166
-9106
-9085
-9105
-9157
-9218
-9269
-9317
-9355
-9400
-9446
-9482
-9497
-9455
-9372
-9263
-9153
-9089
-9088
-9127
-9208
-9278
-9333
-9368
-9383
-9384
-9363
-9363
-9360
-9337
-9288
-9210
-9137
-9098
-9095
-9151
-9232
-9321
-9392
-9415
-9419
-9421
-9419
-9426
-9431
-9412
-9370
-9294
-9204
-9123
-9093
-9140
-9246
-9368
-9470
-9521
-9520
-9478
-9419
-9363
-9326
-9284
-9239
-9193
-9156
-9140
-9140
-9192
-9277
-9385
-9472
-9522
-9519
-9478
-9408
-9345
-9314
-9289
-9277
-9275
-9257
-9229
-9212
-9220
-9280
-9366
-9459
-9520
-9534
-9495
-9427
-9345
-9280
-9243
-9229
-9226
-9213
-9205
-9208
-9230
-9279
-9361
-9442
-9512
-9523
-9475
-9391
-9286
-9202
-9155
-9149
-9176
-9214
-9250
-9274
-9287
-9325
-9373
-9430
-9475
-9477
-9442
-9375
-9287
-9207
-9152
-9136
-9154
-9190
-9225
-9260
-9299
-9330
-9369
-9416
-9450
-9450
-9416
-9352
-9277
-9198
-9147
-9143
-9178
-9235
-9290
-9329
-9344
-9354
-9357
-9370
-9375
-9377
-9359
-9310
-9238
-9159
-9112
-9092
-9120
-9188
-9265
-9328
-9364
-9383
-9392
-9395
-9392
-9383
-9359
-9304
-9224
-9150
-9094
-9097
-9143
-9221
-9323
-9394
-9428
-9420
-9385
-9355
-9327
-9302
-9279
-9252
-9222
-9183
-9140
-9133
-9165
-9221
-9300
-9365
-9402
-9401
-9376
-9351
-9324
-9307
-9301
-9291
-9254
-9211
-9169
-9156
-9187
-9258
-9361
-9459
-9523
-9529
-9495
-9435
-9351
-9275
-9225
-9199
-9198
-9199
-9205
-9214
-9237
-9293
-9354
-9419
-9455
-9446
-9402
-9324
-9247
-9195
-9164
-9169
-9203
-9244
-9267
-9271
-9292
-9325
-9389
-9469
-9526
-9543
-9523
-9471
-9388
-9310
-9254
-9244
-9254
-9278
-9306
-9321
-9341
-9368
-9407
-9443
-9476
-9479
-9431
-9354
-9260
-9182
-9137
-9138
-9172
-9221
-9274
-9311
-9328
-9349
-9384
-9413
-9444
-9456
-9431
-9380
-9318
-9262
-9219
-9215
-9256
-9318
-9378
-9427
-9444
-9439
-9418
-9404
-9395
-9375
-9338
-9291
-9227
-9163
-9128
-9120
-9159
-9219
-9287
-9342
-9359
-9350
-9333
-9331
-9348
-9364
-9366
-9345
-9296
-9242
-9198
-9182
-9200
-9255
-9329
-9401
-9440
-9453
-9441
-9404
-9372
-9339
-9308
-9273
-9226
-9172
-9133
-9124
-9158
-9230
-9325
-9402
-9435
-9421
-9363
-9291
-9238
-9208
-9194
-9195
-9201
-9205
-9207
-9204
-9225
-9281
-9352
-9427
-9462
-9467
-9436
-9375
-9322
-9275
-9245
-9229
-9225
-9221
-9210
-9206
-9227
-9276
-9345
-9418
-9469
-9481
-9441
-9367
-9282
-9210
-9173
-9168
-9189
-9229
-9266
-9300
-9335
-9366
-9408
-9453
-9478
-9468
-9424
-9361
-9285
-9216
-9179
-9187
-9219
-9269
-9318
-9345
-9369
-9390
-9418
-9444
-9465
-9466
-9430
-9367
-9294
-9220
-9176
-9174
-9202
-9254
-9298
-9335
-9362
-9373
-9379
-9389
-9391
-9391
-9372
-9328
-9270
-9206
-9168
-9172
-9214
-9276
-9342
-9393
-9424
-9431
-9434
-9437
-9437
-9433
-9407
-9350
-9280
-9212
-9162
-9150
-9176
-9241
-9322
-9388
-9425
-9430
-9412
-9382
-9359
-9338
-9313
-9282
-9243
-9211
-9190
-9190
-9223
-9277
-9339
-9401
-9434
-9427
-9401
-9371
-9343
-9322
-9307
-9291
-9272
-9244
-9217
-9205
-9218
-9265
-9344
-9428
-9490
-9517
-9487
-9427
-9367
-9305
-9265
-9236
-9208
-9198
-9193
-9195
-9210
-9250
-9315
-9383
-9423
-9428
-9393
-9330
-9273
-9231
-9222
-9230
-9254
-9284
-9291
-9295
-9295
-9304
-9330
-9368
-9400
-9410
-9386
-9339
-9284
-9230
-9200
-9185
-9195
-9219
-9238
-9253
-9269
-9299
-9335
-9367
-9392
-9395
-9367
-9316
-9249
-9188
-9160
-9160
-9183
-9225
-9275
-9321
-9352
-9370
-9381
-9397
-9405
-9397
-9368
-9312
-9248
-9185
-9145
-9138
-9175
-9225
-9278
-9328
-9356
-9376
-9379
-9379
-9387
-9382
-9352
-9300
-9233
-9176
-9147
-9151
-9188
-9253
-9326
-9378
-9399
-9392
-9378
-9359
-9344
-9333
-9317
-9292
-9259
-9220
-9192
-9188
-9221
-9278
-9341
-9391
-9418
-9419
-9402
-9384
-9360
-9342
-9318
-9287
-9246
-9212
-9190
-9190
-9223
-9281
-9354
-9416
-9455
-9456
-9415
-9355
-9307
-9270
-9250
-9249
-9251
-9245
-9238
-9241
-9250
-9273
-9320
-9376
-9411
-9416
-9392
-9350
-9300
-9268
-9250
-9247
-9252
-9246
-9234
-9228
-9241
-9272
-9323
-9382
-9436
-9459
-9444
-9396
-9331
-9266
-9221
-9205
-9210
-9234
-9263
-9289
-9308
-9331
-9370
-9407
-9432
-9426
-9387
-9335
-9278
-9236
-9218
-9228
-9254
-9286
-9318
-9339
-9351
-9358
-9366
-9379
-9398
-9403
-9386
-9350
-9300
-9246
-9211
-9199
-9211
-9245
-9283
-9316
-9340
-9352
-9359
-9373
-9387
-9392
-9380
-9345
-9290
-9239
-9213
-9211
-9237
-9272
-9315
-9350
-9365
-9366
-9360
-9359
-9353
-9347
-9336
-9302
-9248
-9197
-9168
-9164
-9185
-9231
-9290
-9338
-9366
-9366
-9352
-9335
-9323
-9314
-9301
-9282
-9247
-9205
-9180
-9182
-9213
-9268
-9337
-9386
-9413
-9413
-9384
-9356
-9336
-9327
-9327
-9321
-9303
-9281
-9255
-9243
-9246
-9271
-9317
-9367
-9408
-9424
-9412
-9378
-9342
-9307
-9279
-9247
-9232
-9221
-9205
-9210
-9236
-9289
-9351
-9406
-9439
-9440
-9418
-9378
-9317
-9274
-9254
-9256
-9269
-9286
-9302
-9305
-9319
-9337
-9368
-9404
-9430
-9435
-9418
-9380
-9327
-9289
-9269
-9269
-9273
-9282
-9292
-9297
-9303
-9325
-9357
-9395
-9425
-9440
-9431
-9388
-9333
-9265
-9212
-9204
-9229
-9269
-9313
-9348
-9377
-9390
-9398
-9407
-9411
-9410
-9390
-9345
-9285
-9232
-9203
-9207
-9227
-9260
-9294
-9322
-9331
-9330
-9338
-9346
-9353
-9353
-9343
-9312
-9270
-9222
-9193
-9198
-9226
-9269
-9314
-9353
-9380
-9401
-9412
-9414
-9405
-9396
-9377
-9341
-9291
-9236
-9189
-9166
-9190
-9232
-9280
-9320
-9346
-9359
-9359
-9355
-9352
-9349
-9338
-9314
-9276
-9238
-9210
-9199
-9211
-9259
-9322
-9377
-9415
-9414
-9377
-9323
-9285
-9256
-9242
-9234
-9223
-9207
-9193
-9192
-9210
-9244
-9288
-9338
-9373
-9387
-9363
-9323
-9285
-9264
-9261
-9270
-9288
-9287
-9280
-9270
-9258
-9266
-9302
-9345
-9379
-9397
-9386
-9347
-9285
-9222
-9186
-9182
-9191
-9202
-9217
-9230
-9247
-9270
-9306
-9350
-9381
-9392
-9368
-9320
-9264
-9227
-9212
-9215
-9243
-9279
-9311
-9340
-9360
-9375
-9384
-9395
-9413
-9421
-9411
-9376
-9329
-9274
-9235
-9218
-9214
-9225
-9244
-9274
-9296
-9305
-9317
-9332
-9348
-9363
-9365
-9344
-9303
-9266
-9240
-9231
-9244
-9281
-9324
-9359
-9375
-9375
-9373
-9374
-9379
-9376
-9363
-9335
-9297
-9258
-9237
-9232
-9250
-9281
-9319
-9353
-9369
-9367
-9350
-9338
-9336
-9335
-9330
-9327
-9311
-9290
-9274
-9273
-9296
-9339
-9391
-9430
-9444
-9434
-9417
-9395
-9377
-9368
-9356
-9336
-9318
-9301
-9287
-9284
-9288
-9307
-9348
-9387
-9411
-9411
-9389
-9349
-9314
-9291
-9281
-9276
-9268
-9265
-9262
-9268
-9284
-9320
-9367
-9414
-9445
-9450
-9421
-9376
-9332
-9294
-9283
-9285
-9301
-9314
-9318
-9312
-9309
-9316
-9335
-9359
-9376
-9382
-9365
-9336
-9294
-9259
-9246
-9254
-9263
-9270
-9274
-9272
-9275
-9287
-9315
-9353
-9392
-9416
-9405
-9361
-9312
-9260
-9226
-9217
-9219
-9243
-9272
-9300
-9321
-9344
-9365
-9388
-9403
-9404
-9389
-9346
-9290
-9238
-9216
-9205
-9212
-9239
-9269
-9295
-9297
-9298
-9301
-9303
-9301
-9299
-9299
-9283
-9257
-9227
-9201
-9187
-9192
-9221
-9260
-9293
-9320
-9336
-9337
-9338
-9341
-9338
-9334
-9314
-9276
-9244
-9218
-9207
-9229
-9262
-9302
-9341
-9359
-9347
-9325
-9309
-9294
-9283
-9277
-9276
-9265
-9236
-9197
-9184
-9200
-9241
-9296
-9347
-9376
-9370
-9348
-9309
-9276
-9248
-9232
-9225
-9217
-9214
-9208
-9210
-9229
-9270
-9312
-9349
-9368
-9376
-9360
-9330
-9299
-9282
-9286
-9290
-9304
-9305
-9300
-9289
-9282
-9276
-9292
-9323
-9349
-9363
-9356
-9330
-9291
-9254
-9233
-9230
-9226
-9226
-9231
-9244
-9262
-9285
-9324
-9365
-9386
-9387
-9372
-9334
-9287
-9241
-9222
-9224
-9234
-9261
-9296
-9315
-9316
-9318
-9322
-9338
-9351
-9357
-9352
-9323
-9291
-9258
-9245
-9259
-9281
-9304
-9318
-9319
-9323
-9330
-9340
-9358
-9377
-9390
-9383
-9352
-9317
-9282
-9251
-9233
-9248
-9288
-9326
-9354
-9369
-9371
-9375
-9378
-9372
-9362
-9343
-9314
-9279
-9255
-9242
-9242
-9254
-9288
-9331
-9359
-9371
-9365
-9355
-9348
-9342
-9340
-9340
-9327
-9302
-9283
-9270
-9266
-9280
-9316
-9362
-9397
-9421
-9423
-9405
-9386
-9370
-9354
-9345
-9336
-9319
-9299
-9273
-9255
-9259
-9289
-9331
-9366
-9383
-9392
-9378
-9353
-9328
-9313
-9311
-9302
-9294
-9274
-9261
-9254
-9254
-9284
-9331
-9382
-9419
-9434
-9418
-9392
-9359
-9320
-9297
-9283
-9281
-9287
-9291
-9295
-9307
-9321
-9351
-9372
-9377
-9371
-9346
-9314
-9277
-9247
-9235
-9247
-9265
-9281
-9288
-9296
-9300
-9308
-9326
-9352
-9384
-9403
-9409
-9398
-9362
-9316
-9280
-9263
-9271
-9287
-9304
-9321
-9340
-9359
-9376
-9392
-9395
-9385
-9365
-9329
-9285
-9247
-9222
-9217
-9238
-9268
-9285
-9295
-9306
-9313
-9306
-9300
-9301
-9310
-9310
-9297
-9275
-9250
-9240
-9246
-9269
-9302
-9334
-9356
-9363
-9368
-9371
-9371
-9369
-9364
-9352
-9323
-9293
-9258
-9227
-9214
-9226
-9251
-9285
-9309
-9315
-9312
-9309
-9302
-9292
-9292
-9282
-9273
-9257
-9236
-9227
-9226
-9239
-9271
-9312
-9348
-9371
-9378
-9377
-9367
-9355
-9339
-9315
-9299
-9292
-9281
-9266
-9270
-9284
-9300
-9324
-9343
-9353
-9353
-9341
-9312
-9278
-9250
-9233
-9232
-9240
-9246
-9245
-9250
-9265
-9291
-9314
-9342
-9369
-9385
-9381
-9366
-9338
-9313
-9305
-9304
-9305
-9303
-9303
-9290
-9291
-9305
-9337
-9364
-9390
-9408
-9397
-9366
-9326
-9291
-9271
-9278
-9290
-9299
-9303
-9309
-9314
-9323
-9334
-9349
-9354
-9352
-9347
-9330
-9298
-9264
-9247
-9246
-9263
-9275
-9286
-9292
-9301
-9311
-9325
-9348
-9364
-9376
-9386
-9376
-9349
-9318
-9289
-9268
-9267
-9280
-9295
-9322
-9346
-9358
-9355
-9352
-9347
-9344
-9331
-9301
-9269
-9240
-9222
-9222
-9246
-9275
-9302
-9325
-9334
-9325
-9310
-9301
-9295
-9293
-9294
-9288
-9265
-9246
-9231
-9226
-9237
-9268
-9300
-9323
-9345
-9348
-9351
-9342
-9322
-9309
-9299
-9289
-9276
-9259
-9249
-9252
-9265
-9282
-9300
-9323
-9336
-9328
-9308
-9282
-9257
-9243
-9231
-9228
-9230
-9221
-9216
-9215
-9228
-9255
-9296
-9339
-9367
-9386
-9383
-9358
-9323
-9296
-9280
-9272
-9273
-9274
-9275
-9280
-9289
-9304
-9340
-9368
-9386
-9393
-9376
-9340
-9296
-9268
-9259
-9277
-9299
-9308
-9313
-9309
-9304
-9307
-9321
-9339
-9346
-9354
-9351
-9334
-9306
-9277
-9259
-9257
-9263
-9264
-9271
-9288
-9310
-9332
-9358
-9377
-9389
-9392
-9387
-9363
-9310
-9261
-9235
-9227
-9238
-9264
-9296
-9327
-9346
-9353
-9352
-9357
-9358
-9364
-9354
-9334
-9311
-9282
-9267
-9258
-9266
-9272
-9291
-9310
-9328
-9335
-9333
-9336
-9332
-9338
-9340
-9334
-9315
-9298
-9275
-9264
-9270
-9284
-9314
-9343
-9364
-9369
-9359
-9342
-9333
-9314
-9289
-9269
-9256
-9245
-9236
-9249
-9269
-9297
-9330
-9369
-9399
-9406
-9403
-9381
-9355
-9335
-9315
-9296
-9283
-9270
-9256
-9255
-9261
-9280
-9307
-9335
-9360
-9362
-9352
-9338
-9312
-9288
-9276
-9268
-9262
-9258
-9250
-9246
-9253
-9270
-9296
-9328
-9353
-9365
-9354
-9332
-9314
-9297
-9285
-9279
-9285
-9292
-9292
-9290
-9298
-9309
-9323
-9342
-9362
-9377
-9372
-9344
-9307
-9272
-9243
-9234
-9238
-9254
-9268
-9291
-9304
-9311
-9329
-9334
-9342
-9343
-9330
-9301
-9272
-9246
-9231
-9244
-9265
-9293
-9312
-9323
-9327
-9320
-9322
-9335
-9352
-9373
-9384
-9371
-9357
-9332
-9305
-9291
-9296
-9308
-9323
-9342
-9351
-9357
-9363
-9363
-9360
-9357
-9339
-9311
-9278
-9251
-9238
-9248
-9269
-9296
-9333
-9366
-9390
-9383
-9369
-9360
-9353
-9350
-9338
-9321
-9311
-9307
-9305
-9301
-9309
-9333
-9353
-9369
-9379
-9375
-9366
-9350
-9345
-9351
-9345
-9325
-9301
-9278
-9255
-9241
-9237
-9259
-9296
-9329
-9347
-9344
-9336
-9333
-9326
-9316
-9316
-9310
-9303
-9298
-9295
-9300
-9310
-9328
-9350
-9372
-9384
-9389
-9381
-9367
-9344
-9321
-9304
-9295
-9300
-9301
-9302
-9289
-9286
-9297
-9307
-9317
-9327
-9323
-9311
-9297
-9267
-9239
-9227
-9226
-9235
-9255
-9272
-9281
-9288
-9300
-9314
-9341
-9365
-9375
-9376
-9360
-9342
-9318
-9298
-9284
-9282
-9283
-9275
-9272
-9280
-9295
-9307
-9322
-9334
-9344
-9334
-9305
-9277
-9243
-9219
-9213
-9221
-9241
-9267
-9288
-9305
-9320
-9320
-9315
-9302
-9286
-9276
-9263
-9244
-9232
-9225
-9225
-9243
-9255
-9274
-9293
-9308
-9309
-9316
-9332
-9339
-9346
-9344
-9339
-9313
-9278
-9253
-9241
-9237
-9244
-9256
-9273
-9289
-9304
-9304
-9296
-9288
-9285
-9286
-9276
-9258
-9237
-9217
-9205
-9215
-9246
-9280
-9301
-9306
-9308
-9300
-9285
-9283
-9280
-9287
-9288
-9289
-9293
-9287
-9291
-9299
-9318
-9334
-9355
-9369
-9375
-9366
-9352
-9345
-9337
-9330
-9320
-9309
-9296
-9290
-9284
-9284
-9293
-9314
-9337
-9354
-9360
-9352
-9332
-9298
-9271
-9260
-9258
-9253
-9255
-9258
-9256
-9264
-9283
-9318
-9352
-9372
-9382
-9386
-9375
-9352
-9327
-9311
-9312
-9318
-9330
-9343
-9351
-9360
-9368
-9373
-9389
-9408
-9410
-9394
-9354
-9321
-9301
-9291
-9296
-9312
-9323
-9322
-9329
-9335
-9340
-9342
-9353
-9361
-9363
-9363
-9357
-9351
-9332
-9324
-9326
-9334
-9341
-9350
-9354
-9355
-9362
-9372
-9381
-9376
-9368
-9353
-9329
-9307
-9300
-9287
-9273
-9276
-9286
-9307
-9325
-9332
-9331
-9316
-9307
-9306
-9305
-9306
-9301
-9298
-9290
-9282
-9280
-9288
-9299
-9313
-9331
-9343
-9340
-9331
-9333
-9338
-9339
-9339
-9329
-9313
-9284
-9260
-9256
-9260
-9273
-9291
-9309
-9315
-9317
-9318
-9313
-9311
-9306
-9297
-9282
-9259
-9247
-9244
-9242
-9252
-9267
-9290
-9325
-9349
-9351
-9341
-9329
-9317
-9296
-9282
-9276
-9269
-9268
-9266
-9263
-9270
-9284
-9304
-9325
-9345
-9353
-9337
-9319
-9299
-9284
-9277
-9282
-9284
-9293
-9306
-9310
-9312
-9315
-9335
-9346
-9363
-9363
-9342
-9320
-9288
-9265
-9249
-9243
-9247
-9258
-9264
-9276
-9288
-9295
-9316
-9338
-9358
-9366
-9357
-9332
-9304
-9280
-9257
-9250
-9259
-9284
-9303
-9310
-9319
-9331
-9344
-9353
-9359
-9358
-9342
-9322
-9297
-9272
-9257
-9252
-9258
-9270
-9285
-9303
-9309
-9308
-9315
-9322
-9328
-9335
-9338
-9339
-9324
-9296
-9282
-9273
-9280
-9296
-9314
-9336
-9351
-9352
-9351
-9350
-9341
-9335
-9333
-9323
-9303
-9282
-9267
-9265
-9271
-9283
-9293
-9310
-9323
-9327
-9330
-9328
-9322
-9307
-9300
-9296
-9291
-9285
-9285
-9286
-9289
-9294
-9304
-9322
-9338
-9343
-9326
-9308
-9298
-9302
-9304
-9309
-9312
-9298
-9279
-9266
-9255
-9255
-9275
-9300
-9322
-9335
-9335
-9320
-9295
-9281
-9277
-9284
-9294
-9297
-9293
-9283
-9285
-9294
-9315
-9330
-9339
-9343
-9333
-9317
-9300
-9291
-9284
-9279
-9277
-9276
-9279
-9291
-9293
-9293
-9307
-9321
-9328
-9328
-9328
-9318
-9296
-9287
-9281
-9277
-9273
-9280
-9290
-9297
-9309
-9323
-9332
-9342
-9350
-9354
-9360
-9359
-9346
-9329
-9320
-9310
-9305
-9303
-9308
-9314
-9309
-9312
-9310
-9306
-9308
-9312
-9316
-9310
-9296
-9276
-9263
-9256
-9262
-9287
-9315
-9331
-9338
-9347
-9342
-9339
-9336
-9329
-9323
-9305
-9285
-9270
-9265
-9271
-9281
-9299
-9323
-9335
-9334
-9337
-9336
-9334
-9343
-9346
-9345
-9341
-9337
-9322
-9307
-9301
-9302
-9313
-9323
-9341
-9354
-9362
-9362
-9355
-9345
-9337
-9324
-9309
-9293
-9282
-9277
-9272
-9273
-9285
-9307
-9329
-9348
-9353
-9346
-9324
-9306
-9292
-9291
-9296
-9298
-9301
-9294
-9294
-9300
-9308
-9321
-9347
-9377
-9386
-9372
-9347
-9327
-9323
-9316
-9314
-9314
-9306
-9289
-9282
-9290
-9302
-9317
-9336
-9357
-9358
-9343
-9324
-9313
-9299
-9288
-9279
-9279
-9292
-9304
-9315
-9325
-9334
-9344
-9368
-9380
-9374
-9353
-9330
-9313
-9298
-9290
-9284
-9279
-9282
-9298
-9318
-9332
-9335
-9344
-9350
-9348
-9350
-9341
-9323
-9302
-9292
-9288
-9285
-9295
-9305
-9324
-9328
-9320
-9318
-9313
-9309
-9304
-9312
-9315
-9310
-9304
-9305
-9303
-9298
-9296
-9305
-9317
-9322
-9322
-9313
-9310
-9312
-9327
-9333
-9331
-9315
-9295
-9274
-9256
-9253
-9256
-9264
-9272
-9293
-9304
-9302
-9307
-9307
-9299
-9296
-9289
-9287
-9289
-9292
-9289
-9280
-9277
-9289
-9311
-9331
-9332
-9321
-9311
-9298
-9298
-9298
-9296
-9285
-9280
-9272
-9255
-9253
-9247
-9251
-9275
-9295
-9320
-9324
-9308
-9287
-9261
-9244
-9238
-9238
-9237
-9238
-9229
-9236
-9250
-9267
-9293
-9301
-9310
-9312
-9307
-9303
-9282
-9270
-9274
-9284
-9292
-9287
-9277
-9274
-9279
-9288
-9301
-9300
-9300
-9290
-9270
-9256
-9243
-9233
-9234
-9240
-9244
-9257
-9268
-9272
-9279
-9295
-9302
-9315
-9327
-9332
-9331
-9315
-9300
-9278
-9269
-9278
-9294
-9302
-9310
-9311
-9315
-9328
-9332
-9336
-9332
-9331
-9325
-9309
-9291
-9267
-9249
-9242
-9244
-9258
-9270
-9277
-9288
-9299
-9309
-9321
-9327
-9329
-9329
-9326
-9327
-9320
-9309
-9305
-9316
-9329
-9338
-9341
-9339
-9328
-9314
-9319
-9318
-9317
-9332
-9342
-9337
-9331
-9323
-9316
-9318
-9327
-9332
-9333
-9336
-9344
-9350
-9349
-9336
-9325
-9325
-9318
-9318
-9311
-9304
-9303
-9318
-9348
-9370
-9389
-9401
-9402
-9402
-9392
-9384
-9379
-9364
-9353
-9360
-9363
-9348
-9340
-9342
-9351
-9352
-9350
-9356
-9357
-9338
-9320
-9306
-9289
-9280
-9282
-9284
-9279
-9272
-9274
-9285
-9293
-9316
-9342
-9355
-9359
-9361
-9350
-9341
-9332
-9331
-9345
-9359
-9362
-9358
-9358
-9354
-9363
-9376
-9389
-9389
-9380
-9363
-9341
-9316
-9300
-9291
-9274
-9273
-9285
-9290
-9301
-9318
-9334
-9345
-9351
-9353
-9347
-9334
-9319
-9307
-9286
-9277
-9282
-9291
-9306
-9329
-9349
-9355
-9356
-9356
-9356
-9359
-9362
-9359
-9357
-9345
-9336
-9328
-9319
-9312
-9313
-9310
-9307
-9307
-9309
-9310
-9307
-9313
-9316
-9308
-9280
-9262
-9267
-9282
-9291
-9296
-9306
-9317
-9335
-9339
-9332
-9311
-9299
-9304
-9316
-9330
-9317
-9299
-9285
-9266
-9261
-9266
-9275
-9288
-9304
-9313
-9309
-9302
-9298
-9292
-9274
-9266
-9262
-9256
-9259
-9261
-9264
-9263
-9266
-9278
-9299
-9317
-9327
-9335
-9342
-9350
-9357
-9359
-9352
-9325
-9306
-9291
-9288
-9289
-9284
-9302
-9306
-9306
-9292
-9276
-9253
-9226
-9212
-9203
-9216
-9228
-9251
-9272
-9288
-9303
-9314
-9331
-9343
-9350
-9353
-9349
-9329
-9313
-9300
-9295
-9294
-9295
-9302
-9301
-9308
-9298
-9301
-9301
-9302
-9302
-9299
-9297
-9273
-9263
-9246
-9235
-9235
-9242
-9247
-9254
-9256
-9254
-9267
-9286
-9303
-9308
-9311
-9308
-9304
-9301
-9295
-9291
-9308
-9333
-9351
-9363
-9359
-9360
-9356
-9347
-9334
-9321
-9292
-9270
-9258
-9231
-9232
-9220
-9232
-9252
-9266
-9290
-9301
-9316
-9316
-9319
-9308
-9294
-9290
-9288
-9294
-9297
-9286
-9282
-9285
-9283
-9301
-9301
-9308
-9323
-9320
-9328
-9330
-9331
-9330
-9315
-9297
-9283
-9259
-9242
-9234
-9241
-9269
-9286
-9312
-9331
-9332
-9330
-9316
-9304
-9296
-9291
-9306
-9307
-9302
-9310
-9310
-9306
-9309
-9326
-9331
-9336
-9333
-9342
-9338
-9321
-9317
-9296
-9293
-9285
-9274
-9274
-9279
-9290
-9305
-9327
-9333
-9328
-9324
-9316
-9296
-9293
-9281
-9273
-9272
-9261
-9278
-9272
-9271
-9289
-9294
-9307
-9329
-9337
-9356
-9362
-9356
-9345
-9318
-9319
-9316
-9314
-9318
-9323
-9326
-9333
-9334
-9332
-9329
-9314
-9314
-9312
-9309
-9308
-9295
-9282
-9277
-9276
-9277
-9287
-9289
-9299
-9314
-9321
-9333
-9346
-9350
-9342
-9327
-9313
-9313
-9308
-9308
-9311
-9312
-9321
-9328
-9331
-9329
-9333
-9336
-9343
-9345
-9345
-9341
-9329
-9315
-9307
-9312
-9324
-9335
-9350
-9365
-9367
-9359
-9346
-9339
-9336
-9329
-9320
-9312
-9307
-9302
-9312
-9325
-9341
-9355
-9356
-9361
-9358
-9349
-9338
-9324
-9316
-9312
-9321
-9326
-9335
-9343
-9342
-9336
-9325
-9332
-9344
-9352
-9352
-9350
-9350
-9342
-9334
-9329
-9322
-9306
-9288
-9278
-9266
-9261
-9262
-9271
-9289
-9308
-9325
-9328
-9324
-9306
-9293
-9289
-9291
-9297
-9303
-9308
-9306
-9300
-9291
-9279
-9284
-9301
-9312
-9330
-9334
-9327
-9320
-9311
-9315
-9319
-9320
-9322
-9317
-9306
-9297
-9297
-9303
-9317
-9324
-9316
-9300
-9297
-9288
-9280
-9277
-9277
-9290
-9296
-9303
-9299
-9301
-9311
-9326
-9340
-9347
-9343
-9328
-9313
-9303
-9303
-9298
-9294
-9294
-9296
-9295
-9294
-9289
-9287
-9299
-9313
-9319
-9322
-9314
-9303
-9296
-9290
-9287
-9299
-9316
-9327
-9333
-9332
-9325
-9327
-9324
-9322
-9323
-9310
-9312
-9302
-9298
-9293
-9286
-9296
-9303
-9313
-9328
-9336
-9331
-9330
-9320
-9315
-9310
-9306
-9300
-9293
-9284
-9276
-9273
-9274
-9280
-9284
-9298
-9308
-9312
-9316
-9315
-9313
-9312
-9317
-9327
-9337
-9335
-9326
-9321
-9308
-9303
-9317
-9325
-9327
-9323
-9317
-9311
-9298
-9295
-9290
-9273
-9267
-9270
-9267
-9263
-9271
-9276
-9272
-9271
-9281
-9296
-9303
-9309
-9312
-9312
-9309
-9315
-9328
-9333
-9334
-9332
-9330
-9328
-9325
-9322
-9319
-9311
-9304
-9300
-9296
-9290
-9280
-9282
-9287
-9291
-9296
-9294
-9285
-9272
-9282
-9295
-9303
-9308
-9314
-9317
-9308
-9296
-9290
-9285
-9290
-9303
-9315
-9330
-9329
-9331
-9331
-9334
-9340
-9345
-9354
-9354
-9345
-9328
-9319
-9311
-9304
-9303
-9304
-9305
-9303
-9309
-9314
-9316
-9317
-9316
-9312
-9299
-9287
-9278
-9273
-9271
-9275
-9282
-9292
-9308
-9321
-9325
-9327
-9317
-9298
-9288
-9283
-9277
-9264
-9254
-9250
-9246
-9248
-9261
-9271
-9278
-9295
-9306
-9313
-9311
-9311
-9320
-9326
-9321
-9324
-9319
-9309
-9310
-9312
-9319
-9319
-9328
-9335
-9339
-9337
-9329
-9320
-9318
-9321
-9319
-9321
-9323
-9321
-9315
-9310
-9305
-9309
-9321
-9338
-9351
-9353
-9339
-9323
-9317
-9313
-9316
-9318
-9317
-9315
-9315
-9315
-9314
-9314
-9323
-9342
-9356
-9355
-9348
-9340
-9339
-9340
-9336
-9332
-9331
-9335
-9331
-9330
-9327
-9325
-9328
-9332
-9334
-9334
-9327
-9320
-9312
-9299
-9288
-9288
-9290
-9291
-9300
-9302
-9300
-9296
-9300
-9306
-9317
-9326
-9324
-9317
-9317
-9315
-9314
-9320
-9332
-9346
-9340
-9333
-9334
-9335
-9340
-9343
-9344
-9349
-9350
-9344
-9325
-9311
-9302
-9294
-9301
-9318
-9315
-9311
-9296
-9282
-9283
-9282
-9283
-9285
-9293
-9287
-9279
-9263
-9258
-9262
-9269
-9288
-9301
-9307
-9313
-9325
-9330
-9325
-9327
-9328
-9332
-9339
-9344
-9343
-9332
-9324
-9316
-9310
-9309
-9311
-9305
-9305
-9308
-9310
-9302
-9295
-9292
-9286
-9276
-9273
-9282
-9290
-9298
-9300
-9307
-9312
-9312
-9302
-9288
-9274
-9269
-9278
-9290
-9291
-9281
-9278
-9275
-9275
-9282
-9290
-9303
-9318
-9332
-9340
-9345
-9346
-9327
-9314
-9311
-9310
-9310
-9300
-9288
-9276
-9264
-9264
-9272
-9276
-9280
-9279
-9273
-9264
-9262
-9262
-9268
-9276
-9276
-9280
-9284
-9288
-9296
-9299
-9305
-9311
-9318
-9330
-9333
-9330
-9314
-9305
-9301
-9295
-9300
-9307
-9307
-9306
-9308
-9308
-9318
-9330
-9329
-9329
-9328
-9320
-9308
-9301
-9296
-9292
-9288
-9292
-9303
-9310
-9319
-9324
-9323
-9317
-9318
-9317
-9312
-9310
-9306
-9294
-9285
-9291
-9296
-9301
-9307
-9313
-9320
-9326
-9331
-9340
-9340
-9338
-9333
-9325
-9311
-9295
-9290
-9282
-9287
-9298
-9304
-9312
-9309
-9306
-9303
-9293
-9281
-9273
-9268
-9273
-9276
-9272
-9268
-9266
-9278
-9285
-9289
-9287
-9288
-9287
-9287
-9289
-9286
-9289
-9291
-9295
-9292
-9284
-9280
-9280
-9288
-9297
-9311
-9318
-9328
-9342
-9346
-9327
-9309
-9303
-9298
-9299
-9298
-9301
-9302
-9304
-9300
-9302
-9307
-9308
-9311
-9307
-9301
-9294
-9288
-9285
-9286
-9289
-9296
-9296
-9297
-9294
-9292
-9301
-9307
-9308
-9312
-9310
-9303
-9293
-9292
-9298
-9294
-9300
-9306
-9315
-9315
-9313
-9308
-9302
-9306
-9309
-9309
-9308
-9304
-9300
-9291
-9277
-9266
-9266
-9275
-9288
-9298
-9307
-9313
-9313
-9313
-9310
-9312
-9314
-9309
-9299
-9294
-9292
-9290
-9295
-9307
-9321
-9327
-9334
-9339
-9342
-9346
-9350
-9353
-9355
-9348
-9329
-9318
-9309
-9306
-9309
-9311
-9317
-9316
-9319
-9330
-9340
-9349
-9357
-9360
-9358
-9353
-9351
-9359
-9363
-9362
-9352
-9342
-9340
-9348
-9357
-9368
-9376
-9371
-9367
-9362
-9350
-9342
-9339
-9335
-9328
-9326
-9337
-9340
-9343
-9354
-9366
-9372
-9368
-9359
-9341
-9334
-9341
-9349
-9346
-9341
-9337
-9335
-9339
-9346
-9358
-9371
-9384
-9385
-9379
-9376
-9364
-9348
-9339
-9340
-9336
-9321
-9312
-9307
-9303
-9307
-9317
-9327
-9339
-9344
-9346
-9340
-9323
-9306
-9293
-9288
-9282
-9287
-9293
-9304
-9310
-9317
-9334
-9340
-9346
-9345
-9339
-9330
-9317
-9305
-9295
-9284
-9280
-9278
-9274
-9273
-9272
-9267
-9268
-9274
-9276
-9277
-9265
-9258
-9250
-9241
-9234
-9224
-9225
-9227
-9239
-9260
-9282
-9297
-9309
-9314
-9325
-9332
-9334
-9327
-9306
-9286
-9274
-9276
-9280
-9282
-9291
-9295
-9288
-9283
-9288
-9284
-9287
-9280
-9266
-9253
-9237
-9241
-9237
-9234
-9238
-9250
-9263
-9267
-9271
-9272
-9267
-9267
-9269
-9279
-9281
-9274
-9283
-9287
-9298
-9307
-9301
-9301
-9297
-9303
-9318
-9322
-9315
-9299
-9287
-9285
-9294
-9301
-9295
-9277
-9268
-9272
-9271
-9276
-9291
-9303
-9311
-9319
-9321
-9317
-9310
-9308
-9311
-9308
-9311
-9311
-9303
-9305
-9305
-9319
-9338
-9346
-9353
-9354
-9350
-9341
-9326
-9314
-9309
-9307
-9300
-9298
-9284
-9281
-9295
-9300
-9310
-9311
-9318
-9318
-9314
-9312
-9314
-9309
-9309
-9314
-9317
-9320
-9312
-9314
-9309
-9317
-9332
-9344
-9355
-9357
-9351
-9337
-9325
-9313
-9308
-9302
-9298
-9299
-9314
-9320
-9325
-9329
-9324
-9319
-9314
-9319
-9317
-9313
-9313
-9311
-9305
-9299
-9295
-9306
-9319
-9319
-9328
-9333
-9336
-9345
-9350
-9347
-9337
-9326
-9305
-9293
-9284
-9278
-9285
-9291
-9304
-9314
-9318
-9320
-9318
-9325
-9338
-9352
-9346
-9332
-9321
-9310
-9308
-9310
-9318
-9322
-9332
-9345
-9354
-9357
-9356
-9353
-9353
-9357
-9355
-9341
-9328
-9320
-9312
-9317
-9312
-9306
-9306
-9315
-9323
-9327
-9334
-9335
-9325
-9316
-9315
-9311
-9304
-9302
-9306
-9315
-9320
-9329
-9344
-9358
-9364
-9359
-9353
-9348
-9345
-9352
-9352
-9334
-9307
-9286
-9284
-9283
-9276
-9274
-9283
-9299
-9313
-9324
-9327
-9325
-9322
-9316
-9312
-9313
-9316
-9329
-9326
-9314
-9319
-9327
-9337
-9347
-9358
-9359
-9357
-9354
-9353
-9352
-9347
-9337
-9322
-9312
-9302
-9292
-9286
-9280
-9272
-9264
-9260
-9267
-9270
-9269
-9270
-9277
-9282
-9280
-9277
-9275
-9281
-9287
-9289
-9288
-9298
-9307
-9322
-9332
-9330
-9320
-9313
-9304
-9283
-9272
-9273
-9278
-9279
-9294
-9298
-9301
-9308
-9302
-9302
-9294
-9287
-9281
-9277
-9267
-9255
-9257
-9254
-9252
-9252
-9253
-9257
-9267
-9279
-9295
-9309
-9311
-9311
-9317
-9320
-9312
-9312
-9315
-9317
-9317
-9320
-9323
-9324
-9316
-9305
-9293
-9281
-9271
-9263
-9253
-9244
-9240
-9242
-9242
-9236
-9245
-9259
-9273
-9277
-9281
-9285
-9291
-9294
-9300
-9314
-9315
-9307
-9294
-9293
-9298
-9300
-9310
-9331
-9344
-9350
-9353
-9345
-9339
-9335
-9329
-9320
-9308
-9296
-9288
-9283
-9282
-9286
-9293
-9302
-9303
-9311
-9315
-9316
-9320
-9318
-9317
-9321
-9321
-9318
-9317
-9316
-9324
-9327
-9338
-9352
-9365
-9371
-9384
-9390
-9383
-9374
-9349
-9332
-9320
-9318
-9302
-9290
-9289
-9297
-9303
-9299
-9301
-9311
-9318
-9315
-9312
-9302
-9296
-9292
-9284
-9278
-9278
-9284
-9303
-9318
-9320
-9322
-9332
-9345
-9357
-9364
-9353
-9336
-9321
-9309
-9309
-9316
-9315
-9319
-9326
-9332
-9326
-9325
-9341
-9362
-9367
-9355
-9339
-9331
-9322
-9314
-9303
-9295
-9301
-9305
-9319
-9327
-9316
-9306
-9297
-9289
-9288
-9285
-9288
-9293
-9294
-9301
-9308
-9313
-9317
-9319
-9319
-9317
-9310
-9304
-9305
-9308
-9309
-9299
-9284
-9277
-9272
-9264
-9265
-9267
-9268
-9281
-9292
-9299
-9301
-9307
-9318
-9323
-9323
-9316
-9308
-9299
-9287
-9270
-9259
-9259
-9255
-9263
-9279
-9289
-9296
-9287
-9275
-9268
-9255
-9262
-9271
-9276
-9280
-9286
-9296
-9301
-9311
-9319
-9332
-9342
-9342
-9337
-9321
-9303
-9292
-9282
-9269
-9262
-9257
-9252
-9250
-9246
-9252
-9270
-9278
-9276
-9286
-9298
-9302
-9301
-9296
-9294
-9288
-9290
-9289
-9291
-9291
-9290
-9298
-9307
-9309
-9310
-9315
-9309
-9301
-9294
-9291
-9284
-9284
-9284
-9285
-9291
-9297
-9300
-9292
-9285
-9292
-9297
-9298
-9302
-9301
-9300
-9286
-9279
-9285
-9299
-9307
-9319
-9337
-9346
-9352
-9352
-9353
-9359
-9361
-9354
-9343
-9325
-9306
-9292
-9278
-9274
-9276
-9271
-9273
-9285
-9297
-9308
-9319
-9322
-9317
-9320
-9311
-9299
-9294
-9290
-9286
-9293
-9308
-9323
-9337
-9349
-9368
-9374
-9378
-9379
-9373
-9371
-9372
-9362
-9349
-9344
-9326
-9314
-9320
-9326
-9332
-9339
-9333
-9324
-9315
-9305
-9296
-9290
-9285
-9281
-9283
-9294
-9301
-9298
-9298
-9311
-9332
-9345
-9348
-9344
-9333
-9331
-9340
-9345
-9342
-9341
-9346
-9342
-9343
-9342
-9343
-9339
-9339
-9339
-9342
-9348
-9340
-9331
-9328
-9329
-9316
-9299
-9282
-9276
-9268
-9270
-9273
-9278
-9292
-9308
-9315
-9319
-9325
-9325
-9325
-9316
-9308
-9308
-9314
-9320
-9330
-9331
-9339
-9345
-9350
-9355
-9359
-9354
-9337
-9334
-9337
-9333
-9325
-9319
-9315
-9316
-9317
-9325
-9324
-9328
-9336
-9334
-9337
-9330
-9309
-9292
-9276
-9262
-9264
-9280
-9296
-9308
-9317
-9315
-9312
-9308
-9313
-9316
-9317
-9318
-9325
-9329
-9318
-9312
-9304
-9307
-9319
-9332
-9347
-9354
-9356
-9361
-9365
-9360
-9348
-9334
-9326
-9327
-9326
-9328
-9321
-9315
-9317
-9321
-9331
-9332
-9335
-9329
-9313
-9303
-9292
-9282
-9281
-9278
-9279
-9284
-9284
-9284
-9289
-9299
-9318
-9327
-9326
-9330
-9325
-9321
-9311
-9310
-9322
-9323
-9320
-9329
-9333
-9325
-9312
-9309
-9313
-9322
-9309
-9297
-9292
-9283
-9290
-9289
-9302
-9308
-9312
-9313
-9313
-9328
-9339
-9341
-9337
-9327
-9320
-9330
-9321
-9318
-9319
-9316
-9320
-9333
-9330
-9322
-9312
-9294
-9290
-9288
-9298
-9301
-9292
-9283
-9276
-9286
-9296
-9290
-9287
-9276
-9273
-9270
-9271
-9292
-9309
-9310
-9307
-9302
-9297
-9289
-9272
-9256
-9248
-9252
-9257
-9262
-9265
-9279
-9282
-9272
-9265
-9266
-9263
-9260
-9268
-9269
-9276
-9287
-9297
-9294
-9285
-9285
-9286
-9281
-9286
-9296
-9295
-9296
-9298
-9296
-9298
-9297
-9297
-9298
-9304
-9301
-9281
-9274
-9269
-9264
-9264
-9260
-9259
-9255
-9251
-9256
-9260
-9258
-9267
-9266
-9254
-9253
-9256
-9255
-9251
-9255
-9270
-9277
-9281
-9290
-9291
-9296
-9305
-9307
-9309
-9314
-9308
-9301
-9292
-9295
-9301
-9311
-9321
-9328
-9327
-9315
-9304
-9292
-9289
-9286
-9294
-9296
-9288
-9284
-9284
-9288
-9295
-9312
-9332
-9339
-9340
-9331
-9322
-9328
-9325
-9307
-9309
-9324
-9335
-9354
-9370
-9375
-9381
-9394
-9397
-9392
-9375
-9357
-9357
-9355
-9349
-9339
-9334
-9331
-9333
-9335
-9329
-9321
-9315
-9326
-9329
-9325
-9324
-9320
-9317
-9319
-9328
-9329
-9336
-9347
-9349
-9346
-9351
-9357
-9364
-9364
-9359
-9357
-9352
-9348
-9356
-9358
-9348
-9350
-9360
-9369
-9369
-9369
-9358
-9343
-9333
-9338
-9345
-9339
-9333
-9330
-9335
-9338
-9336
-9333
-9317
-9307
-9311
-9316
-9315
-9317
-9326
-9325
-9320
-9315
-9320
-9318
-9317
-9311
-9305
-9302
-9303
-9313
-9329
-9344
-9343
-9348
-9348
-9354
-9352
-9339
-9322
-9307
-9310
-9306
-9298
-9293
-9288
-9291
-9298
-9306
-9315
-9319
-9313
-9304
-9293
-9282
-9284
-9280
-9276
-9280
-9274
-9262
-9264
-9267
-9270
-9277
-9290
-9294
-9296
-9299
-9294
-9288
-9288
-9297
-9295
-9284
-9269
-9266
-9263
-9274
-9275
-9281
-9296
-9302
-9313
-9308
-9300
-9289
-9287
-9293
-9280
-9268
-9258
-9255
-9263
-9256
-9248
-9256
-9267
-9274
-9287
-9285
-9296
-9311
-9306
-9300
-9292
-9283
-9279
-9288
-9289
-9289
-9289
-9303
-9292
-9287
-9296
-9290
-9275
-9282
-9286
-9287
-9292
-9291
-9299
-9298
-9313
-9313
-9311
-9315
-9319
-9324
-9334
-9325
-9326
-9312
-9296
-9284
-9265
-9275
-9261
-9278
-9269
-9279
-9283
-9278
-9303
-9305
-9308
-9295
-9287
-9273
-9268
-9264
-9281
-9301
-9306
-9323
-9313
-9319
-9332
-9333
-9334
-9318
-9329
-9312
-9306
-9310
-9302
-9311
-9306
-9325
-9320
-9315
-9319
-9322
-9325
-9304
-9295
-9297
-9295
-9292
-9284
-9285
-9287
-9286
-9289
-9295
-9296
-9310
-9326
-9332
-9335
-9331
-9339
-9342
-9328
-9324
-9315
-9303
-9312
-9318
-9333
-9338
-9333
-9339
-9331
-9315
-9316
-9306
-9295
-9296
-9287
-9292
-9294
-9291
-9292
-9284
-9272
-9285
-9289
-9301
-9315
-9307
-9319
-9319
-9320
-9325
-9321
-9313
-9308
-9316
-9312
-9314
-9314
-9311
-9321
-9317
-9309
-9313
-9314
-9317
-9323
-9316
-9305
-9301
-9295
-9293
-9306
-9320
-9337
-9339
-9358
-9370
-9375
-9378
-9366
-9364
-9348
-9344
-9337
-9323
-9320
-9321
-9327
-9329
-9335
-9345
-9343
-9335
-9336
-9323
-9308
-9303
-9286
-9287
-9283
-9268
-9279
-9279
-9283
-9296
-9305
-9314
-9318
-9330
-9337
-9342
-9342
-9347
-9347
-9333
-9330
-9326
-9325
-9338
-9350
-9345
-9354
-9347
-9348
-9345
-9325
-9331
-9325
-9311
-9289
-9267
-9256
-9247
-9248
-9261
-9259
-9270
-9288
-9314
-9317
-9314
-9316
-9319
-9325
-9320
-9331
-9313
-9312
-9314
-9323
-9317
-9316
-9333
-9333
-9343
-9345
-9355
-9360
-9352
-9343
-9341
-9325
-9320
-9305
-9293
-9287
-9260
-9260
-9260
-9265
-9282
-9276
-9279
-9291
-9290
-9297
-9310
-9305
-9313
-9310
-9286
-9292
-9297
-9312
-9327
-9336
-9336
-9334
-9341
-9325
-9318
-9319
-9298
-9302
-9313
-9300
-9303
-9307
-9306
-9313
-9313
-9306
-9307
-9303
-9294
-9282
-9267
-9265
-9271
-9269
-9287
-9284
-9264
-9278
-9281
-9283
-9305
-9318
-9320
-9323
-9332
-9328
-9316
-9301
-9305
-9308
-9295
-9305
-9301
-9275
-9283
-9310
-9293
-9302
-9302
-9290
-9296
-9276
-9266
-9258
-9250
-9259
-9265
-9263
-9284
-9289
-9299
-9308
-9311
-9307
-9306
-9328
-9316
-9321
-9313
-9290
-9287
-9274
-9274
-9267
-9272
-9284
-9296
-9294
-9297
-9304
-9304
-9312
-9303
-9306
-9297
-9298
-9297
-9301
-9301
-9296
-9300
-9304
-9319
-9327
-9328
-9323
-9325
-9332
-9335
-9313
-9322
-9332
-9334
-9331
-9322
-9319
-9305
-9309
-9323
-9326
-9328
-9336
-9333
-9331
-9311
-9312
-9320
-9331
-9333
-9317
-9318
-9318
-9313
-9324
-9338
-9323
-9324
-9330
-9325
-9321
-9308
-9294
-9295
-9306
-9317
-9308
-9306
-9318
-9327
-9333
-9334
-9339
-9336
-9339
-9340
-9315
-9316
-9305
-9305
-9314
-9303
-9316
-9321
-9336
-9352
-9356
-9366
-9367
-9355
-9344
-9327
-9314
-9306
-9306
-9308
-9299
-9304
-9306
-9300
-9319
-9315
-9318
-9334
-9324
-9332
-9323
-9318
-9312
-9310
-9313
-9317
-9312
-9312
-9318
-9317
-9310
-9310
-9323
-9322
-9324
-9319
-9318
-9310
-9309
-9300
-9295
-9309
-9311
-9311
-9312
-9307
-9317
-9323
-9312
-9307
-9295
-9295
-9286
-9271
-9264
-9261
-9249
-9258
-9264
-9274
-9297
-9314
-9335
-9326
-9339
-9341
-9324
-9322
-9307
-9310
-9303
-9286
-9287
-9281
-9290
-9300
-9296
-9295
-9286
-9276
-9268
-9263
-9270
-9272
-9268
-9265
-9269
-9264
-9259
-9256
-9251
-9264
-9272
-9278
-9297
-9302
-9299
-9297
-9303
-9301
-9291
-9292
-9288
-9301
