02051621.PTO
ABLE
2012/02/05 16:21:36.3299
100.0000 m/s  
8189 muestras
-9334
-9317
-9302
-9289
-9297
-9292
-9322
-9332
-9349
-9374
-9371
-9405
-9417
-9421
-9388
-9352
-9336
-9336
-9322
-9321
-9323
-9336
-9370
-9371
-9384
-9378
-9382
-9386
-9371
-9346
-9334
-9346
-9349
-9338
-9314
-9297
-9305
-9328
-9344
-9345
-9359
-9361
-9367
-9377
-9364
-9357
-9366
-9367
-9352
-9331
-9297
-9295
-9306
-9339
-9361
-9371
-9378
-9348
-9356
-9351
-9347
-9356
-9351
-9353
-9363
-9372
-9385
-9396
-9399
-9385
-9368
-9378
-9364
-9345
-9341
-9346
-9358
-9368
-9369
-9374
-9385
-9398
-9395
-9388
-9371
-9364
-9381
-9408
-9410
-9386
-9376
-9361
-9347
-9334
-9325
-9332
-9334
-9317
-9340
-9354
-9364
-9368
-9353
-9355
-9366
-9375
-9379
-9376
-9384
-9360
-9350
-9362
-9361
-9371
-9372
-9378
-9357
-9355
-9338
-9324
-9325
-9333
-9329
-9319
-9320
-9321
-9319
-9334
-9354
-9369
-9392
-9380
-9383
-9378
-9381
-9367
-9346
-9330
-9329
-9321
-9307
-9299
-9313
-9351
-9355
-9363
-9365
-9362
-9365
-9365
-9350
-9345
-9332
-9326
-9313
-9300
-9292
-9303
-9339
-9364
-9383
-9387
-9398
-9415
-9433
-9432
-9417
-9385
-9354
-9348
-9338
-9330
-9322
-9309
-9320
-9337
-9350
-9377
-9419
-9437
-9450
-9441
-9420
-9387
-9354
-9342
-9334
-9345
-9363
-9366
-9355
-9355
-9362
-9367
-9363
-9353
-9351
-9362
-9357
-9350
-9354
-9371
-9366
-9358
-9353
-9361
-9361
-9369
-9352
-9336
-9341
-9334
-9352
-9371
-9388
-9369
-9378
-9368
-9365
-9341
-9344
-9321
-9301
-9325
-9318
-9322
-9289
-9276
-9291
-9315
-9348
-9377
-9378
-9397
-9397
-9400
-9406
-9386
-9375
-9365
-9354
-9359
-9335
-9325
-9328
-9343
-9361
-9354
-9342
-9322
-9315
-9307
-9317
-9305
-9325
-9334
-9360
-9376
-9369
-9357
-9359
-9361
-9366
-9384
-9353
-9347
-9329
-9307
-9308
-9306
-9309
-9324
-9339
-9361
-9367
-9390
-9399
-9408
-9404
-9402
-9391
-9390
-9393
-9385
-9402
-9411
-9432
-9411
-9409
-9387
-9370
-9351
-9341
-9355
-9382
-9396
-9369
-9371
-9376
-9368
-9366
-9350
-9354
-9346
-9321
-9325
-9325
-9374
-9400
-9439
-9462
-9451
-9443
-9409
-9398
-9385
-9362
-9347
-9324
-9314
-9296
-9290
-9325
-9367
-9411
-9420
-9407
-9382
-9373
-9358
-9335
-9322
-9307
-9316
-9324
-9331
-9345
-9352
-9355
-9363
-9374
-9361
-9363
-9350
-9357
-9347
-9351
-9358
-9355
-9361
-9353
-9370
-9359
-9360
-9359
-9380
-9390
-9377
-9354
-9354
-9342
-9339
-9342
-9351
-9383
-9387
-9391
-9385
-9374
-9366
-9340
-9335
-9361
-9353
-9348
-9335
-9365
-9358
-9367
-9383
-9393
-9421
-9434
-9444
-9412
-9410
-9376
-9366
-9374
-9367
-9379
-9372
-9372
-9393
-9401
-9407
-9396
-9391
-9382
-9382
-9397
-9369
-9357
-9338
-9319
-9296
-9290
-9312
-9347
-9375
-9402
-9414
-9417
-9425
-9418
-9410
-9379
-9368
-9344
-9352
-9352
-9346
-9350
-9345
-9322
-9292
-9295
-9301
-9309
-9328
-9362
-9373
-9377
-9373
-9376
-9376
-9366
-9332
-9311
-9320
-9319
-9305
-9307
-9321
-9337
-9351
-9357
-9375
-9393
-9413
-9400
-9385
-9361
-9347
-9341
-9331
-9320
-9303
-9296
-9308
-9336
-9352
-9355
-9338
-9337
-9340
-9351
-9367
-9381
-9374
-9371
-9376
-9358
-9341
-9343
-9347
-9344
-9344
-9343
-9359
-9377
-9396
-9402
-9426
-9436
-9435
-9411
-9383
-9354
-9318
-9326
-9333
-9341
-9339
-9350
-9352
-9346
-9357
-9361
-9366
-9346
-9314
-9297
-9304
-9328
-9343
-9343
-9348
-9355
-9347
-9323
-9268
-9202
-9144
-9118
-9120
-9151
-9195
-9238
-9294
-9364
-9469
-9591
-9712
-9801
-9906
-9974
-10011
-10023
-10011
-10009
-9951
-9837
-9659
-9451
-9227
-9026
-8818
-8598
-8407
-8280
-8214
-8188
-8235
-8275
-8326
-8420
-8563
-8785
-9058
-9309
-9486
-9619
-9694
-9762
-9850
-10007
-10235
-10487
-10743
-10938
-11062
-11120
-11151
-11158
-11187
-11077
-10736
-10118
-9351
-8632
-7973
-7412
-6932
-6611
-6478
-6529
-6713
-7135
-7696
-8308
-8908
-9435
-9901
-10202
-10320
-10302
-10265
-10218
-10163
-10142
-10191
-10262
-10450
-10734
-11022
-11283
-11420
-11398
-11258
-10999
-10545
-9852
-9025
-8237
-7636
-7299
-7200
-7225
-7269
-7448
-7842
-8461
-9116
-9665
-9975
-10005
-9861
-9544
-9186
-8882
-8655
-8482
-8450
-8643
-9083
-9767
-10444
-10901
-11131
-11191
-11116
-10891
-10458
-9710
-8874
-8263
-7963
-7954
-8197
-8553
-8898
-9417
-10130
-10667
-10870
-10855
-10675
-10271
-9623
-8949
-8351
-7895
-7756
-7883
-8111
-8520
-9052
-9572
-9885
-9915
-9917
-9750
-9444
-9054
-8590
-8112
-7573
-7191
-7137
-7465
-8004
-8792
-9625
-10174
-10447
-10655
-11064
-11198
-11036
-10818
-10616
-10313
-9899
-9751
-9768
-9907
-10065
-10318
-10584
-10564
-10587
-10540
-10363
-10078
-9410
-8740
-8273
-7760
-7225
-6787
-6466
-6575
-7039
-7577
-8044
-8537
-9052
-9285
-9381
-9493
-9655
-9875
-10176
-10377
-10498
-10666
-10775
-10792
-10860
-11135
-11426
-11504
-11384
-11107
-10687
-10098
-9524
-9196
-8979
-8571
-8053
-7789
-7750
-7762
-7704
-7652
-7724
-7900
-8010
-7965
-7963
-8050
-8094
-8187
-8465
-8775
-9143
-9630
-9988
-10130
-10185
-10273
-10544
-11024
-11425
-11507
-11334
-11028
-10742
-10619
-10470
-10247
-10053
-9889
-9738
-9543
-9379
-9270
-9190
-8995
-8662
-8287
-7982
-7734
-7559
-7482
-7268
-7075
-7194
-7594
-7995
-8262
-8571
-8952
-9269
-9480
-9770
-10220
-10607
-10674
-10675
-10827
-10977
-11152
-11317
-11497
-11609
-11505
-11161
-10585
-9943
-9523
-9347
-9171
-8861
-8549
-8419
-8439
-8553
-8645
-8711
-8785
-8732
-8543
-8358
-8157
-7949
-7824
-7820
-7947
-8173
-8469
-8816
-9075
-9234
-9418
-9563
-9742
-9905
-10061
-10225
-10369
-10532
-10637
-10724
-10849
-10866
-10676
-10551
-10564
-10529
-10411
-10287
-9985
-9518
-9090
-8799
-8618
-8433
-8327
-8315
-8378
-8344
-8224
-8231
-8267
-8340
-8510
-8748
-8976
-9086
-9072
-9025
-9012
-8984
-9051
-9288
-9575
-9748
-9818
-9854
-9939
-10062
-10123
-10122
-10079
-10029
-10085
-10311
-10433
-10406
-10297
-10185
-10197
-10283
-10266
-10083
-9878
-9635
-9200
-8566
-7988
-7729
-7866
-8174
-8533
-8784
-8782
-8761
-8809
-8824
-8888
-8992
-9020
-8896
-8602
-8399
-8463
-8748
-9094
-9400
-9588
-9696
-9815
-10037
-10471
-10980
-11342
-11432
-11401
-11191
-10702
-9993
-9306
-8884
-8576
-8433
-8554
-8813
-9000
-9034
-8934
-8833
-8889
-9033
-9113
-9007
-8697
-8239
-7785
-7629
-7931
-8429
-8895
-9353
-9725
-9877
-9896
-9968
-10004
-9975
-9975
-9956
-9950
-10005
-10082
-10101
-10104
-10097
-10048
-9974
-9871
-9679
-9461
-9339
-9268
-9190
-9079
-8915
-8699
-8478
-8303
-8267
-8373
-8491
-8606
-8778
-9036
-9345
-9631
-9824
-9883
-9785
-9568
-9399
-9301
-9252
-9231
-9293
-9452
-9667
-9860
-9905
-9854
-9777
-9717
-9623
-9529
-9467
-9403
-9246
-9006
-8784
-8663
-8782
-9077
-9392
-9664
-9808
-9850
-9935
-10031
-10005
-9813
-9475
-9000
-8503
-8166
-8098
-8222
-8409
-8597
-8876
-9328
-9805
-10111
-10134
-9901
-9659
-9616
-9734
-9924
-9992
-9795
-9509
-9313
-9077
-8691
-8391
-8838
-9789
-10476
-10736
-10588
-10142
-9411
-8657
-8114
-7805
-7612
-7594
-7728
-8180
-8997
-9716
-10219
-10517
-10784
-10806
-10543
-10399
-10116
-9756
-9705
-9697
-9373
-8864
-8724
-8881
-8876
-8554
-8438
-8658
-9067
-9843
-10225
-9857
-9470
-9193
-9035
-9112
-9150
-9265
-9558
-9688
-9300
-9178
-9382
-9719
-10315
-10838
-10643
-10091
-10186
-10083
-9402
-8720
-8565
-8198
-7729
-7994
-8734
-9333
-9272
-9320
-9673
-10135
-9999
-9271
-8750
-8194
-8007
-8147
-8660
-9065
-9108
-9534
-10418
-11388
-11551
-11273
-10492
-9474
-8867
-8707
-9096
-9447
-9301
-8925
-9057
-9440
-9652
-9645
-9513
-9283
-9324
-9364
-9179
-9193
-9359
-9274
-8731
-8457
-8495
-8844
-9329
-9545
-9228
-8856
-8757
-8865
-9267
-9530
-9579
-9672
-10114
-10543
-10609
-10054
-9175
-8693
-9144
-9718
-9677
-9659
-9507
-9362
-9566
-9847
-9987
-9834
-9561
-9160
-8583
-8301
-8432
-8585
-8608
-8534
-8695
-9457
-10236
-10470
-10390
-10181
-9959
-9815
-9480
-8984
-8672
-8790
-8769
-8939
-9261
-8987
-8807
-9191
-9815
-10076
-10173
-10211
-10140
-9913
-9395
-8749
-8295
-8122
-8546
-9268
-9493
-9442
-9416
-9591
-9938
-10061
-10092
-10317
-10460
-10197
-9583
-9132
-8760
-8277
-7949
-8033
-8263
-8444
-8734
-9455
-10480
-11032
-10774
-10134
-9530
-8933
-8573
-8517
-8704
-8721
-8722
-9071
-9431
-9650
-9669
-9811
-10150
-10471
-10828
-10921
-10501
-9738
-8978
-8576
-8467
-8466
-8448
-8541
-8952
-9433
-9638
-9481
-9197
-9243
-9579
-9807
-9769
-9467
-9139
-8999
-8975
-8864
-8642
-8566
-8617
-8670
-8910
-9438
-10117
-10634
-10812
-10505
-9820
-9195
-9016
-9248
-9448
-9302
-8973
-8837
-8902
-9093
-9523
-10156
-10537
-10466
-10094
-9644
-9382
-9236
-8895
-8385
-7906
-7666
-7876
-8415
-8962
-9406
-9850
-10080
-9974
-9739
-9592
-9582
-9683
-9742
-9424
-9029
-8913
-8966
-9346
-10038
-10520
-10514
-10399
-10431
-10382
-10097
-9592
-9085
-8722
-8381
-8091
-7980
-8126
-8493
-8888
-9060
-8998
-9020
-9315
-9857
-10239
-10211
-10008
-9738
-9385
-9041
-8835
-8706
-8643
-8886
-9385
-9833
-10060
-10015
-9837
-9701
-9627
-9574
-9469
-9279
-9065
-9061
-9255
-9294
-9101
-9015
-9330
-9835
-10245
-10388
-10167
-9817
-9534
-9317
-9093
-8744
-8318
-7946
-7802
-7929
-8225
-8591
-8910
-9321
-9894
-10291
-10388
-10373
-10410
-10442
-10279
-9873
-9411
-9103
-9056
-9189
-9250
-9195
-9139
-9238
-9471
-9706
-9942
-10103
-10067
-9856
-9516
-9137
-8732
-8332
-8168
-8300
-8560
-8764
-8939
-9178
-9502
-9817
-10027
-10035
-9841
-9611
-9390
-9107
-8747
-8405
-8232
-8301
-8618
-9133
-9675
-10162
-10526
-10669
-10536
-10214
-9964
-9880
-9750
-9480
-9137
-8787
-8510
-8416
-8558
-8819
-9067
-9252
-9403
-9593
-9905
-10203
-10269
-9948
-9408
-8936
-8676
-8595
-8538
-8510
-8528
-8659
-8898
-9232
-9575
-9821
-9994
-10095
-10104
-9990
-9728
-9405
-9092
-8876
-8889
-8993
-9038
-9104
-9351
-9754
-10077
-10223
-10196
-10025
-9735
-9410
-9128
-8889
-8715
-8635
-8688
-8875
-9181
-9465
-9616
-9677
-9771
-9789
-9690
-9476
-9192
-8971
-8811
-8758
-8739
-8749
-8848
-9097
-9436
-9762
-9976
-10087
-10137
-10127
-10085
-9992
-9803
-9428
-8962
-8552
-8338
-8364
-8572
-8894
-9290
-9685
-9992
-10170
-10241
-10279
-10220
-9982
-9543
-9026
-8651
-8469
-8443
-8543
-8757
-8948
-9103
-9375
-9745
-10092
-10280
-10258
-9994
-9526
-8980
-8592
-8493
-8584
-8743
-8918
-9146
-9444
-9764
-10033
-10239
-10342
-10280
-10057
-9799
-9586
-9371
-9088
-8801
-8573
-8498
-8679
-9050
-9478
-9842
-10109
-10238
-10213
-10031
-9724
-9319
-8898
-8537
-8226
-8012
-7989
-8252
-8729
-9297
-9849
-10313
-10648
-10809
-10778
-10534
-10136
-9701
-9328
-9036
-8852
-8741
-8670
-8678
-8778
-8966
-9264
-9624
-9877
-9967
-9889
-9705
-9481
-9292
-9154
-9035
-8934
-8841
-8837
-8991
-9273
-9577
-9790
-9835
-9794
-9736
-9612
-9422
-9185
-8956
-8809
-8697
-8585
-8546
-8607
-8844
-9261
-9755
-10222
-10554
-10699
-10609
-10353
-10062
-9767
-9430
-9044
-8642
-8344
-8205
-8254
-8471
-8794
-9168
-9508
-9763
-9903
-9958
-9910
-9766
-9549
-9287
-9051
-8906
-8861
-8907
-9018
-9225
-9466
-9684
-9888
-10062
-10147
-10050
-9788
-9422
-9002
-8611
-8347
-8199
-8182
-8361
-8782
-9341
-9898
-10367
-10702
-10838
-10774
-10541
-10176
-9756
-9310
-8873
-8479
-8169
-7979
-8006
-8282
-8766
-9296
-9735
-10028
-10152
-10128
-9971
-9742
-9490
-9245
-9021
-8849
-8765
-8811
-9011
-9306
-9609
-9880
-10103
-10252
-10278
-10172
-9935
-9619
-9273
-8940
-8661
-8452
-8357
-8393
-8561
-8843
-9199
-9587
-9961
-10235
-10345
-10301
-10111
-9803
-9441
-9092
-8819
-8627
-8515
-8507
-8612
-8882
-9256
-9639
-9995
-10227
-10276
-10144
-9883
-9542
-9231
-8982
-8795
-8735
-8796
-8953
-9188
-9478
-9776
-10024
-10166
-10177
-10024
-9744
-9404
-9078
-8802
-8609
-8504
-8496
-8585
-8805
-9168
-9561
-9938
-10218
-10361
-10332
-10180
-9954
-9661
-9344
-9041
-8811
-8671
-8676
-8772
-8945
-9180
-9429
-9645
-9791
-9877
-9883
-9774
-9548
-9282
-9011
-8835
-8764
-8776
-8864
-9010
-9282
-9633
-9959
-10153
-10205
-10127
-9978
-9808
-9588
-9300
-8967
-8691
-8546
-8591
-8787
-9052
-9337
-9615
-9839
-9966
-9979
-9884
-9708
-9472
-9230
-8994
-8786
-8674
-8676
-8771
-8913
-9095
-9336
-9586
-9796
-9959
-10035
-10032
-9932
-9759
-9543
-9290
-9063
-8889
-8774
-8735
-8802
-8965
-9190
-9407
-9594
-9755
-9832
-9808
-9688
-9477
-9240
-9037
-8872
-8785
-8786
-8861
-9016
-9236
-9501
-9739
-9882
-9942
-9942
-9855
-9676
-9431
-9170
-8934
-8733
-8606
-8581
-8681
-8904
-9206
-9527
-9829
-10080
-10231
-10236
-10107
-9862
-9512
-9161
-8871
-8675
-8608
-8659
-8799
-9030
-9295
-9540
-9762
-9921
-9993
-9960
-9822
-9588
-9281
-8967
-8741
-8625
-8634
-8766
-8974
-9210
-9426
-9619
-9789
-9919
-9971
-9922
-9765
-9548
-9319
-9109
-8942
-8865
-8883
-8934
-9037
-9204
-9416
-9649
-9826
-9907
-9903
-9809
-9646
-9456
-9255
-9058
-8911
-8841
-8848
-8931
-9079
-9273
-9467
-9629
-9742
-9778
-9750
-9664
-9509
-9292
-9031
-8789
-8639
-8619
-8735
-8937
-9180
-9455
-9742
-9983
-10129
-10179
-10120
-9977
-9759
-9459
-9152
-8901
-8772
-8766
-8859
-9052
-9308
-9566
-9744
-9843
-9867
-9814
-9718
-9555
-9332
-9114
-8939
-8832
-8804
-8869
-9037
-9262
-9481
-9688
-9838
-9908
-9921
-9846
-9675
-9445
-9226
-9024
-8873
-8801
-8822
-8932
-9116
-9343
-9570
-9778
-9946
-10050
-10052
-9951
-9741
-9474
-9200
-8980
-8844
-8786
-8799
-8886
-9056
-9289
-9535
-9741
-9881
-9915
-9840
-9679
-9454
-9218
-9028
-8885
-8795
-8773
-8832
-8956
-9150
-9365
-9566
-9727
-9820
-9854
-9825
-9757
-9620
-9435
-9234
-9035
-8890
-8836
-8916
-9078
-9270
-9470
-9637
-9779
-9881
-9906
-9855
-9716
-9505
-9262
-9043
-8881
-8776
-8782
-8886
-9073
-9293
-9510
-9692
-9816
-9875
-9832
-9722
-9553
-9369
-9185
-9016
-8895
-8854
-8921
-9074
-9271
-9474
-9645
-9774
-9867
-9901
-9865
-9767
-9621
-9434
-9249
-9090
-8979
-8951
-8994
-9093
-9249
-9428
-9619
-9780
-9880
-9914
-9863
-9746
-9550
-9322
-9095
-8910
-8810
-8782
-8813
-8909
-9067
-9264
-9470
-9651
-9780
-9834
-9799
-9690
-9522
-9327
-9136
-8980
-8901
-8934
-9063
-9237
-9461
-9703
-9915
-10053
-10067
-9970
-9776
-9511
-9221
-8957
-8761
-8646
-8632
-8690
-8826
-9052
-9323
-9573
-9771
-9886
-9888
-9824
-9703
-9538
-9325
-9143
-9028
-8979
-8989
-9053
-9165
-9320
-9495
-9644
-9764
-9819
-9793
-9679
-9496
-9275
-9070
-8906
-8812
-8793
-8860
-9013
-9217
-9449
-9659
-9829
-9936
-9959
-9918
-9776
-9562
-9333
-9101
-8935
-8846
-8802
-8829
-8923
-9081
-9275
-9442
-9568
-9645
-9684
-9692
-9678
-9592
-9455
-9299
-9157
-9061
-9013
-9023
-9096
-9225
-9369
-9509
-9625
-9710
-9716
-9658
-9532
-9351
-9163
-8994
-8884
-8835
-8853
-8951
-9106
-9281
-9500
-9727
-9903
-10004
-9993
-9879
-9699
-9488
-9266
-9060
-8923
-8879
-8935
-9060
-9212
-9380
-9532
-9648
-9717
-9728
-9684
-9580
-9445
-9292
-9126
-9005
-8938
-8937
-8996
-9114
-9282
-9454
-9644
-9807
-9899
-9898
-9803
-9638
-9448
-9276
-9121
-9013
-8961
-8976
-9063
-9212
-9396
-9585
-9736
-9812
-9819
-9781
-9686
-9534
-9357
-9178
-9031
-8933
-8919
-8977
-9086
-9243
-9412
-9576
-9736
-9853
-9908
-9878
-9765
-9577
-9328
-9083
-8886
-8776
-8766
-8875
-9052
-9263
-9487
-9678
-9816
-9879
-9865
-9766
-9609
-9420
-9219
-9045
-8925
-8868
-8882
-8966
-9113
-9302
-9502
-9668
-9780
-9823
-9804
-9713
-9558
-9348
-9114
-8914
-8793
-8766
-8815
-8936
-9119
-9345
-9571
-9760
-9888
-9915
-9837
-9676
-9449
-9212
-9010
-8876
-8820
-8854
-8981
-9161
-9366
-9541
-9677
-9758
-9769
-9721
-9612
-9461
-9278
-9121
-8986
-8883
-8827
-8842
-8952
-9132
-9344
-9547
-9728
-9838
-9893
-9882
-9809
-9673
-9489
-9294
-9118
-8999
-8938
-8955
-9025
-9169
-9367
-9562
-9714
-9803
-9795
-9695
-9544
-9365
-9184
-9017
-8889
-8828
-8855
-8941
-9103
-9313
-9506
-9674
-9815
-9915
-9939
-9856
-9683
-9461
-9237
-9045
-8911
-8848
-8844
-8911
-9021
-9170
-9352
-9538
-9704
-9822
-9865
-9795
-9645
-9455
-9242
-9052
-8919
-8836
-8836
-8925
-9092
-9306
-9520
-9695
-9822
-9869
-9825
-9708
-9521
-9308
-9120
-8961
-8839
-8793
-8848
-8998
-9200
-9418
-9620
-9785
-9878
-9908
-9859
-9729
-9536
-9314
-9102
-8935
-8859
-8878
-8986
-9129
-9300
-9478
-9642
-9746
-9787
-9765
-9670
-9517
-9336
-9163
-9038
-8974
-8952
-8992
-9105
-9268
-9445
-9611
-9725
-9792
-9802
-9756
-9648
-9486
-9313
-9147
-9026
-8952
-8914
-8938
-9032
-9189
-9376
-9552
-9711
-9829
-9870
-9839
-9740
-9554
-9331
-9130
-8969
-8871
-8858
-8924
-9037
-9202
-9398
-9594
-9763
-9844
-9826
-9709
-9536
-9353
-9195
-9058
-8965
-8959
-9032
-9148
-9293
-9426
-9549
-9677
-9756
-9791
-9755
-9655
-9495
-9311
-9137
-8997
-8891
-8839
-8873
-8978
-9135
-9328
-9541
-9738
-9886
-9927
-9879
-9756
-9572
-9358
-9175
-9048
-8983
-8991
-9061
-9181
-9337
-9498
-9622
-9715
-9761
-9741
-9666
-9535
-9373
-9212
-9082
-9004
-8971
-9017
-9133
-9286
-9454
-9619
-9756
-9855
-9900
-9873
-9768
-9606
-9418
-9244
-9098
-8986
-8938
-8970
-9057
-9195
-9375
-9534
-9653
-9727
-9753
-9709
-9607
-9453
-9300
-9155
-9043
-8983
-8989
-9062
-9175
-9321
-9470
-9634
-9746
-9796
-9766
-9697
-9589
-9427
-9243
-9056
-8921
-8864
-8889
-8971
-9103
-9275
-9466
-9634
-9758
-9805
-9781
-9695
-9563
-9401
-9210
-9059
-8957
-8949
-9001
-9102
-9236
-9377
-9542
-9681
-9761
-9737
-9665
-9563
-9436
-9281
-9131
-9025
-8949
-8928
-8955
-9033
-9142
-9272
-9432
-9596
-9724
-9802
-9789
-9703
-9553
-9377
-9212
-9076
-8966
-8925
-8988
-9111
-9294
-9481
-9650
-9760
-9791
-9752
-9661
-9515
-9345
-9184
-9041
-8956
-8939
-8976
-9089
-9251
-9407
-9567
-9683
-9759
-9790
-9783
-9728
-9596
-9408
-9232
-9096
-8988
-8948
-8983
-9075
-9187
-9343
-9508
-9648
-9758
-9794
-9770
-9658
-9490
-9328
-9183
-9065
-8980
-8967
-9028
-9171
-9372
-9569
-9723
-9812
-9830
-9795
-9706
-9554
-9371
-9216
-9093
-9003
-8972
-9001
-9098
-9210
-9353
-9497
-9606
-9691
-9727
-9722
-9665
-9549
-9413
-9270
-9131
-9050
-9021
-9041
-9112
-9244
-9391
-9524
-9628
-9705
-9739
-9723
-9636
-9485
-9325
-9190
-9102
-9055
-9043
-9056
-9115
-9229
-9399
-9562
-9665
-9709
-9692
-9607
-9512
-9400
-9247
-9132
-9058
-9032
-9033
-9063
-9161
-9311
-9474
-9631
-9737
-9764
-9713
-9602
-9484
-9342
-9199
-9071
-8990
-8968
-9014
-9137
-9299
-9469
-9606
-9717
-9768
-9749
-9688
-9576
-9431
-9291
-9164
-9054
-8992
-8991
-9027
-9119
-9230
-9336
-9465
-9599
-9692
-9730
-9684
-9573
-9430
-9271
-9140
-9038
-8992
-8996
-9060
-9169
-9327
-9516
-9680
-9794
-9835
-9772
-9646
-9497
-9325
-9145
-9004
-8945
-8954
-9023
-9115
-9252
-9386
-9514
-9620
-9669
-9662
-9601
-9497
-9359
-9234
-9135
-9075
-9062
-9073
-9098
-9177
-9297
-9438
-9568
-9665
-9711
-9703
-9611
-9482
-9336
-9182
-9064
-8989
-8979
-8995
-9069
-9204
-9382
-9553
-9695
-9778
-9783
-9733
-9640
-9510
-9353
-9213
-9091
-9014
-8992
-9029
-9140
-9274
-9406
-9525
-9622
-9675
-9664
-9612
-9537
-9454
-9355
-9263
-9159
-9077
-9055
-9071
-9134
-9230
-9348
-9480
-9620
-9721
-9747
-9691
-9599
-9479
-9329
-9175
-9056
-8987
-8995
-9071
-9180
-9319
-9444
-9576
-9680
-9746
-9740
-9675
-9555
-9390
-9232
-9097
-9016
-8985
-9008
-9064
-9163
-9283
-9434
-9580
-9672
-9703
-9670
-9587
-9461
-9300
-9150
-9039
-8982
-8977
-9037
-9173
-9316
-9456
-9566
-9654
-9707
-9710
-9636
-9515
-9400
-9270
-9158
-9066
-9018
-9027
-9083
-9174
-9305
-9436
-9555
-9647
-9687
-9677
-9626
-9534
-9414
-9282
-9147
-9047
-9019
-9046
-9117
-9251
-9394
-9539
-9655
-9717
-9710
-9645
-9530
-9400
-9274
-9156
-9070
-9033
-9039
-9103
-9203
-9310
-9426
-9533
-9630
-9684
-9698
-9629
-9510
-9377
-9252
-9138
-9073
-9066
-9077
-9116
-9195
-9307
-9430
-9532
-9608
-9659
-9653
-9606
-9493
-9368
-9258
-9183
-9102
-9056
-9049
-9099
-9207
-9343
-9485
-9606
-9697
-9722
-9703
-9612
-9499
-9368
-9227
-9082
-9013
-9003
-9043
-9136
-9250
-9398
-9539
-9634
-9666
-9633
-9561
-9476
-9376
-9274
-9175
-9114
-9088
-9119
-9172
-9268
-9401
-9519
-9598
-9649
-9677
-9664
-9610
-9492
-9364
-9260
-9172
-9121
-9107
-9133
-9197
-9278
-9378
-9485
-9587
-9668
-9711
-9711
-9666
-9584
-9474
-9347
-9214
-9093
-9064
-9083
-9134
-9215
-9343
-9497
-9631
-9720
-9727
-9683
-9560
-9421
-9288
-9170
-9080
-9037
-9028
-9076
-9194
-9340
-9490
-9614
-9706
-9739
-9709
-9616
-9501
-9371
-9235
-9114
-9037
-9010
-9048
-9133
-9236
-9356
-9480
-9602
-9667
-9653
-9599
-9537
-9457
-9361
-9266
-9186
-9123
-9087
-9089
-9160
-9270
-9375
-9482
-9570
-9622
-9645
-9604
-9531
-9435
-9313
-9197
-9096
-9053
-9059
-9105
-9174
-9292
-9421
-9548
-9632
-9668
-9653
-9578
-9486
-9364
-9256
-9155
-9102
-9067
-9086
-9179
-9296
-9405
-9489
-9566
-9624
-9654
-9609
-9525
-9410
-9298
-9212
-9131
-9092
-9073
-9093
-9155
-9260
-9415
-9538
-9629
-9692
-9717
-9686
-9590
-9467
-9354
-9239
-9148
-9100
-9088
-9109
-9169
-9287
-9419
-9550
-9634
-9680
-9670
-9613
-9517
-9404
-9285
-9180
-9143
-9123
-9154
-9205
-9285
-9363
-9436
-9521
-9594
-9643
-9624
-9566
-9506
-9403
-9270
-9162
-9080
-9044
-9034
-9083
-9186
-9316
-9445
-9559
-9638
-9666
-9650
-9583
-9499
-9370
-9230
-9137
-9076
-9066
-9097
-9161
-9259
-9369
-9492
-9591
-9658
-9655
-9591
-9495
-9374
-9284
-9202
-9137
-9102
-9105
-9159
-9253
-9379
-9515
-9644
-9707
-9709
-9645
-9539
-9430
-9338
-9267
-9185
-9131
-9121
-9143
-9182
-9261
-9338
-9422
-9507
-9559
-9575
-9559
-9536
-9467
-9383
-9296
-9219
-9161
-9140
-9158
-9194
-9266
-9369
-9467
-9547
-9610
-9622
-9594
-9514
-9409
-9296
-9197
-9114
-9042
-9019
-9075
-9204
-9340
-9480
-9580
-9643
-9648
-9596
-9525
-9437
-9338
-9231
-9133
-9076
-9062
-9053
-9107
-9216
-9343
-9452
-9517
-9549
-9571
-9569
-9518
-9419
-9291
-9187
-9129
-9092
-9087
-9119
-9163
-9236
-9338
-9462
-9574
-9649
-9665
-9630
-9549
-9428
-9287
-9150
-9064
-9032
-9065
-9130
-9207
-9281
-9353
-9432
-9507
-9563
-9572
-9530
-9441
-9354
-9274
-9190
-9133
-9108
-9131
-9210
-9314
-9400
-9451
-9531
-9610
-9639
-9610
-9556
-9504
-9418
-9321
-9221
-9135
-9102
-9119
-9176
-9268
-9385
-9498
-9579
-9608
-9597
-9565
-9506
-9432
-9329
-9218
-9131
-9091
-9106
-9166
-9249
-9341
-9444
-9530
-9589
-9603
-9593
-9561
-9492
-9383
-9267
-9192
-9150
-9132
-9135
-9170
-9251
-9368
-9492
-9578
-9616
-9618
-9593
-9549
-9476
-9372
-9261
-9181
-9136
-9103
-9096
-9140
-9222
-9338
-9453
-9547
-9613
-9641
-9614
-9552
-9463
-9344
-9245
-9164
-9134
-9143
-9159
-9192
-9254
-9328
-9418
-9519
-9601
-9633
-9613
-9555
-9440
-9296
-9157
-9072
-9051
-9067
-9121
-9199
-9338
-9508
-9637
-9712
-9722
-9684
-9609
-9504
-9371
-9253
-9158
-9105
-9103
-9122
-9174
-9257
-9361
-9449
-9518
-9578
-9591
-9538
-9461
-9366
-9283
-9223
-9171
-9162
-9191
-9225
-9268
-9329
-9405
-9477
-9560
-9612
-9596
-9526
-9417
-9317
-9249
-9212
-9174
-9143
-9132
-9169
-9242
-9349
-9457
-9524
-9554
-9552
-9529
-9512
-9504
-9453
-9389
-9321
-9271
-9222
-9191
-9221
-9297
-9385
-9450
-9476
-9474
-9470
-9451
-9393
-9303
-9235
-9192
-9164
-9161
-9193
-9235
-9301
-9385
-9467
-9515
-9547
-9570
-9558
-9521
-9472
-9416
-9336
-9259
-9203
-9190
-9187
-9217
-9285
-9381
-9486
-9551
-9584
-9595
-9563
-9482
-9402
-9331
-9279
-9228
-9195
-9178
-9162
-9177
-9256
-9388
-9528
-9669
-9747
-9746
-9709
-9613
-9478
-9328
-9175
-9070
-9026
-9073
-9177
-9282
-9375
-9444
-9493
-9543
-9589
-9566
-9473
-9379
-9313
-9255
-9210
-9199
-9209
-9235
-9297
-9388
-9479
-9546
-9573
-9557
-9550
-9536
-9505
-9439
-9377
-9313
-9231
-9197
-9194
-9224
-9251
-9286
-9337
-9400
-9459
-9506
-9521
-9513
-9466
-9370
-9302
-9252
-9201
-9171
-9136
-9115
-9148
-9226
-9343
-9461
-9555
-9609
-9654
-9657
-9585
-9458
-9331
-9238
-9176
-9186
-9228
-9272
-9317
-9344
-9391
-9471
-9527
-9554
-9566
-9543
-9485
-9390
-9286
-9203
-9141
-9127
-9149
-9189
-9255
-9367
-9486
-9586
-9621
-9594
-9549
-9487
-9425
-9347
-9245
-9171
-9156
-9188
-9265
-9326
-9358
-9407
-9459
-9496
-9504
-9470
-9401
-9315
-9249
-9188
-9130
-9102
-9105
-9160
-9262
-9369
-9467
-9530
-9565
-9594
-9601
-9585
-9535
-9447
-9342
-9242
-9161
-9115
-9094
-9111
-9170
-9277
-9377
-9470
-9538
-9562
-9551
-9509
-9462
-9403
-9317
-9218
-9158
-9113
-9108
-9142
-9207
-9296
-9381
-9465
-9549
-9592
-9596
-9547
-9461
-9334
-9212
-9156
-9150
-9168
-9170
-9212
-9268
-9340
-9415
-9476
-9523
-9571
-9591
-9537
-9431
-9311
-9237
-9203
-9172
-9152
-9175
-9222
-9297
-9422
-9527
-9582
-9576
-9527
-9488
-9434
-9370
-9288
-9194
-9135
-9104
-9108
-9155
-9233
-9338
-9452
-9561
-9654
-9715
-9699
-9631
-9525
-9416
-9331
-9239
-9165
-9109
-9103
-9152
-9251
-9369
-9453
-9496
-9523
-9542
-9528
-9490
-9446
-9372
-9287
-9218
-9201
-9209
-9228
-9266
-9326
-9395
-9448
-9500
-9517
-9505
-9472
-9419
-9368
-9336
-9295
-9266
-9246
-9203
-9181
-9193
-9259
-9361
-9453
-9542
-9580
-9575
-9563
-9520
-9452
-9344
-9245
-9192
-9171
-9188
-9211
-9250
-9326
-9410
-9472
-9493
-9495
-9500
-9459
-9380
-9303
-9238
-9187
-9139
-9120
-9127
-9189
-9267
-9345
-9411
-9461
-9503
-9518
-9528
-9489
-9401
-9306
-9233
-9190
-9175
-9168
-9179
-9230
-9318
-9435
-9507
-9559
-9601
-9577
-9537
-9458
-9366
-9280
-9210
-9180
-9178
-9217
-9270
-9319
-9396
-9469
-9517
-9570
-9570
-9558
-9527
-9463
-9385
-9260
-9165
-9113
-9102
-9156
-9221
-9297
-9393
-9476
-9572
-9640
-9666
-9644
-9549
-9441
-9357
-9279
-9221
-9178
-9173
-9210
-9263
-9350
-9413
-9460
-9510
-9549
-9556
-9530
-9495
-9450
-9366
-9288
-9229
-9188
-9187
-9187
-9223
-9287
-9354
-9462
-9561
-9617
-9648
-9606
-9559
-9503
-9418
-9334
-9255
-9213
-9207
-9223
-9270
-9350
-9426
-9510
-9581
-9631
-9635
-9591
-9514
-9417
-9318
-9214
-9130
-9121
-9152
-9205
-9289
-9393
-9485
-9527
-9556
-9570
-9549
-9500
-9430
-9347
-9291
-9239
-9203
-9203
-9255
-9329
-9400
-9448
-9504
-9555
-9565
-9567
-9526
-9473
-9410
-9359
-9326
-9296
-9240
-9215
-9211
-9244
-9314
-9384
-9446
-9478
-9515
-9514
-9493
-9415
-9322
-9244
-9192
-9169
-9172
-9204
-9266
-9341
-9392
-9440
-9477
-9521
-9525
-9490
-9423
-9351
-9297
-9244
-9209
-9179
-9175
-9206
-9263
-9344
-9428
-9483
-9518
-9553
-9544
-9502
-9433
-9356
-9285
-9234
-9202
-9190
-9202
-9236
-9318
-9382
-9422
-9457
-9488
-9512
-9525
-9500
-9431
-9361
-9292
-9213
-9177
-9163
-9175
-9229
-9293
-9379
-9432
-9467
-9489
-9533
-9546
-9505
-9431
-9333
-9271
-9221
-9183
-9188
-9243
-9321
-9397
-9453
-9496
-9524
-9521
-9510
-9480
-9433
-9377
-9312
-9280
-9254
-9230
-9217
-9233
-9275
-9330
-9394
-9481
-9554
-9567
-9566
-9533
-9467
-9372
-9295
-9223
-9168
-9151
-9168
-9198
-9256
-9323
-9406
-9490
-9532
-9544
-9493
-9439
-9361
-9295
-9236
-9206
-9188
-9188
-9210
-9237
-9323
-9380
-9424
-9447
-9459
-9488
-9494
-9483
-9418
-9326
-9264
-9223
-9193
-9195
-9224
-9254
-9301
-9368
-9431
-9477
-9508
-9501
-9486
-9459
-9413
-9316
-9206
-9139
-9122
-9135
-9168
-9217
-9284
-9360
-9419
-9461
-9459
-9455
-9430
-9393
-9319
-9248
-9190
-9165
-9155
-9170
-9227
-9295
-9389
-9481
-9566
-9595
-9604
-9575
-9534
-9462
-9372
-9305
-9243
-9199
-9170
-9176
-9229
-9310
-9396
-9488
-9554
-9603
-9586
-9520
-9446
-9341
-9240
-9155
-9107
-9103
-9144
-9203
-9268
-9343
-9429
-9477
-9513
-9542
-9524
-9475
-9396
-9325
-9266
-9242
-9215
-9203
-9227
-9253
-9309
-9417
-9514
-9561
-9572
-9562
-9540
-9481
-9431
-9377
-9327
-9276
-9228
-9231
-9267
-9303
-9341
-9400
-9466
-9527
-9545
-9537
-9496
-9422
-9337
-9269
-9246
-9234
-9213
-9204
-9225
-9282
-9353
-9424
-9481
-9515
-9542
-9528
-9498
-9464
-9418
-9366
-9280
-9213
-9207
-9230
-9257
-9293
-9365
-9453
-9529
-9574
-9571
-9561
-9495
-9416
-9350
-9301
-9255
-9219
-9216
-9229
-9283
-9339
-9404
-9462
-9502
-9504
-9487
-9459
-9421
-9365
-9304
-9245
-9197
-9182
-9193
-9247
-9316
-9385
-9438
-9501
-9550
-9565
-9531
-9473
-9427
-9361
-9302
-9260
-9229
-9202
-9203
-9222
-9270
-9336
-9389
-9434
-9454
-9473
-9469
-9427
-9378
-9330
-9275
-9222
-9193
-9176
-9194
-9269
-9357
-9425
-9470
-9491
-9468
-9439
-9403
-9380
-9354
-9316
-9285
-9256
-9245
-9238
-9251
-9284
-9325
-9375
-9452
-9493
-9512
-9489
-9440
-9398
-9341
-9277
-9229
-9208
-9188
-9199
-9226
-9284
-9339
-9409
-9464
-9495
-9526
-9501
-9447
-9400
-9372
-9316
-9269
-9223
-9201
-9226
-9285
-9381
-9445
-9498
-9555
-9596
-9614
-9583
-9525
-9463
-9388
-9331
-9274
-9260
-9242
-9251
-9296
-9348
-9414
-9469
-9493
-9491
-9480
-9442
-9390
-9322
-9273
-9224
-9220
-9206
-9230
-9288
-9347
-9386
-9427
-9460
-9478
-9490
-9459
-9433
-9406
-9381
-9309
-9276
-9236
-9228
-9244
-9289
-9368
-9440
-9513
-9547
-9572
-9505
-9457
-9397
-9324
-9265
-9202
-9183
-9152
-9149
-9184
-9273
-9323
-9408
-9463
-9501
-9529
-9485
-9486
-9411
-9333
-9257
-9207
-9197
-9182
-9193
-9225
-9282
-9351
-9427
-9473
-9493
-9480
-9482
-9444
-9395
-9354
-9286
-9249
-9223
-9236
-9264
-9290
-9342
-9403
-9464
-9515
-9517
-9519
-9497
-9456
-9394
-9316
-9265
-9220
-9197
-9197
-9248
-9274
-9327
-9386
-9441
-9476
-9469
-9472
-9436
-9368
-9323
-9266
-9222
-9203
-9174
-9224
-9280
-9351
-9400
-9429
-9473
-9485
-9481
-9451
-9385
-9349
-9294
-9258
-9234
-9194
-9207
-9241
-9303
-9340
-9362
-9404
-9431
-9481
-9499
-9464
-9439
-9383
-9353
-9286
-9250
-9208
-9223
-9264
-9312
-9361
-9398
-9446
-9469
-9500
-9487
-9494
-9454
-9425
-9367
-9331
-9251
-9226
-9204
-9210
-9265
-9302
-9360
-9394
-9444
-9471
-9485
-9423
-9354
-9276
-9233
-9220
-9198
-9235
-9245
-9282
-9357
-9392
-9463
-9466
-9525
-9518
-9509
-9466
-9405
-9364
-9317
-9315
-9274
-9297
-9330
-9402
-9405
-9451
-9473
-9507
-9515
-9490
-9446
-9420
-9389
-9335
-9297
-9213
-9223
-9222
-9265
-9300
-9356
-9417
-9446
-9481
-9488
-9465
-9449
-9401
-9345
-9299
-9253
-9260
-9275
-9260
-9275
-9328
-9373
-9431
-9455
-9470
-9464
-9453
-9423
-9367
-9328
-9316
-9315
-9303
-9291
-9310
-9352
-9368
-9413
-9449
-9454
-9479
-9472
-9448
-9396
-9327
-9277
-9243
-9236
-9232
-9259
-9293
-9326
-9366
-9402
-9438
-9463
-9479
-9493
-9477
-9430
-9380
-9344
-9311
-9280
-9277
-9270
-9283
-9295
-9336
-9367
-9374
-9399
-9430
-9435
-9425
-9420
-9388
-9366
-9332
-9335
-9343
-9367
-9382
-9406
-9438
-9458
-9483
-9476
-9500
-9474
-9436
-9382
-9286
-9220
-9189
-9194
-9214
-9250
-9284
-9321
-9398
-9467
-9524
-9558
-9558
-9516
-9453
-9368
-9298
-9289
-9251
-9238
-9241
-9278
-9338
-9348
-9387
-9431
-9470
-9502
-9481
-9452
-9409
-9341
-9301
-9246
-9227
-9259
-9303
-9394
-9434
-9492
-9525
-9536
-9533
-9472
-9424
-9374
-9329
-9270
-9237
-9215
-9198
-9198
-9226
-9290
-9341
-9397
-9453
-9479
-9488
-9471
-9445
-9411
-9369
-9310
-9278
-9263
-9265
-9275
-9283
-9306
-9347
-9398
-9433
-9462
-9464
-9468
-9430
-9383
-9326
-9277
-9228
-9191
-9196
-9219
-9259
-9328
-9408
-9449
-9479
-9469
-9454
-9427
-9401
-9358
-9304
-9257
-9229
-9238
-9230
-9266
-9295
-9343
-9397
-9437
-9484
-9495
-9493
-9452
-9420
-9368
-9311
-9267
-9250
-9245
-9236
-9272
-9328
-9407
-9466
-9502
-9506
-9496
-9478
-9429
-9375
-9316
-9269
-9244
-9227
-9230
-9273
-9330
-9383
-9414
-9417
-9411
-9404
-9394
-9384
-9376
-9364
-9337
-9299
-9281
-9276
-9284
-9305
-9348
-9393
-9426
-9459
-9459
-9442
-9418
-9390
-9377
-9375
-9336
-9299
-9280
-9274
-9289
-9305
-9315
-9323
-9350
-9385
-9410
-9440
-9463
-9466
-9466
-9447
-9407
-9331
-9274
-9261
-9270
-9305
-9349
-9393
-9428
-9467
-9487
-9497
-9494
-9451
-9392
-9329
-9281
-9245
-9241
-9272
-9318
-9369
-9430
-9493
-9522
-9511
-9466
-9435
-9417
-9407
-9387
-9350
-9322
-9288
-9266
-9284
-9338
-9378
-9414
-9442
-9438
-9437
-9431
-9420
-9408
-9380
-9352
-9319
-9289
-9272
-9267
-9285
-9314
-9355
-9399
-9432
-9455
-9464
-9480
-9476
-9430
-9364
-9299
-9266
-9263
-9257
-9267
-9304
-9332
-9360
-9390
-9417
-9429
-9425
-9409
-9371
-9327
-9286
-9266
-9277
-9298
-9314
-9329
-9333
-9342
-9370
-9390
-9404
-9409
-9404
-9395
-9375
-9354
-9344
-9332
-9291
-9246
-9226
-9225
-9263
-9306
-9334
-9358
-9388
-9430
-9449
-9451
-9434
-9383
-9319
-9270
-9218
-9208
-9214
-9228
-9273
-9308
-9356
-9403
-9448
-9481
-9482
-9450
-9399
-9342
-9292
-9253
-9228
-9215
-9245
-9280
-9318
-9368
-9397
-9412
-9419
-9423
-9404
-9374
-9332
-9295
-9264
-9247
-9243
-9259
-9280
-9304
-9327
-9346
-9373
-9392
-9410
-9431
-9434
-9407
-9382
-9342
-9301
-9273
-9266
-9270
-9280
-9305
-9337
-9371
-9409
-9437
-9454
-9453
-9426
-9396
-9362
-9331
-9303
-9279
-9256
-9255
-9267
-9292
-9331
-9371
-9406
-9431
-9452
-9462
-9441
-9399
-9373
-9362
-9354
-9337
-9322
-9315
-9327
-9351
-9387
-9421
-9442
-9455
-9450
-9429
-9399
-9378
-9338
-9304
-9297
-9290
-9284
-9289
-9321
-9374
-9442
-9501
-9527
-9531
-9523
-9500
-9458
-9411
-9367
-9318
-9284
-9271
-9289
-9322
-9376
-9418
-9453
-9498
-9505
-9491
-9464
-9436
-9401
-9356
-9333
-9319
-9325
-9353
-9377
-9404
-9418
-9422
-9437
-9447
-9452
-9451
-9444
-9437
-9426
-9386
-9345
-9319
-9300
-9305
-9304
-9295
-9295
-9320
-9367
-9414
-9451
-9462
-9447
-9422
-9388
-9352
-9314
-9276
-9251
-9232
-9254
-9266
-9284
-9330
-9388
-9446
-9450
-9424
-9389
-9367
-9328
-9299
-9276
-9268
-9276
-9279
-9294
-9313
-9358
-9406
-9440
-9444
-9433
-9416
-9383
-9346
-9316
-9285
-9257
-9246
-9261
-9297
-9331
-9365
-9382
-9394
-9409
-9414
-9412
-9397
-9380
-9356
-9319
-9309
-9310
-9306
-9305
-9306
-9317
-9351
-9402
-9440
-9449
-9454
-9436
-9397
-9363
-9322
-9294
-9262
-9245
-9238
-9265
-9311
-9351
-9397
-9426
-9455
-9479
-9490
-9464
-9414
-9358
-9309
-9284
-9284
-9284
-9298
-9307
-9309
-9336
-9383
-9416
-9426
-9419
-9395
-9383
-9373
-9342
-9297
-9265
-9238
-9252
-9288
-9312
-9329
-9368
-9395
-9406
-9425
-9442
-9460
-9444
-9418
-9383
-9338
-9299
-9274
-9248
-9250
-9273
-9324
-9378
-9409
-9431
-9442
-9454
-9438
-9402
-9378
-9374
-9378
-9365
-9337
-9306
-9283
-9283
-9315
-9373
-9425
-9449
-9456
-9467
-9443
-9400
-9377
-9352
-9306
-9268
-9260
-9286
-9326
-9352
-9391
-9425
-9440
-9444
-9440
-9437
-9433
-9418
-9399
-9365
-9320
-9296
-9301
-9323
-9358
-9393
-9404
-9396
-9407
-9426
-9439
-9444
-9419
-9393
-9376
-9338
-9319
-9323
-9326
-9340
-9354
-9382
-9400
-9426
-9445
-9460
-9460
-9436
-9417
-9387
-9372
-9348
-9333
-9314
-9294
-9298
-9296
-9308
-9358
-9411
-9433
-9424
-9410
-9416
-9426
-9425
-9388
-9350
-9319
-9268
-9247
-9251
-9269
-9305
-9351
-9410
-9459
-9480
-9496
-9484
-9443
-9403
-9336
-9276
-9239
-9231
-9235
-9260
-9301
-9337
-9390
-9453
-9486
-9477
-9446
-9417
-9391
-9346
-9305
-9275
-9271
-9279
-9310
-9326
-9337
-9352
-9366
-9416
-9460
-9472
-9451
-9411
-9370
-9339
-9327
-9332
-9322
-9303
-9286
-9300
-9363
-9442
-9494
-9516
-9506
-9461
-9395
-9349
-9326
-9315
-9308
-9278
-9272
-9282
-9293
-9312
-9344
-9364
-9392
-9426
-9451
-9446
-9406
-9354
-9306
-9302
-9300
-9286
-9272
-9279
-9303
-9347
-9389
-9413
-9424
-9418
-9404
-9370
-9334
-9298
-9268
-9243
-9237
-9248
-9278
-9305
-9308
-9320
-9346
-9374
-9407
-9423
-9424
-9418
-9383
-9341
-9302
-9288
-9278
-9277
-9285
-9300
-9325
-9354
-9396
-9435
-9455
-9456
-9452
-9420
-9381
-9349
-9323
-9288
-9249
-9215
-9215
-9234
-9274
-9301
-9332
-9387
-9415
-9440
-9429
-9408
-9372
-9340
-9301
-9277
-9272
-9295
-9333
-9355
-9384
-9400
-9419
-9438
-9452
-9437
-9417
-9383
-9354
-9320
-9301
-9297
-9299
-9333
-9368
-9369
-9342
-9352
-9389
-9430
-9459
-9474
-9441
-9410
-9368
-9315
-9285
-9254
-9249
-9267
-9296
-9334
-9369
-9395
-9417
-9432
-9419
-9389
-9365
-9340
-9328
-9314
-9293
-9272
-9281
-9320
-9364
-9408
-9442
-9432
-9415
-9420
-9420
-9403
-9358
-9321
-9327
-9337
-9339
-9339
-9349
-9375
-9373
-9374
-9380
-9386
-9405
-9413
-9415
-9400
-9375
-9351
-9329
-9314
-9292
-9283
-9284
-9327
-9390
-9417
-9453
-9468
-9471
-9475
-9453
-9429
-9400
-9357
-9318
-9285
-9284
-9305
-9322
-9347
-9386
-9429
-9458
-9473
-9461
-9434
-9424
-9419
-9381
-9342
-9323
-9333
-9356
-9361
-9372
-9389
-9399
-9420
-9449
-9435
-9391
-9375
-9366
-9352
-9342
-9319
-9317
-9325
-9323
-9338
-9352
-9377
-9405
-9423
-9442
-9436
-9420
-9401
-9392
-9377
-9351
-9325
-9292
-9291
-9315
-9334
-9352
-9351
-9357
-9383
-9400
-9411
-9410
-9416
-9392
-9355
-9331
-9326
-9330
-9323
-9345
-9357
-9377
-9420
-9440
-9461
-9467
-9455
-9424
-9376
-9314
-9261
-9240
-9242
-9270
-9273
-9310
-9316
-9335
-9359
-9360
-9391
-9401
-9438
-9449
-9453
-9448
-9421
-9375
-9339
-9320
-9293
-9314
-9326
-9386
-9419
-9388
-9415
-9387
-9381
-9379
-9355
-9367
-9346
-9342
-9313
-9308
-9338
-9367
-9406
-9433
-9448
-9454
-9441
-9434
-9421
-9386
-9369
-9355
-9336
-9313
-9301
-9291
-9312
-9344
-9370
-9387
-9386
-9391
-9375
-9367
-9365
-9348
-9323
-9316
-9317
-9318
-9352
-9343
-9342
-9348
-9352
-9390
-9423
-9482
-9500
-9493
-9455
-9418
-9364
-9302
-9284
-9279
-9271
-9263
-9296
-9319
-9361
-9395
-9425
-9407
-9407
-9416
-9377
-9341
-9294
-9252
-9236
-9229
-9236
-9287
-9326
-9351
-9338
-9370
-9396
-9411
-9419
-9399
-9362
-9338
-9330
-9289
-9281
-9282
-9290
-9288
-9300
-9322
-9345
-9367
-9389
-9410
-9426
-9417
-9375
-9332
-9307
-9293
-9263
-9226
-9229
-9283
-9324
-9376
-9418
-9461
-9479
-9482
-9471
-9428
-9383
-9341
-9316
-9302
-9315
-9323
-9345
-9366
-9408
-9448
-9465
-9478
-9450
-9419
-9399
-9383
-9378
-9364
-9344
-9313
-9300
-9317
-9342
-9353
-9360
-9384
-9390
-9399
-9409
-9420
-9416
-9411
-9370
-9347
-9350
-9345
-9340
-9322
-9321
-9320
-9334
-9364
-9389
-9405
-9444
-9458
-9454
-9419
-9363
-9332
-9296
-9289
-9286
-9300
-9332
-9373
-9408
-9416
-9442
-9456
-9459
-9447
-9421
-9383
-9329
-9288
-9254
-9236
-9236
-9277
-9317
-9358
-9385
-9414
-9448
-9471
-9470
-9434
-9387
-9341
-9307
-9262
-9261
-9280
-9307
-9350
-9386
-9424
-9443
-9456
-9458
-9443
-9423
-9409
-9397
-9380
-9367
-9334
-9316
-9320
-9338
-9363
-9412
-9431
-9422
-9420
-9411
-9398
-9362
-9330
-9302
-9308
-9321
-9314
-9295
-9277
-9256
-9260
-9287
-9332
-9362
-9376
-9383
-9382
-9392
-9375
-9372
-9366
-9335
-9316
-9318
-9310
-9328
-9359
-9394
-9407
-9410
-9414
-9395
-9378
-9356
-9323
-9282
-9257
-9244
-9255
-9264
-9274
-9278
-9302
-9349
-9417
-9446
-9448
-9435
-9395
-9379
-9356
-9341
-9315
-9278
-9251
-9267
-9293
-9329
-9347
-9357
-9379
-9415
-9435
-9413
-9385
-9368
-9359
-9334
-9310
-9269
-9287
-9321
-9346
-9356
-9366
-9385
-9379
-9374
-9381
-9388
-9371
-9354
-9360
-9373
-9384
-9386
-9364
-9364
-9384
-9398
-9396
-9408
-9417
-9434
-9460
-9448
-9416
-9391
-9357
-9344
-9333
-9301
-9301
-9325
-9348
-9372
-9394
-9397
-9403
-9420
-9457
-9446
-9436
-9402
-9351
-9327
-9302
-9308
-9296
-9307
-9321
-9331
-9364
-9394
-9408
-9422
-9410
-9374
-9354
-9344
-9335
-9331
-9332
-9331
-9316
-9312
-9326
-9349
-9372
-9377
-9377
-9375
-9364
-9365
-9389
-9389
-9372
-9340
-9317
-9319
-9314
-9304
-9320
-9346
-9379
-9405
-9416
-9401
-9368
-9355
-9326
-9320
-9300
-9309
-9330
-9345
-9359
-9363
-9381
-9387
-9402
-9411
-9425
-9410
-9379
-9344
-9344
-9350
-9355
-9348
-9298
-9278
-9300
-9333
-9359
-9371
-9390
-9426
-9446
-9466
-9450
-9445
-9434
-9409
-9377
-9340
-9340
-9325
-9321
-9366
-9417
-9441
-9464
-9451
-9424
-9420
-9372
-9316
-9296
-9277
-9320
-9321
-9304
-9299
-9289
-9352
-9385
-9418
-9444
-9422
-9423
-9401
-9377
-9378
-9367
-9365
-9351
-9354
-9338
-9326
-9350
-9382
-9385
-9382
-9388
-9380
-9389
-9378
-9367
-9352
-9324
-9326
-9313
-9278
-9283
-9288
-9325
-9344
-9373
-9378
-9418
-9457
-9444
-9407
-9358
-9336
-9298
-9306
-9273
-9283
-9281
-9310
-9325
-9344
-9360
-9383
-9406
-9405
-9396
-9352
-9353
-9352
-9361
-9345
-9335
-9303
-9323
-9333
-9366
-9381
-9367
-9377
-9381
-9364
-9380
-9351
-9358
-9353
-9342
-9368
-9334
-9370
-9346
-9367
-9375
-9403
-9413
-9421
-9424
-9426
-9425
-9370
-9366
-9344
-9319
-9314
-9294
-9312
-9329
-9355
-9427
-9445
-9472
-9467
-9463
-9454
-9433
-9405
-9370
-9364
-9361
-9348
-9366
-9389
-9427
-9454
-9441
-9411
-9379
-9354
-9329
-9337
-9327
-9329
-9309
-9315
-9308
-9313
-9325
-9329
-9348
-9349
-9365
-9373
-9402
-9392
-9406
-9398
-9404
-9423
-9404
-9378
-9369
-9354
-9333
-9331
-9321
-9339
-9363
-9384
-9405
-9387
-9377
-9380
-9356
-9375
-9316
-9354
-9323
-9316
-9353
-9343
-9401
-9386
-9410
-9422
-9425
-9434
-9447
-9423
-9395
-9341
-9332
-9337
-9370
-9355
-9346
-9357
-9394
-9413
-9397
-9406
-9369
-9366
-9339
-9386
-9399
-9400
-9368
-9384
-9352
-9355
-9365
-9370
-9403
-9376
-9395
-9370
-9401
-9402
-9397
-9374
-9374
-9350
-9328
-9319
-9341
-9353
-9349
-9387
-9377
-9380
-9375
-9380
-9373
-9360
-9380
-9401
-9368
-9352
-9344
-9345
-9352
-9367
-9377
-9381
-9422
-9448
-9433
-9402
-9365
-9333
-9319
-9304
-9307
-9301
-9304
-9305
-9305
-9323
-9353
-9353
-9379
-9405
-9410
-9417
-9392
-9368
-9348
-9333
-9303
-9297
-9307
-9288
-9301
-9316
-9345
-9387
-9412
-9428
-9438
-9443
-9408
-9378
-9344
-9310
-9267
-9246
-9255
-9270
-9300
-9323
-9363
-9416
-9423
-9432
-9431
-9424
-9414
-9391
-9403
-9385
-9367
-9366
-9363
-9368
-9393
-9379
-9409
-9406
-9398
-9418
-9407
-9409
-9386
-9352
-9322
-9294
-9273
-9277
-9276
-9309
-9313
-9331
-9358
-9368
-9384
-9395
-9390
-9383
-9368
-9326
-9313
-9305
-9308
-9323
-9330
-9356
-9386
-9396
-9419
-9406
-9400
-9395
-9370
-9355
-9315
-9291
-9297
-9301
-9327
-9323
-9325
-9339
-9367
-9416
-9414
-9400
-9390
-9385
-9371
-9350
-9317
-9307
-9310
-9337
-9343
-9358
-9366
-9364
-9372
-9363
-9379
-9385
-9390
-9375
-9354
-9332
-9346
-9343
-9335
-9326
-9311
-9310
-9308
-9356
-9377
-9411
-9443
-9448
-9444
-9423
-9407
-9397
-9399
-9367
-9340
-9345
-9355
-9369
-9382
-9384
-9413
-9422
-9442
-9464
-9474
-9465
-9394
-9352
-9314
-9306
-9294
-9266
-9274
-9305
-9320
-9367
-9393
-9415
-9408
-9367
-9359
-9336
-9322
-9313
-9327
-9311
-9310
-9294
-9294
-9309
-9324
-9357
-9358
-9355
-9370
-9360
-9389
-9376
-9323
-9327
-9288
-9293
-9310
-9294
-9297
-9314
-9341
-9366
-9361
-9364
-9352
-9340
-9347
-9339
-9345
-9352
-9334
-9330
-9316
-9299
-9318
-9323
-9337
-9365
-9377
-9402
-9397
-9350
-9330
-9325
-9335
-9349
-9342
-9363
-9346
-9354
-9383
-9347
-9375
-9345
-9358
-9377
-9351
-9402
-9379
-9395
-9369
-9291
-9330
-9324
-9346
-9380
-9384
-9410
-9404
-9403
-9403
-9394
-9400
-9424
-9388
-9411
-9386
-9376
-9421
-9352
-9374
-9357
-9340
-9380
-9358
-9389
-9398
-9393
-9434
-9406
-9373
-9336
-9289
-9334
-9307
-9330
-9353
-9347
-9397
-9362
-9385
-9366
-9383
-9407
-9370
-9362
-9353
-9359
-9322
-9320
-9271
-9286
-9302
-9318
-9398
-9378
-9406
-9369
-9374
-9382
-9344
-9364
-9336
-9348
-9348
-9367
-9336
-9363
-9347
-9356
-9388
-9381
-9418
-9371
-9378
-9355
-9363
-9358
-9332
-9315
-9340
-9325
-9357
-9334
-9325
-9319
-9332
-9342
-9328
-9400
-9354
-9423
-9388
-9407
-9377
-9369
-9368
-9349
-9383
-9372
-9379
-9382
-9378
-9375
-9408
-9375
-9396
-9384
-9387
-9340
-9350
-9357
-9387
-9405
-9396
-9402
-9402
-9435
-9445
-9477
-9464
-9445
-9430
-9398
-9356
-9364
-9352
-9371
-9365
-9375
-9366
-9383
-9417
-9414
-9442
-9428
-9423
-9404
-9383
-9384
-9373
-9386
-9377
-9371
-9356
-9331
-9357
-9353
-9383
-9375
-9392
-9395
-9398
-9375
-9345
-9340
-9319
-9316
-9306
-9328
-9337
-9363
-9353
-9380
-9382
-9406
-9410
-9404
-9391
-9370
-9347
-9325
-9331
-9333
-9376
-9366
-9347
-9291
-9337
-9333
-9335
-9379
-9380
-9432
-9439
-9449
-9442
-9429
-9408
-9386
-9352
-9342
-9324
-9314
-9322
-9317
-9339
-9347
-9379
-9413
-9402
-9374
-9320
-9314
-9330
-9333
-9340
-9341
-9346
-9356
-9384
-9394
-9425
-9431
-9438
-9426
-9440
-9461
-9426
-9424
-9384
-9350
-9316
-9299
-9307
-9323
-9321
-9346
-9390
-9389
-9399
-9386
-9372
-9349
-9357
-9344
-9318
-9302
-9333
-9380
-9392
-9363
-9340
-9340
-9363
-9411
-9399
-9386
-9358
-9366
-9341
-9344
-9335
-9316
-9311
-9280
-9302
-9313
-9314
-9334
-9323
-9342
-9384
-9393
-9392
-9377
-9352
-9333
-9315
-9301
-9334
-9339
-9376
-9357
-9332
-9337
-9341
-9358
-9341
-9316
-9318
-9319
-9340
-9345
-9305
-9305
-9291
-9286
-9281
-9283
-9288
-9313
-9349
-9373
-9361
-9359
-9342
-9321
-9305
-9327
-9323
-9322
-9357
-9360
-9375
-9381
-9396
-9370
-9379
-9375
-9396
-9383
-9361
-9352
-9354
-9349
-9314
-9330
-9326
-9344
-9370
-9386
-9381
-9384
-9369
-9388
-9391
-9359
-9322
-9319
-9350
-9357
-9366
-9345
-9335
-9310
-9337
-9360
-9387
-9387
-9403
-9420
-9428
-9419
-9386
-9403
-9369
-9371
-9356
-9371
-9372
-9365
-9388
-9379
-9369
-9384
-9382
-9386
-9376
-9351
-9344
-9299
-9306
-9300
-9302
-9313
-9317
-9352
-9370
-9388
-9395
-9363
-9365
-9383
-9397
-9411
-9380
-9334
-9322
-9309
-9284
-9313
-9332
-9375
-9387
-9384
-9389
-9384
-9390
-9381
-9348
-9323
-9320
-9307
-9357
-9317
-9329
-9348
-9376
-9405
-9375
-9390
-9348
-9358
-9362
-9365
-9370
-9365
-9377
-9391
-9379
-9374
-9369
-9389
-9394
-9410
-9421
-9418
-9400
-9395
-9442
-9432
-9436
-9409
-9411
-9399
-9379
-9355
-9328
-9321
-9334
-9339
-9367
-9374
-9371
-9379
-9373
-9390
-9367
-9353
-9324
-9317
-9287
-9297
-9302
-9329
-9340
-9351
-9373
-9372
-9400
-9387
-9372
-9370
-9373
-9360
-9364
-9348
-9339
-9316
-9319
-9331
-9357
-9385
-9403
-9405
-9399
-9392
-9372
-9375
-9344
-9327
-9310
-9307
-9314
-9311
-9315
-9333
-9344
-9376
-9388
-9388
-9370
-9367
-9387
-9388
-9380
-9359
-9348
-9332
-9334
-9344
-9366
-9383
-9392
-9396
-9396
-9387
-9374
-9370
-9368
-9365
-9364
-9369
-9378
-9360
-9367
-9368
-9398
-9424
-9428
-9417
-9396
-9387
-9370
-9381
-9379
-9407
-9402
-9403
-9357
-9361
-9343
-9336
-9362
-9359
-9375
-9381
-9399
-9388
-9418
-9397
-9401
-9388
-9383
-9372
-9362
-9345
-9341
-9363
-9372
-9399
-9404
-9408
-9386
-9377
-9321
-9301
-9292
-9307
-9315
-9334
-9352
-9324
-9356
-9386
-9400
-9384
-9382
-9351
-9364
-9377
-9350
-9316
-9295
-9297
-9270
-9296
-9293
-9314
-9343
-9380
-9396
-9394
-9410
-9391
-9376
-9348
-9332
-9342
-9357
-9358
-9350
-9328
-9315
-9298
-9336
-9360
-9383
-9409
-9385
-9407
-9386
-9370
-9354
-9346
-9364
-9347
-9355
-9339
-9326
-9361
-9378
-9379
-9381
-9374
-9390
-9423
-9420
-9421
-9419
-9395
-9362
-9327
-9332
-9317
-9346
-9362
-9368
-9374
-9375
-9407
-9382
-9405
-9411
-9438
-9423
-9378
-9367
-9336
-9338
-9319
-9287
-9268
-9276
-9322
-9379
-9397
-9404
-9367
-9360
-9366
-9369
-9386
-9389
-9366
-9331
-9338
-9348
-9355
-9333
-9354
-9365
-9392
-9410
-9424
-9455
-9415
-9403
-9361
-9333
-9297
-9287
-9293
-9300
-9331
-9340
-9364
-9360
-9367
-9363
-9383
-9387
-9369
-9344
-9306
-9319
-9325
-9338
-9343
-9333
-9328
-9312
-9338
-9341
-9367
-9358
-9362
-9396
-9363
-9376
-9342
-9347
-9351
-9362
-9365
-9361
-9346
-9346
-9369
-9394
-9417
-9395
-9398
-9387
-9361
-9324
-9307
-9316
-9355
-9375
-9398
-9402
-9434
-9427
-9434
-9425
-9385
-9372
-9350
-9351
-9332
-9343
-9344
-9347
-9341
-9310
-9319
-9346
-9332
-9363
-9339
-9359
-9351
-9343
-9362
-9350
-9371
-9328
-9316
-9304
-9302
-9321
-9346
-9358
-9381
-9393
-9418
-9415
-9408
-9378
-9343
-9354
-9358
-9380
-9365
-9368
-9364
-9347
-9366
-9364
-9368
-9354
-9319
-9308
-9322
-9347
-9344
-9349
-9356
-9351
-9343
-9369
-9391
-9426
-9417
-9398
-9380
-9350
-9350
-9345
-9379
-9379
-9392
-9397
-9377
-9350
-9320
-9318
-9338
-9351
-9342
-9349
-9367
-9380
-9397
-9400
-9405
-9408
-9403
-9395
-9357
-9346
-9322
-9313
-9318
-9318
-9327
-9337
-9344
-9346
-9383
-9393
-9396
-9394
-9391
-9400
-9383
-9387
-9363
-9342
-9351
-9360
-9370
-9370
-9376
-9376
-9377
-9365
-9364
-9366
-9371
-9351
-9352
-9355
-9345
-9329
-9295
-9287
-9305
-9318
-9323
-9354
-9375
-9382
-9354
-9334
-9313
-9309
-9303
-9333
-9339
-9339
-9329
-9310
-9345
-9365
-9393
-9410
-9402
-9381
-9374
-9346
-9336
-9309
-9312
-9310
-9313
-9338
-9345
-9368
-9379
-9377
-9375
-9361
-9359
-9339
-9312
-9321
-9316
-9338
-9340
-9332
-9342
-9357
-9375
-9399
-9401
-9394
-9387
-9373
-9359
-9366
-9373
-9373
-9364
-9344
-9359
-9360
-9346
-9346
-9361
-9369
-9393
-9411
-9389
-9360
-9361
-9349
-9332
-9353
-9363
-9405
-9437
-9445
-9450
-9447
-9458
-9448
-9447
-9411
-9403
-9396
-9378
-9373
-9348
-9334
-9309
-9305
-9310
-9324
-9341
-9374
-9404
-9434
-9446
-9462
-9442
-9413
-9383
-9342
-9345
-9339
-9353
-9363
-9385
-9404
-9412
-9420
-9407
-9371
-9339
-9327
-9351
-9350
-9342
-9334
-9314
-9334
-9359
-9360
-9355
-9366
-9365
-9389
-9391
-9401
-9394
-9376
-9367
-9338
-9346
-9347
-9348
-9368
-9370
-9369
-9378
-9393
-9407
-9382
-9362
-9351
-9359
-9371
-9358
-9315
-9296
-9319
-9334
-9358
-9381
-9385
-9385
-9385
-9375
-9365
-9361
-9370
-9360
-9351
-9343
-9337
-9355
-9378
-9380
-9389
-9402
-9376
-9366
-9377
-9392
-9414
-9419
-9414
-9413
-9404
-9406
-9389
-9359
-9325
-9305
-9331
-9337
-9345
-9356
-9395
-9418
-9400
-9384
-9389
-9389
-9361
-9344
-9314
-9306
-9315
-9333
-9333
-9347
-9355
-9349
-9353
-9358
-9376
-9355
-9341
-9336
-9348
-9340
-9337
-9334
-9326
-9339
-9354
-9378
-9381
-9403
-9389
-9379
-9379
-9363
-9364
-9362
-9373
-9360
-9336
-9321
-9291
-9271
-9283
-9306
-9329
-9357
-9367
-9369
-9377
-9380
-9394
-9400
-9400
-9382
-9344
-9305
-9273
-9270
-9294
-9325
-9338
-9341
-9339
-9355
-9380
-9408
-9409
-9376
-9340
-9304
-9307
-9330
-9333
-9334
-9337
-9340
-9350
-9346
-9365
-9401
-9403
-9382
-9376
-9365
-9350
-9346
-9322
-9309
-9301
-9324
-9364
-9381
-9373
-9386
-9411
-9402
-9396
-9377
-9359
-9349
-9356
-9378
-9376
-9388
-9384
-9341
-9332
-9346
-9370
-9359
-9327
-9324
-9337
-9370
-9372
-9352
-9342
-9345
-9381
-9381
-9358
-9358
-9367
-9402
-9427
-9415
-9369
-9344
-9333
-9330
-9334
-9351
-9370
-9371
-9370
-9372
-9379
-9341
-9333
-9318
-9302
-9315
-9341
-9379
-9395
-9371
-9346
-9345
-9362
-9387
-9389
-9364
-9307
-9318
-9316
-9335
-9346
-9350
-9364
-9368
-9385
-9384
-9410
-9407
-9386
-9346
-9334
-9329
-9352
-9357
-9391
-9411
-9403
-9386
-9353
-9363
-9377
-9395
-9383
-9369
-9344
-9357
-9391
-9406
-9408
-9416
-9412
-9420
-9443
-9484
-9481
-9471
-9440
-9407
-9402
-9360
-9392
-9399
-9417
-9392
-9369
-9373
-9355
-9341
-9351
-9379
-9380
-9393
-9390
-9392
-9381
-9402
-9400
-9401
-9360
-9330
-9317
-9309
-9334
-9351
-9368
-9371
-9366
-9351
-9388
-9387
-9378
-9365
-9357
-9368
-9403
-9428
-9421
-9390
-9381
-9373
-9394
-9432
-9424
-9435
-9399
-9374
-9367
-9365
-9351
-9331
-9317
-9307
-9286
-9309
-9353
-9381
-9403
-9388
-9361
-9352
-9346
-9369
-9384
-9383
-9371
-9335
-9326
-9328
-9344
-9355
-9355
-9309
-9306
-9324
-9368
-9392
-9399
-9397
-9378
-9384
-9386
-9383
-9384
-9387
-9363
-9355
-9344
-9377
-9397
-9388
-9392
-9398
-9398
-9428
-9419
-9406
-9375
-9329
-9318
-9326
-9332
-9323
-9345
-9350
-9381
-9403
-9408
-9395
-9397
-9379
-9392
-9393
-9388
-9385
-9366
-9360
-9342
-9328
-9298
-9327
-9342
-9363
-9335
-9319
-9329
-9339
-9341
-9358
-9397
-9406
-9429
-9407
-9398
-9423
-9410
-9373
-9367
-9355
-9366
-9386
-9393
-9386
-9364
-9362
-9369
-9330
-9310
-9318
-9358
-9397
-9399
-9390
-9375
-9383
-9388
-9379
-9345
-9320
-9282
-9286
-9305
-9348
-9374
-9383
-9372
-9327
-9325
-9303
-9328
-9346
-9356
-9369
-9370
-9378
-9389
-9398
-9384
-9384
-9383
-9364
-9364
-9369
-9391
-9403
-9404
-9414
-9401
-9381
-9361
-9372
-9385
-9365
-9362
-9385
-9382
-9388
-9366
-9353
-9361
-9365
-9368
-9347
-9358
-9340
-9366
-9394
-9414
-9428
-9424
-9434
-9402
-9388
-9370
-9371
-9350
-9320
-9331
-9349
-9367
-9394
-9380
-9367
-9369
-9352
-9350
-9309
-9313
-9326
-9347
-9358
-9366
-9369
-9373
-9362
-9361
-9402
-9381
-9344
-9309
-9313
-9313
-9343
-9344
-9338
-9327
-9329
-9349
-9361
-9385
-9380
-9384
-9366
-9346
-9333
-9317
-9288
-9302
-9314
-9326
-9341
-9316
-9298
-9315
-9339
-9364
-9399
-9396
-9394
-9383
-9367
-9319
-9298
-9308
-9292
-9298
-9296
-9320
-9345
-9365
-9363
-9384
-9383
-9395
-9397
-9384
-9412
-9376
-9374
-9335
-9333
-9336
-9345
-9348
-9326
-9353
-9378
-9426
-9411
-9382
-9363
-9346
-9336
-9304
-9303
-9341
-9348
-9372
-9340
-9300
-9299
-9280
-9322
-9357
-9362
-9349
-9307
-9289
-9292
-9312
-9351
-9321
-9294
-9297
-9311
-9353
-9362
-9349
-9342
-9338
-9358
-9382
-9375
-9347
-9292
-9288
-9279
-9306
-9346
-9350
-9345
-9338
-9356
-9389
-9435
-9417
-9416
-9361
-9342
-9328
-9292
-9292
-9289
-9341
-9358
-9358
-9333
-9336
-9338
-9359
-9372
-9360
-9338
-9326
-9318
-9339
-9372
-9371
-9369
-9362
-9403
-9402
-9395
-9376
-9350
-9337
-9324
-9334
-9363
-9369
-9366
-9392
-9412
-9409
-9424
-9429
-9417
-9408
-9407
-9401
-9381
-9415
-9404
-9392
-9407
-9417
-9429
-9427
-9431
