02071818.PTO
COND
2012/02/07 18:18:21.3200
100.0000 m/s  
6768 muestras
-7362
-7361
-7362
-7364
-7361
-7359
-7362
-7359
-7361
-7355
-7357
-7357
-7358
-7361
-7355
-7361
-7366
-7364
-7358
-7363
-7363
-7366
-7375
-7370
-7367
-7364
-7367
-7369
-7366
-7363
-7367
-7367
-7366
-7366
-7360
-7362
-7363
-7363
-7363
-7359
-7360
-7360
-7362
-7358
-7355
-7358
-7361
-7362
-7357
-7361
-7363
-7363
-7363
-7363
-7358
-7359
-7364
-7365
-7361
-7356
-7363
-7365
-7367
-7361
-7359
-7363
-7364
-7362
-7358
-7357
-7362
-7364
-7363
-7359
-7360
-7367
-7367
-7368
-7362
-7360
-7364
-7365
-7365
-7356
-7355
-7371
-7364
-7354
-7353
-7361
-7366
-7365
-7366
-7366
-7363
-7369
-7368
-7361
-7363
-7359
-7358
-7360
-7361
-7357
-7359
-7361
-7364
-7361
-7359
-7361
-7363
-7366
-7360
-7359
-7360
-7368
-7361
-7358
-7366
-7367
-7367
-7369
-7360
-7356
-7359
-7357
-7362
-7359
-7363
-7363
-7359
-7358
-7356
-7362
-7366
-7366
-7360
-7358
-7362
-7365
-7366
-7363
-7365
-7360
-7364
-7364
-7363
-7361
-7362
-7367
-7364
-7363
-7355
-7360
-7369
-7367
-7360
-7359
-7360
-7362
-7363
-7361
-7360
-7363
-7361
-7359
-7358
-7359
-7360
-7361
-7360
-7349
-7360
-7364
-7369
-7361
-7359
-7358
-7362
-7369
-7365
-7366
-7364
-7367
-7365
-7362
-7359
-7360
-7362
-7361
-7354
-7358
-7358
-7361
-7364
-7363
-7360
-7363
-7367
-7364
-7361
-7366
-7365
-7366
-7366
-7361
-7364
-7360
-7366
-7363
-7364
-7362
-7360
-7364
-7361
-7357
-7360
-7364
-7363
-7361
-7358
-7360
-7358
-7364
-7363
-7360
-7361
-7366
-7366
-7359
-7357
-7362
-7362
-7363
-7364
-7362
-7362
-7363
-7366
-7361
-7360
-7361
-7359
-7359
-7357
-7355
-7357
-7359
-7361
-7358
-7360
-7364
-7364
-7360
-7354
-7356
-7365
-7368
-7367
-7361
-7360
-7362
-7363
-7361
-7355
-7359
-7364
-7365
-7361
-7360
-7361
-7360
-7363
-7366
-7360
-7364
-7364
-7369
-7359
-7358
-7364
-7362
-7367
-7358
-7362
-7357
-7359
-7363
-7365
-7363
-7365
-7366
-7361
-7358
-7360
-7363
-7363
-7362
-7361
-7357
-7355
-7363
-7359
-7359
-7361
-7365
-7362
-7366
-7359
-7360
-7367
-7368
-7367
-7360
-7361
-7368
-7366
-7356
-7363
-7361
-7365
-7362
-7361
-7362
-7357
-7362
-7365
-7360
-7360
-7363
-7363
-7363
-7358
-7359
-7362
-7363
-7364
-7363
-7358
-7361
-7365
-7361
-7355
-7355
-7359
-7363
-7364
-7361
-7358
-7359
-7365
-7362
-7357
-7359
-7363
-7365
-7364
-7360
-7360
-7361
-7368
-7369
-7363
-7362
-7365
-7367
-7362
-7362
-7362
-7359
-7364
-7366
-7359
-7360
-7365
-7365
-7363
-7363
-7367
-7363
-7361
-7360
-7359
-7361
-7360
-7364
-7361
-7363
-7365
-7364
-7364
-7364
-7364
-7366
-7364
-7368
-7363
-7359
-7361
-7362
-7365
-7357
-7359
-7362
-7363
-7361
-7361
-7358
-7363
-7364
-7361
-7359
-7358
-7361
-7363
-7362
-7361
-7361
-7364
-7361
-7361
-7360
-7355
-7367
-7364
-7366
-7362
-7364
-7365
-7363
-7363
-7361
-7364
-7365
-7362
-7361
-7362
-7362
-7364
-7361
-7365
-7358
-7359
-7361
-7362
-7358
-7361
-7362
-7366
-7365
-7360
-7364
-7360
-7365
-7359
-7361
-7358
-7361
-7364
-7362
-7361
-7359
-7363
-7364
-7360
-7358
-7360
-7362
-7363
-7358
-7359
-7361
-7363
-7364
-7361
-7362
-7361
-7363
-7370
-7365
-7365
-7364
-7365
-7366
-7364
-7362
-7361
-7365
-7364
-7360
-7359
-7360
-7363
-7365
-7359
-7362
-7361
-7366
-7368
-7361
-7362
-7365
-7362
-7361
-7358
-7358
-7363
-7361
-7363
-7361
-7361
-7359
-7362
-7363
-7357
-7356
-7361
-7362
-7359
-7358
-7360
-7360
-7361
-7360
-7359
-7361
-7360
-7363
-7360
-7360
-7360
-7362
-7364
-7361
-7362
-7363
-7363
-7363
-7359
-7361
-7361
-7362
-7364
-7361
-7358
-7362
-7363
-7361
-7359
-7356
-7361
-7365
-7367
-7363
-7360
-7365
-7366
-7364
-7361
-7361
-7364
-7362
-7361
-7357
-7360
-7359
-7359
-7359
-7357
-7357
-7359
-7365
-7362
-7362
-7362
-7366
-7363
-7365
-7362
-7360
-7365
-7361
-7361
-7359
-7360
-7361
-7367
-7362
-7359
-7363
-7364
-7362
-7361
-7357
-7358
-7360
-7363
-7361
-7360
-7362
-7360
-7363
-7361
-7361
-7363
-7365
-7361
-7361
-7360
-7362
-7362
-7360
-7363
-7361
-7364
-7364
-7361
-7361
-7359
-7360
-7361
-7361
-7358
-7359
-7363
-7363
-7365
-7360
-7361
-7361
-7364
-7361
-7360
-7361
-7359
-7362
-7362
-7364
-7360
-7363
-7365
-7363
-7357
-7360
-7364
-7362
-7358
-7357
-7363
-7359
-7362
-7359
-7359
-7360
-7363
-7364
-7360
-7357
-7364
-7362
-7357
-7361
-7362
-7364
-7363
-7362
-7358
-7361
-7362
-7364
-7364
-7363
-7364
-7363
-7364
-7365
-7364
-7360
-7363
-7358
-7360
-7362
-7362
-7363
-7359
-7353
-7351
-7352
-7355
-7370
-7368
-7354
-7364
-7362
-7362
-7363
-7365
-7365
-7360
-7355
-7356
-7365
-7362
-7366
-7359
-7358
-7355
-7356
-7365
-7368
-7368
-7361
-7361
-7362
-7359
-7365
-7366
-7367
-7363
-7354
-7362
-7358
-7365
-7360
-7354
-7360
-7362
-7363
-7365
-7360
-7353
-7358
-7356
-7362
-7354
-7354
-7355
-7361
-7359
-7360
-7366
-7365
-7364
-7363
-7365
-7360
-7370
-7369
-7365
-7357
-7357
-7367
-7367
-7357
-7355
-7356
-7369
-7371
-7358
-7359
-7363
-7370
-7362
-7359
-7359
-7360
-7361
-7364
-7359
-7356
-7356
-7360
-7363
-7359
-7359
-7357
-7363
-7361
-7364
-7364
-7363
-7371
-7367
-7363
-7359
-7359
-7363
-7361
-7362
-7364
-7359
-7368
-7367
-7362
-7362
-7363
-7365
-7359
-7360
-7362
-7363
-7362
-7362
-7363
-7359
-7362
-7364
-7362
-7362
-7359
-7363
-7363
-7362
-7361
-7359
-7363
-7365
-7361
-7359
-7361
-7360
-7363
-7361
-7362
-7357
-7361
-7365
-7361
-7362
-7361
-7368
-7370
-7365
-7363
-7366
-7366
-7369
-7363
-7359
-7363
-7365
-7369
-7367
-7366
-7366
-7365
-7369
-7360
-7366
-7366
-7361
-7365
-7361
-7363
-7362
-7364
-7360
-7359
-7358
-7358
-7360
-7362
-7362
-7358
-7362
-7363
-7361
-7361
-7359
-7361
-7361
-7362
-7358
-7360
-7364
-7361
-7363
-7360
-7362
-7366
-7364
-7365
-7361
-7362
-7367
-7364
-7361
-7361
-7362
-7363
-7363
-7361
-7360
-7359
-7365
-7362
-7362
-7360
-7359
-7364
-7363
-7361
-7359
-7362
-7361
-7359
-7361
-7359
-7360
-7363
-7361
-7361
-7359
-7363
-7369
-7366
-7361
-7361
-7366
-7365
-7362
-7359
-7360
-7358
-7360
-7361
-7357
-7357
-7362
-7363
-7360
-7361
-7362
-7362
-7362
-7360
-7363
-7362
-7364
-7363
-7358
-7362
-7364
-7363
-7365
-7359
-7359
-7360
-7363
-7365
-7361
-7361
-7362
-7363
-7360
-7361
-7361
-7361
-7362
-7364
-7360
-7358
-7358
-7360
-7360
-7359
-7359
-7359
-7364
-7363
-7358
-7359
-7360
-7362
-7360
-7358
-7366
-7362
-7364
-7364
-7360
-7364
-7364
-7367
-7365
-7360
-7360
-7362
-7360
-7361
-7359
-7361
-7361
-7358
-7359
-7359
-7363
-7359
-7360
-7362
-7360
-7363
-7359
-7362
-7362
-7360
-7363
-7363
-7365
-7361
-7358
-7362
-7366
-7364
-7359
-7358
-7365
-7366
-7359
-7359
-7359
-7363
-7361
-7362
-7360
-7357
-7361
-7365
-7361
-7361
-7363
-7363
-7364
-7360
-7362
-7361
-7364
-7363
-7361
-7362
-7361
-7363
-7362
-7360
-7360
-7360
-7362
-7365
-7363
-7362
-7360
-7365
-7365
-7360
-7363
-7361
-7364
-7364
-7362
-7360
-7360
-7364
-7363
-7360
-7361
-7360
-7364
-7364
-7360
-7363
-7362
-7363
-7362
-7355
-7361
-7366
-7364
-7362
-7359
-7363
-7362
-7362
-7361
-7359
-7361
-7363
-7363
-7361
-7356
-7356
-7358
-7362
-7365
-7368
-7372
-7378
-7380
-7380
-7379
-7377
-7371
-7358
-7349
-7339
-7335
-7338
-7345
-7356
-7362
-7362
-7361
-7354
-7349
-7351
-7355
-7361
-7368
-7376
-7383
-7386
-7381
-7372
-7366
-7357
-7355
-7347
-7345
-7342
-7335
-7335
-7334
-7344
-7358
-7375
-7385
-7385
-7376
-7360
-7347
-7349
-7360
-7371
-7382
-7384
-7376
-7368
-7365
-7365
-7375
-7388
-7393
-7385
-7367
-7348
-7334
-7325
-7334
-7343
-7358
-7368
-7369
-7370
-7361
-7361
-7369
-7377
-7392
-7398
-7392
-7375
-7352
-7334
-7305
-7292
-7291
-7298
-7321
-7355
-7401
-7440
-7462
-7465
-7445
-7413
-7370
-7331
-7310
-7301
-7308
-7327
-7352
-7377
-7398
-7406
-7406
-7402
-7399
-7395
-7386
-7366
-7339
-7310
-7294
-7294
-7302
-7310
-7317
-7320
-7329
-7350
-7372
-7401
-7426
-7440
-7436
-7416
-7374
-7330
-7298
-7278
-7285
-7311
-7344
-7387
-7416
-7438
-7453
-7446
-7429
-7396
-7357
-7317
-7281
-7269
-7277
-7308
-7341
-7363
-7380
-7387
-7394
-7395
-7396
-7403
-7410
-7408
-7399
-7374
-7342
-7308
-7280
-7270
-7286
-7320
-7366
-7415
-7434
-7443
-7438
-7416
-7381
-7349
-7311
-7279
-7272
-7285
-7306
-7334
-7368
-7401
-7441
-7464
-7468
-7442
-7397
-7348
-7303
-7283
-7296
-7330
-7367
-7399
-7407
-7397
-7372
-7341
-7322
-7318
-7342
-7374
-7405
-7415
-7406
-7387
-7362
-7339
-7322
-7311
-7305
-7309
-7325
-7350
-7384
-7425
-7461
-7472
-7448
-7401
-7344
-7288
-7246
-7241
-7266
-7309
-7361
-7405
-7431
-7438
-7430
-7409
-7376
-7349
-7317
-7297
-7287
-7285
-7305
-7334
-7375
-7413
-7446
-7457
-7451
-7433
-7402
-7370
-7341
-7325
-7327
-7341
-7352
-7358
-7357
-7351
-7347
-7347
-7360
-7379
-7396
-7402
-7386
-7369
-7356
-7344
-7335
-7326
-7315
-7305
-7298
-7302
-7321
-7352
-7393
-7434
-7456
-7458
-7434
-7383
-7333
-7285
-7263
-7263
-7289
-7329
-7369
-7398
-7418
-7432
-7435
-7435
-7423
-7407
-7382
-7349
-7311
-7289
-7277
-7286
-7316
-7353
-7381
-7400
-7403
-7394
-7383
-7372
-7369
-7364
-7368
-7367
-7359
-7348
-7338
-7320
-7317
-7328
-7348
-7375
-7396
-7406
-7405
-7401
-7392
-7386
-7375
-7361
-7339
-7309
-7282
-7273
-7287
-7321
-7364
-7407
-7439
-7444
-7437
-7419
-7398
-7376
-7350
-7328
-7309
-7301
-7309
-7320
-7337
-7363
-7384
-7414
-7439
-7442
-7423
-7376
-7333
-7309
-7306
-7322
-7342
-7350
-7357
-7360
-7350
-7342
-7343
-7351
-7361
-7380
-7394
-7399
-7400
-7387
-7364
-7341
-7324
-7318
-7316
-7323
-7326
-7350
-7381
-7413
-7443
-7453
-7448
-7419
-7375
-7318
-7277
-7262
-7275
-7306
-7341
-7373
-7401
-7419
-7426
-7417
-7399
-7382
-7359
-7339
-7322
-7311
-7308
-7318
-7334
-7357
-7371
-7381
-7384
-7387
-7382
-7376
-7374
-7370
-7372
-7370
-7370
-7361
-7351
-7343
-7334
-7331
-7338
-7351
-7372
-7384
-7391
-7397
-7398
-7393
-7380
-7369
-7356
-7339
-7325
-7318
-7322
-7332
-7350
-7372
-7388
-7406
-7414
-7410
-7389
-7362
-7334
-7312
-7302
-7307
-7321
-7342
-7364
-7382
-7397
-7402
-7399
-7391
-7380
-7363
-7343
-7331
-7332
-7333
-7343
-7355
-7368
-7378
-7376
-7369
-7361
-7353
-7355
-7366
-7378
-7391
-7400
-7397
-7381
-7352
-7327
-7311
-7305
-7313
-7327
-7349
-7376
-7407
-7425
-7429
-7419
-7398
-7375
-7351
-7322
-7307
-7304
-7314
-7333
-7359
-7390
-7405
-7412
-7407
-7395
-7378
-7358
-7342
-7322
-7312
-7313
-7326
-7346
-7359
-7371
-7378
-7383
-7382
-7374
-7368
-7358
-7353
-7366
-7371
-7376
-7379
-7373
-7367
-7358
-7353
-7348
-7345
-7348
-7357
-7370
-7386
-7398
-7398
-7391
-7377
-7359
-7339
-7317
-7306
-7310
-7325
-7348
-7374
-7397
-7413
-7416
-7407
-7383
-7360
-7336
-7322
-7317
-7315
-7326
-7344
-7369
-7386
-7397
-7398
-7393
-7378
-7355
-7344
-7338
-7344
-7359
-7372
-7376
-7374
-7371
-7360
-7355
-7349
-7350
-7358
-7367
-7374
-7376
-7383
-7386
-7387
-7384
-7372
-7353
-7334
-7322
-7317
-7322
-7340
-7359
-7381
-7394
-7398
-7402
-7395
-7389
-7375
-7359
-7346
-7335
-7328
-7324
-7332
-7350
-7372
-7389
-7400
-7395
-7388
-7372
-7360
-7349
-7342
-7343
-7345
-7357
-7366
-7371
-7371
-7371
-7364
-7356
-7346
-7342
-7347
-7353
-7369
-7382
-7392
-7392
-7382
-7366
-7347
-7328
-7318
-7320
-7330
-7351
-7378
-7397
-7407
-7406
-7396
-7379
-7365
-7350
-7331
-7327
-7330
-7345
-7364
-7383
-7396
-7401
-7396
-7381
-7361
-7344
-7337
-7332
-7336
-7344
-7359
-7369
-7373
-7371
-7365
-7362
-7360
-7353
-7349
-7352
-7355
-7364
-7369
-7373
-7375
-7375
-7370
-7362
-7349
-7338
-7336
-7345
-7353
-7364
-7372
-7379
-7391
-7392
-7388
-7377
-7362
-7351
-7339
-7330
-7332
-7340
-7356
-7369
-7381
-7384
-7381
-7374
-7361
-7346
-7337
-7333
-7336
-7347
-7358
-7375
-7390
-7399
-7396
-7387
-7372
-7352
-7340
-7336
-7338
-7345
-7360
-7375
-7386
-7386
-7383
-7369
-7355
-7337
-7330
-7330
-7341
-7359
-7371
-7386
-7389
-7389
-7375
-7360
-7343
-7336
-7332
-7329
-7342
-7354
-7374
-7390
-7396
-7395
-7387
-7376
-7357
-7341
-7333
-7329
-7338
-7349
-7362
-7374
-7379
-7380
-7378
-7373
-7367
-7360
-7352
-7353
-7350
-7353
-7361
-7368
-7375
-7380
-7375
-7370
-7361
-7355
-7355
-7352
-7356
-7358
-7365
-7367
-7370
-7372
-7371
-7368
-7359
-7348
-7339
-7335
-7336
-7346
-7363
-7378
-7386
-7391
-7388
-7379
-7364
-7351
-7336
-7330
-7339
-7350
-7361
-7374
-7387
-7393
-7388
-7378
-7363
-7352
-7334
-7329
-7337
-7341
-7354
-7368
-7382
-7393
-7385
-7375
-7361
-7348
-7341
-7333
-7349
-7359
-7369
-7376
-7381
-7387
-7380
-7365
-7352
-7343
-7344
-7349
-7354
-7363
-7371
-7384
-7387
-7388
-7376
-7362
-7346
-7334
-7331
-7331
-7340
-7354
-7367
-7376
-7380
-7378
-7381
-7376
-7366
-7353
-7339
-7336
-7337
-7346
-7359
-7370
-7385
-7388
-7382
-7376
-7362
-7356
-7350
-7343
-7340
-7343
-7352
-7362
-7378
-7384
-7387
-7388
-7377
-7366
-7351
-7342
-7346
-7349
-7358
-7368
-7379
-7384
-7379
-7371
-7356
-7347
-7344
-7342
-7346
-7353
-7368
-7379
-7386
-7382
-7374
-7363
-7350
-7344
-7327
-7330
-7343
-7358
-7375
-7391
-7397
-7396
-7390
-7376
-7355
-7339
-7334
-7331
-7340
-7350
-7369
-7382
-7386
-7388
-7385
-7373
-7366
-7354
-7347
-7346
-7342
-7351
-7359
-7366
-7371
-7379
-7377
-7373
-7364
-7356
-7355
-7356
-7361
-7358
-7360
-7366
-7370
-7372
-7371
-7363
-7360
-7357
-7346
-7346
-7348
-7360
-7367
-7375
-7383
-7382
-7388
-7377
-7360
-7345
-7337
-7332
-7339
-7353
-7362
-7378
-7390
-7396
-7394
-7381
-7361
-7351
-7337
-7331
-7331
-7337
-7352
-7366
-7380
-7387
-7385
-7386
-7375
-7355
-7345
-7335
-7340
-7343
-7353
-7366
-7369
-7380
-7375
-7366
-7357
-7350
-7351
-7349
-7355
-7364
-7371
-7383
-7382
-7378
-7368
-7361
-7349
-7338
-7338
-7342
-7350
-7366
-7380
-7383
-7386
-7386
-7381
-7368
-7356
-7346
-7333
-7335
-7339
-7348
-7362
-7374
-7384
-7383
-7380
-7372
-7366
-7359
-7350
-7344
-7344
-7347
-7355
-7362
-7367
-7378
-7381
-7379
-7369
-7360
-7353
-7350
-7349
-7353
-7359
-7365
-7374
-7381
-7375
-7367
-7356
-7345
-7344
-7343
-7348
-7357
-7366
-7377
-7381
-7384
-7386
-7370
-7357
-7347
-7338
-7336
-7343
-7356
-7370
-7385
-7394
-7394
-7388
-7377
-7359
-7345
-7336
-7333
-7340
-7353
-7369
-7383
-7389
-7387
-7382
-7376
-7361
-7349
-7341
-7339
-7342
-7349
-7359
-7367
-7376
-7376
-7376
-7365
-7356
-7352
-7351
-7354
-7354
-7361
-7369
-7372
-7372
-7368
-7362
-7357
-7353
-7353
-7349
-7354
-7359
-7367
-7375
-7378
-7381
-7380
-7375
-7366
-7354
-7346
-7347
-7344
-7347
-7354
-7367
-7379
-7385
-7387
-7378
-7368
-7356
-7346
-7335
-7328
-7330
-7341
-7353
-7363
-7375
-7387
-7393
-7385
-7375
-7364
-7353
-7347
-7342
-7344
-7355
-7365
-7372
-7372
-7368
-7362
-7355
-7352
-7347
-7351
-7357
-7367
-7376
-7380
-7383
-7377
-7369
-7357
-7342
-7334
-7332
-7340
-7350
-7366
-7379
-7388
-7393
-7388
-7380
-7363
-7351
-7340
-7332
-7334
-7338
-7353
-7368
-7376
-7385
-7385
-7384
-7376
-7364
-7354
-7350
-7346
-7342
-7347
-7355
-7359
-7367
-7376
-7376
-7373
-7365
-7364
-7356
-7355
-7355
-7358
-7364
-7364
-7363
-7362
-7360
-7359
-7354
-7349
-7353
-7353
-7359
-7363
-7371
-7376
-7379
-7383
-7375
-7360
-7352
-7342
-7339
-7340
-7340
-7356
-7372
-7388
-7393
-7395
-7387
-7375
-7360
-7343
-7334
-7329
-7337
-7350
-7364
-7377
-7387
-7388
-7388
-7377
-7360
-7352
-7344
-7337
-7341
-7348
-7363
-7371
-7377
-7376
-7369
-7366
-7356
-7354
-7355
-7358
-7366
-7378
-7381
-7379
-7375
-7373
-7373
-7362
-7354
-7343
-7336
-7339
-7343
-7355
-7369
-7383
-7387
-7388
-7378
-7366
-7352
-7342
-7340
-7343
-7351
-7358
-7364
-7367
-7376
-7383
-7384
-7379
-7369
-7355
-7341
-7334
-7336
-7342
-7358
-7374
-7382
-7385
-7384
-7381
-7376
-7368
-7354
-7345
-7341
-7350
-7361
-7363
-7365
-7366
-7360
-7363
-7365
-7356
-7350
-7347
-7352
-7360
-7371
-7376
-7378
-7379
-7371
-7365
-7358
-7357
-7352
-7343
-7342
-7353
-7375
-7392
-7399
-7397
-7391
-7377
-7357
-7334
-7316
-7313
-7324
-7348
-7365
-7367
-7380
-7387
-7374
-7370
-7364
-7356
-7355
-7353
-7353
-7355
-7362
-7372
-7377
-7381
-7374
-7364
-7357
-7348
-7349
-7354
-7367
-7375
-7377
-7379
-7373
-7370
-7369
-7358
-7355
-7352
-7349
-7356
-7353
-7352
-7356
-7366
-7384
-7392
-7382
-7365
-7350
-7339
-7335
-7336
-7347
-7358
-7366
-7372
-7375
-7375
-7373
-7369
-7356
-7343
-7340
-7343
-7350
-7362
-7373
-7382
-7381
-7376
-7368
-7355
-7352
-7349
-7349
-7349
-7356
-7370
-7378
-7379
-7374
-7376
-7379
-7375
-7363
-7346
-7334
-7339
-7347
-7361
-7373
-7379
-7382
-7380
-7374
-7357
-7346
-7332
-7329
-7339
-7348
-7353
-7368
-7382
-7388
-7390
-7384
-7376
-7363
-7351
-7340
-7339
-7345
-7355
-7366
-7372
-7374
-7376
-7376
-7373
-7368
-7370
-7370
-7361
-7353
-7341
-7343
-7349
-7356
-7359
-7365
-7369
-7372
-7376
-7375
-7367
-7361
-7360
-7359
-7358
-7361
-7368
-7367
-7366
-7361
-7358
-7351
-7353
-7353
-7356
-7367
-7375
-7381
-7376
-7365
-7354
-7347
-7342
-7342
-7343
-7355
-7365
-7375
-7377
-7375
-7371
-7368
-7365
-7359
-7359
-7350
-7346
-7353
-7361
-7368
-7377
-7379
-7379
-7369
-7363
-7360
-7357
-7357
-7355
-7362
-7367
-7375
-7378
-7374
-7368
-7359
-7353
-7347
-7345
-7345
-7351
-7358
-7364
-7369
-7373
-7375
-7371
-7362
-7353
-7349
-7347
-7345
-7345
-7354
-7365
-7375
-7380
-7375
-7372
-7367
-7366
-7359
-7354
-7351
-7349
-7348
-7354
-7359
-7369
-7378
-7379
-7381
-7374
-7368
-7358
-7355
-7352
-7347
-7350
-7354
-7359
-7364
-7366
-7366
-7363
-7359
-7357
-7355
-7357
-7358
-7363
-7370
-7375
-7380
-7378
-7366
-7354
-7346
-7343
-7345
-7351
-7356
-7362
-7372
-7380
-7384
-7380
-7371
-7364
-7354
-7345
-7340
-7345
-7354
-7363
-7372
-7378
-7381
-7376
-7371
-7361
-7355
-7352
-7352
-7354
-7354
-7362
-7363
-7373
-7374
-7377
-7370
-7360
-7360
-7352
-7351
-7349
-7350
-7361
-7371
-7373
-7371
-7366
-7366
-7353
-7350
-7351
-7354
-7357
-7360
-7364
-7366
-7369
-7374
-7375
-7369
-7365
-7354
-7351
-7339
-7351
-7353
-7364
-7377
-7376
-7381
-7379
-7376
-7365
-7357
-7346
-7349
-7350
-7353
-7354
-7362
-7367
-7375
-7380
-7378
-7373
-7365
-7358
-7349
-7347
-7343
-7353
-7363
-7373
-7372
-7372
-7363
-7359
-7356
-7348
-7352
-7354
-7360
-7362
-7367
-7371
-7375
-7375
-7373
-7361
-7352
-7348
-7352
-7362
-7370
-7362
-7371
-7377
-7380
-7377
-7366
-7369
-7338
-7351
-7353
-7353
-7366
-7364
-7370
-7370
-7381
-7382
-7373
-7360
-7355
-7354
-7355
-7358
-7360
-7358
-7365
-7366
-7368
-7367
-7365
-7363
-7360
-7359
-7356
-7356
-7355
-7357
-7362
-7367
-7366
-7369
-7364
-7359
-7354
-7354
-7355
-7357
-7360
-7367
-7370
-7372
-7372
-7369
-7369
-7358
-7357
-7354
-7354
-7356
-7360
-7369
-7374
-7381
-7381
-7375
-7370
-7360
-7357
-7349
-7342
-7350
-7354
-7360
-7367
-7373
-7376
-7376
-7368
-7361
-7353
-7351
-7348
-7349
-7354
-7363
-7370
-7371
-7374
-7369
-7367
-7364
-7359
-7357
-7357
-7359
-7365
-7368
-7372
-7372
-7372
-7369
-7360
-7355
-7351
-7351
-7351
-7355
-7361
-7365
-7365
-7370
-7367
-7365
-7361
-7357
-7351
-7347
-7349
-7350
-7358
-7362
-7369
-7371
-7372
-7374
-7374
-7362
-7356
-7354
-7351
-7353
-7350
-7355
-7360
-7366
-7370
-7373
-7372
-7366
-7362
-7359
-7354
-7352
-7355
-7358
-7363
-7368
-7369
-7368
-7365
-7361
-7356
-7353
-7356
-7359
-7362
-7365
-7368
-7374
-7374
-7371
-7364
-7351
-7349
-7347
-7352
-7353
-7356
-7367
-7375
-7381
-7378
-7373
-7364
-7359
-7352
-7347
-7349
-7351
-7360
-7367
-7371
-7378
-7377
-7375
-7369
-7362
-7355
-7351
-7352
-7352
-7358
-7360
-7365
-7366
-7367
-7364
-7360
-7358
-7360
-7358
-7358
-7360
-7364
-7365
-7366
-7366
-7361
-7363
-7360
-7355
-7354
-7350
-7351
-7362
-7359
-7362
-7370
-7372
-7371
-7367
-7363
-7358
-7356
-7352
-7355
-7356
-7356
-7365
-7372
-7380
-7378
-7378
-7376
-7360
-7354
-7348
-7349
-7354
-7360
-7364
-7368
-7371
-7374
-7375
-7372
-7365
-7359
-7353
-7353
-7353
-7356
-7363
-7366
-7369
-7369
-7368
-7359
-7359
-7354
-7355
-7354
-7356
-7365
-7369
-7373
-7372
-7375
-7368
-7359
-7353
-7349
-7351
-7355
-7359
-7362
-7370
-7373
-7373
-7369
-7366
-7361
-7354
-7351
-7349
-7353
-7353
-7362
-7365
-7373
-7376
-7370
-7371
-7365
-7358
-7352
-7352
-7346
-7354
-7356
-7360
-7365
-7374
-7377
-7368
-7367
-7360
-7363
-7363
-7363
-7363
-7362
-7361
-7369
-7365
-7369
-7370
-7365
-7358
-7354
-7357
-7352
-7368
-7366
-7359
-7364
-7378
-7375
-7376
-7361
-7346
-7350
-7351
-7358
-7357
-7366
-7373
-7377
-7376
-7376
-7370
-7368
-7357
-7349
-7348
-7346
-7352
-7359
-7368
-7373
-7374
-7373
-7376
-7366
-7359
-7352
-7354
-7357
-7359
-7359
-7364
-7370
-7373
-7370
-7367
-7364
-7359
-7361
-7358
-7357
-7359
-7366
-7367
-7370
-7368
-7362
-7359
-7356
-7354
-7349
-7354
-7361
-7367
-7367
-7370
-7368
-7370
-7373
-7362
-7358
-7351
-7351
-7351
-7352
-7355
-7357
-7368
-7371
-7375
-7370
-7374
-7371
-7366
-7361
-7355
-7357
-7359
-7362
-7365
-7369
-7372
-7374
-7370
-7369
-7361
-7360
-7358
-7355
-7356
-7358
-7362
-7365
-7371
-7368
-7362
-7358
-7358
-7357
-7355
-7359
-7362
-7371
-7374
-7371
-7372
-7364
-7360
-7350
-7346
-7350
-7356
-7368
-7355
-7363
-7373
-7371
-7377
-7371
-7367
-7361
-7353
-7349
-7353
-7350
-7360
-7364
-7369
-7372
-7369
-7372
-7370
-7370
-7361
-7358
-7358
-7361
-7361
-7360
-7363
-7367
-7370
-7367
-7365
-7362
-7359
-7362
-7363
-7360
-7362
-7366
-7374
-7370
-7365
-7365
-7366
-7360
-7358
-7353
-7357
-7362
-7361
-7366
-7362
-7370
-7370
-7368
-7365
-7355
-7353
-7353
-7350
-7349
-7353
-7359
-7369
-7378
-7376
-7373
-7371
-7368
-7363
-7355
-7355
-7357
-7359
-7362
-7363
-7363
-7373
-7373
-7375
-7370
-7362
-7358
-7356
-7355
-7355
-7362
-7368
-7370
-7368
-7363
-7359
-7356
-7350
-7352
-7350
-7356
-7364
-7367
-7373
-7370
-7366
-7368
-7362
-7356
-7352
-7353
-7358
-7359
-7365
-7367
-7370
-7373
-7375
-7368
-7361
-7358
-7356
-7354
-7353
-7353
-7357
-7364
-7367
-7370
-7371
-7373
-7371
-7367
-7359
-7357
-7355
-7353
-7354
-7354
-7360
-7367
-7373
-7366
-7363
-7364
-7363
-7360
-7357
-7358
-7358
-7359
-7362
-7362
-7361
-7362
-7362
-7361
-7358
-7358
-7355
-7362
-7364
-7369
-7372
-7375
-7379
-7371
-7364
-7361
-7362
-7359
-7356
-7355
-7361
-7364
-7373
-7373
-7372
-7372
-7367
-7361
-7356
-7347
-7347
-7351
-7356
-7361
-7363
-7368
-7370
-7375
-7363
-7358
-7356
-7353
-7355
-7355
-7356
-7362
-7370
-7373
-7366
-7360
-7361
-7359
-7362
-7359
-7363
-7361
-7367
-7370
-7363
-7363
-7365
-7365
-7360
-7355
-7360
-7362
-7362
-7362
-7361
-7367
-7368
-7371
-7367
-7366
-7362
-7360
-7356
-7353
-7355
-7355
-7357
-7360
-7364
-7363
-7370
-7376
-7372
-7363
-7359
-7357
-7358
-7355
-7354
-7358
-7362
-7367
-7366
-7365
-7366
-7361
-7360
-7359
-7354
-7354
-7360
-7364
-7364
-7364
-7368
-7368
-7367
-7362
-7355
-7356
-7357
-7361
-7360
-7365
-7370
-7371
-7372
-7367
-7361
-7360
-7357
-7355
-7352
-7356
-7362
-7364
-7371
-7369
-7369
-7365
-7365
-7361
-7354
-7353
-7355
-7362
-7364
-7366
-7367
-7368
-7371
-7371
-7363
-7361
-7358
-7360
-7359
-7353
-7358
-7361
-7366
-7366
-7361
-7365
-7365
-7366
-7363
-7359
-7361
-7364
-7369
-7365
-7367
-7367
-7365
-7367
-7364
-7357
-7358
-7361
-7362
-7361
-7363
-7366
-7368
-7375
-7369
-7365
-7362
-7359
-7355
-7351
-7353
-7355
-7361
-7365
-7364
-7364
-7369
-7369
-7368
-7359
-7359
-7356
-7356
-7361
-7356
-7360
-7362
-7369
-7372
-7368
-7365
-7362
-7360
-7356
-7355
-7356
-7361
-7367
-7366
-7364
-7363
-7362
-7363
-7360
-7355
-7358
-7362
-7366
-7365
-7366
-7371
-7374
-7371
-7369
-7365
-7360
-7361
-7361
-7358
-7359
-7365
-7368
-7371
-7368
-7369
-7363
-7365
-7365
-7359
-7360
-7359
-7361
-7361
-7362
-7362
-7368
-7370
-7367
-7366
-7362
-7361
-7362
-7360
-7359
-7358
-7360
-7362
-7365
-7364
-7362
-7366
-7363
-7359
-7357
-7355
-7359
-7362
-7361
-7363
-7363
-7367
-7364
-7364
-7364
-7361
-7361
-7362
-7361
-7362
-7364
-7369
-7370
-7370
-7368
-7362
-7365
-7358
-7355
-7355
-7358
-7360
-7367
-7366
-7368
-7372
-7368
-7368
-7356
-7355
-7353
-7359
-7362
-7362
-7361
-7365
-7373
-7371
-7365
-7361
-7359
-7357
-7356
-7357
-7361
-7366
-7368
-7361
-7364
-7365
-7364
-7365
-7360
-7358
-7359
-7362
-7362
-7365
-7363
-7366
-7365
-7365
-7363
-7357
-7362
-7356
-7357
-7358
-7360
-7364
-7367
-7369
-7367
-7366
-7365
-7364
-7364
-7357
-7349
-7353
-7360
-7356
-7370
-7365
-7369
-7380
-7368
-7368
-7348
-7356
-7356
-7359
-7368
-7359
-7370
-7368
-7364
-7369
-7358
-7364
-7365
-7363
-7367
-7360
-7361
-7359
-7366
-7363
-7366
-7368
-7369
-7368
-7364
-7350
-7349
-7360
-7366
-7367
-7359
-7368
-7367
-7371
-7360
-7351
-7357
-7355
-7352
-7357
-7364
-7360
-7360
-7370
-7373
-7373
-7369
-7363
-7360
-7354
-7353
-7355
-7358
-7360
-7361
-7363
-7367
-7364
-7365
-7366
-7360
-7361
-7362
-7364
-7362
-7360
-7361
-7367
-7365
-7364
-7365
-7359
-7360
-7358
-7360
-7359
-7361
-7366
-7364
-7368
-7368
-7369
-7362
-7363
-7361
-7358
-7360
-7357
-7363
-7360
-7364
-7365
-7364
-7369
-7363
-7359
-7357
-7357
-7353
-7353
-7361
-7362
-7364
-7364
-7367
-7370
-7366
-7366
-7361
-7358
-7359
-7356
-7360
-7362
-7366
-7366
-7368
-7368
-7362
-7362
-7361
-7359
-7361
-7359
-7360
-7363
-7364
-7368
-7366
-7364
-7361
-7360
-7358
-7357
-7354
-7358
-7360
-7361
-7366
-7361
-7363
-7366
-7363
-7360
-7358
-7357
-7362
-7361
-7362
-7363
-7365
-7368
-7367
-7368
-7366
-7361
-7360
-7361
-7361
-7359
-7358
-7362
-7364
-7364
-7363
-7365
-7362
-7362
-7361
-7362
-7361
-7356
-7363
-7361
-7364
-7362
-7366
-7363
-7363
-7363
-7359
-7360
-7356
-7361
-7359
-7365
-7364
-7366
-7366
-7363
-7362
-7363
-7357
-7358
-7357
-7359
-7368
-7364
-7372
-7369
-7369
-7368
-7365
-7362
-7361
-7356
-7359
-7360
-7365
-7368
-7367
-7370
-7367
-7371
-7363
-7358
-7357
-7357
-7357
-7361
-7365
-7364
-7365
-7364
-7364
-7360
-7360
-7360
-7359
-7363
-7360
-7362
-7363
-7365
-7365
-7360
-7361
-7363
-7359
-7360
-7359
-7360
-7363
-7361
-7365
-7368
-7369
-7366
-7367
-7365
-7367
-7363
-7363
-7363
-7364
-7364
-7364
-7364
-7367
-7370
-7370
-7369
-7363
-7367
-7361
-7359
-7359
-7362
-7362
-7361
-7362
-7365
-7364
-7367
-7366
-7364
-7365
-7360
-7357
-7355
-7363
-7362
-7362
-7363
-7367
-7367
-7360
-7356
-7357
-7353
-7355
-7366
-7359
-7362
-7366
-7367
-7368
-7364
-7362
-7362
-7363
-7359
-7359
-7363
-7366
-7370
-7370
-7369
-7365
-7364
-7362
-7362
-7357
-7355
-7355
-7359
-7361
-7364
-7370
-7366
-7367
-7368
-7367
-7364
-7362
-7362
-7360
-7362
-7362
-7361
-7365
-7365
-7364
-7362
-7360
-7361
-7360
-7362
-7361
-7361
-7361
-7362
-7362
-7360
-7363
-7361
-7360
-7361
-7358
-7360
-7361
-7361
-7363
-7364
-7366
-7368
-7368
-7365
-7363
-7359
-7354
-7357
-7357
-7357
-7362
-7367
-7367
-7364
-7370
-7371
-7368
-7361
-7360
-7358
-7357
-7357
-7359
-7365
-7362
-7365
-7363
-7367
-7363
-7360
-7362
-7359
-7358
-7358
-7357
-7360
-7367
-7364
-7363
-7364
-7363
-7362
-7357
-7356
-7358
-7362
-7365
-7367
-7367
-7366
-7369
-7365
-7360
-7360
-7360
-7359
-7364
-7363
-7360
-7364
-7366
-7368
-7367
-7367
-7362
-7362
-7362
-7359
-7357
-7361
-7367
-7362
-7365
-7365
-7363
-7364
-7365
-7360
-7361
-7365
-7360
-7358
-7358
-7360
-7361
-7361
-7362
-7363
-7357
-7359
-7361
-7362
-7363
-7361
-7359
-7364
-7364
-7362
-7364
-7363
-7361
-7359
-7360
-7356
-7356
-7357
-7360
-7360
-7363
-7365
-7362
-7361
-7362
-7357
-7355
-7359
-7359
-7357
-7359
-7366
-7369
-7368
-7366
-7364
-7360
-7362
-7362
-7357
-7356
-7356
-7361
-7360
-7366
-7364
-7363
-7362
-7352
-7358
-7357
-7363
-7370
-7369
-7367
-7365
-7363
-7365
-7362
-7360
-7363
-7351
-7351
-7364
-7364
-7360
-7363
-7369
-7367
-7370
-7377
-7369
-7365
-7356
-7356
-7358
-7359
-7362
-7362
-7366
-7368
-7366
-7365
-7361
-7358
-7361
-7358
-7362
-7362
-7357
-7360
-7359
-7365
-7367
-7366
-7364
-7358
-7361
-7358
-7360
-7360
-7360
-7363
-7366
-7368
-7367
-7368
-7365
-7363
-7358
-7357
-7356
-7358
-7359
-7361
-7365
-7367
-7366
-7364
-7366
-7366
-7360
-7358
-7361
-7358
-7360
-7364
-7368
-7370
-7365
-7365
-7360
-7359
-7360
-7355
-7360
-7361
-7363
-7365
-7366
-7365
-7363
-7366
-7366
-7364
-7357
-7357
-7357
-7358
-7362
-7364
-7363
-7366
-7366
-7365
-7363
-7364
-7364
-7360
-7365
-7365
-7365
-7368
-7369
-7371
-7369
-7364
-7362
-7363
-7361
-7360
-7361
-7363
-7362
-7369
-7368
-7366
-7365
-7359
-7362
-7358
-7357
-7359
-7359
-7359
-7358
-7362
-7367
-7365
-7366
-7367
-7365
-7360
-7358
-7361
-7358
-7357
-7360
-7363
-7365
-7364
-7368
-7366
-7364
-7365
-7362
-7359
-7357
-7360
-7360
-7361
-7361
-7364
-7369
-7364
-7365
-7365
-7363
-7364
-7366
-7367
-7368
-7371
-7367
-7365
-7369
-7368
-7363
-7361
-7360
-7362
-7362
-7360
-7363
-7368
-7369
-7365
-7369
-7366
-7360
-7358
-7359
-7357
-7355
-7361
-7363
-7362
-7360
-7365
-7367
-7362
-7363
-7362
-7361
-7358
-7361
-7361
-7365
-7363
-7364
-7365
-7359
-7366
-7361
-7363
-7361
-7362
-7362
-7358
-7360
-7359
-7362
-7360
-7361
-7361
-7361
-7359
-7361
-7356
-7359
-7358
-7359
-7364
-7359
-7363
-7363
-7363
-7360
-7359
-7357
-7359
-7358
-7362
-7361
-7363
-7370
-7370
-7370
-7364
-7366
-7358
-7359
-7357
-7355
-7361
-7361
-7361
-7364
-7362
-7364
-7365
-7361
-7362
-7357
-7357
-7357
-7358
-7359
-7360
-7364
-7363
-7359
-7367
-7359
-7361
-7362
-7361
-7363
-7359
-7366
-7364
-7366
-7364
-7361
-7361
-7363
-7360
-7362
-7358
-7361
-7361
-7362
-7365
-7361
-7364
-7361
-7364
-7361
-7359
-7359
-7360
-7360
-7361
-7361
-7366
-7365
-7366
-7363
-7365
-7367
-7361
-7361
-7358
-7361
-7361
-7364
-7360
-7359
-7362
-7363
-7361
-7360
-7363
-7360
-7362
-7362
-7361
-7362
-7363
-7366
-7368
-7362
-7363
-7364
-7361
-7362
-7359
-7359
-7361
-7367
-7366
-7364
-7366
-7363
-7362
-7361
-7358
-7359
-7361
-7359
-7365
-7365
-7366
-7369
-7366
-7368
-7364
-7361
-7360
-7356
-7360
-7357
-7357
-7366
-7365
-7366
-7362
-7364
-7370
-7363
-7358
-7358
-7364
-7365
-7364
-7364
-7364
-7363
-7365
-7363
-7363
-7362
-7362
-7365
-7362
-7361
-7361
-7364
-7366
-7366
-7365
-7362
-7362
-7360
-7361
-7363
-7361
-7362
-7362
-7363
-7364
-7362
-7361
-7364
-7362
-7361
-7358
-7359
-7361
-7360
-7364
-7362
-7366
-7368
-7366
-7366
-7365
-7366
-7365
-7356
-7360
-7359
-7359
-7364
-7360
-7360
-7362
-7362
-7364
-7366
-7363
-7360
-7362
-7362
-7360
-7360
-7360
-7364
-7363
-7366
-7364
-7363
-7361
-7361
-7359
-7359
-7361
-7364
-7366
-7363
-7366
-7361
-7363
-7359
-7357
-7359
-7358
-7363
-7363
-7361
-7362
-7366
-7366
-7365
-7363
-7358
-7362
-7365
-7364
-7361
-7361
-7366
-7365
-7366
-7366
-7365
-7361
-7364
-7365
-7360
-7361
-7359
-7361
-7363
-7363
-7365
-7364
-7364
-7362
-7361
-7361
-7361
-7359
-7360
-7357
-7361
-7362
-7360
-7363
-7360
-7360
-7362
-7364
-7360
-7360
-7360
-7365
-7367
-7368
-7366
-7367
-7366
-7364
-7363
-7359
-7362
-7363
-7365
-7365
-7369
-7365
-7366
-7365
-7366
-7365
-7363
-7361
-7358
-7361
-7360
-7359
-7360
-7360
-7362
-7361
-7363
-7365
-7361
-7362
-7359
-7363
-7362
-7360
-7363
-7366
-7368
-7365
-7365
-7365
-7363
-7364
-7364
-7363
-7366
-7364
-7363
-7365
-7364
-7366
-7368
-7361
-7359
-7358
-7360
-7360
-7363
-7363
-7362
-7366
-7363
-7363
-7363
-7358
-7360
-7366
-7361
-7365
-7362
-7364
-7367
-7366
-7367
-7366
-7364
-7363
-7362
-7360
-7362
-7360
-7361
-7361
-7361
-7360
-7364
-7364
-7363
-7362
-7360
-7361
-7366
-7362
-7362
-7363
-7362
-7364
-7363
-7363
-7361
-7363
-7360
-7357
-7357
-7360
-7361
-7364
-7362
-7361
-7363
-7362
-7363
-7360
-7360
-7360
-7362
-7358
-7357
-7363
-7365
-7365
-7363
-7361
-7361
-7361
-7363
-7361
-7361
-7364
-7365
-7366
-7364
-7364
-7365
-7362
-7359
-7356
-7358
-7357
-7357
-7361
-7358
-7359
-7361
-7365
-7364
-7364
-7364
-7366
-7364
-7361
-7363
-7361
-7360
-7363
-7365
-7362
-7362
-7362
-7363
-7361
-7361
-7362
-7364
-7364
-7363
-7363
-7360
-7366
-7366
-7366
-7365
-7360
-7363
-7360
-7357
-7361
-7366
-7364
-7364
-7366
-7361
-7362
-7360
-7364
-7362
-7356
-7359
-7362
-7358
-7355
-7364
-7364
-7368
-7369
-7363
-7365
-7363
-7361
-7359
-7360
-7362
-7364
-7364
-7362
-7363
-7366
-7363
-7362
-7363
-7361
-7358
-7356
-7366
-7365
-7368
-7363
-7361
-7363
-7363
-7360
-7360
-7361
-7360
-7362
-7361
-7367
-7366
-7366
-7365
-7364
-7363
-7364
-7361
-7360
-7356
-7361
-7363
-7364
-7362
-7356
-7361
-7356
-7359
-7360
-7362
-7362
-7362
-7362
-7364
-7367
-7366
-7369
-7363
-7360
-7359
-7362
-7364
-7360
-7359
-7361
-7361
-7363
-7366
-7364
-7359
-7363
-7364
-7363
-7358
-7355
-7360
-7363
-7363
-7363
-7367
-7363
-7364
-7364
-7362
-7366
-7360
-7358
-7362
-7360
-7362
-7366
-7367
-7361
-7360
-7361
-7363
-7364
-7359
-7360
-7359
-7361
-7363
-7362
-7357
-7358
-7367
-7363
-7359
-7358
-7357
-7361
-7364
-7363
-7362
-7365
-7367
-7368
-7366
-7364
-7363
-7360
-7360
-7364
-7363
-7366
-7366
-7369
-7368
-7355
-7358
-7362
-7363
-7357
-7358
-7363
-7362
-7362
-7363
-7363
-7363
-7363
-7365
-7364
-7361
-7361
-7360
-7360
-7361
-7361
-7361
-7363
-7364
-7362
-7365
-7361
-7363
-7366
-7363
-7362
-7360
-7369
-7359
-7363
-7365
-7364
-7369
-7367
-7369
-7363
-7362
-7361
-7361
-7364
-7363
-7363
-7361
-7361
-7359
-7352
-7359
-7359
-7358
-7360
-7360
-7361
-7363
-7365
-7365
-7364
-7364
-7364
-7363
-7364
-7355
-7361
-7363
-7362
-7364
-7364
-7367
-7368
-7368
-7364
-7365
-7364
-7365
-7364
-7362
-7361
-7362
-7361
-7361
-7362
-7367
-7368
-7364
-7363
-7363
-7362
-7365
-7365
-7361
-7365
-7361
-7360
-7361
-7360
-7358
-7358
-7358
-7361
-7360
-7361
-7363
-7366
-7369
-7368
-7366
-7364
-7363
-7360
-7365
-7362
-7364
-7368
-7369
-7370
-7372
-7368
-7367
-7364
-7361
-7362
-7359
-7359
-7356
-7357
-7362
-7363
-7361
-7363
-7361
-7364
-7364
-7361
-7359
-7360
-7361
-7364
-7364
-7360
-7365
-7366
-7369
-7364
-7363
-7361
-7365
-7364
-7362
-7361
-7356
-7363
-7363
-7361
-7362
-7364
-7361
-7363
-7363
-7357
-7358
-7362
-7357
-7362
-7364
-7365
-7364
-7363
-7366
-7364
-7365
-7364
-7367
-7362
-7363
-7365
-7366
-7361
-7362
-7361
-7354
-7362
-7360
-7365
-7362
-7362
-7367
-7367
-7364
-7364
-7367
-7364
-7363
-7360
-7361
-7359
-7360
-7362
-7364
-7363
-7363
-7363
-7364
-7360
-7357
-7358
-7358
-7362
-7359
-7366
-7361
-7361
-7359
-7361
-7367
-7363
-7361
-7357
-7363
-7361
-7363
-7370
-7369
-7367
-7366
-7368
-7370
-7364
-7362
-7366
-7363
-7357
-7360
-7359
-7364
-7366
-7363
-7363
-7363
-7364
-7360
-7363
-7361
-7362
-7366
-7362
-7364
-7364
-7361
-7365
-7362
-7364
-7362
-7362
-7362
-7358
-7358
-7356
-7359
-7361
-7360
-7362
-7360
-7359
-7363
-7358
-7360
-7360
-7361
-7363
-7364
-7362
-7361
-7363
-7360
-7359
-7359
-7361
-7360
-7361
-7361
-7361
-7359
-7363
-7360
-7362
-7363
-7362
-7363
-7362
-7364
-7358
-7359
-7366
-7365
-7363
-7363
-7364
-7364
-7362
-7360
-7361
-7361
-7365
-7364
-7361
-7365
-7361
-7368
-7361
-7363
-7362
-7358
-7360
-7361
-7360
-7362
-7366
-7362
-7364
-7360
-7360
-7359
-7364
-7361
-7360
-7361
-7360
-7360
-7367
-7362
-7361
-7364
-7364
-7365
-7360
-7364
-7359
-7361
-7361
-7361
-7361
-7362
-7365
-7365
-7360
-7368
-7362
-7357
-7361
-7361
-7365
-7364
-7364
-7363
-7363
-7363
-7363
-7360
-7363
-7361
-7362
-7359
-7362
-7362
-7362
-7361
-7361
-7363
-7355
-7359
-7361
-7363
-7361
-7362
-7360
-7364
-7364
-7364
-7364
-7360
-7360
-7361
-7364
-7364
-7361
-7359
-7362
-7360
-7360
-7360
-7363
-7363
-7363
-7362
-7362
-7362
-7359
-7361
-7360
-7361
-7361
-7361
-7363
-7361
-7365
-7366
-7363
-7362
-7362
-7361
-7362
-7363
-7363
-7366
-7366
-7366
-7363
-7360
-7363
-7361
-7360
-7361
-7365
-7364
-7362
-7362
-7362
-7362
-7361
-7360
-7362
-7359
-7358
-7360
-7364
-7364
-7363
-7368
-7367
-7366
-7365
-7365
-7363
-7362
-7362
-7358
-7360
-7361
-7365
-7367
-7364
-7364
-7362
-7363
-7359
-7362
-7362
-7358
-7365
-7367
-7366
-7366
-7365
-7361
-7361
-7362
-7364
-7363
-7362
-7363
-7364
-7361
-7362
-7362
-7364
-7368
-7369
-7368
-7370
-7361
-7353
-7365
-7363
-7364
-7362
-7364
-7367
-7364
-7364
-7362
-7366
-7362
-7361
-7363
-7366
-7363
-7363
-7363
-7359
-7361
-7362
-7364
-7366
-7361
-7359
-7356
-7359
-7359
-7362
-7365
-7362
-7363
-7360
-7366
-7361
-7362
-7364
-7361
-7365
-7365
-7363
-7365
-7366
-7362
-7368
-7363
-7364
-7363
-7361
-7365
-7363
-7363
-7361
-7365
-7366
-7368
-7367
-7362
-7362
-7363
-7361
-7362
-7362
-7363
-7365
-7363
-7364
-7359
-7361
-7359
-7363
-7361
-7358
-7362
-7360
-7363
-7363
-7362
-7359
-7363
-7366
-7358
-7357
-7363
-7363
-7361
-7364
-7362
-7364
-7363
-7365
-7365
-7364
-7367
-7368
-7367
-7363
-7365
-7364
-7363
-7361
-7361
-7360
-7362
-7363
-7365
-7364
-7362
-7362
-7357
-7362
-7360
-7364
-7364
-7361
-7365
-7361
-7366
-7363
-7358
-7363
-7364
-7364
-7365
-7364
-7364
-7364
-7367
-7366
-7363
-7360
-7364
-7362
-7358
-7360
-7363
-7364
-7364
-7364
-7360
-7364
-7360
-7360
-7361
-7360
-7360
-7361
-7360
-7358
-7360
-7360
-7359
-7359
-7359
-7361
-7362
-7362
-7364
-7364
-7364
-7362
-7364
-7366
-7363
-7362
-7360
-7363
-7365
-7363
-7361
-7359
-7362
-7365
-7360
-7360
-7361
-7360
-7361
-7359
-7360
-7359
-7361
-7361
-7360
-7360
-7362
-7362
-7363
-7362
-7359
-7359
-7358
-7361
-7359
-7363
-7362
-7364
-7366
-7362
-7359
-7359
-7362
-7361
-7358
-7361
-7361
-7359
-7363
-7363
-7363
-7362
-7366
-7366
-7364
-7361
-7362
-7364
-7361
-7360
-7362
-7363
-7364
-7365
-7365
-7363
-7361
-7364
-7361
-7363
-7362
-7361
-7363
-7365
-7366
-7365
-7364
-7366
-7363
-7364
-7365
-7364
-7366
-7362
-7364
-7363
-7364
-7365
-7364
-7360
-7362
-7362
-7364
-7362
-7361
-7363
-7362
-7362
-7361
-7358
-7356
-7359
-7362
-7362
-7360
-7361
-7362
-7357
-7359
-7362
-7361
-7362
-7365
-7365
-7360
-7362
-7362
-7362
-7363
-7366
-7364
-7366
-7361
-7360
-7365
-7364
-7363
-7359
-7363
-7362
-7361
-7364
-7363
-7363
-7364
-7363
-7365
-7365
-7362
-7361
-7363
-7362
-7363
-7362
-7365
-7361
-7361
-7364
-7360
-7362
-7360
-7362
-7358
-7360
-7359
-7364
-7366
-7360
-7362
-7362
-7362
-7361
-7362
-7361
-7362
-7361
-7362
-7360
-7359
-7365
-7367
-7365
-7365
-7361
-7364
-7364
-7365
-7362
-7361
-7365
-7360
-7363
-7362
-7361
-7362
-7362
-7361
-7358
-7359
-7361
-7358
-7364
-7361
-7362
-7363
-7361
-7364
-7363
-7366
-7366
-7366
-7364
-7361
-7363
-7362
-7361
-7362
-7363
-7364
-7365
-7367
-7363
-7363
-7365
-7365
-7359
-7364
-7358
-7357
-7365
-7365
-7364
-7359
-7361
-7363
-7368
-7365
-7365
-7366
-7367
-7368
-7364
-7361
-7363
-7362
-7364
-7364
-7364
-7363
-7364
-7365
-7365
-7366
-7362
-7367
-7362
-7361
-7358
-7360
-7361
-7360
-7361
-7361
-7364
-7363
-7364
-7363
-7360
-7360
-7362
-7362
-7361
-7362
-7362
-7364
-7366
-7362
-7364
-7364
-7365
-7361
-7362
-7360
-7364
-7367
-7366
-7365
-7363
-7368
-7366
-7368
-7364
-7364
-7363
-7363
-7366
-7364
-7367
-7368
-7366
-7361
-7361
-7360
-7361
-7365
-7362
-7363
-7361
-7363
-7364
-7363
-7362
-7362
-7364
-7368
-7369
-7365
-7366
-7361
-7363
-7363
-7362
-7363
-7361
-7363
-7364
-7362
-7362
-7361
-7359
-7362
-7361
-7361
-7363
-7365
-7362
-7365
-7364
-7363
-7362
-7364
-7363
-7361
-7363
-7360
-7357
-7360
-7366
-7362
-7361
-7359
-7360
-7363
-7362
-7360
-7366
-7364
-7370
-7367
-7364
-7366
-7366
-7366
-7364
-7367
-7361
-7363
-7362
-7364
-7360
-7364
-7363
-7358
-7362
-7360
-7362
-7361
-7362
-7359
-7358
-7362
-7364
-7364
-7361
-7361
-7364
-7362
-7365
-7363
-7361
-7361
-7362
-7362
-7359
-7359
-7363
-7364
-7363
-7358
-7359
-7363
-7361
-7364
-7363
-7362
-7361
-7365
-7365
-7365
-7363
-7363
-7366
-7364
-7363
-7363
-7365
-7363
-7363
-7359
-7366
-7364
-7360
-7359
-7355
-7358
-7361
-7365
-7359
-7360
-7357
-7355
-7358
-7363
-7359
-7364
-7370
-7365
-7362
-7360
-7363
-7357
-7364
-7367
-7364
-7366
-7363
-7365
-7365
-7362
-7369
-7372
-7369
-7362
-7360
-7360
-7364
-7362
-7361
-7360
-7362
-7364
-7363
-7363
-7357
-7363
-7363
-7365
-7363
-7359
-7360
-7358
-7361
-7359
-7360
-7361
-7363
-7363
-7361
-7359
-7363
-7365
-7361
-7361
-7360
-7363
-7363
-7361
-7362
-7364
-7363
-7364
-7357
-7365
-7364
-7363
-7366
-7361
-7361
-7361
-7362
-7361
-7365
-7364
-7365
-7363
-7359
-7356
-7358
-7359
-7362
-7359
-7361
-7362
-7358
-7361
-7360
-7361
-7362
-7361
-7364
-7365
-7364
-7364
-7363
-7368
-7360
-7362
-7364
-7362
-7364
-7365
-7359
-7358
-7358
-7361
-7361
-7359
-7360
-7355
-7365
-7358
-7358
-7362
-7359
-7366
-7368
-7365
-7365
-7363
-7368
-7366
-7365
-7365
-7361
-7364
-7359
-7365
-7365
-7361
-7364
-7362
-7362
-7363
-7359
-7361
-7357
-7358
-7357
-7363
-7363
-7358
-7361
-7363
-7366
-7362
-7363
-7361
-7360
-7358
-7365
-7364
-7363
-7364
-7365
-7363
-7359
-7359
-7363
-7361
-7362
-7363
-7361
-7363
-7359
-7360
-7363
-7365
-7366
-7366
-7365
-7367
-7359
-7364
-7364
-7361
-7363
-7365
-7369
-7361
-7359
-7358
-7369
-7364
-7359
-7362
-7360
-7363
-7362
-7365
-7362
-7362
-7363
-7363
-7363
-7361
-7360
-7359
-7364
-7359
-7363
-7365
-7368
-7365
-7362
-7364
-7362
-7366
-7363
-7359
-7364
-7363
-7365
-7365
-7359
-7362
-7364
-7371
-7367
-7364
-7358
-7363
-7363
-7364
-7367
-7361
-7365
-7364
-7366
-7361
-7363
-7363
-7364
-7362
-7359
-7361
-7359
-7362
-7362
-7363
-7362
-7360
-7364
-7361
-7360
-7363
-7362
-7364
-7361
-7361
-7364
-7362
-7366
-7363
-7363
-7368
-7366
-7367
-7360
-7362
-7369
-7365
-7365
-7364
-7363
-7364
-7366
-7365
-7366
-7367
-7360
-7362
-7360
-7361
-7359
-7364
-7367
-7365
-7368
-7365
-7366
-7365
-7367
-7366
-7367
-7368
-7364
-7362
-7361
-7360
-7361
-7364
-7359
-7359
-7359
-7361
-7363
-7359
-7361
-7361
-7361
-7362
-7363
-7363
-7363
-7364
-7364
-7360
-7360
-7361
-7363
-7361
-7361
-7362
-7365
-7362
-7359
-7358
-7357
-7364
-7362
-7360
-7359
-7361
-7361
-7365
-7366
-7365
-7367
-7366
-7365
-7360
-7359
-7359
-7361
-7361
-7360
-7361
-7361
-7363
-7363
-7361
-7361
-7361
-7364
-7363
-7361
-7362
-7362
-7363
-7363
-7362
-7362
-7359
-7366
-7366
-7359
-7360
-7362
-7363
-7362
-7363
-7363
-7364
-7362
-7363
-7364
-7360
-7365
-7365
-7365
-7362
-7359
-7363
-7364
-7364
-7361
-7362
-7366
-7361
-7358
-7360
-7360
-7361
-7364
-7361
-7358
-7357
-7359
-7361
-7360
-7362
-7367
-7369
-7367
-7367
-7364
-7362
-7368
-7367
-7365
-7363
-7365
-7363
-7363
-7363
-7361
-7368
-7364
-7365
-7359
-7355
-7361
-7361
-7365
-7360
-7358
-7361
-7362
-7361
-7363
-7365
-7365
-7363
-7364
-7356
-7359
-7364
-7363
-7364
-7360
-7361
-7363
-7360
-7361
-7359
-7361
-7365
-7362
-7365
-7360
-7362
-7361
-7358
-7362
-7361
-7363
-7366
-7363
-7359
-7358
-7362
-7364
-7363
-7360
-7362
-7365
-7364
-7363
-7359
-7361
-7360
-7363
-7363
-7361
-7360
-7363
-7363
-7362
-7363
-7363
-7366
-7366
-7366
-7359
-7360
-7362
-7361
-7362
-7361
-7361
-7363
-7364
-7360
-7360
-7358
-7362
-7364
-7362
-7362
-7363
-7365
-7360
-7363
-7363
-7362
-7366
-7362
-7363
-7362
-7362
-7365
-7360
-7358
-7362
-7364
-7367
-7364
-7362
-7361
-7358
-7363
-7362
-7363
-7363
-7367
-7366
-7362
-7363
-7361
-7360
-7364
-7362
-7362
-7365
-7362
-7363
-7358
-7360
-7362
-7364
-7366
-7362
-7362
-7363
-7362
-7363
-7361
-7363
-7362
-7362
-7365
-7360
-7359
-7359
-7362
-7364
-7362
-7362
-7363
-7364
-7362
-7359
-7361
-7363
-7363
-7364
-7360
-7363
-7363
-7363
-7362
-7360
-7364
-7363
-7368
-7366
-7363
-7361
-7365
-7364
-7360
-7359
-7365
-7367
-7364
-7364
-7362
-7360
-7361
-7365
-7363
-7363
-7363
-7363
-7359
-7358
-7357
-7360
-7367
-7366
-7367
-7364
-7361
-7364
-7366
-7365
-7366
-7365
-7365
-7363
-7363
-7362
