02091638.PTO
COBZ
2012/02/09 16:38:11.0099
100.0000 m/s  
7695 muestras
-7177
-7228
-7382
-7448
-7254
-7351
-7332
-7417
-7481
-7385
-7488
-7402
-7572
-7439
-7235
-7221
-7372
-7397
-7299
-7590
-7633
-7196
-7606
-7484
-7132
-7284
-7507
-7417
-7176
-7428
-7484
-7452
-7326
-7420
-7577
-7250
-7376
-7558
-7093
-7439
-7535
-7606
-7820
-7489
-7560
-7350
-7312
-7408
-7383
-7447
-7316
-7328
-7300
-7429
-7455
-7299
-7327
-7281
-7469
-7463
-7251
-7518
-7550
-7401
-7418
-7492
-7472
-7315
-7272
-7583
-7581
-7500
-7536
-7146
-7278
-7202
-7327
-7560
-7138
-7460
-7656
-7394
-7378
-7475
-7572
-7360
-7268
-7412
-7364
-7493
-7131
-7181
-7336
-7187
-7649
-7098
-7234
-7415
-7074
-7396
-7338
-7382
-7286
-7267
-7442
-7194
-7423
-7477
-7376
-7180
-7223
-7442
-7299
-7598
-7637
-7502
-7335
-7386
-7224
-7184
-7324
-7358
-7206
-7450
-7433
-7312
-7342
-7286
-7164
-7184
-7420
-7418
-7538
-7284
-7171
-7018
-7438
-7031
-7095
-7397
-7209
-7121
-6930
-7367
-7182
-6956
-7120
-7027
-6850
-7206
-7170
-7065
-7186
-7076
-7242
-7175
-7151
-7362
-7020
-6908
-6872
-6995
-7051
-7055
-7222
-6993
-7056
-7094
-7183
-7389
-7289
-7312
-7057
-7050
-7088
-7091
-7100
-7070
-7152
-7227
-7337
-7291
-7142
-7028
-7090
-6926
-7119
-7062
-7202
-7117
-7150
-7262
-7129
-7193
-7037
-7084
-7198
-6965
-7077
-7172
-7008
-7268
-7201
-7220
-7065
-6998
-7240
-7282
-7189
-7187
-7023
-7223
-7226
-7054
-6956
-7113
-7093
-6937
-7065
-6951
-7048
-7124
-7231
-7323
-7315
-7432
-7417
-7263
-7254
-7227
-7384
-7185
-7524
-7390
-7210
-7287
-7220
-7237
-7074
-7268
-7307
-7216
-6939
-7166
-7285
-7351
-7305
-7464
-7404
-7208
-7352
-7168
-7459
-7617
-7343
-7316
-7563
-7422
-7258
-7579
-7555
-7327
-7481
-7419
-7302
-7247
-7294
-7680
-7357
-7371
-7395
-7155
-7539
-7360
-7547
-7621
-7472
-7583
-7304
-7505
-7638
-7202
-7273
-7511
-7489
-7361
-7321
-7484
-7285
-7381
-7355
-7248
-7343
-7366
-7574
-7613
-7224
-7560
-7532
-7225
-7678
-7467
-7625
-7448
-7521
-7448
-7358
-7625
-7189
-7374
-7583
-7369
-7494
-7466
-7547
-7284
-7133
-7395
-7074
-7609
-7530
-7444
-7564
-7222
-7514
-7623
-7292
-7480
-7276
-7170
-7479
-7401
-7422
-7370
-7474
-7183
-7128
-7423
-7436
-7252
-7471
-7572
-7258
-7403
-7670
-7436
-7361
-7204
-7367
-7495
-7363
-7556
-7503
-7230
-7319
-7443
-7511
-7442
-7505
-7653
-7164
-7506
-7542
-7294
-7275
-7440
-7454
-7555
-7397
-7318
-7435
-7437
-7486
-7179
-7289
-7216
-7487
-7552
-7474
-7584
-7368
-7212
-7337
-7312
-7444
-7574
-7493
-7147
-7438
-7829
-7106
-7151
-7349
-7017
-7246
-7416
-7470
-7349
-7203
-7427
-7164
-7148
-7347
-6928
-7201
-7494
-6966
-7204
-7276
-7057
-7160
-7098
-7296
-7404
-7270
-7100
-6875
-7073
-7068
-7138
-7250
-7344
-7283
-7113
-7276
-7073
-7055
-7190
-7143
-7273
-7266
-7103
-7239
-7219
-7289
-7276
-7331
-7239
-6914
-7087
-6967
-7079
-7369
-7048
-7329
-7135
-6896
-7445
-7097
-6740
-7107
-7243
-7300
-7100
-7306
-6954
-6834
-7048
-6772
-7353
-6933
-7015
-7091
-7191
-7188
-7011
-7143
-7402
-6829
-6957
-7563
-7090
-7223
-6823
-7147
-7020
-6972
-7193
-7143
-6887
-7105
-7146
-6912
-7185
-6799
-7056
-6728
-6647
-7369
-6849
-6934
-7223
-7301
-7129
-6842
-7094
-6765
-6869
-6920
-6993
-6753
-6899
-7047
-6782
-6841
-7115
-7202
-6936
-6894
-6751
-6877
-6766
-7255
-7080
-6530
-6790
-6975
-7064
-7088
-7130
-6950
-6780
-7021
-7087
-7135
-7232
-6777
-7320
-7023
-6682
-7170
-6863
-6814
-7085
-6852
-7073
-7250
-7034
-7097
-6907
-7048
-6871
-7234
-6908
-6765
-7118
-6764
-6810
-6973
-6896
-6575
-6489
-6862
-7005
-6774
-7003
-7030
-6775
-7110
-6932
-6774
-7246
-6807
-7416
-7342
-6955
-7462
-7173
-7155
-7079
-7124
-6969
-6864
-7211
-7308
-7038
-7123
-7201
-7250
-7335
-7240
-7501
-7190
-7177
-7208
-7124
-7000
-7247
-7221
-7470
-7368
-6936
-7358
-7092
-7662
-7291
-7236
-7352
-7374
-7439
-7330
-7647
-7250
-7229
-7823
-7226
-7219
-7788
-6882
-7339
-7692
-7332
-7563
-7305
-7203
-7724
-7349
-7363
-7535
-7750
-7482
-6947
-7567
-7881
-7547
-7657
-7854
-7795
-7329
-7924
-7874
-7078
-8067
-7603
-7635
-7728
-7766
-7927
-7517
-7773
-7750
-7391
-7681
-7613
-7278
-7433
-7223
-7709
-7684
-7153
-7609
-7414
-7435
-7619
-7529
-7683
-7385
-7473
-7287
-7762
-7558
-7629
-7265
-7383
-7686
-7532
-7591
-7237
-7785
-7476
-7535
-7565
-7624
-7413
-7692
-7419
-7556
-7677
-7326
-7609
-7342
-7680
-7671
-7269
-7529
-7399
-7317
-7885
-7238
-7295
-7722
-7441
-7716
-7537
-7477
-7407
-7304
-7578
-7459
-7539
-7235
-7720
-7476
-7284
-7533
-7631
-7475
-7395
-8014
-7395
-7567
-7739
-7569
-7438
-7260
-7605
-7743
-7490
-7728
-7799
-7741
-7508
-7404
-7687
-7662
-7556
-7770
-7472
-7686
-7910
-7452
-7733
-7473
-7652
-7547
-7318
-7727
-7582
-7429
-7652
-7777
-7832
-7607
-7859
-7467
-7410
-7967
-7499
-7650
-7866
-7868
-7838
-7526
-7655
-7789
-7497
-7547
-7488
-7608
-7607
-7052
-7202
-7397
-7366
-7818
-7447
-7692
-7504
-7493
-7666
-7349
-7720
-7589
-7598
-7168
-7492
-7691
-7546
-7173
-7195
-7341
-7026
-7357
-7520
-7254
-7279
-7606
-7579
-7312
-7444
-7461
-7391
-7354
-7277
-7347
-7237
-7485
-7357
-7361
-7378
-7553
-6968
-7297
-7464
-7221
-7134
-7048
-7443
-7162
-7160
-7576
-7538
-6880
-7439
-7233
-7533
-7082
-7284
-7629
-6897
-7577
-7575
-7156
-7222
-7304
-7156
-7324
-7550
-7314
-6999
-7485
-7223
-6854
-7340
-7451
-7084
-7217
-7257
-7100
-6477
-7049
-7235
-7235
-7217
-6874
-7588
-7078
-7143
-7214
-7172
-7246
-7067
-7120
-7218
-7237
-7573
-7201
-7580
-7482
-6955
-7250
-7239
-7310
-6995
-7232
-7271
-7236
-6913
-7329
-7350
-7075
-7313
-7507
-7179
-6901
-7289
-7364
-7339
-7121
-7278
-7372
-7132
-7122
-7144
-7073
-7239
-7218
-7422
-7077
-6997
-7059
-6697
-7220
-7236
-7012
-7194
-7148
-7246
-7189
-7225
-7380
-7141
-7015
-7175
-7187
-7332
-7346
-7124
-7315
-7216
-7165
-7221
-7388
-7156
-6857
-7190
-7173
-7174
-7287
-7401
-7074
-6941
-7469
-7108
-7127
-7535
-7044
-7032
-7311
-7157
-7251
-7531
-7468
-7075
-7106
-7065
-6991
-7180
-7361
-7638
-7438
-7081
-7366
-7458
-6998
-7222
-7088
-7220
-7126
-7000
-7472
-6973
-7279
-7277
-6857
-7338
-7053
-7209
-7105
-7056
-7477
-7262
-7197
-7360
-7396
-6688
-7087
-7327
-7026
-7158
-7480
-7430
-7298
-7179
-7189
-7167
-6922
-7398
-7361
-7286
-7371
-7241
-7034
-7210
-7348
-7050
-7066
-7605
-7193
-7024
-7271
-7194
-7027
-6911
-7420
-7216
-6922
-7505
-7442
-7136
-7057
-7247
-7379
-6857
-7358
-7454
-6838
-7190
-7570
-7167
-7124
-7271
-7426
-6877
-7081
-7202
-6885
-7057
-7254
-7580
-7001
-7183
-7512
-7410
-6937
-7151
-7289
-7013
-7555
-7522
-6950
-6908
-7402
-7437
-7160
-7326
-7464
-6998
-6946
-7457
-7433
-7226
-7347
-7377
-6799
-6932
-7103
-7268
-7608
-7086
-7058
-6972
-7097
-7294
-7034
-7206
-7183
-7321
-7274
-7225
-7447
-7176
-6930
-7153
-7169
-7153
-7466
-7215
-7309
-7224
-7352
-7413
-7342
-7212
-7338
-7049
-6935
-7245
-7199
-7296
-7162
-7502
-7188
-7295
-7185
-7290
-7206
-7096
-7319
-7316
-7311
-7222
-7385
-6986
-6935
-7204
-7053
-7113
-7291
-7248
-6880
-6789
-7332
-7242
-7067
-7142
-7473
-7117
-7038
-7270
-7121
-7183
-7203
-7108
-6766
-7064
-7174
-6945
-7245
-7309
-7226
-7074
-6968
-7079
-6827
-7059
-7193
-6920
-7160
-7427
-7285
-7192
-7099
-7208
-7170
-6762
-6844
-7027
-7164
-7300
-7161
-7100
-7079
-6852
-6884
-6987
-7135
-7052
-7304
-7237
-7022
-7277
-7118
-7292
-7118
-7159
-7416
-7179
-7141
-7359
-7341
-7164
-7307
-7327
-7126
-7272
-7301
-7142
-7149
-7394
-7536
-7324
-7304
-7429
-7053
-7158
-7953
-7459
-7142
-7292
-7178
-7320
-7241
-7338
-7432
-7416
-7641
-7241
-7171
-7219
-7274
-7339
-7482
-7716
-7533
-7314
-7161
-7352
-7043
-7331
-7422
-7343
-7307
-7313
-7398
-7633
-7579
-7474
-7601
-6945
-7120
-7739
-7641
-7457
-7515
-7384
-7283
-7205
-7632
-7459
-7265
-7528
-7466
-7520
-7424
-7456
-7554
-7525
-7486
-7381
-7654
-7769
-7412
-7392
-7816
-7698
-7428
-7662
-7468
-7583
-7745
-7393
-7497
-7465
-7287
-7790
-7728
-7933
-7583
-7303
-7844
-7389
-7675
-7667
-7459
-7702
-7405
-7870
-7606
-7348
-7761
-7374
-7507
-7645
-7601
-7606
-7381
-7610
-7468
-7532
-7717
-7211
-7547
-7441
-7306
-7565
-7619
-7676
-7482
-7415
-7494
-7431
-7705
-7595
-7495
-7671
-7211
-7297
-7786
-7759
-7524
-7466
-7390
-7607
-7409
-7562
-7578
-7374
-7460
-7421
-7519
-7591
-7216
-7557
-7573
-7355
-7729
-7299
-7509
-7622
-7421
-7574
-7560
-7308
-7489
-7400
-7512
-7493
-7263
-7526
-7582
-7281
-7816
-7954
-7736
-7896
-7617
-7916
-7681
-7960
-8050
-7741
-7469
-7384
-7503
-7406
-7647
-7850
-7778
-7648
-7540
-7437
-7437
-7585
-7624
-7566
-7634
-7376
-7105
-6990
-7497
-7384
-7498
-7560
-7299
-7535
-7428
-7490
-7378
-7258
-7531
-7563
-7513
-7408
-7251
-7751
-7676
-7579
-7603
-7638
-7782
-7416
-7546
-7422
-7049
-7181
-7222
-7395
-7126
-7195
-7496
-6891
-7077
-7300
-7270
-7337
-7185
-7508
-7279
-7623
-7516
-7019
-7322
-7091
-7100
-7096
-7516
-7394
-7283
-7575
-7441
-7294
-7298
-7267
-7312
-7346
-7344
-7175
-7003
-7215
-7057
-7185
-7278
-7405
-7381
-7540
-7598
-7813
-7752
-7309
-7421
-7171
-7119
-7122
-7117
-7113
-7220
-7285
-7053
-7182
-7325
-7593
-7325
-7222
-7426
-7145
-7219
-6834
-7015
-7354
-7043
-7175
-7217
-6832
-7281
-7324
-7365
-7632
-7190
-7329
-7178
-6870
-7262
-6985
-6987
-7284
-6783
-7135
-7309
-7321
-7183
-7101
-7133
-7129
-6966
-6886
-7187
-6935
-6796
-7199
-7048
-6795
-7240
-7241
-7160
-7229
-7381
-7421
-7077
-7115
-7131
-7053
-6596
-6684
-7330
-7117
-7111
-7211
-7144
-7006
-7543
-7321
-7206
-7119
-7201
-7068
-6905
-6810
-6608
-7071
-6722
-7050
-6904
-7007
-7476
-7460
-6939
-7316
-7314
-7014
-7009
-6995
-6997
-6627
-6830
-6784
-7279
-7420
-7428
-7352
-7129
-7219
-7074
-7272
-7515
-7255
-7178
-6966
-7093
-6940
-6671
-6928
-7228
-7244
-7195
-7376
-7357
-7335
-7136
-7285
-7104
-6924
-6920
-7211
-7212
-6854
-7424
-7425
-6733
-7057
-7491
-7700
-7742
-7438
-7605
-7457
-7009
-6772
-6621
-7275
-7547
-7044
-7297
-7228
-7394
-7556
-7802
-7662
-7439
-7496
-7385
-7141
-6721
-6899
-6894
-7118
-7077
-7421
-7453
-7466
-7335
-7542
-7882
-7744
-7693
-7054
-7222
-7380
-7330
-7376
-7364
-7113
-7161
-7681
-7682
-7359
-7463
-7660
-7488
-7168
-7265
-7144
-6948
-7155
-7329
-7407
-7160
-7313
-7331
-7295
-7748
-7801
-7414
-7328
-7565
-7213
-7032
-7398
-7219
-7241
-7319
-7486
-7323
-7244
-7708
-7474
-7468
-7294
-7071
-6994
-6858
-6994
-7097
-7350
-7457
-7590
-7396
-7388
-7426
-7214
-7455
-7329
-7185
-7346
-7323
-7211
-7026
-6991
-7321
-7167
-7246
-7620
-7825
-7649
-7728
-7588
-7200
-7375
-7077
-7314
-7351
-7497
-7431
-7441
-7393
-7481
-7815
-7498
-7611
-7701
-7455
-7521
-7534
-7285
-7549
-7295
-7492
-7425
-7142
-7164
-7367
-7059
-7564
-7563
-7288
-7883
-7310
-7479
-7188
-7280
-7189
-7031
-7111
-7221
-7150
-7502
-7582
-7185
-6988
-7220
-7740
-7227
-7565
-7357
-7333
-7285
-7055
-7141
-6955
-7177
-7475
-7249
-7110
-7210
-7347
-7434
-7332
-7400
-7472
-7108
-7017
-7503
-7022
-7120
-7481
-7143
-7203
-7412
-7296
-7534
-7514
-7428
-7584
-7213
-7481
-7324
-6889
-7195
-6921
-6942
-6923
-7036
-7265
-6999
-7199
-7379
-7362
-7158
-7200
-7114
-7369
-7283
-7336
-7256
-7024
-7171
-6952
-7318
-7573
-7379
-7183
-7039
-7025
-7172
-7207
-7485
-7464
-6967
-6756
-7322
-7209
-7045
-7427
-7268
-7185
-7541
-7539
-7541
-7385
-6817
-7044
-6906
-6882
-7133
-7157
-7107
-7071
-7174
-7274
-7176
-7388
-7359
-7245
-7371
-7129
-7255
-7291
-7068
-6764
-7101
-7480
-7205
-6850
-6982
-7407
-7267
-7082
-7038
-7228
-7051
-6829
-7015
-6925
-7047
-6915
-7156
-7131
-7121
-7343
-7221
-7653
-7232
-7023
-7191
-7063
-7021
-7007
-7048
-6867
-6814
-7167
-7009
-7142
-7275
-7076
-7336
-7329
-7254
-7163
-7220
-6969
-6747
-6840
-7099
-6972
-7021
-7149
-7122
-7034
-7378
-7505
-7150
-7138
-7231
-7088
-7151
-7136
-6700
-7077
-6894
-7154
-7231
-7322
-7190
-6918
-6864
-7176
-7599
-7350
-7138
-7140
-7158
-6749
-7377
-7116
-7177
-7150
-7112
-7424
-7267
-7527
-7209
-7076
-7235
-7013
-7226
-7538
-7179
-7232
-7004
-7354
-7221
-7160
-7652
-7448
-7381
-7288
-7470
-7319
-7350
-7474
-7347
-6979
-7106
-7157
-7058
-7370
-7254
-7383
-7307
-7395
-7769
-7193
-6855
-7286
-7476
-7111
-7362
-7510
-7264
-7245
-7095
-7640
-7394
-7384
-7430
-7341
-7625
-7426
-7123
-7178
-7168
-7203
-7503
-7419
-7478
-7183
-7257
-7347
-7520
-7553
-7486
-7408
-7275
-7444
-7299
-7282
-7180
-7121
-7166
-7363
-7745
-7343
-7312
-7483
-7353
-7516
-7354
-7530
-7538
-7262
-7201
-7397
-6924
-6961
-7352
-7266
-7213
-7423
-7599
-7345
-7229
-6926
-7204
-7301
-7276
-7083
-7298
-7300
-7040
-7154
-7381
-7290
-7154
-7636
-7239
-7523
-7671
-7337
-7531
-7236
-7241
-7525
-7281
-7272
-7165
-7149
-7275
-7177
-7629
-7455
-7123
-7419
-7122
-7489
-7426
-7198
-7518
-7082
-7193
-7326
-7217
-7193
-7437
-7312
-7349
-7181
-7219
-7334
-7284
-7289
-7178
-7574
-7250
-7007
-7139
-7074
-7300
-7516
-7457
-7608
-7298
-7365
-7422
-7393
-7324
-7271
-7477
-7358
-7201
-7380
-7312
-7180
-7582
-7315
-7432
-7148
-7246
-7511
-7252
-7550
-7026
-7086
-7384
-6984
-7419
-7430
-7405
-7412
-7308
-7618
-7499
-7554
-7362
-7303
-7191
-7598
-7531
-7205
-7387
-6969
-7542
-7467
-7626
-7705
-7328
-7592
-7016
-7477
-7655
-7409
-7449
-7127
-7453
-7225
-7429
-7965
-7033
-7352
-7498
-7234
-7944
-7236
-7676
-7591
-6931
-7314
-7180
-7588
-7313
-6863
-7518
-7507
-7453
-7800
-7263
-7465
-7195
-7616
-8008
-7130
-7544
-7248
-7130
-7476
-7400
-7663
-7405
-7222
-7575
-7204
-7929
-8001
-7076
-7406
-7228
-7332
-7335
-7572
-7701
-7286
-7376
-7361
-7754
-7691
-7477
-7851
-7359
-7298
-7635
-7788
-7619
-7216
-7429
-7236
-7490
-7784
-7446
-7278
-7353
-7651
-7508
-7662
-7429
-7019
-7351
-7314
-7495
-7380
-7312
-7322
-7103
-7573
-7689
-7485
-7511
-7053
-7346
-7662
-7246
-7275
-7579
-7314
-7299
-7773
-7332
-7315
-7254
-7504
-7430
-7251
-7637
-7488
-7320
-7285
-7461
-7368
-7196
-7258
-7264
-7082
-7179
-7245
-7432
-7642
-7682
-7047
-7122
-7362
-7299
-7513
-7149
-7111
-7070
-7257
-7236
-7532
-7067
-6991
-7238
-7081
-7623
-7448
-7337
-7325
-7234
-6832
-6914
-7043
-7376
-7185
-7063
-7338
-7006
-7403
-7435
-7433
-7195
-7283
-7664
-7098
-7383
-7198
-7122
-7807
-7274
-7348
-7228
-7400
-7840
-7460
-7251
-7504
-7546
-7063
-7016
-7187
-7074
-7002
-7200
-7151
-7198
-6939
-7169
-7312
-7220
-7314
-7325
-7252
-7143
-7169
-7122
-7436
-7258
-6975
-7144
-7602
-7355
-7137
-7472
-7490
-7264
-7317
-7435
-7265
-7204
-7003
-7229
-7366
-7141
-6940
-7103
-7503
-7388
-6885
-7121
-7426
-7159
-7239
-7424
-7249
-7029
-7176
-7181
-7083
-6994
-7238
-7312
-7210
-7251
-7305
-7380
-7435
-7246
-7086
-7289
-7221
-7132
-7005
-7214
-7321
-6925
-7119
-7409
-7336
-7120
-7046
-7314
-7225
-7050
-7056
-7344
-7101
-6912
-7313
-7272
-7069
-7099
-6906
-7263
-7406
-6891
-7292
-7194
-7148
-6914
-7039
-7090
-7075
-6853
-6785
-7166
-6911
-7320
-6935
-6910
-6999
-7141
-7417
-7237
-6961
-7197
-7143
-6999
-6916
-6798
-7178
-6967
-7273
-7055
-7118
-7378
-7229
-7280
-7008
-6988
-7073
-7113
-7176
-7138
-7137
-7098
-7266
-7102
-7189
-7242
-6943
-6982
-7120
-7171
-7132
-7087
-7150
-7333
-6973
-7094
-7130
-7017
-7190
-7047
-7013
-7071
-7005
-7162
-6984
-6911
-7036
-7172
-7063
-7113
-7351
-7024
-7343
-7427
-7209
-7403
-7002
-6883
-7242
-7201
-7155
-7071
-7295
-7086
-7177
-7233
-7191
-7066
-6934
-7277
-7240
-7395
-7253
-7395
-7245
-6917
-7171
-6937
-6941
-7119
-7201
-7313
-7233
-7568
-7207
-7198
-7221
-6807
-7329
-7228
-7107
-7171
-7258
-7257
-6956
-7319
-7288
-7299
-7405
-7077
-7326
-7120
-7135
-7362
-7257
-7277
-7266
-7158
-7026
-7127
-7161
-7181
-7100
-7325
-7221
-7159
-7239
-7083
-6903
-7095
-7567
-7470
-7379
-7421
-7303
-7228
-7422
-7352
-7197
-7300
-7556
-7229
-7383
-7617
-7298
-7520
-7299
-7319
-7348
-7136
-7375
-7295
-7141
-7592
-7425
-7170
-7502
-7494
-7362
-7212
-7209
-7142
-7188
-7274
-7632
-7480
-7456
-7318
-7165
-7347
-7241
-7453
-7096
-7265
-7433
-7425
-7422
-7429
-7268
-7151
-7215
-7426
-7435
-7367
-7607
-7181
-7127
-7153
-7675
-7645
-7196
-7539
-7395
-7376
-7462
-7381
-7372
-7317
-7245
-7305
-7414
-7400
-7204
-7114
-7239
-7122
-7224
-7436
-7247
-7082
-7301
-7501
-7401
-7185
-7393
-7437
-7331
-7284
-7397
-7314
-7287
-7280
-7253
-7441
-7238
-7532
-7388
-7475
-7427
-7229
-7361
-7223
-7155
-7280
-7370
-7368
-7064
-7121
-7408
-7311
-7255
-7024
-7139
-7150
-7459
-7424
-7132
-7299
-7422
-7169
-7312
-7401
-7042
-7062
-7314
-7455
-7189
-7346
-7412
-7268
-7290
-7202
-7232
-7090
-7176
-7405
-7223
-7036
-7047
-7010
-7141
-7259
-7370
-7301
-7035
-7295
-7197
-7130
-7126
-7262
-6897
-6996
-7411
-7047
-7238
-7244
-7255
-7261
-7149
-7287
-7218
-7037
-7169
-7048
-7151
-7089
-7105
-7168
-6882
-7160
-7083
-7068
-7142
-7002
-7273
-7147
-7182
-7205
-7056
-7103
-7000
-7148
-6989
-7046
-7196
-6761
-7120
-7561
-7091
-7372
-7385
-7397
-7321
-7033
-7441
-7213
-7274
-7409
-7151
-7072
-7104
-7136
-7209
-7514
-7459
-7318
-7378
-7136
-7012
-7168
-7470
-7560
-7196
-7032
-7200
-7008
-7077
-7345
-7353
-7348
-7388
-7299
-7415
-7545
-7305
-7350
-7278
-7183
-7405
-7555
-7277
-7436
-7509
-7213
-7501
-7475
-7311
-7480
-7231
-7387
-7510
-7426
-7402
-7272
-7585
-7491
-7390
-7487
-7450
-7395
-7272
-7466
-7481
-7505
-7509
-7114
-7154
-7325
-7284
-7351
-7600
-7160
-7011
-7168
-7480
-7649
-7332
-7639
-7488
-7321
-7485
-7392
-7380
-7382
-7544
-7607
-7587
-7780
-7650
-7461
-7552
-7495
-7225
-7382
-7432
-7185
-7187
-7738
-7462
-7234
-7617
-7603
-7539
-7297
-7419
-7416
-7437
-7368
-7516
-7564
-7400
-7712
-7833
-7517
-7437
-7599
-7298
-7248
-7766
-7756
-7527
-7634
-7639
-7538
-7548
-7540
-7436
-7246
-7489
-7473
-7224
-7526
-7512
-7407
-7372
-7746
-7551
-7432
-7783
-7587
-7297
-7273
-7424
-7371
-7275
-7453
-7755
-7553
-7542
-7513
-7177
-7243
-7502
-7368
-7322
-7647
-7739
-7366
-7559
-7754
-7212
-7277
-7619
-7674
-7466
-7496
-7546
-7312
-7421
-7560
-7360
-7164
-7277
-7282
-7212
-7476
-7395
-7141
-7507
-7633
-7347
-7219
-7236
-7086
-7050
-7362
-7308
-7102
-6999
-7328
-7427
-7181
-7490
-7474
-7312
-7350
-7414
-7318
-7352
-7167
-7249
-7136
-6827
-7360
-6927
-7024
-7278
-6989
-7157
-7318
-7297
-7153
-7109
-7346
-7170
-7049
-7425
-7170
-7122
-7338
-7409
-7323
-7409
-7331
-7063
-7164
-7390
-7229
-7243
-7141
-7124
-7137
-6905
-7328
-7280
-7059
-7174
-7110
-7233
-7256
-7328
-7299
-7062
-7265
-7218
-7142
-7206
-7105
-6953
-7211
-7273
-7123
-7297
-7235
-7081
-7284
-7214
-7192
-7267
-6971
-7174
-7092
-7019
-7173
-7249
-7317
-7198
-7251
-7187
-7196
-7306
-7438
-7108
-6921
-7093
-7000
-7318
-7280
-7294
-7216
-7214
-7132
-7126
-7315
-7333
-7494
-7336
-7204
-7244
-7239
-7190
-7412
-7282
-7247
-7138
-7275
-7155
-7266
-7468
-7030
-7234
-7503
-7306
-7392
-7316
-7278
-7272
-7031
-7445
-7290
-7309
-7279
-7415
-7236
-7104
-7404
-7252
-7343
-7230
-7182
-7281
-7053
-7268
-7390
-6978
-7317
-7207
-6938
-7324
-7292
-7033
-7193
-7388
-7306
-7257
-7635
-7515
-7259
-7255
-7324
-7022
-7024
-7539
-7489
-7339
-7584
-7416
-7112
-7276
-7330
-7218
-6983
-7199
-7330
-7228
-7149
-7393
-7215
-7123
-7130
-7245
-7114
-7077
-7129
-7246
-7199
-6967
-7282
-7126
-7149
-7248
-7381
-7305
-7263
-7294
-7228
-6871
-7277
-7260
-7074
-7340
-7070
-7236
-7341
-7178
-7148
-6953
-7115
-7361
-7007
-7244
-7227
-6994
-7295
-7296
-7041
-7249
-7258
-7168
-7229
-7284
-7054
-6983
-7088
-7122
-7165
-7056
-7430
-7083
-6825
-7212
-7092
-7162
-7081
-6845
-7061
-6925
-7108
-7444
-7291
-7246
-7190
-7051
-7000
-7300
-7248
-7219
-7138
-6962
-6963
-6788
-7203
-7118
-7122
-7226
-6959
-6954
-7019
-7218
-7018
-6724
-6637
-6781
-6930
-7177
-7031
-6929
-6940
-6996
-7156
-6985
-6948
-7009
-6707
-6887
-7200
-7011
-6830
-6724
-6846
-6719
-7145
-7159
-7056
-6780
-6775
-6907
-6776
-7110
-7120
-7092
-6789
-6700
-6848
-6990
-6933
-7044
-6872
-6821
-6961
-7036
-7058
-6953
-7166
-6842
-6679
-6610
-6799
-7048
-7065
-7382
-6993
-7002
-7194
-6784
-6736
-7049
-7078
-7021
-6843
-7015
-7058
-6533
-6989
-7235
-6696
-6706
-6952
-6947
-6908
-7024
-7078
-6541
-6795
-6959
-6964
-6888
-7019
-7027
-6791
-6987
-6900
-7122
-7057
-7319
-7014
-6764
-6929
-7111
-7353
-6959
-6956
-6907
-6890
-7094
-6871
-7029
-6897
-6949
-6985
-6733
-7036
-6962
-6863
-7073
-6939
-6798
-7024
-6892
-6878
-7014
-7117
-7115
-7212
-7116
-7045
-7323
-7059
-7019
-7406
-6894
-6900
-6981
-6667
-7172
-7072
-6983
-7172
-7255
-7052
-6798
-7006
-6962
-7011
-7126
-7179
-7252
-6844
-6848
-6917
-6931
-7215
-7148
-7315
-7093
-6815
-7214
-7219
-6950
-7160
-7337
-7234
-6995
-7054
-7232
-6890
-6989
-7061
-7204
-7284
-7155
-7247
-7105
-7424
-7339
-7079
-7349
-7164
-6769
-7053
-7633
-7492
-7189
-7528
-7158
-6799
-7282
-7259
-7278
-7174
-7397
-7175
-6917
-7385
-7020
-7095
-7361
-7389
-7369
-7304
-7460
-7295
-7071
-7289
-7198
-7044
-7213
-7258
-7193
-7102
-7211
-7256
-7006
-7086
-7377
-7515
-7515
-7336
-7574
-7283
-7217
-7411
-7147
-7184
-7210
-7262
-7551
-7500
-7483
-7548
-7554
-7528
-7218
-7172
-7317
-7597
-7397
-7511
-7524
-7301
-7369
-7408
-7304
-7107
-7349
-7358
-7337
-7486
-7644
-7360
-7236
-7423
-7108
-7190
-7622
-7640
-7422
-7463
-7427
-7342
-7310
-7506
-7583
-7249
-7453
-7602
-7286
-7297
-7633
-7541
-7165
-7236
-7537
-7339
-7790
-7659
-7257
-7432
-7417
-7274
-7109
-7567
-7491
-7325
-7254
-7368
-7339
-7383
-7333
-7412
-7395
-7217
-7521
-7354
-7312
-7139
-7321
-7484
-6787
-7260
-7585
-7335
-7144
-7007
-7708
-7396
-7356
-7323
-7214
-7349
-7392
-7453
-7483
-7133
-6971
-7285
-6962
-7602
-7253
-7383
-7591
-7315
-7337
-7020
-7668
-7442
-7113
-7002
-7176
-7127
-7296
-7620
-7373
-7143
-7369
-7595
-7252
-7335
-7144
-7360
-7537
-7399
-7333
-7278
-7087
-7095
-7196
-7414
-7704
-7363
-7160
-7376
-7233
-7379
-7566
-7334
-7593
-7263
-7425
-7442
-7161
-7152
-7228
-7350
-7407
-7493
-7531
-7418
-7142
-7433
-7496
-7340
-7211
-7457
-7212
-7326
-7405
-7185
-7423
-7238
-7263
-7354
-7375
-7258
-7193
-7154
-7046
-7156
-7011
-6916
-7270
-7399
-7425
-7385
-7439
-7239
-7237
-7305
-7207
-7211
-7021
-7259
-7299
-6954
-6946
-7010
-7259
-7043
-7057
-7300
-7036
-6953
-7246
-7414
-7132
-7361
-7227
-7122
-7050
-7228
-7054
-7018
-7039
-7140
-6873
-6926
-7226
-7056
-7406
-7117
-7432
-6826
-6959
-7284
-7088
-7094
-7172
-7202
-7091
-7099
-7274
-7346
-6933
-7387
-7285
-7263
-7572
-7083
-7080
-7191
-6870
-7144
-6925
-7070
-6904
-6863
-7049
-6799
-7150
-7040
-7053
-7125
-7282
-7102
-6878
-7455
-7057
-6833
-7247
-7200
-7272
-7179
-7119
-7030
-7088
-7246
-7182
-6798
-7167
-7026
-6774
-7183
-6977
-7218
-7232
-7105
-7013
-6919
-7105
-7046
-6855
-7016
-7210
-7058
-6996
-7216
-7234
-7007
-7156
-7098
-7238
-7256
-7001
-7197
-7039
-7162
-7195
-7152
-7274
-7282
-7337
-7006
-7048
-7294
-7165
-7255
-7328
-7201
-7108
-7377
-7432
-7305
-7235
-7246
-7065
-7087
-7454
-7237
-7406
-7117
-7292
-7437
-7270
-7460
-7293
-7341
-7416
-7343
-7395
-7507
-7215
-7331
-7148
-7214
-7467
-7410
-7350
-7278
-7489
-7425
-7462
-7388
-7301
-7322
-7276
-7652
-7558
-7173
-7488
-7217
-7481
-7729
-7246
-7460
-7438
-7347
-7475
-7353
-7329
-7374
-7171
-7404
-7559
-7348
-7285
-7593
-7452
-7488
-7393
-7176
-7313
-7513
-7475
-7405
-7822
-7434
-7400
-7567
-7586
-7361
-7465
-7494
-7631
-7719
-7458
-7372
-7203
-7222
-6918
-7290
-7647
-7185
-7404
-7519
-7409
-7554
-7308
-7445
-7394
-7179
-7364
-7883
-7475
-7375
-7462
-7330
-7607
-7757
-7686
-7586
-7175
-7573
-7669
-7156
-7656
-7617
-7679
-7191
-7421
-7443
-7536
-7374
-7615
-7957
-7357
-7835
-7912
-7438
-7572
-7658
-7485
-7453
-7576
-7950
-7276
-7288
-7600
-7398
-7704
-7788
-7263
-7606
-7435
-7547
-7247
-7559
-7707
-6822
-7666
-7598
-7719
-7494
-7393
-7450
-7126
-7356
-7710
-7580
-7520
-7320
-7458
-7546
-7019
-7379
-7352
-7305
-7701
-7072
-7778
-7904
-7328
-7798
-7197
-7895
-7384
-7128
-7865
-7521
-7526
-7379
-7489
-7458
-7119
-7716
-7291
-6950
-7642
-7272
-7733
-7353
-7380
-7862
-6865
-7433
-7400
-7089
-7660
-7303
-7671
-7186
-7440
-7658
-6933
-7615
-7678
-7276
-7254
-7154
-7377
-7206
-7373
-7579
-6952
-7477
-7249
-7303
-7400
-7424
-7610
-7143
-7147
-7337
-7306
-7293
-7364
-7547
-7611
-7201
-7199
-7018
-7457
-7377
-7330
-7531
-7155
-7176
-7664
-7026
-7347
-7502
-7012
-7563
-6631
-7420
-7250
-7334
-7545
-6882
-7441
-7385
-7296
-7272
-7195
-7098
-7187
-7271
-7671
-7140
-7148
-7428
-7464
-7374
-6954
-7044
-7521
-7367
-7377
-7377
-7426
-7541
-6594
-7243
-7227
-7236
-7561
-7061
-7684
-7323
-7038
-7584
-6861
-7340
-6995
-7046
-7634
-7004
-7637
-7159
-7063
-7231
-7067
-7151
-7224
-7487
-7178
-6956
-7488
-7147
-7311
-7153
-6826
-7447
-6787
-7427
-7546
-7143
-7433
-7350
-7125
-6936
-7189
-7246
-7270
-6957
-7434
-7187
-7188
-7112
-7051
-7558
-7078
-7559
-6850
-7206
-7348
-7017
-7675
-6936
-7247
-7261
-6856
-7330
-7015
-7097
-7212
-6948
-7564
-7005
-7128
-7422
-6792
-7206
-6917
-7277
-7092
-6812
-7387
-7106
-6972
-7015
-7230
-7191
-7089
-7021
-7152
-6941
-6945
-6921
-7121
-7082
-6860
-7232
-6882
-7021
-7096
-6777
-7139
-7112
-6785
-6887
-6981
-6893
-6721
-7277
-7517
-7097
-7167
-6880
-7036
-6933
-6569
-7039
-6849
-7027
-6750
-6878
-6727
-6806
-7313
-6823
-6838
-6585
-6956
-6931
-6971
-6922
-6662
-6836
-6832
-6879
-6908
-6667
-6980
-6894
-6678
-7209
-6935
-6838
-6647
-6776
-6986
-6974
-7160
-7074
-6699
-6809
-7013
-7115
-7042
-6714
-6965
-6985
-7074
-7236
-6985
-7086
-6736
-6772
-7400
-6971
-7115
-7035
-7101
-7156
-6920
-7157
-6928
-6938
-7144
-7008
-7070
-7233
-6987
-6918
-6880
-7002
-6871
-6945
-7307
-6930
-6669
-7317
-7268
-6758
-6927
-7112
-6811
-6907
-7115
-7010
-6983
-6898
-7145
-7166
-7156
-6949
-6904
-7189
-7291
-6834
-6942
-7128
-7070
-7026
-7035
-6942
-7035
-7214
-7139
-7350
-6841
-7063
-7138
-7135
-7083
-7045
-7217
-7397
-7293
-7178
-7202
-6942
-6984
-7028
-7161
-7104
-7332
-7099
-7194
-7333
-7242
-6995
-7200
-7389
-7224
-7408
-7270
-7342
-6962
-7306
-7274
-7085
-7414
-7111
-7602
-7348
-7348
-7579
-7112
-7294
-7128
-7319
-7414
-7258
-7423
-7168
-7310
-7323
-7123
-7374
-7280
-7273
-7413
-7294
-7475
-7375
-7389
-7473
-7423
-7695
-7101
-7441
-7470
-7314
-7117
-7615
-7631
-7133
-7736
-7583
-7674
-7319
-7843
-7255
-7357
-7416
-7429
-7700
-7614
-7746
-7111
-7162
-7634
-7475
-7520
-7889
-7004
-7647
-7125
-7276
-7734
-7294
-7805
-7610
-7477
-7432
-7231
-7765
-7642
-7212
-7763
-7281
-7399
-7547
-7466
-7611
-7110
-7648
-7959
-7202
-7640
-7519
-7413
-7189
-7484
-7907
-7274
-7720
-7693
-7610
-7441
-7360
-7688
-7197
-7572
-7954
-7651
-7647
-7350
-7566
-6962
-7359
-7672
-7603
-7762
-7105
-7636
-7477
-7370
-7546
-7412
-7147
-7449
-7893
-7318
-7746
-7532
-7335
-7621
-7348
-7648
-7296
-7728
-7544
-7150
-7497
-7503
-7754
-7559
-7526
-7755
-7429
-7266
-7468
-7574
-7479
-7364
-7291
-7213
-7725
-7475
-7544
-7520
-7417
-7132
-7111
-7768
-7142
-7350
-7458
-7116
-7604
-7464
-7682
-7469
-7238
-7457
-7275
-7471
-7067
-7349
-7480
-7413
-7440
-7411
-7668
-7386
-7120
-7701
-7486
-7111
-7568
-7265
-7574
-7345
-7279
-7811
-7106
-7472
-7768
-7159
-7642
-7363
-7496
-7354
-7093
-7602
-7431
-7457
-7407
-7330
-7259
-7214
-7341
-7473
-7327
-7543
-7416
-7405
-7532
-7228
-7324
-7286
-7220
-7631
-7212
-7309
-7516
-7303
-7375
-7311
-7551
-7213
-7464
-7236
-7348
-7443
-7475
-7372
-6915
-7392
-7421
-7530
-7145
-7222
-7458
-7047
-7097
-7261
-7442
-7122
-7126
-7200
-7146
-7569
-7361
-7312
-7167
-7299
-7318
-7204
-7339
-7043
-7020
-7196
-7377
-7231
-7161
-7381
-6982
-7078
-7358
-6988
-7334
-7193
-7178
-7244
-7006
-6979
-6885
-7263
-7097
-6651
-7309
-7190
-7039
-7041
-6642
-7167
-6990
-7025
-7558
-7148
-6822
-6907
-6999
-7426
-7365
-7412
-7079
-6824
-7016
-6933
-7259
-7331
-7503
-7096
-6734
-7208
-6911
-6870
-7172
-7244
-7192
-7073
-7350
-7199
-6959
-7232
-7020
-6719
-7119
-6988
-7126
-7174
-7142
-7158
-7083
-7294
-7303
-6983
-7001
-7183
-7028
-7336
-7180
-7074
-7089
-7111
-7401
-7116
-7138
-7079
-6968
-7292
-6988
-7093
-7021
-7089
-7121
-7132
-7464
-7332
-7131
-7170
-7291
-7106
-7127
-7481
-7309
-6775
-7364
-7488
-7060
-7255
-7245
-7109
-7052
-7160
-7400
-6914
-7213
-7457
-7256
-7230
-7078
-7367
-7173
-7179
-7506
-7303
-7197
-7230
-7037
-7296
-7204
-7358
-7293
-7062
-7304
-6995
-7168
-7317
-7160
-7382
-7051
-6907
-7342
-7111
-7159
-7327
-7270
-7261
-7018
-7397
-7254
-7235
-7400
-7086
-7428
-7076
-7198
-7354
-6954
-7215
-7181
-7286
-7485
-7376
-7290
-7271
-7106
-7256
-7162
-7091
-7259
-7265
-7204
-7118
-7316
-7135
-7082
-7206
-7182
-7106
-7319
-7339
-7280
-7083
-7221
-7104
-7036
-7296
-7270
-7356
-7297
-7440
-7186
-7171
-7077
-7189
-7075
-7407
-7532
-7128
-7312
-7321
-7091
-7001
-7323
-7531
-7268
-7147
-7193
-7241
-7288
-7125
-7449
-7200
-7125
-7145
-7389
-7339
-7072
-7248
-7157
-7472
-7511
-7253
-7184
-7344
-7189
-7042
-7441
-7325
-7275
-7324
-7252
-7194
-6996
-7114
-7242
-7200
-7260
-7318
-7077
-7286
-7287
-7219
-7217
-7422
-7410
-7279
-7261
-7405
-7424
-7379
-7325
-7220
-7159
-7268
-7542
-7103
-7252
-7370
-7358
-7367
-7509
-7385
-7283
-7297
-7449
-7200
-7245
-7633
-7465
-7244
-7313
-7171
-7091
-7285
-7213
-7381
-7186
-7455
-7378
-7255
-7126
-7418
-7385
-7309
-7410
-7214
-7286
-7424
-7182
-7203
-7409
-7064
-7335
-7353
-7270
-7053
-6863
-7129
-7413
-7330
-7508
-7387
-7337
-7176
-7273
-7204
-6981
-7249
-7004
-7295
-7213
-7297
-7496
-7264
-7265
-7069
-7124
-7217
-7224
-7205
-7052
-7263
-7250
-7168
-7206
-7125
-7220
-7276
-7103
-7410
-7406
-7115
-7348
-7083
-7076
-7387
-7218
-7110
-7103
-7265
-7231
-6990
-7117
-7284
-7348
-7026
-7170
-7231
-7247
-7284
-6838
-7319
-7255
-7001
-7352
-7151
-7278
-7188
-6929
-7313
-7032
-7080
-7436
-7211
-7159
-7071
-7055
-7061
-7203
-7301
-7135
-7274
-7376
-7252
-7238
-7171
-7186
-7203
-7291
-7262
-7148
-7256
-7320
-7181
-7014
-7107
-7282
-7121
-7156
-7378
-7439
-7352
-7110
-7379
-7222
-7023
-7276
-7156
-6983
-7192
-7443
-7297
-7390
-7437
-7223
-7408
-7233
-6996
-7172
-7341
-7354
-7090
-7203
-7440
-7304
-7193
-7255
-7069
-7233
-7231
-7268
-7338
-7159
-7393
-7369
-7316
-7181
-7186
-7251
-7149
-7315
-7364
-7294
-7441
-7420
-7342
-7318
-7439
-7456
-7348
-7221
-7302
-7341
-7366
-7479
-7427
-7511
-7337
-7458
-7281
-7211
-7351
-7222
-7320
-7547
-7405
-7266
-7232
-7245
-7393
-7183
-7384
-7520
-7461
-7506
-7440
-7258
-7402
-7379
-7384
-7441
-7387
-7387
-7314
-7270
-7232
-7253
-7264
-7295
-7241
-7359
-7304
-7382
-7485
-7537
-7354
-7180
-7161
-7187
-7253
-7393
-7400
-7326
-7282
-7460
-7380
-7328
-7503
-7203
-7520
-7343
-7303
-7393
-7346
-7371
-7506
-7544
-7470
-7344
-7382
-7367
-7295
-7633
-7427
-7570
-7549
-7274
-7227
-7508
-7467
-7432
-7491
-7558
-7396
-7196
-7261
-7395
-7138
-7217
-7655
-7268
-7495
-7648
-7313
-7176
-7387
-7266
-7378
-7534
-7435
-7249
-7305
-7347
-7249
-7317
-7217
-7246
-7195
-7480
-7460
-7128
-7227
-7351
-7142
-7297
-7432
-7577
-7350
-7177
-7560
-7314
-7165
-7295
-7356
-7360
-7295
-7328
-7395
-7568
-7310
-7307
-7630
-7397
-7408
-7200
-7383
-7393
-7271
-7275
-7166
-7359
-7241
-7232
-7271
-7380
-7184
-7211
-7301
-7187
-7330
-7448
-7259
-7273
-7366
-7203
-7351
-7100
-7059
-7480
-7192
-7267
-7434
-7120
-7254
-7255
-7311
-7386
-7295
-7298
-7127
-7082
-7317
-7111
-7201
-7604
-7360
-6997
-7327
-7437
-7195
-7378
-7297
-7445
-7214
-7256
-7393
-6996
-7222
-7196
-7273
-7367
-7314
-7370
-7193
-7483
-7483
-7355
-7255
-7275
-7209
-6993
-7383
-7581
-7100
-7019
-7397
-7205
-7281
-7355
-7352
-7048
-7121
-7393
-7397
-7374
-7294
-7243
-7203
-7222
-7288
-7394
-7225
-7230
-7275
-7371
-7220
-7336
-7145
-7250
-7414
-7230
-7430
-7632
-7415
-7265
-7482
-7403
-7404
-7370
-7581
-7413
-7440
-7570
-7353
-7328
-7167
-7567
-7330
-7093
-7576
-7333
-7284
-7229
-7445
-7368
-7337
-7467
-7333
-7495
-7560
-7520
-7374
-7361
-7383
-7320
-7432
-7601
-7440
-7398
-7309
-7525
-7360
-7351
-7659
-7451
-7466
-7430
-7252
-7604
-7664
-7383
-7488
-7441
-7515
-7438
-7389
-7521
-7253
-7370
-7624
-7418
-7296
-7559
-7665
-7410
-7480
-7464
-7412
-7651
-7634
-7626
-7690
-7439
-7631
-7291
-7313
-7791
-7580
-7528
-7431
-7418
-7646
-7758
-7629
-7380
-7259
-7406
-7544
-7482
-7365
-7704
-7685
-7244
-7286
-7393
-7310
-7644
-7600
-7466
-7338
-7443
-7588
-7365
-7415
-7356
-7432
-7327
-7418
-7405
-7193
-7366
-7355
-7349
-7551
-7413
-7419
-7537
-7484
-7447
-7391
-7368
-7459
-7511
-7403
-7280
-7380
-7485
-7481
-7534
-7421
-7420
-7274
-7294
-7358
-7406
-7576
-7409
-7342
-7479
-7182
-7198
-7225
-7667
-7681
-7122
-7565
-7208
-7286
-7553
-7535
-7280
-7176
-7368
-7270
-7161
-7292
-7235
-7144
-7125
-6833
-7257
-7090
-7364
-7235
-6889
-7461
-7283
-7065
-7105
-6949
-6861
-7101
-7262
-7124
-7256
-7164
-7098
-7096
-7135
-7124
-6954
-7009
-7091
-7060
-6875
-7309
-7059
-6950
-7058
-7100
-7157
-6836
-7252
-7134
-6872
-7033
-6910
-6988
-6843
-7004
-7299
-7185
-7177
-7072
-7142
-6944
-6833
-7060
-7178
-7058
-6970
-7081
-7050
-6989
-7043
-7118
-6900
-6969
-7105
-6873
-7020
-7006
-7001
-6950
-6976
-7271
-7278
-7082
-7160
-7036
-6841
-7187
-7098
-6997
-7148
-6964
-6921
-7239
-6928
-7038
-6876
-7145
-7197
-7081
-7104
-6950
-7144
-6906
-7056
-6761
-7271
-7015
-6826
-7130
-6995
-6731
-7020
-6969
-6937
-7369
-7088
-7454
-7243
-7007
-6942
-6988
-7017
-7129
-7180
-7182
-7098
-7216
-7196
-7174
-7141
-7135
-7277
-7096
-7171
-7137
-7171
-7101
-7337
-7207
-7049
-7165
-7118
-7283
-7377
-7186
-7234
-7356
-7296
-7280
-7062
-7184
-7070
-7039
-7195
-7200
-7398
-6830
-7259
-7402
-6926
-7134
-6996
-7457
-6934
-7008
-7565
-7149
-7180
-7428
-7187
-7277
-7559
-7115
-7296
-7179
-6881
-6968
-7226
-7312
-7277
-7223
-7455
-7329
-6897
-7225
-7462
-7157
-6832
-7497
-7552
-7295
-7157
-7307
-7372
-7028
-7485
-7542
-6972
-7158
-7286
-7253
-7271
-6969
-7247
-7392
-7462
-7413
-7257
-7335
-7410
-6935
-7003
-7276
-7335
-7074
-7446
-7477
-7036
-7558
-7178
-7567
-7362
-7312
-7534
-7103
-7509
-7398
-7207
-7599
-7227
-7017
-7489
-7540
-7473
-7396
-7748
-7406
-7196
-7634
-7311
-7480
-7587
-7394
-7590
-7491
-7526
-7424
-7571
-7859
-7405
-7494
-7591
-7385
-7477
-7449
-7760
-7265
-7269
-7931
-7588
-7517
-7414
-7597
-7700
-7071
-7461
-7780
-7567
-7435
-7476
-7530
-7405
-7630
-7562
-7599
-7931
-7705
-7456
-7846
-7718
-7479
-7416
-7674
-7760
-7556
-7382
-7856
-7618
-7289
-7691
-7406
-7358
-7258
-7628
-7775
-7629
-7516
-7494
-7440
-7553
-7616
-7321
-7567
-7570
-7410
-7457
-7161
-7628
-7708
-7423
-7553
-7129
-7245
-7608
-7601
-7599
-7156
-7387
-7449
-7194
-7563
-7579
-7232
-7230
-7268
-7388
-7617
-7081
-7533
-7463
-7551
-7575
-7444
-7521
-7357
-7446
-7397
-7327
-7740
-7730
-7106
-7247
-7478
-7089
-6964
-7743
-7196
-7323
-7429
-7560
-7269
-7401
-7681
-7192
-7527
-7344
-7332
-7077
-7470
-7560
-7410
-7653
-7309
-7534
-7384
-7361
-7558
-7461
-7466
-7582
-7665
-7447
-7503
-7617
-7629
-6765
-7334
-7626
-7609
-7539
-7681
-7504
-7216
-7453
-7313
-7552
-7011
-7382
-7101
-7232
-7271
-7220
-7107
-7331
-7290
-6989
-7187
-7063
-7012
-6944
-7524
-7154
-7007
-6979
-6986
-6901
-6802
-7076
-6961
-7060
-7172
-6981
-6832
-7056
-7292
-6866
-7116
-7373
-6998
-6625
-6802
-7168
-7053
-7133
-7199
-7226
-6869
-6868
-7180
-7259
-7121
-7189
-7197
-7055
-6981
-7066
-7119
-6924
-6877
-7137
-7351
-6827
-6980
-7052
-6998
-7278
-7117
-6995
-7005
-7163
-6900
-7242
-7082
-6852
-7054
-6851
-7192
-6876
-7137
-7522
-7082
-6919
-6884
-6903
-6785
-7237
-7428
-6951
-7188
-7201
-7060
-7059
-7175
-7448
-6853
-7222
-7556
-6892
-7190
-7303
-7124
-7435
-7463
-7258
-7123
-7276
-7506
-7179
-6831
-7272
-7293
-7058
-7170
-7263
-7114
-6996
-7564
-7169
-7146
-7216
-7280
-7284
-7078
-7484
-7308
-7257
-7224
-7187
-7242
-7236
-7340
-7080
-7253
-7484
-7368
-7179
-7225
-7481
-6915
-7167
-7086
-7274
-6928
-7145
-7487
-6916
-7156
-7615
-7394
-7112
-7346
-7014
-7271
-6902
-7511
-7241
-7256
-7477
-6991
-7284
-7142
-6927
-7176
-7386
-7331
-6836
-7168
-7685
-6833
-6993
-6919
-7006
-6946
-7320
-7178
-7342
-7168
-6888
-7186
-6739
-7143
-7202
-7217
-7035
-7513
-7418
-6916
-7154
-7074
-7044
-7308
-7337
-7245
-7328
-7416
-7257
-6975
-7223
-7456
-7105
-7028
-7345
-7511
-7474
-7316
-7232
-7284
-7206
-7247
-7519
-7215
-7384
-7161
-7321
-7378
-7123
-7242
-7220
-7420
-7250
-7190
-7147
-7368
-7477
-7399
-7199
-7416
-7114
-7397
-7729
-7452
-7349
-7322
-7430
-7335
-7125
-7191
-7286
-7221
-7409
-7458
-7492
-7341
-7506
-7089
-7357
-7104
-6963
-7231
-7394
-7360
-7169
-7192
-7097
-7291
-7274
-7625
-7192
-7016
-7279
-7582
-7196
-7179
-7341
-7224
-7283
-7167
-7342
-7223
-7134
-7265
-7273
-7049
-7308
-7438
-6706
-7144
-7504
-6967
-7193
-7306
-7028
-6808
-7227
-7533
-7137
-7166
-7453
-7021
-7277
-7127
-7092
-6964
-6767
-7328
-6812
-7100
-7114
-7042
-7375
-7508
-7495
-7127
-7192
-7067
-6893
-7348
-7200
-7059
-7736
-7042
-7259
-7146
-7079
-7607
-7140
-7480
-7606
-7181
-6960
-7195
-7262
-7105
-6980
-7451
-7159
-7131
-7249
-7076
-7191
-7176
-7351
-7188
-7104
-7520
-6930
-6969
-7570
-7027
-7061
-7237
-7595
-7157
-7128
-7469
-7091
-6830
-7232
-7444
-7232
-7129
-7162
-6935
-6871
-7366
-7169
-7068
-7082
-7106
-6755
-6806
-7327
-7144
-7084
-7166
-7292
-7233
-7096
-7073
-7094
-7105
-7218
-7264
-7058
-7016
-7018
-7235
-7176
-7206
-7384
-7099
-6837
-6992
-7119
-7169
-6891
-7144
-7312
-7154
-7172
-6963
-7156
-7122
-7241
-7052
-7099
-7339
-7026
-7229
-7310
-6978
-6935
-7033
-7246
-7416
-7456
-6929
-7346
-7373
-6975
-7342
-7220
-7620
-7148
-7249
-7565
-7148
-7217
-7230
-7251
-7204
-7149
-7431
-7345
-7061
-7087
-6978
-7365
-7283
-7231
-7181
-7007
-7178
-7120
-7486
-7528
-7391
-7184
-7154
-7413
-7228
-7333
-7309
-7176
-7207
-7267
-7415
-7444
-7476
-7409
-7117
-7275
-7288
-7568
-7625
-7141
-7363
-7535
-7411
-7421
-7751
-7389
-7524
-7455
-7432
-7586
-7175
-7530
-7666
-7541
-7722
-7868
-7461
-7610
-7819
-7502
-7533
-7392
-7341
-7725
-7331
-7362
-7945
-7474
-7530
-7562
-7350
-7654
-7787
-7617
-7369
-7610
-7845
-7600
-7729
-7800
-7369
-7485
-7658
-7683
-7436
-7285
-7754
-7747
-7251
-7643
-7894
-7808
-7776
-7607
-7507
-7585
-7957
-7482
-7568
-7532
-7637
-7666
-7381
-8232
-7754
-7362
-7691
-7345
-7596
-7420
-7397
-7607
-7392
-7577
-7693
-7638
-7602
-7705
-7399
-7418
-7196
-7330
-7606
-7525
-7351
-7669
-7588
-7237
-7691
-7538
-7687
-7178
-7088
-7383
-7381
-7596
-7788
-7471
-7496
-7648
-7566
-7573
-7560
-7378
-7304
-7590
-7134
-7397
-7628
-7518
-7548
-7540
-7623
-7599
-7357
-7278
-7420
-7253
-7502
-7608
-7261
-7295
-7415
-7814
-7118
-7496
-7625
-7057
-7319
-7351
-7735
-7066
-7286
-7461
-7345
-7173
-7199
-7459
-7206
-7247
-7380
-7328
-7249
-7104
-7289
-7187
-7302
-7320
-7067
-7212
-6996
-7350
-7059
-7157
-7197
-6814
-7060
-7027
-6903
-7289
-6856
-7056
-7191
-6809
-7422
-6941
-6904
-7078
-6931
-7051
-6805
-7201
-7308
-6745
-7126
-6822
-6586
-7015
-7127
-6889
-6984
-7307
-6897
-6790
-6936
-7038
-6970
-7015
-7124
-7241
-6984
-6885
-6917
-6822
-7217
-7149
-6942
-6841
-7218
-7198
-7044
-7459
-6818
-6720
-6849
-6890
-7237
-7163
-7018
-6965
-6880
-6889
-7176
-6964
-7014
-7073
-7245
-7220
-6899
-7129
-7085
-6876
-6674
-7066
-7401
-7100
-7134
-7008
-6848
-7029
-7105
-7072
-6964
-7158
-7187
-7090
-7278
-7392
-7215
-6805
-7051
-7258
-6999
-7296
-7610
-7348
-7151
-6906
-7166
-7388
-7043
-7148
-6950
-7371
-7152
-6937
-7496
-6845
-7322
-7070
-6709
-7293
-7207
-7189
-7084
-7461
-7200
-6888
-7200
-7136
-6808
-6979
-7078
-7212
-6964
-7401
-7500
-6795
-7199
-7003
-6946
-7068
-7322
-7523
-7101
-6786
-7193
-7034
-6941
-7378
-7463
-7034
-7150
-7240
-7183
-7191
-7056
-7240
-7265
-7414
-7143
-7530
-7320
-7065
-7153
-7228
-7411
-7225
-7362
-7352
-7100
-7532
-7493
-7258
-7281
-7258
-7290
-7209
-7500
-7436
-7350
-7229
-7327
-7374
-7237
-7315
-7423
-7097
-7268
-7393
-7429
-7338
-7400
-7654
-7268
-7153
-7268
-7631
-7369
-7379
-7409
-7303
-7401
-7374
-7348
-7410
-7869
-7413
-7299
-7436
-7342
-7477
-7174
-7480
-7356
-7492
-7706
-7458
-7500
-7376
-7307
-6947
-7495
-7479
-7300
-7796
-7638
-7486
-7310
-7533
-7760
-7402
-7439
-7720
-7284
-7621
-7675
-7528
-7434
-7221
-7544
-7276
-7461
-7612
-7473
-7652
-7852
-7551
-7625
-7530
-7329
-7221
-7423
-7891
-7481
-7337
-7412
-7572
-7328
-7403
-7719
-7449
-7231
-7447
-7400
-7756
-7382
-7261
-7708
-7324
-7648
-7421
-7551
-7449
-7403
-7782
-7253
-7304
-7678
-7362
-7524
-7474
-7627
-7669
-7561
-7475
-7188
-7503
-7370
-7379
-7480
-7408
-7375
-7663
-7319
-7538
-7503
-7372
-7349
-7398
-7377
-6842
-7107
-7147
-7098
-7285
-7660
-7321
-6983
-7028
-7267
-7112
-7225
-7207
-7210
-7046
-7057
-7365
-7178
-7336
-7248
-6900
-7081
-7514
-7152
-7016
-7044
-7356
-7208
-7230
-7352
-7040
-7137
-7323
-7421
-7319
-7218
-7291
-7068
-7245
-7152
-6875
-7282
-7230
-7324
-7119
-7242
-7206
-7004
-7044
-7225
-7351
-6714
-6708
-7258
-7133
-7135
-7423
-7031
-6929
-7208
-7215
-7298
-6935
-7321
-7482
-7065
-7120
-6949
-7091
-6966
-7219
-7411
-7218
-7230
-7145
-6987
-7355
-7342
-7249
-7133
-7315
-7090
-6730
-7309
-7078
-7112
-7137
-7129
-7194
-7137
-7135
-7163
-7074
-7333
-7059
-7118
-7398
-7057
-7379
-7070
-7171
-7261
-7120
-7455
-7285
-7194
-7242
-7350
-7249
-7260
-7055
-7072
-7176
-7168
-7254
-7006
-7443
-7285
-7186
-7202
-7261
-7380
-7313
-7184
-7355
-7205
-7180
-7393
-7449
-7170
-7336
-7842
-6810
-7357
-7392
-7216
-7301
-7279
-7362
-7043
-7222
-7428
-7380
-7281
-7395
-7470
-7298
-7320
-7321
-6946
-7158
-7133
-7447
-7555
-7436
-7512
-7373
-7149
-7409
-7359
-7230
-7406
-7533
-7268
-7170
-7588
-7512
-7374
-7562
-7608
-7506
-7379
-7432
-7597
-7554
-7749
-7722
-7526
-7152
-7666
-7514
-7307
-7441
-7542
-7316
-7248
-7499
-7567
-7675
-7456
-7812
-7171
-7287
-7525
-7456
-7591
-7532
-7686
-7313
-7127
-7653
-7521
-7140
-7362
-7702
-7653
-7538
-7880
-7279
-7126
-7507
-7237
-7465
-7583
-7312
-7404
-7298
-7487
-7494
-7559
-7633
-7363
-7434
-7367
-7169
-7629
-7652
-7515
-7439
-7191
-7716
-7399
-7376
-7459
-7451
-7396
-7548
-7696
-7403
-7265
-7235
-7598
-7333
-7168
-7496
-7451
-7235
-7405
-7345
-7218
-7506
-7668
-7488
-7330
-7254
-7498
-7425
-7353
-7451
-7233
-7472
-7534
-6854
-7041
-7728
-7573
-7396
-7479
-7462
-7327
-7114
-7392
-7479
-7128
-7219
-7247
-7289
-7309
-7580
-7252
-7170
-7334
-7349
-7414
-7262
-7530
-7463
-7195
-7477
-7424
-7134
-7462
-7370
-7191
-7365
-7679
-7570
-7405
-7376
-7511
-7469
-7381
-7414
-7228
-7228
-7505
-7526
-7436
-7410
-7310
-7435
-7379
-7416
-7401
-7388
-7446
-7733
-7655
-7597
-7843
-7387
-7339
-7553
-7468
-7576
-7446
-7766
-7481
-7272
-7587
-7420
-7875
-7582
-7486
-7656
-7322
-7387
-7376
-7435
-7644
-7648
-7707
-7779
-7530
-7580
-7571
-7528
-7689
-7691
-7878
-7656
-7399
-7410
-7428
-7458
-7172
-7745
-7876
-7455
-7639
-7296
-7602
-7323
-7427
-7877
-7495
-7669
-7559
-7559
-7598
-7814
-7615
-7206
-7452
-7599
-7303
-7644
-7592
-7441
-7499
-7374
-7617
-7331
-7420
-7519
-7396
-7309
-7390
-7622
-7552
-7362
-7344
-7523
-7588
-7459
-7304
-7441
-7678
-7301
-7417
-7612
-7287
-7314
-7270
-7284
-7355
-7290
-7497
-7376
-7081
-7456
-7308
-7377
-7474
-7185
-7523
-7396
-7111
-7179
-7158
-7432
-7419
-7438
-7410
-7148
-7216
-7211
-7222
-7309
-7138
-7453
-7298
-6940
-7415
-7192
-7382
-7142
-7036
-7133
-7180
-7484
-7147
-7269
-7556
-7404
-7065
-7321
-7120
-7171
-7154
-7069
-7327
-7008
-6961
-7155
-7213
-7138
-7204
-7117
-7193
-7196
-7256
-7390
-7250
-7213
-7099
-7131
-7068
-7058
-7082
-7114
-7252
-7108
-7168
-7095
-6886
-7143
-7421
-7134
-7048
-7122
-7198
-6940
-6819
-7165
-7009
-7111
-6995
-7234
-7242
-7047
-7182
-7210
-7197
-7071
-6982
-6841
-7121
-7064
-7080
-7271
-7202
-6889
-7129
-7130
-6916
-6978
-6688
-7064
-7117
-6889
-7056
-7079
-7034
-6771
-6790
-7131
-6866
-6828
-6995
-6978
-7094
-7065
-7072
-6988
-6871
-6976
-6802
-6952
-6870
-7076
-7043
-6992
-7158
-6620
-7029
-7085
-7054
-7002
-6980
-7195
-7142
-6806
-7077
-6939
-6638
-6842
-6998
-7149
-7007
-7252
-7073
-6925
-7020
-7082
-7102
-7150
-6819
-6860
-6867
-6935
-7056
-7069
-7082
-6833
-6950
-6949
-6840
-6904
-7216
-7101
-6813
-7085
-7094
-6873
-6990
-6844
-6797
-6876
-7127
-7124
-6835
-6889
-7037
-6955
-6869
-6953
-7222
-7088
-7151
-7375
-7020
-6955
-6839
-7081
-7097
-7085
-7160
-6933
-7068
-7100
-7019
-7190
-7030
-6556
-6792
-6938
-7145
-7167
-6873
-7108
-6942
-7004
-7081
-6782
-7202
-7260
-7095
-7084
-6888
-6942
-6893
-6944
-7200
-7152
-6999
-6885
-7069
-7313
-7134
-7203
-7080
-7090
-6989
-6994
-7288
-7068
-7244
-7250
-6970
-7114
-7054
-7165
-7064
-7137
-7137
-6832
-7135
-6946
-6856
-6825
-7170
-7135
-6936
-7282
-7249
-7310
-7123
-7022
-7224
-7000
-7011
-7148
-6909
-6862
-7220
-6857
-6882
-7269
-6928
-7244
-7056
-7205
-7155
-6958
-7222
-6861
-7135
-7484
-7314
-7324
-7094
-7238
-6982
-6853
-7289
-7016
-7184
-7393
-7227
-7328
-7301
-7243
-7252
-6938
-7334
-7219
-7307
-7566
-7333
-7271
-7214
-7234
-7334
-7223
-7250
-7292
-7169
-7353
-7223
-7396
-7012
-7235
-7172
-7190
-7478
-7093
-7294
-7343
-7196
-7251
-7367
-7533
-7339
-7235
-7667
-7428
-7492
-7359
-7345
-7143
-7264
-7386
-7292
-7428
-7380
-7502
-7179
-7202
-7298
-7322
-6964
-7297
-7432
-7243
-7335
-7407
-7514
-7138
-7277
-7423
-7058
-7288
-7511
-7252
-7305
-7437
-7329
-7308
-7780
-7554
-7335
-7699
-7480
-7547
-7539
-7525
-7725
-7266
-7618
-7575
-7420
-7664
-7528
-7782
-7678
-7345
-7695
-7617
-7444
-7691
-7554
-7840
-7407
-7514
-7559
-7275
-7585
-7638
-7536
-7467
-7649
-7490
-7431
-7581
-7555
-7563
-7446
-7325
-7611
-7581
-7488
-7456
-7548
-7632
-7673
-7418
-7696
-7775
-7397
-7643
-7525
-7499
-7469
-7757
-7749
-7454
-7777
-7623
-7534
-7483
-7353
-7590
-7687
-7787
-7907
-7700
-7477
-7686
-7373
-7431
-7796
-7887
-7452
-7585
-7576
-7353
-7780
-7694
-7766
-7653
-7729
-7570
-7654
-7584
-7496
-7751
-7780
-7579
-7790
-7755
-7646
-7384
-7643
-8095
-7566
-7495
-7392
-7396
-7433
-7921
-7898
-7819
-7508
-7593
-7605
-7450
-7689
-7692
-7726
-7692
-7461
-7381
-7700
-7745
-7674
-7333
-7726
-7676
-7581
-7454
-7477
-7392
-7344
-7622
-7540
-7703
-7527
-7814
-7822
-7483
-7409
-7439
-7582
-7487
-7533
-7436
-7429
-7283
-7378
-7808
-7510
-7443
-7577
-7614
-7471
-7544
-7485
-7500
-7516
-7283
-7381
-7481
-7313
-7583
-7592
-7314
-7184
-6979
-7605
-7504
-7455
-7327
-7296
-7328
-7160
-7337
-7289
-7510
-7094
-7202
-7542
-7176
-7341
-7273
-7213
-7240
-7079
-7213
-7270
-7470
-7182
-7121
-7062
-6956
-7378
-7321
-6908
-7051
-7160
-6984
-7324
-7272
-7291
-7234
-6975
-6900
-7254
-7275
-6867
-7340
-7218
-6854
-7246
-7313
-7297
-7210
-7058
-7155
-6775
-7190
-7224
-6894
-7246
-6719
-7090
-7178
-6862
-7357
-7032
-6774
-7062
-6795
-6861
-7002
-6960
-7041
-6952
-7036
-7178
-7133
-6782
-7056
-6920
-6908
-7168
-6849
-7081
-7159
-7207
-7111
-6821
-7124
-6969
-6706
-6971
-7097
-6649
-7093
-7304
-6958
-6946
-6548
-6951
-7147
-7018
-6682
-7296
-7066
-6463
-7289
-6725
-6587
-7179
-7340
-7187
-6448
-6895
-7267
-6777
-7049
-6660
-6535
-6661
-6848
-6760
-6811
-7169
-7023
-6701
-6726
-6898
-6603
-6749
-6619
-6861
-6620
-7030
-7111
-7103
-7164
-6801
-7090
-7040
-6975
-6942
-7089
-6897
-6727
-7121
-7073
-6783
-7140
-6627
-6947
-6784
-6887
-7165
-7062
-7280
-7146
-7046
-7062
-7093
-6679
-6637
-6842
-7299
-7036
-7355
-7100
-6861
-7147
-7129
-7203
-6867
-6721
-7230
-7284
-6831
-7208
-7042
-6909
-7066
-7136
-7553
-6823
-7022
-7277
-6889
-7053
-7047
-7561
-7263
-7390
-7370
-6926
-7122
-7376
-7342
-7052
-6815
-7077
-6949
-7302
-7359
-6986
-7287
-6976
-7054
-6860
-7080
-7229
-6926
-7053
-7315
-7310
-7170
-7034
-7398
-7271
-7145
-7143
-6758
-7522
-7316
-7175
-7620
-7154
-7204
-7171
-7247
-7477
-7280
-7571
-7112
-7191
-7694
-7302
-7389
-7575
-7646
-7364
-7266
-7556
-7419
-7347
-7305
-7391
-7353
-7394
-7689
-7679
-7497
-7504
-7461
-7175
-7392
-7490
-7622
-7530
-7521
-7635
-7578
-7407
-7311
-7493
-7307
-7622
-7609
-7197
-7385
-7730
-7343
-7441
-7547
-7448
-7548
-7259
-7440
-7283
-7207
-7533
-7226
-7125
-7581
-7253
-7397
-7392
-7472
-7365
-7171
-7670
-7395
-7395
-7386
-7393
-7419
-7319
-7405
-7274
-7174
-7604
-7579
-7465
-7514
-7602
-7431
-7338
-7507
-7439
-7474
-7468
-7718
-7363
-7107
-7725
-7630
-7257
-7495
-7459
-7532
-7435
-7491
-7420
-7155
-7503
-7712
-7549
-7378
-7583
-7587
-7219
-7451
-7399
-7265
-7623
-7557
-7457
-7454
-7677
-7342
-7463
-7517
-7151
-7394
