02110116.PTO
COCE
2012/02/11 01:16:00.8899
100.0000 m/s  
10749 muestras
-9702
-9694
-9696
-9702
-9705
-9695
-9693
-9694
-9687
-9686
-9686
-9693
-9694
-9701
-9702
-9707
-9711
-9711
-9698
-9695
-9703
-9714
-9723
-9724
-9726
-9735
-9739
-9731
-9728
-9725
-9729
-9723
-9731
-9730
-9727
-9729
-9717
-9712
-9708
-9711
-9716
-9714
-9716
-9717
-9714
-9722
-9716
-9719
-9725
-9737
-9738
-9733
-9742
-9738
-9738
-9730
-9734
-9738
-9749
-9751
-9746
-9746
-9747
-9742
-9741
-9750
-9752
-9755
-9758
-9761
-9757
-9750
-9749
-9746
-9750
-9745
-9741
-9743
-9734
-9729
-9717
-9717
-9715
-9718
-9726
-9731
-9728
-9726
-9721
-9716
-9723
-9715
-9714
-9712
-9715
-9712
-9720
-9721
-9722
-9714
-9712
-9719
-9714
-9721
-9718
-9732
-9732
-9727
-9733
-9737
-9742
-9741
-9733
-9732
-9724
-9715
-9716
-9707
-9715
-9718
-9720
-9715
-9710
-9706
-9701
-9705
-9709
-9712
-9725
-9724
-9709
-9715
-9703
-9701
-9696
-9702
-9712
-9705
-9706
-9707
-9716
-9716
-9721
-9722
-9722
-9726
-9727
-9725
-9729
-9729
-9724
-9720
-9722
-9728
-9728
-9725
-9719
-9711
-9715
-9716
-9715
-9711
-9708
-9714
-9720
-9725
-9730
-9734
-9739
-9745
-9746
-9745
-9745
-9752
-9756
-9750
-9743
-9751
-9747
-9749
-9752
-9762
-9768
-9761
-9763
-9753
-9755
-9745
-9744
-9747
-9754
-9757
-9752
-9754
-9760
-9756
-9751
-9746
-9743
-9758
-9763
-9765
-9761
-9768
-9771
-9767
-9763
-9757
-9758
-9765
-9774
-9776
-9779
-9779
-9777
-9774
-9780
-9784
-9788
-9789
-9794
-9798
-9788
-9785
-9788
-9796
-9801
-9802
-9808
-9812
-9809
-9804
-9803
-9803
-9804
-9804
-9804
-9799
-9795
-9793
-9790
-9790
-9789
-9791
-9798
-9798
-9789
-9786
-9788
-9786
-9781
-9788
-9787
-9785
-9779
-9779
-9776
-9771
-9778
-9779
-9782
-9781
-9781
-9782
-9786
-9782
-9771
-9762
-9760
-9765
-9775
-9776
-9777
-9773
-9778
-9779
-9773
-9776
-9776
-9775
-9772
-9775
-9763
-9763
-9767
-9754
-9750
-9749
-9745
-9743
-9739
-9733
-9740
-9747
-9747
-9746
-9746
-9749
-9743
-9740
-9739
-9743
-9743
-9736
-9725
-9714
-9713
-9721
-9728
-9734
-9748
-9745
-9749
-9745
-9744
-9737
-9743
-9748
-9740
-9747
-9752
-9738
-9728
-9729
-9718
-9716
-9722
-9727
-9718
-9716
-9722
-9727
-9723
-9721
-9705
-9699
-9693
-9688
-9693
-9696
-9702
-9703
-9703
-9701
-9690
-9679
-9685
-9685
-9683
-9683
-9684
-9679
-9688
-9693
-9694
-9698
-9702
-9700
-9698
-9701
-9694
-9692
-9692
-9695
-9683
-9675
-9675
-9672
-9670
-9674
-9679
-9676
-9676
-9674
-9661
-9655
-9656
-9658
-9666
-9678
-9689
-9700
-9705
-9708
-9705
-9716
-9732
-9741
-9747
-9736
-9734
-9725
-9702
-9671
-9650
-9649
-9646
-9637
-9629
-9632
-9658
-9686
-9686
-9644
-9587
-9550
-9565
-9619
-9674
-9677
-9617
-9533
-9485
-9527
-9639
-9753
-9809
-9813
-9787
-9784
-9801
-9839
-9861
-9839
-9771
-9670
-9568
-9521
-9544
-9597
-9638
-9612
-9541
-9466
-9447
-9468
-9517
-9557
-9553
-9497
-9435
-9419
-9475
-9557
-9605
-9619
-9624
-9680
-9774
-9885
-9939
-9923
-9849
-9755
-9684
-9654
-9644
-9643
-9651
-9652
-9633
-9584
-9566
-9623
-9747
-9843
-9837
-9730
-9601
-9488
-9435
-9436
-9443
-9439
-9435
-9460
-9514
-9605
-9699
-9777
-9831
-9841
-9798
-9710
-9596
-9482
-9415
-9393
-9381
-9356
-9354
-9417
-9549
-9731
-9875
-9948
-9952
-9918
-9868
-9846
-9830
-9778
-9684
-9559
-9457
-9430
-9479
-9583
-9702
-9782
-9793
-9741
-9708
-9705
-9748
-9781
-9768
-9700
-9623
-9556
-9535
-9579
-9646
-9686
-9644
-9552
-9473
-9498
-9592
-9685
-9686
-9607
-9528
-9522
-9590
-9690
-9737
-9708
-9632
-9543
-9514
-9551
-9640
-9710
-9771
-9807
-9798
-9759
-9725
-9739
-9794
-9829
-9777
-9640
-9480
-9388
-9408
-9517
-9652
-9748
-9761
-9732
-9700
-9680
-9687
-9713
-9749
-9746
-9665
-9528
-9395
-9362
-9444
-9610
-9769
-9839
-9799
-9707
-9675
-9727
-9810
-9833
-9774
-9659
-9517
-9401
-9372
-9422
-9493
-9557
-9625
-9678
-9693
-9696
-9694
-9687
-9695
-9708
-9668
-9599
-9526
-9478
-9483
-9535
-9622
-9730
-9852
-9941
-9989
-9982
-9924
-9860
-9811
-9793
-9779
-9718
-9625
-9520
-9456
-9476
-9567
-9685
-9755
-9782
-9759
-9701
-9640
-9611
-9613
-9653
-9709
-9703
-9634
-9530
-9472
-9544
-9736
-9927
-10020
-9960
-9823
-9702
-9660
-9700
-9784
-9851
-9844
-9772
-9685
-9625
-9637
-9731
-9824
-9859
-9808
-9697
-9550
-9451
-9454
-9522
-9592
-9631
-9642
-9674
-9763
-9901
-10021
-10089
-10111
-10074
-9991
-9884
-9787
-9699
-9644
-9643
-9673
-9699
-9745
-9785
-9841
-9935
-10008
-9996
-9897
-9762
-9638
-9557
-9527
-9502
-9492
-9509
-9560
-9648
-9755
-9856
-9908
-9921
-9890
-9826
-9712
-9590
-9481
-9400
-9373
-9391
-9462
-9563
-9682
-9802
-9904
-9968
-9983
-9974
-9938
-9868
-9774
-9669
-9573
-9515
-9537
-9614
-9729
-9831
-9881
-9876
-9871
-9906
-9952
-9983
-9944
-9840
-9684
-9537
-9442
-9459
-9595
-9742
-9837
-9849
-9802
-9723
-9682
-9726
-9825
-9916
-9939
-9868
-9753
-9682
-9693
-9788
-9924
-10020
-10012
-9919
-9790
-9697
-9688
-9736
-9782
-9785
-9715
-9600
-9501
-9475
-9573
-9721
-9849
-9903
-9871
-9784
-9713
-9686
-9700
-9726
-9730
-9724
-9701
-9696
-9711
-9757
-9809
-9851
-9857
-9827
-9771
-9706
-9648
-9604
-9571
-9548
-9558
-9582
-9622
-9673
-9744
-9803
-9834
-9836
-9813
-9775
-9723
-9664
-9625
-9593
-9582
-9609
-9670
-9734
-9782
-9820
-9828
-9834
-9847
-9859
-9857
-9820
-9735
-9652
-9581
-9534
-9534
-9569
-9608
-9636
-9655
-9681
-9715
-9761
-9806
-9817
-9793
-9730
-9661
-9617
-9618
-9669
-9728
-9738
-9722
-9692
-9692
-9758
-9862
-9943
-9959
-9896
-9779
-9684
-9636
-9645
-9678
-9706
-9702
-9665
-9600
-9560
-9592
-9678
-9757
-9783
-9738
-9633
-9551
-9527
-9575
-9666
-9746
-9781
-9750
-9692
-9653
-9660
-9698
-9736
-9754
-9731
-9666
-9585
-9521
-9511
-9567
-9645
-9697
-9699
-9663
-9620
-9607
-9617
-9652
-9665
-9670
-9658
-9639
-9628
-9622
-9651
-9698
-9778
-9862
-9918
-9910
-9867
-9811
-9778
-9757
-9763
-9783
-9780
-9749
-9707
-9677
-9663
-9688
-9730
-9785
-9805
-9772
-9679
-9568
-9501
-9509
-9564
-9620
-9648
-9646
-9628
-9631
-9677
-9754
-9832
-9870
-9861
-9793
-9715
-9643
-9623
-9651
-9699
-9724
-9708
-9654
-9602
-9615
-9677
-9742
-9758
-9731
-9671
-9620
-9588
-9591
-9619
-9641
-9659
-9661
-9652
-9660
-9702
-9745
-9771
-9767
-9734
-9661
-9578
-9540
-9534
-9556
-9574
-9576
-9579
-9607
-9670
-9754
-9818
-9838
-9819
-9767
-9698
-9639
-9600
-9579
-9593
-9603
-9601
-9592
-9589
-9604
-9652
-9709
-9755
-9755
-9722
-9676
-9623
-9599
-9595
-9621
-9662
-9709
-9740
-9775
-9798
-9819
-9820
-9818
-9821
-9809
-9769
-9691
-9605
-9538
-9512
-9513
-9563
-9629
-9677
-9685
-9674
-9664
-9666
-9686
-9716
-9734
-9706
-9641
-9554
-9499
-9521
-9613
-9727
-9807
-9839
-9807
-9756
-9716
-9713
-9748
-9776
-9769
-9716
-9634
-9566
-9563
-9613
-9708
-9798
-9854
-9846
-9813
-9773
-9759
-9793
-9825
-9824
-9768
-9693
-9618
-9579
-9586
-9641
-9703
-9742
-9761
-9747
-9715
-9691
-9694
-9710
-9717
-9699
-9654
-9619
-9605
-9614
-9639
-9688
-9749
-9802
-9833
-9835
-9825
-9808
-9788
-9763
-9748
-9748
-9764
-9783
-9800
-9802
-9796
-9800
-9818
-9826
-9822
-9806
-9765
-9716
-9668
-9646
-9633
-9634
-9639
-9646
-9656
-9682
-9725
-9762
-9800
-9832
-9840
-9815
-9775
-9742
-9727
-9720
-9717
-9714
-9703
-9690
-9700
-9736
-9789
-9820
-9807
-9768
-9721
-9680
-9658
-9663
-9665
-9663
-9649
-9637
-9642
-9685
-9765
-9844
-9887
-9871
-9825
-9761
-9712
-9689
-9700
-9721
-9728
-9709
-9673
-9664
-9693
-9754
-9815
-9844
-9819
-9769
-9700
-9637
-9600
-9595
-9601
-9610
-9610
-9613
-9625
-9661
-9720
-9785
-9839
-9849
-9819
-9752
-9687
-9650
-9639
-9642
-9648
-9649
-9669
-9700
-9736
-9770
-9802
-9831
-9844
-9830
-9795
-9727
-9661
-9616
-9589
-9591
-9607
-9640
-9666
-9685
-9681
-9680
-9693
-9709
-9726
-9728
-9699
-9652
-9586
-9547
-9550
-9610
-9688
-9733
-9748
-9732
-9715
-9712
-9728
-9744
-9743
-9724
-9687
-9622
-9569
-9553
-9586
-9648
-9717
-9753
-9746
-9717
-9702
-9717
-9753
-9779
-9775
-9740
-9694
-9650
-9628
-9643
-9679
-9722
-9740
-9733
-9719
-9711
-9699
-9692
-9687
-9662
-9628
-9589
-9565
-9584
-9640
-9691
-9733
-9754
-9759
-9765
-9770
-9777
-9762
-9741
-9698
-9653
-9613
-9600
-9604
-9635
-9669
-9695
-9719
-9730
-9749
-9746
-9743
-9734
-9716
-9675
-9649
-9623
-9613
-9627
-9652
-9688
-9723
-9764
-9784
-9795
-9794
-9778
-9748
-9719
-9686
-9658
-9635
-9614
-9607
-9610
-9633
-9674
-9722
-9758
-9777
-9762
-9737
-9709
-9668
-9641
-9629
-9640
-9637
-9632
-9633
-9643
-9691
-9768
-9830
-9852
-9836
-9780
-9725
-9677
-9662
-9679
-9702
-9701
-9672
-9645
-9644
-9686
-9753
-9817
-9851
-9835
-9772
-9690
-9624
-9603
-9611
-9626
-9639
-9627
-9616
-9618
-9650
-9704
-9756
-9792
-9793
-9769
-9726
-9688
-9665
-9673
-9689
-9706
-9716
-9728
-9755
-9792
-9834
-9869
-9895
-9883
-9856
-9806
-9747
-9697
-9668
-9657
-9666
-9685
-9710
-9750
-9775
-9804
-9812
-9820
-9819
-9801
-9775
-9741
-9706
-9673
-9649
-9649
-9685
-9718
-9750
-9764
-9775
-9775
-9779
-9788
-9795
-9780
-9756
-9719
-9677
-9643
-9634
-9679
-9733
-9793
-9815
-9824
-9823
-9820
-9827
-9820
-9798
-9763
-9708
-9667
-9656
-9664
-9688
-9713
-9743
-9760
-9764
-9761
-9766
-9772
-9787
-9772
-9743
-9707
-9679
-9676
-9693
-9739
-9789
-9825
-9833
-9844
-9842
-9838
-9834
-9816
-9780
-9726
-9676
-9633
-9615
-9628
-9655
-9687
-9716
-9721
-9714
-9720
-9731
-9750
-9766
-9763
-9739
-9711
-9674
-9660
-9681
-9733
-9784
-9825
-9851
-9866
-9871
-9853
-9830
-9795
-9764
-9722
-9683
-9643
-9626
-9616
-9621
-9654
-9689
-9722
-9728
-9731
-9719
-9707
-9695
-9668
-9657
-9652
-9651
-9646
-9647
-9653
-9684
-9742
-9801
-9847
-9855
-9835
-9791
-9754
-9725
-9705
-9696
-9704
-9704
-9684
-9676
-9684
-9720
-9767
-9809
-9832
-9817
-9775
-9726
-9683
-9665
-9671
-9673
-9661
-9646
-9636
-9649
-9685
-9731
-9767
-9784
-9784
-9764
-9717
-9669
-9650
-9646
-9657
-9667
-9666
-9677
-9708
-9753
-9797
-9820
-9820
-9808
-9769
-9735
-9709
-9690
-9682
-9678
-9675
-9674
-9684
-9704
-9729
-9744
-9768
-9780
-9769
-9746
-9720
-9692
-9661
-9634
-9618
-9620
-9631
-9658
-9690
-9724
-9751
-9775
-9779
-9779
-9774
-9756
-9735
-9715
-9697
-9679
-9669
-9670
-9680
-9685
-9688
-9696
-9717
-9734
-9734
-9728
-9714
-9682
-9650
-9639
-9639
-9668
-9709
-9740
-9760
-9758
-9749
-9749
-9761
-9764
-9747
-9720
-9696
-9665
-9645
-9642
-9671
-9722
-9747
-9757
-9754
-9753
-9766
-9775
-9782
-9784
-9763
-9714
-9656
-9617
-9610
-9638
-9688
-9729
-9740
-9739
-9726
-9722
-9723
-9734
-9746
-9740
-9712
-9673
-9653
-9656
-9684
-9719
-9752
-9764
-9768
-9746
-9730
-9718
-9721
-9732
-9719
-9688
-9658
-9626
-9618
-9643
-9674
-9709
-9739
-9762
-9765
-9763
-9750
-9737
-9732
-9735
-9716
-9702
-9684
-9675
-9681
-9700
-9709
-9706
-9711
-9719
-9723
-9709
-9693
-9662
-9656
-9655
-9665
-9675
-9678
-9679
-9693
-9711
-9729
-9760
-9777
-9777
-9750
-9711
-9685
-9676
-9685
-9703
-9717
-9716
-9705
-9703
-9713
-9738
-9768
-9779
-9780
-9762
-9732
-9693
-9666
-9655
-9650
-9654
-9660
-9669
-9681
-9713
-9739
-9768
-9773
-9763
-9739
-9718
-9697
-9692
-9696
-9702
-9709
-9711
-9717
-9714
-9720
-9732
-9748
-9741
-9723
-9693
-9673
-9649
-9649
-9647
-9655
-9652
-9666
-9676
-9682
-9711
-9732
-9756
-9762
-9765
-9739
-9721
-9696
-9688
-9680
-9691
-9703
-9712
-9731
-9746
-9752
-9758
-9751
-9739
-9727
-9706
-9690
-9665
-9649
-9624
-9614
-9619
-9647
-9669
-9682
-9696
-9701
-9701
-9703
-9698
-9695
-9679
-9652
-9632
-9617
-9622
-9635
-9669
-9700
-9723
-9727
-9722
-9717
-9706
-9701
-9703
-9705
-9701
-9686
-9665
-9649
-9658
-9682
-9714
-9749
-9760
-9757
-9751
-9740
-9717
-9704
-9697
-9688
-9668
-9650
-9634
-9640
-9662
-9687
-9714
-9727
-9726
-9711
-9700
-9689
-9686
-9681
-9671
-9662
-9662
-9657
-9661
-9676
-9706
-9731
-9748
-9743
-9725
-9707
-9691
-9682
-9662
-9651
-9642
-9638
-9627
-9646
-9666
-9691
-9712
-9726
-9730
-9720
-9701
-9684
-9677
-9667
-9665
-9663
-9670
-9677
-9689
-9698
-9709
-9724
-9748
-9762
-9772
-9777
-9764
-9745
-9733
-9713
-9700
-9711
-9732
-9747
-9753
-9752
-9747
-9748
-9759
-9764
-9750
-9731
-9698
-9680
-9683
-9696
-9710
-9717
-9730
-9750
-9760
-9770
-9786
-9800
-9803
-9789
-9752
-9731
-9713
-9706
-9706
-9715
-9730
-9727
-9725
-9720
-9736
-9752
-9759
-9741
-9728
-9714
-9687
-9666
-9670
-9676
-9697
-9718
-9717
-9730
-9737
-9750
-9764
-9778
-9781
-9780
-9762
-9739
-9715
-9706
-9711
-9723
-9733
-9738
-9752
-9753
-9764
-9774
-9780
-9769
-9758
-9734
-9722
-9706
-9691
-9693
-9699
-9710
-9718
-9736
-9746
-9763
-9769
-9766
-9750
-9746
-9744
-9727
-9718
-9705
-9699
-9701
-9714
-9729
-9749
-9760
-9757
-9747
-9733
-9726
-9726
-9720
-9715
-9712
-9700
-9705
-9711
-9718
-9740
-9753
-9771
-9778
-9773
-9762
-9752
-9753
-9748
-9737
-9733
-9732
-9732
-9716
-9722
-9749
-9770
-9788
-9788
-9790
-9785
-9767
-9750
-9743
-9741
-9730
-9719
-9725
-9739
-9755
-9765
-9764
-9772
-9771
-9752
-9743
-9734
-9728
-9721
-9715
-9706
-9694
-9696
-9701
-9725
-9744
-9760
-9775
-9786
-9767
-9746
-9728
-9716
-9713
-9702
-9705
-9712
-9733
-9741
-9740
-9736
-9751
-9765
-9774
-9770
-9758
-9754
-9737
-9730
-9721
-9713
-9716
-9720
-9722
-9742
-9760
-9772
-9791
-9791
-9783
-9774
-9756
-9744
-9723
-9709
-9705
-9712
-9726
-9735
-9741
-9747
-9761
-9761
-9762
-9760
-9757
-9737
-9708
-9690
-9678
-9687
-9704
-9713
-9718
-9722
-9722
-9724
-9730
-9740
-9747
-9753
-9739
-9717
-9693
-9692
-9700
-9703
-9714
-9722
-9738
-9736
-9740
-9730
-9735
-9743
-9743
-9739
-9726
-9724
-9726
-9729
-9736
-9739
-9745
-9766
-9775
-9784
-9784
-9789
-9785
-9771
-9761
-9743
-9734
-9727
-9715
-9722
-9733
-9751
-9761
-9766
-9768
-9773
-9762
-9748
-9735
-9725
-9722
-9703
-9695
-9679
-9679
-9680
-9695
-9702
-9716
-9731
-9725
-9707
-9687
-9690
-9686
-9683
-9686
-9685
-9684
-9694
-9702
-9722
-9743
-9757
-9773
-9784
-9783
-9759
-9738
-9728
-9723
-9701
-9672
-9671
-9668
-9684
-9691
-9708
-9723
-9735
-9738
-9736
-9733
-9723
-9714
-9700
-9712
-9701
-9700
-9700
-9712
-9738
-9767
-9774
-9774
-9770
-9754
-9741
-9735
-9725
-9721
-9726
-9716
-9699
-9682
-9698
-9705
-9726
-9738
-9740
-9733
-9721
-9704
-9696
-9694
-9677
-9676
-9679
-9692
-9690
-9689
-9694
-9722
-9750
-9743
-9744
-9745
-9748
-9746
-9718
-9712
-9725
-9730
-9729
-9728
-9729
-9737
-9748
-9756
-9768
-9773
-9773
-9754
-9730
-9713
-9701
-9702
-9697
-9703
-9727
-9734
-9744
-9744
-9734
-9738
-9747
-9746
-9745
-9744
-9743
-9729
-9711
-9719
-9722
-9738
-9744
-9754
-9761
-9767
-9775
-9783
-9774
-9759
-9738
-9724
-9715
-9716
-9717
-9710
-9729
-9739
-9758
-9758
-9764
-9773
-9788
-9780
-9776
-9760
-9741
-9728
-9723
-9730
-9733
-9756
-9767
-9782
-9785
-9796
-9807
-9816
-9806
-9792
-9783
-9772
-9756
-9761
-9759
-9764
-9779
-9793
-9800
-9809
-9821
-9814
-9803
-9784
-9781
-9769
-9769
-9775
-9786
-9777
-9779
-9785
-9800
-9813
-9821
-9830
-9835
-9836
-9822
-9819
-9794
-9790
-9783
-9771
-9758
-9771
-9777
-9775
-9779
-9786
-9800
-9794
-9792
-9785
-9785
-9789
-9798
-9783
-9783
-9782
-9793
-9800
-9807
-9829
-9833
-9831
-9821
-9817
-9810
-9797
-9777
-9777
-9774
-9768
-9764
-9754
-9749
-9749
-9766
-9764
-9753
-9753
-9750
-9742
-9734
-9734
-9734
-9742
-9747
-9744
-9744
-9758
-9766
-9769
-9771
-9778
-9778
-9768
-9761
-9762
-9762
-9752
-9744
-9733
-9742
-9742
-9741
-9744
-9764
-9781
-9781
-9774
-9772
-9764
-9748
-9737
-9724
-9731
-9731
-9741
-9751
-9752
-9749
-9753
-9764
-9771
-9768
-9758
-9758
-9761
-9757
-9735
-9724
-9722
-9728
-9728
-9738
-9757
-9766
-9768
-9760
-9758
-9744
-9737
-9718
-9714
-9715
-9712
-9721
-9723
-9729
-9732
-9739
-9740
-9754
-9755
-9771
-9777
-9780
-9777
-9755
-9747
-9746
-9753
-9742
-9755
-9767
-9779
-9780
-9783
-9778
-9772
-9764
-9753
-9743
-9734
-9735
-9720
-9720
-9729
-9746
-9752
-9750
-9752
-9761
-9763
-9761
-9759
-9745
-9743
-9736
-9732
-9740
-9743
-9751
-9754
-9754
-9753
-9766
-9775
-9775
-9766
-9754
-9741
-9737
-9724
-9721
-9721
-9718
-9722
-9718
-9719
-9720
-9745
-9744
-9747
-9735
-9733
-9718
-9717
-9719
-9723
-9738
-9734
-9742
-9732
-9734
-9746
-9766
-9770
-9783
-9780
-9773
-9757
-9740
-9724
-9719
-9717
-9710
-9716
-9716
-9723
-9722
-9728
-9724
-9719
-9715
-9708
-9705
-9701
-9686
-9674
-9665
-9654
-9656
-9664
-9672
-9691
-9698
-9701
-9704
-9697
-9681
-9670
-9677
-9673
-9676
-9675
-9667
-9674
-9684
-9689
-9688
-9700
-9701
-9702
-9704
-9702
-9700
-9693
-9684
-9683
-9685
-9685
-9693
-9698
-9705
-9698
-9708
-9715
-9724
-9719
-9703
-9698
-9686
-9687
-9678
-9676
-9676
-9678
-9687
-9703
-9707
-9706
-9699
-9690
-9686
-9677
-9687
-9684
-9693
-9690
-9676
-9675
-9685
-9689
-9688
-9689
-9695
-9710
-9703
-9700
-9695
-9692
-9674
-9669
-9670
-9683
-9695
-9693
-9698
-9698
-9708
-9704
-9702
-9701
-9713
-9723
-9722
-9711
-9700
-9706
-9709
-9703
-9707
-9709
-9711
-9728
-9722
-9712
-9716
-9706
-9705
-9698
-9679
-9671
-9668
-9668
-9673
-9678
-9687
-9689
-9698
-9700
-9707
-9709
-9698
-9698
-9694
-9702
-9700
-9708
-9720
-9727
-9730
-9725
-9720
-9729
-9739
-9736
-9736
-9727
-9719
-9714
-9705
-9702
-9697
-9704
-9712
-9708
-9707
-9698
-9711
-9716
-9719
-9722
-9715
-9710
-9706
-9706
-9714
-9716
-9719
-9722
-9725
-9731
-9734
-9731
-9724
-9724
-9713
-9701
-9690
-9688
-9687
-9694
-9689
-9692
-9694
-9695
-9710
-9715
-9732
-9726
-9724
-9717
-9710
-9704
-9692
-9695
-9701
-9714
-9712
-9719
-9722
-9725
-9734
-9732
-9733
-9734
-9739
-9737
-9726
-9719
-9703
-9705
-9703
-9702
-9705
-9691
-9710
-9715
-9726
-9736
-9734
-9724
-9717
-9715
-9712
-9710
-9701
-9683
-9677
-9684
-9698
-9711
-9703
-9715
-9700
-9710
-9705
-9699
-9702
-9699
-9692
-9684
-9686
-9682
-9692
-9701
-9724
-9714
-9722
-9705
-9691
-9697
-9685
-9679
-9672
-9678
-9696
-9708
-9703
-9704
-9697
-9701
-9703
-9707
-9707
-9714
-9716
-9709
-9714
-9697
-9681
-9685
-9672
-9668
-9679
-9677
-9676
-9680
-9675
-9671
-9670
-9667
-9663
-9666
-9659
-9653
-9661
-9659
-9667
-9677
-9684
-9681
-9685
-9680
-9675
-9686
-9679
-9674
-9676
-9670
-9659
-9668
-9670
-9682
-9695
-9694
-9706
-9714
-9709
-9716
-9711
-9702
-9693
-9684
-9687
-9703
-9704
-9705
-9714
-9724
-9736
-9722
-9717
-9713
-9722
-9723
-9716
-9706
-9695
-9696
-9693
-9689
-9707
-9731
-9754
-9761
-9751
-9753
-9768
-9760
-9748
-9764
-9777
-9786
-9756
-9730
-9732
-9767
-9773
-9781
-9800
-9817
-9808
-9767
-9763
-9785
-9810
-9788
-9754
-9751
-9761
-9745
-9726
-9727
-9754
-9772
-9769
-9782
-9827
-9843
-9809
-9773
-9777
-9798
-9816
-9821
-9824
-9815
-9791
-9783
-9831
-9911
-9935
-9924
-9857
-9778
-9733
-9753
-9821
-9889
-9902
-9864
-9798
-9742
-9725
-9739
-9769
-9789
-9806
-9818
-9818
-9808
-9808
-9793
-9785
-9763
-9752
-9724
-9726
-9788
-9867
-9931
-9945
-9943
-9878
-9774
-9706
-9731
-9814
-9896
-9916
-9868
-9772
-9687
-9678
-9755
-9875
-9947
-9921
-9832
-9752
-9735
-9768
-9782
-9785
-9774
-9776
-9760
-9746
-9758
-9791
-9837
-9861
-9882
-9895
-9873
-9803
-9762
-9770
-9808
-9827
-9834
-9830
-9795
-9754
-9737
-9771
-9840
-9870
-9838
-9778
-9731
-9735
-9750
-9771
-9788
-9821
-9811
-9772
-9730
-9712
-9718
-9743
-9784
-9808
-9801
-9736
-9696
-9716
-9786
-9815
-9817
-9778
-9746
-9710
-9679
-9694
-9730
-9763
-9757
-9741
-9696
-9679
-9678
-9694
-9713
-9749
-9784
-9787
-9751
-9703
-9675
-9658
-9679
-9712
-9729
-9729
-9740
-9756
-9773
-9778
-9767
-9746
-9754
-9750
-9717
-9693
-9702
-9710
-9691
-9662
-9624
-9614
-9616
-9619
-9626
-9652
-9680
-9691
-9692
-9698
-9691
-9663
-9646
-9657
-9671
-9674
-9662
-9653
-9676
-9708
-9715
-9689
-9675
-9687
-9698
-9683
-9666
-9645
-9648
-9643
-9624
-9608
-9607
-9600
-9598
-9619
-9642
-9666
-9652
-9629
-9597
-9590
-9596
-9619
-9647
-9651
-9641
-9623
-9619
-9626
-9638
-9637
-9636
-9665
-9691
-9696
-9680
-9660
-9656
-9671
-9674
-9663
-9648
-9626
-9619
-9633
-9641
-9630
-9621
-9606
-9604
-9590
-9574
-9562
-9571
-9597
-9614
-9618
-9630
-9642
-9639
-9629
-9607
-9615
-9619
-9632
-9661
-9690
-9693
-9681
-9654
-9638
-9645
-9650
-9639
-9626
-9620
-9622
-9612
-9605
-9612
-9610
-9593
-9582
-9598
-9615
-9632
-9629
-9632
-9628
-9619
-9616
-9627
-9641
-9659
-9645
-9635
-9637
-9639
-9634
-9630
-9645
-9665
-9675
-9657
-9632
-9613
-9606
-9580
-9573
-9558
-9558
-9559
-9566
-9576
-9585
-9608
-9625
-9627
-9628
-9632
-9630
-9642
-9650
-9661
-9654
-9636
-9620
-9618
-9622
-9630
-9638
-9649
-9657
-9661
-9667
-9651
-9633
-9619
-9623
-9630
-9650
-9676
-9691
-9707
-9700
-9696
-9682
-9680
-9687
-9695
-9701
-9706
-9702
-9680
-9666
-9657
-9661
-9649
-9641
-9640
-9654
-9653
-9647
-9649
-9648
-9638
-9634
-9637
-9644
-9644
-9653
-9664
-9678
-9690
-9691
-9708
-9717
-9724
-9721
-9722
-9718
-9719
-9717
-9726
-9734
-9751
-9757
-9751
-9756
-9766
-9757
-9731
-9704
-9690
-9681
-9662
-9666
-9696
-9728
-9734
-9724
-9717
-9731
-9734
-9738
-9731
-9737
-9736
-9722
-9708
-9697
-9692
-9694
-9709
-9721
-9735
-9730
-9718
-9706
-9705
-9718
-9734
-9730
-9725
-9718
-9703
-9699
-9698
-9709
-9717
-9722
-9734
-9742
-9766
-9783
-9785
-9776
-9762
-9737
-9714
-9697
-9692
-9703
-9720
-9729
-9722
-9720
-9718
-9722
-9726
-9730
-9732
-9742
-9732
-9719
-9717
-9718
-9708
-9695
-9684
-9683
-9697
-9688
-9675
-9683
-9691
-9683
-9677
-9672
-9686
-9703
-9708
-9707
-9710
-9704
-9694
-9696
-9699
-9703
-9692
-9676
-9675
-9688
-9704
-9711
-9721
-9727
-9720
-9706
-9671
-9647
-9642
-9647
-9647
-9646
-9640
-9635
-9633
-9644
-9650
-9640
-9635
-9639
-9654
-9652
-9656
-9650
-9649
-9636
-9624
-9625
-9637
-9640
-9648
-9663
-9661
-9664
-9661
-9662
-9672
-9677
-9677
-9684
-9680
-9675
-9675
-9673
-9682
-9698
-9697
-9692
-9685
-9685
-9677
-9666
-9656
-9664
-9668
-9664
-9661
-9658
-9649
-9632
-9629
-9618
-9626
-9628
-9633
-9625
-9629
-9615
-9608
-9609
-9601
-9612
-9618
-9639
-9654
-9655
-9662
-9676
-9671
-9663
-9657
-9678
-9698
-9708
-9701
-9687
-9681
-9680
-9678
-9682
-9684
-9668
-9667
-9672
-9673
-9671
-9665
-9645
-9637
-9640
-9625
-9613
-9605
-9612
-9631
-9635
-9635
-9633
-9645
-9649
-9652
-9649
-9642
-9643
-9635
-9628
-9628
-9630
-9633
-9637
-9630
-9640
-9656
-9663
-9673
-9672
-9677
-9673
-9666
-9663
-9652
-9664
-9672
-9673
-9677
-9683
-9688
-9693
-9688
-9674
-9677
-9691
-9680
-9671
-9667
-9658
-9659
-9663
-9663
-9666
-9671
-9678
-9672
-9658
-9653
-9651
-9653
-9624
-9622
-9631
-9627
-9619
-9607
-9601
-9611
-9607
-9598
-9619
-9622
-9627
-9625
-9615
-9611
-9623
-9626
-9633
-9650
-9658
-9658
-9653
-9647
-9640
-9645
-9641
-9643
-9646
-9646
-9642
-9632
-9624
-9616
-9621
-9628
-9619
-9630
-9635
-9637
-9631
-9620
-9613
-9617
-9618
-9610
-9616
-9613
-9618
-9616
-9620
-9624
-9635
-9630
-9615
-9605
-9615
-9625
-9616
-9609
-9611
-9613
-9603
-9590
-9591
-9616
-9621
-9627
-9620
-9621
-9635
-9632
-9627
-9627
-9626
-9623
-9627
-9622
-9620
-9622
-9626
-9623
-9629
-9632
-9618
-9608
-9606
-9617
-9610
-9598
-9593
-9590
-9591
-9590
-9580
-9580
-9588
-9597
-9600
-9592
-9589
-9593
-9590
-9583
-9581
-9588
-9597
-9594
-9600
-9607
-9615
-9622
-9623
-9621
-9626
-9620
-9610
-9596
-9596
-9606
-9614
-9596
-9585
-9590
-9591
-9598
-9602
-9604
-9595
-9602
-9591
-9566
-9550
-9561
-9562
-9564
-9567
-9578
-9595
-9594
-9601
-9604
-9606
-9610
-9622
-9625
-9641
-9639
-9625
-9619
-9626
-9623
-9609
-9604
-9606
-9614
-9625
-9610
-9604
-9625
-9623
-9625
-9625
-9621
-9618
-9617
-9624
-9630
-9638
-9641
-9633
-9622
-9616
-9631
-9641
-9636
-9632
-9638
-9634
-9630
-9622
-9613
-9628
-9635
-9638
-9625
-9625
-9627
-9623
-9632
-9641
-9649
-9657
-9655
-9656
-9670
-9683
-9691
-9691
-9701
-9700
-9692
-9682
-9689
-9687
-9689
-9699
-9684
-9679
-9689
-9693
-9690
-9694
-9680
-9680
-9674
-9671
-9669
-9673
-9686
-9694
-9697
-9702
-9719
-9702
-9692
-9698
-9705
-9715
-9694
-9680
-9693
-9705
-9711
-9688
-9687
-9698
-9692
-9685
-9669
-9664
-9686
-9691
-9690
-9699
-9691
-9689
-9696
-9695
-9694
-9696
-9692
-9708
-9708
-9709
-9709
-9702
-9694
-9704
-9698
-9692
-9707
-9708
-9710
-9691
-9692
-9692
-9695
-9698
-9705
-9693
-9693
-9688
-9684
-9688
-9683
-9690
-9703
-9698
-9688
-9700
-9697
-9703
-9693
-9695
-9691
-9697
-9698
-9686
-9679
-9683
-9684
-9679
-9689
-9691
-9698
-9694
-9704
-9702
-9696
-9707
-9693
-9685
-9687
-9697
-9698
-9692
-9707
-9705
-9695
-9689
-9688
-9690
-9692
-9691
-9704
-9709
-9708
-9701
-9704
-9705
-9704
-9703
-9723
-9721
-9714
-9726
-9713
-9708
-9702
-9707
-9687
-9704
-9703
-9692
-9686
-9686
-9678
-9669
-9664
-9657
-9656
-9643
-9658
-9647
-9658
-9658
-9662
-9665
-9673
-9679
-9666
-9663
-9685
-9686
-9680
-9699
-9698
-9699
-9683
-9670
-9664
-9673
-9675
-9674
-9668
-9659
-9655
-9659
-9639
-9628
-9640
-9622
-9623
-9613
-9624
-9641
-9637
-9647
-9654
-9636
-9631
-9637
-9645
-9653
-9630
-9638
-9633
-9619
-9622
-9624
-9618
-9615
-9603
-9605
-9609
-9607
-9609
-9605
-9616
-9614
-9621
-9610
-9603
-9597
-9590
-9598
-9592
-9592
-9593
-9595
-9599
-9596
-9593
-9592
-9591
-9586
-9577
-9566
-9566
-9562
-9543
-9547
-9547
-9548
-9551
-9537
-9526
-9528
-9525
-9514
-9513
-9509
-9508
-9514
-9513
-9513
-9506
-9513
-9529
-9526
-9520
-9516
-9527
-9532
-9536
-9541
-9554
-9557
-9548
-9536
-9529
-9534
-9535
-9532
-9527
-9552
-9560
-9540
-9521
-9510
-9508
-9501
-9500
-9498
-9492
-9488
-9487
-9486
-9492
-9492
-9486
-9493
-9493
-9491
-9491
-9490
-9488
-9491
-9504
-9514
-9514
-9514
-9518
-9516
-9526
-9536
-9541
-9533
-9523
-9518
-9512
-9515
-9505
-9496
-9509
-9503
-9502
-9497
-9498
-9509
-9514
-9515
-9499
-9494
-9509
-9527
-9518
-9511
-9501
-9502
-9505
-9496
-9493
-9498
-9517
-9525
-9527
-9522
-9513
-9525
-9534
-9526
-9517
-9512
-9505
-9501
-9502
-9517
-9527
-9533
-9527
-9519
-9530
-9523
-9522
-9504
-9510
-9524
-9529
-9523
-9513
-9519
-9528
-9542
-9537
-9539
-9534
-9560
-9553
-9541
-9540
-9539
-9548
-9551
-9554
-9548
-9546
-9551
-9564
-9559
-9552
-9534
-9541
-9547
-9549
-9547
-9543
-9545
-9547
-9556
-9546
-9552
-9554
-9557
-9555
-9553
-9560
-9575
-9576
-9564
-9562
-9544
-9546
-9541
-9546
-9536
-9529
-9540
-9531
-9537
-9543
-9550
-9550
-9552
-9549
-9550
-9561
-9568
-9575
-9575
-9563
-9566
-9568
-9556
-9555
-9558
-9579
-9592
-9583
-9580
-9586
-9575
-9564
-9557
-9559
-9570
-9576
-9587
-9574
-9571
-9581
-9580
-9574
-9576
-9577
-9588
-9592
-9586
-9579
-9574
-9584
-9589
-9587
-9584
-9593
-9591
-9606
-9607
-9604
-9607
-9609
-9597
-9590
-9596
-9602
-9613
-9617
-9629
-9625
-9623
-9621
-9605
-9602
-9610
-9611
-9614
-9617
-9612
-9610
-9617
-9617
-9624
-9637
-9638
-9620
-9626
-9630
-9629
-9621
-9618
-9627
-9611
-9606
-9600
-9603
-9609
-9621
-9617
-9621
-9636
-9650
-9652
-9643
-9642
-9644
-9649
-9650
-9642
-9648
-9657
-9651
-9651
-9649
-9647
-9645
-9650
-9659
-9656
-9658
-9662
-9660
-9656
-9654
-9642
-9632
-9629
-9644
-9661
-9658
-9654
-9652
-9661
-9650
-9649
-9644
-9651
-9651
-9644
-9653
-9652
-9663
-9650
-9661
-9655
-9651
-9650
-9653
-9652
-9651
-9666
-9659
-9657
-9645
-9642
-9640
-9638
-9634
-9641
-9639
-9642
-9649
-9650
-9647
-9644
-9633
-9625
-9626
-9632
-9640
-9642
-9642
-9635
-9633
-9618
-9601
-9597
-9602
-9594
-9600
-9605
-9611
-9614
-9608
-9589
-9590
-9599
-9592
-9600
-9594
-9597
-9604
-9606
-9597
-9598
-9600
-9606
-9600
-9600
-9608
-9608
-9610
-9600
-9598
-9587
-9575
-9576
-9576
-9575
-9580
-9576
-9574
-9580
-9571
-9563
-9566
-9566
-9570
-9580
-9593
-9590
-9585
-9577
-9559
-9551
-9549
-9541
-9546
-9560
-9562
-9557
-9549
-9547
-9543
-9547
-9550
-9556
-9562
-9569
-9569
-9580
-9585
-9579
-9573
-9569
-9572
-9560
-9556
-9568
-9584
-9595
-9595
-9580
-9569
-9558
-9559
-9569
-9576
-9590
-9594
-9591
-9585
-9572
-9562
-9561
-9560
-9556
-9560
-9569
-9577
-9588
-9582
-9571
-9565
-9560
-9554
-9560
-9581
-9595
-9606
-9614
-9615
-9604
-9578
-9553
-9549
-9549
-9556
-9563
-9574
-9582
-9579
-9568
-9556
-9562
-9565
-9566
-9569
-9580
-9592
-9597
-9596
-9589
-9576
-9566
-9562
-9561
-9567
-9573
-9577
-9587
-9588
-9579
-9566
-9562
-9562
-9562
-9564
-9566
-9573
-9577
-9580
-9575
-9571
-9565
-9566
-9571
-9581
-9600
-9609
-9612
-9613
-9605
-9590
-9581
-9583
-9580
-9574
-9579
-9592
-9602
-9600
-9593
-9584
-9570
-9558
-9553
-9562
-9576
-9580
-9579
-9575
-9570
-9568
-9558
-9544
-9542
-9554
-9571
-9574
-9580
-9581
-9585
-9585
-9577
-9565
-9557
-9563
-9570
-9579
-9586
-9597
-9596
-9585
-9560
-9536
-9530
-9533
-9544
-9563
-9585
-9591
-9585
-9575
-9565
-9564
-9557
-9554
-9558
-9571
-9591
-9591
-9587
-9582
-9571
-9555
-9557
-9562
-9573
-9588
-9591
-9596
-9600
-9595
-9577
-9562
-9553
-9559
-9565
-9576
-9595
-9610
-9613
-9598
-9579
-9571
-9571
-9575
-9580
-9585
-9597
-9609
-9614
-9617
-9607
-9594
-9589
-9591
-9599
-9603
-9617
-9616
-9615
-9608
-9595
-9583
-9580
-9581
-9587
-9600
-9605
-9614
-9617
-9617
-9610
-9605
-9591
-9586
-9580
-9579
-9578
-9578
-9575
-9578
-9579
-9573
-9572
-9559
-9560
-9567
-9586
-9598
-9609
-9603
-9599
-9598
-9589
-9581
-9585
-9592
-9600
-9616
-9619
-9619
-9609
-9602
-9596
-9594
-9588
-9588
-9586
-9590
-9585
-9575
-9570
-9565
-9573
-9571
-9570
-9572
-9585
-9598
-9605
-9606
-9603
-9603
-9596
-9586
-9568
-9555
-9551
-9568
-9587
-9599
-9604
-9597
-9579
-9566
-9569
-9571
-9581
-9582
-9589
-9579
-9576
-9572
-9554
-9546
-9534
-9526
-9530
-9545
-9551
-9558
-9552
-9556
-9550
-9547
-9541
-9533
-9534
-9540
-9546
-9541
-9550
-9551
-9549
-9546
-9550
-9549
-9559
-9558
-9556
-9554
-9545
-9540
-9536
-9538
-9535
-9528
-9525
-9533
-9530
-9538
-9536
-9536
-9533
-9529
-9523
-9514
-9519
-9519
-9515
-9515
-9513
-9504
-9507
-9505
-9508
-9501
-9498
-9506
-9517
-9531
-9531
-9530
-9530
-9533
-9530
-9528
-9525
-9522
-9517
-9511
-9494
-9484
-9489
-9497
-9501
-9499
-9507
-9507
-9512
-9520
-9525
-9521
-9519
-9521
-9521
-9520
-9511
-9501
-9492
-9500
-9503
-9509
-9507
-9505
-9505
-9512
-9522
-9518
-9508
-9506
-9513
-9510
-9515
-9510
-9509
-9507
-9502
-9497
-9501
-9512
-9511
-9508
-9512
-9512
-9511
-9517
-9520
-9524
-9525
-9529
-9531
-9531
-9540
-9546
-9547
-9549
-9550
-9544
-9537
-9538
-9531
-9529
-9527
-9521
-9517
-9511
-9509
-9506
-9508
-9509
-9511
-9523
-9531
-9535
-9536
-9536
-9541
-9547
-9544
-9538
-9542
-9548
-9552
-9550
-9548
-9544
-9537
-9535
-9538
-9544
-9550
-9552
-9551
-9544
-9542
-9541
-9540
-9547
-9549
-9549
-9550
-9541
-9528
-9522
-9518
-9519
-9527
-9526
-9524
-9525
-9522
-9516
-9520
-9527
-9531
-9527
-9525
-9526
-9522
-9524
-9527
-9534
-9539
-9543
-9542
-9546
-9544
-9540
-9538
-9533
-9529
-9521
-9525
-9532
-9537
-9531
-9532
-9523
-9519
-9515
-9517
-9526
-9529
-9530
-9519
-9521
-9519
-9526
-9521
-9517
-9521
-9515
-9511
-9504
-9500
-9500
-9501
-9500
-9503
-9499
-9486
-9477
-9470
-9470
-9473
-9472
-9470
-9471
-9477
-9479
-9483
-9484
-9493
-9496
-9494
-9495
-9486
-9478
-9480
-9487
-9496
-9495
-9505
-9512
-9502
-9500
-9489
-9489
-9482
-9484
-9485
-9486
-9488
-9487
-9482
-9468
-9459
-9454
-9457
-9461
-9472
-9466
-9466
-9466
-9467
-9467
-9466
-9469
-9473
-9480
-9482
-9478
-9475
-9477
-9478
-9489
-9492
-9497
-9495
-9498
-9498
-9494
-9497
-9497
-9497
-9491
-9491
-9492
-9487
-9487
-9488
-9493
-9490
-9486
-9489
-9488
-9489
-9495
-9503
-9507
-9510
-9505
-9508
-9517
-9516
-9516
-9519
-9518
-9515
-9514
-9511
-9521
-9519
-9517
-9519
-9515
-9508
-9499
-9490
-9498
-9515
-9522
-9530
-9529
-9525
-9526
-9530
-9530
-9531
-9528
-9531
-9527
-9524
-9525
-9532
-9541
-9550
-9558
-9554
-9555
-9547
-9551
-9554
-9563
-9567
-9568
-9567
-9562
-9568
-9567
-9565
-9558
-9562
-9566
-9563
-9560
-9561
-9557
-9551
-9551
-9552
-9559
-9560
-9565
-9569
-9567
-9563
-9561
-9560
-9562
-9568
-9574
-9577
-9576
-9581
-9583
-9586
-9587
-9588
-9589
-9587
-9587
-9587
-9592
-9592
-9590
-9590
-9585
-9578
-9571
-9567
-9569
-9580
-9590
-9601
-9605
-9603
-9596
-9588
-9583
-9579
-9588
-9594
-9593
-9590
-9587
-9587
-9594
-9602
-9602
-9608
-9617
-9626
-9628
-9628
-9628
-9625
-9624
-9619
-9616
-9614
-9608
-9612
-9615
-9617
-9616
-9613
-9610
-9611
-9612
-9614
-9615
-9607
-9609
-9613
-9615
-9620
-9626
-9627
-9629
-9629
-9625
-9622
-9612
-9608
-9608
-9600
-9597
-9586
-9584
-9577
-9579
-9579
-9578
-9579
-9578
-9581
-9578
-9583
-9585
-9586
-9587
-9593
-9594
-9600
-9601
-9604
-9598
-9594
-9588
-9588
-9595
-9600
-9607
-9609
-9617
-9614
-9615
-9610
-9605
-9607
-9610
-9620
-9622
-9627
-9630
-9633
-9639
-9638
-9630
-9624
-9627
-9631
-9631
-9631
-9630
-9622
-9616
-9609
-9604
-9602
-9611
-9605
-9603
-9602
-9608
-9611
-9610
-9605
-9603
-9611
-9607
-9612
-9608
-9612
-9613
-9618
-9618
-9618
-9613
-9603
-9597
-9588
-9583
-9589
-9599
-9607
-9621
-9614
-9613
-9601
-9598
-9602
-9610
-9619
-9629
-9628
-9623
-9626
-9612
-9614
-9607
-9616
-9632
-9642
-9651
-9649
-9647
-9641
-9637
-9638
-9638
-9642
-9643
-9645
-9649
-9652
-9657
-9646
-9630
-9610
-9610
-9612
-9614
-9617
-9621
-9622
-9620
-9616
-9609
-9602
-9592
-9597
-9602
-9608
-9611
-9611
-9613
-9615
-9612
-9610
-9605
-9605
-9605
-9611
-9621
-9626
-9624
-9612
-9610
-9607
-9608
-9605
-9610
-9618
-9619
-9623
-9611
-9611
-9603
-9600
-9598
-9599
-9603
-9593
-9600
-9603
-9607
-9603
-9601
-9598
-9595
-9600
-9602
-9605
-9613
-9615
-9612
-9600
-9593
-9590
-9584
-9579
-9581
-9585
-9591
-9594
-9584
-9579
-9571
-9572
-9578
-9573
-9572
-9574
-9581
-9584
-9580
-9579
-9580
-9586
-9579
-9579
-9567
-9565
-9565
-9567
-9572
-9569
-9573
-9567
-9566
-9552
-9555
-9553
-9560
-9569
-9571
-9569
-9572
-9577
-9580
-9584
-9579
-9584
-9593
-9597
-9593
-9586
-9580
-9580
-9579
-9579
-9572
-9566
-9566
-9568
-9564
-9560
-9565
-9563
-9576
-9582
-9574
-9563
-9549
-9551
-9559
-9567
-9569
-9572
-9556
-9555
-9562
-9563
-9560
-9557
-9562
-9558
-9554
-9548
-9550
-9549
-9560
-9555
-9556
-9553
-9558
-9554
-9548
-9554
-9557
-9564
-9559
-9555
-9534
-9526
-9519
-9520
-9532
-9546
-9548
-9549
-9546
-9544
-9546
-9541
-9545
-9553
-9574
-9584
-9573
-9563
-9559
-9557
-9552
-9554
-9561
-9565
-9564
-9568
-9562
-9545
-9533
-9534
-9536
-9537
-9533
-9524
-9529
-9530
-9523
-9500
-9482
-9500
-9518
-9519
-9518
-9507
-9491
-9480
-9479
-9483
-9495
-9508
-9515
-9519
-9514
-9500
-9493
-9493
-9507
-9513
-9511
-9505
-9504
-9506
-9507
-9498
-9493
-9507
-9519
-9523
-9507
-9500
-9480
-9487
-9488
-9495
-9499
-9494
-9492
-9488
-9495
-9492
-9489
-9489
-9509
-9509
-9511
-9495
-9490
-9488
-9490
-9485
-9483
-9486
-9492
-9492
-9483
-9476
-9473
-9484
-9481
-9498
-9498
-9502
-9492
-9500
-9500
-9493
-9487
-9480
-9487
-9500
-9508
-9507
-9513
-9508
-9507
-9501
-9504
-9497
-9499
-9497
-9490
-9482
-9475
-9472
-9484
-9496
-9505
-9513
-9512
-9511
-9501
-9504
-9515
-9514
-9508
-9513
-9501
-9502
-9500
-9503
-9505
-9510
-9510
-9519
-9518
-9508
-9501
-9490
-9486
-9488
-9499
-9491
-9485
-9458
-9449
-9452
-9459
-9451
-9448
-9450
-9455
-9448
-9432
-9437
-9440
-9444
-9432
-9430
-9426
-9431
-9429
-9439
-9444
-9447
-9460
-9462
-9465
-9469
-9475
-9474
-9472
-9463
-9462
-9460
-9458
-9471
-9489
-9500
-9495
-9486
-9486
-9481
-9477
-9474
-9468
-9476
-9482
-9476
-9459
-9441
-9433
-9439
-9456
-9473
-9486
-9495
-9497
-9486
-9473
-9467
-9466
-9465
-9473
-9472
-9479
-9480
-9476
-9472
-9471
-9477
-9461
-9466
-9476
-9483
-9480
-9478
-9472
-9471
-9474
-9476
-9475
-9480
-9497
-9505
-9509
-9509
-9515
-9508
-9511
-9505
-9500
-9507
-9507
-9508
-9512
-9502
-9490
-9488
-9491
-9495
-9504
-9510
-9507
-9495
-9490
-9488
-9487
-9492
-9494
-9502
-9496
-9495
-9484
-9483
-9489
-9500
-9496
-9491
-9494
-9487
-9478
-9463
-9455
-9463
-9470
-9474
-9487
-9491
-9493
-9492
-9498
-9505
-9519
-9520
-9506
-9499
-9495
-9491
-9481
-9476
-9479
-9494
-9491
-9481
-9482
-9479
-9482
-9484
-9490
-9495
-9504
-9515
-9511
-9503
-9495
-9489
-9499
-9504
-9500
-9506
-9508
-9496
-9484
-9477
-9483
-9497
-9512
-9517
-9518
-9515
-9508
-9510
-9517
-9536
-9555
-9569
-9566
-9559
-9533
-9516
-9518
-9535
-9544
-9552
-9558
-9540
-9525
-9514
-9515
-9526
-9528
-9526
-9531
-9524
-9528
-9519
-9521
-9530
-9532
-9540
-9536
-9538
-9546
-9552
-9556
-9571
-9581
-9587
-9582
-9585
-9587
-9593
-9594
-9595
-9589
-9584
-9584
-9585
-9587
-9576
-9577
-9573
-9574
-9566
-9569
-9577
-9583
-9581
-9575
-9564
-9557
-9555
-9555
-9562
-9575
-9587
-9576
-9571
-9560
-9556
-9554
-9561
-9570
-9584
-9593
-9587
-9589
-9586
-9585
-9577
-9571
-9582
-9586
-9589
-9594
-9592
-9595
-9591
-9589
-9586
-9592
-9598
-9597
-9601
-9599
-9590
-9581
-9587
-9586
-9589
-9590
-9586
-9586
-9587
-9591
-9590
-9587
-9586
-9583
-9570
-9565
-9559
-9565
-9579
-9583
-9589
-9596
-9591
-9583
-9589
-9597
-9609
-9600
-9597
-9596
-9600
-9599
-9596
-9590
-9580
-9579
-9574
-9586
-9601
-9612
-9615
-9611
-9595
-9592
-9589
-9586
-9594
-9605
-9607
-9604
-9601
-9599
-9602
-9600
-9606
-9613
-9616
-9629
-9636
-9632
-9625
-9621
-9627
-9627
-9628
-9629
-9633
-9630
-9627
-9626
-9631
-9630
-9628
-9635
-9643
-9649
-9645
-9646
-9642
-9640
-9638
-9638
-9641
-9635
-9626
-9631
-9629
-9619
-9614
-9618
-9623
-9620
-9622
-9625
-9633
-9638
-9628
-9612
-9619
-9618
-9614
-9623
-9632
-9634
-9631
-9624
-9617
-9610
-9597
-9595
-9607
-9617
-9622
-9619
-9620
-9620
-9615
-9603
-9593
-9606
-9616
-9621
-9620
-9617
-9619
-9612
-9597
-9604
-9612
-9602
-9591
-9585
-9585
-9588
-9586
-9578
-9582
-9583
-9573
-9571
-9569
-9578
-9588
-9587
-9582
-9576
-9566
-9557
-9555
-9562
-9570
-9582
-9586
-9587
-9580
-9572
-9557
-9553
-9563
-9570
-9578
-9574
-9569
-9556
-9539
-9526
-9533
-9545
-9557
-9572
-9580
-9583
-9585
-9582
-9585
-9596
-9599
-9587
-9573
-9567
-9569
-9573
-9577
-9590
-9593
-9587
-9573
-9563
-9555
-9551
-9552
-9555
-9563
-9566
-9562
-9562
-9565
-9561
-9553
-9542
-9539
-9545
-9553
-9565
-9574
-9576
-9575
-9571
-9568
-9563
-9565
-9575
-9579
-9577
-9576
-9571
-9563
-9562
-9558
-9549
-9546
-9551
-9553
-9553
-9556
-9555
-9554
-9554
-9553
-9559
-9562
-9553
-9551
-9549
-9546
-9549
-9546
-9538
-9527
-9527
-9523
-9530
-9540
-9542
-9548
-9552
-9555
-9553
-9545
-9544
-9531
-9522
-9529
-9534
-9532
-9521
-9521
-9507
-9494
-9485
-9484
-9494
-9507
-9504
-9508
-9510
-9506
-9511
-9511
-9516
-9517
-9516
-9510
-9510
-9502
-9505
-9506
-9508
-9510
-9510
-9497
-9483
-9476
-9474
-9478
-9483
-9487
-9479
-9485
-9477
-9470
-9471
-9478
-9479
-9477
-9485
-9491
-9490
-9485
-9480
-9472
-9464
-9466
-9466
-9467
-9472
-9469
-9461
-9449
-9443
-9440
-9445
-9457
-9463
-9462
-9459
-9448
-9449
-9448
-9452
-9452
-9445
-9449
-9451
-9454
-9456
-9458
-9452
-9450
-9451
-9442
-9433
-9434
-9434
-9441
-9441
-9440
-9436
-9432
-9424
-9416
-9412
-9415
-9422
-9434
-9447
-9450
-9451
-9447
-9445
-9445
-9442
-9438
-9448
-9448
-9453
-9456
-9458
-9457
-9460
-9451
-9443
-9445
-9434
-9430
-9432
-9438
-9439
-9445
-9445
-9454
-9456
-9445
-9445
-9444
-9453
-9463
-9469
-9470
-9467
-9462
-9444
-9436
-9442
-9455
-9463
-9467
-9467
-9466
-9458
-9459
-9462
-9476
-9492
-9490
-9490
-9488
-9489
-9486
-9491
-9498
-9502
-9498
-9494
-9490
-9490
-9499
-9510
-9521
-9525
-9515
-9502
-9496
-9504
-9510
-9519
-9529
-9536
-9538
-9528
-9526
-9520
-9516
-9514
-9517
-9524
-9535
-9533
-9531
-9531
-9534
-9536
-9545
-9549
-9552
-9556
-9557
-9552
-9550
-9553
-9548
-9561
-9568
-9565
-9560
-9564
-9564
-9574
-9588
-9597
-9595
-9595
-9589
-9579
-9574
-9572
-9580
-9583
-9596
-9596
-9594
-9596
-9597
-9593
-9598
-9605
-9601
-9602
-9604
-9609
-9613
-9620
-9618
-9611
-9615
-9613
-9611
-9613
-9617
-9611
-9612
-9611
-9609
-9610
-9617
-9623
-9620
-9627
-9626
-9625
-9619
-9628
-9634
-9638
-9636
-9626
-9622
-9624
-9631
-9638
-9651
-9657
-9660
-9649
-9647
-9640
-9648
-9656
-9656
-9656
-9656
-9654
-9650
-9652
-9647
-9649
-9653
-9658
-9659
-9658
-9656
-9665
-9667
-9666
-9657
-9660
-9655
-9651
-9658
-9651
-9651
-9653
-9659
-9662
-9667
-9666
-9668
-9664
-9672
-9668
-9668
-9660
-9646
-9636
-9625
-9620
-9620
-9635
-9648
-9657
-9656
-9659
-9648
-9646
-9643
-9651
-9658
-9674
-9682
-9679
-9681
-9668
-9658
-9651
-9649
-9649
-9657
-9647
-9643
-9633
-9635
-9641
-9639
-9635
-9621
-9620
-9631
-9634
-9629
-9630
-9632
-9637
-9632
-9635
-9641
-9650
-9658
-9666
-9665
-9658
-9655
-9645
-9637
-9633
-9638
-9645
-9654
-9650
-9646
-9643
-9644
-9642
-9640
-9640
-9635
-9633
-9626
-9629
-9634
-9636
-9635
-9632
-9621
-9618
-9619
-9624
-9633
-9642
-9656
-9663
-9667
-9658
-9652
-9642
-9646
-9651
-9650
-9657
-9658
-9657
-9654
-9658
-9658
-9652
-9649
-9653
-9658
-9662
-9656
-9654
-9662
-9661
-9650
-9644
-9639
-9636
-9641
-9651
-9662
-9659
-9655
-9639
-9632
-9626
-9629
-9636
-9638
-9639
-9636
-9636
-9631
-9623
-9621
-9625
-9623
-9627
-9627
-9623
-9617
-9611
-9615
-9609
-9611
-9616
-9618
-9612
-9612
-9627
-9629
-9636
-9638
-9630
-9612
-9605
-9599
-9604
-9612
-9619
-9621
-9617
-9612
-9602
-9605
-9599
-9607
-9601
-9610
-9609
-9613
-9613
-9619
-9617
-9619
-9619
-9617
-9629
-9627
-9638
-9638
-9650
-9644
-9645
-9639
-9639
-9629
-9624
-9622
-9619
-9623
-9624
-9630
-9619
-9614
-9605
-9610
-9609
-9611
-9612
-9615
-9615
-9612
-9615
-9616
-9614
-9618
-9618
-9613
-9618
-9625
-9631
-9634
-9644
-9645
-9648
-9650
-9653
-9651
-9643
-9640
-9644
-9649
-9649
-9653
-9645
-9637
-9631
-9627
-9625
-9629
-9628
-9627
-9626
-9618
-9614
-9613
-9610
-9611
-9618
-9624
-9623
-9617
-9615
-9609
-9605
-9601
-9598
-9601
-9611
-9619
-9621
-9619
-9610
-9606
-9589
-9590
-9590
-9581
-9581
-9586
-9588
-9586
-9593
-9593
-9592
-9592
-9595
-9600
-9612
-9614
-9618
-9617
-9617
-9610
-9604
-9599
-9587
-9590
-9592
-9597
-9607
-9612
-9616
-9617
-9608
-9606
-9598
-9601
-9604
-9610
-9616
-9618
-9613
-9609
-9608
-9601
-9601
-9606
-9615
-9609
-9617
-9619
-9615
-9611
-9612
-9604
-9601
-9613
-9613
-9620
-9620
-9621
-9614
-9607
-9603
-9606
-9606
-9598
-9592
-9591
-9595
-9590
-9591
-9593
-9592
-9586
-9588
-9593
-9599
-9606
-9606
-9602
-9605
-9609
-9607
-9613
-9621
-9624
-9630
-9631
-9624
-9619
-9621
-9623
-9630
-9626
-9623
-9617
-9612
-9619
-9613
-9613
-9618
-9627
-9625
-9627
-9622
-9618
-9618
-9622
-9628
-9633
-9638
-9630
-9624
-9615
-9609
-9605
-9613
-9613
-9625
-9630
-9624
-9618
-9608
-9603
-9608
-9604
-9600
-9600
-9610
-9616
-9618
-9616
-9614
-9623
-9624
-9628
-9620
-9616
-9618
-9638
-9649
-9654
-9652
-9646
-9639
-9632
-9629
-9634
-9634
-9645
-9655
-9659
-9647
-9633
-9631
-9623
-9632
-9635
-9645
-9637
-9638
-9628
-9620
-9614
-9619
-9618
-9621
-9626
-9629
-9630
-9629
-9641
-9639
-9643
-9632
-9636
-9643
-9657
-9658
-9648
-9644
-9649
-9654
-9645
-9632
-9621
-9623
-9630
-9635
-9642
-9657
-9666
-9671
-9662
-9645
-9632
-9637
-9647
-9651
-9657
-9663
-9660
-9659
-9658
-9641
-9621
-9622
-9631
-9650
-9661
-9658
-9666
-9671
-9669
-9664
-9663
-9670
-9689
-9700
-9708
-9715
-9722
-9715
-9702
-9699
-9692
-9678
-9673
-9672
-9667
-9659
-9652
-9657
-9667
-9666
-9659
-9657
-9648
-9650
-9653
-9662
-9664
-9668
-9663
-9663
-9665
-9659
-9660
-9663
-9665
-9672
-9681
-9680
-9684
-9676
-9669
-9666
-9667
-9661
-9666
-9674
-9676
-9669
-9659
-9658
-9661
-9668
-9669
-9667
-9669
-9674
-9673
-9665
-9666
-9667
-9674
-9679
-9680
-9674
-9665
-9673
-9682
-9698
-9695
-9695
-9695
-9690
-9685
-9685
-9687
-9688
-9697
-9700
-9702
-9697
-9688
-9686
-9691
-9692
-9692
-9685
-9686
-9688
-9694
-9687
-9683
-9683
-9675
-9673
-9673
-9680
-9687
-9695
-9697
-9699
-9688
-9676
-9665
-9661
-9658
-9666
-9682
-9686
-9689
-9683
-9682
-9681
-9678
-9682
-9687
-9689
-9685
-9685
-9687
-9691
-9691
-9691
-9693
-9689
-9685
-9683
-9684
-9687
-9686
-9683
-9680
-9674
-9673
-9672
-9669
-9668
-9666
-9666
-9672
-9674
-9675
-9672
-9667
-9662
-9658
-9656
-9656
-9666
-9669
-9667
-9668
-9672
-9671
-9669
-9664
-9665
-9670
-9668
-9667
-9656
-9660
-9666
-9674
-9684
-9685
-9689
-9688
-9689
-9689
-9689
-9694
-9698
-9697
-9703
-9703
-9704
-9698
-9680
-9665
-9662
-9660
-9662
-9661
-9661
-9667
-9678
-9680
-9675
-9674
-9674
-9682
-9686
-9691
-9686
-9684
-9683
-9677
-9680
-9686
-9694
-9706
-9709
-9695
-9692
-9697
-9699
-9696
-9701
-9706
-9702
-9698
-9696
-9695
-9700
-9707
-9701
-9704
-9708
-9715
-9715
-9717
-9719
-9720
-9727
-9728
-9727
-9720
-9715
-9713
-9709
-9709
-9710
-9715
-9724
-9717
-9712
-9706
-9711
-9708
-9717
-9719
-9711
-9707
-9709
-9712
-9702
-9707
-9703
-9704
-9697
-9701
-9693
-9693
-9693
-9689
-9695
-9698
-9706
-9707
-9710
-9706
-9708
-9705
-9695
-9688
-9677
-9672
-9679
-9690
-9699
-9696
-9694
-9694
-9686
-9678
-9669
-9668
-9674
-9683
-9685
-9682
-9688
-9688
-9684
-9681
-9681
-9678
-9682
-9689
-9691
-9687
-9687
-9686
-9684
-9684
-9680
-9686
-9692
-9701
-9706
-9712
-9711
-9711
-9708
-9702
-9700
-9702
-9706
-9705
-9704
-9694
-9694
-9685
-9685
-9681
-9678
-9679
-9683
-9691
-9697
-9701
-9713
-9714
-9710
-9703
-9698
-9694
-9690
-9707
-9730
-9758
-9766
-9754
-9733
-9724
-9721
-9727
-9729
-9731
-9732
-9732
-9732
-9725
-9730
-9741
-9754
-9755
-9757
-9750
-9747
-9739
-9737
-9732
-9739
-9746
-9748
-9749
-9746
-9750
-9745
-9746
-9745
-9752
-9760
-9770
-9771
-9767
-9765
-9764
-9763
-9758
-9758
-9751
-9758
-9760
-9751
-9748
-9748
-9744
-9747
-9754
-9750
-9748
-9747
-9751
-9758
-9764
-9770
-9769
-9772
-9773
-9765
-9767
-9771
-9774
-9770
-9767
-9758
-9752
-9756
-9768
-9776
-9776
-9781
-9779
-9774
-9765
-9764
-9760
-9767
-9771
-9773
-9774
-9778
-9783
-9788
-9786
-9783
-9791
-9785
-9787
-9788
-9793
-9793
-9794
-9797
-9798
-9789
-9777
-9773
-9779
-9789
-9794
-9805
-9810
-9811
-9809
-9815
-9817
-9827
-9828
-9826
-9834
-9839
-9843
-9839
-9829
-9820
-9827
-9829
-9829
-9826
-9829
-9830
-9825
-9814
-9810
-9810
-9802
-9794
-9789
-9792
-9783
-9784
-9773
-9771
-9777
-9786
-9800
-9805
-9805
-9799
-9804
-9803
-9810
-9820
-9827
-9828
-9828
-9832
-9833
-9829
-9835
-9837
-9843
-9844
-9840
-9834
-9837
-9836
-9840
-9845
-9833
-9828
-9817
-9820
-9813
-9809
-9802
-9807
-9812
-9821
-9832
-9827
-9819
-9815
-9806
-9796
-9795
-9796
-9806
-9814
-9820
-9816
-9807
-9801
-9798
-9795
-9797
-9805
-9815
-9821
-9820
-9817
-9818
-9818
-9826
-9818
-9813
-9813
-9823
-9833
-9824
-9814
-9803
-9798
-9781
-9779
-9771
-9774
-9787
-9791
-9790
-9784
-9781
-9769
-9761
-9754
-9761
-9771
-9789
-9803
-9799
-9799
-9791
-9791
-9788
-9795
-9789
-9795
-9795
-9793
-9792
-9797
-9799
-9795
-9799
-9791
-9788
-9782
-9791
-9799
-9808
-9806
-9800
-9797
-9798
-9786
-9785
-9782
-9780
-9782
-9794
-9799
-9790
-9785
-9771
-9770
-9760
-9761
-9762
-9767
-9772
-9776
-9779
-9769
-9762
-9759
-9760
-9766
-9776
-9777
-9779
-9787
-9788
-9776
-9760
-9751
-9754
-9755
-9760
-9766
-9769
-9770
-9769
-9778
-9770
-9767
-9770
-9780
-9786
-9792
-9798
-9801
-9790
-9780
-9773
-9765
-9763
-9760
-9758
-9756
-9766
-9771
-9779
-9777
-9771
-9752
-9746
-9738
-9737
-9749
-9760
-9764
-9754
-9755
-9742
-9737
-9727
-9730
-9743
-9751
-9756
-9752
-9753
-9752
-9750
-9746
-9750
-9751
-9751
-9759
-9760
-9757
-9752
-9748
-9747
-9748
-9746
-9747
-9756
-9762
-9761
-9748
-9734
-9726
-9728
-9727
-9737
-9747
-9753
-9756
-9750
-9733
-9723
-9719
-9720
-9722
-9722
-9730
-9739
-9744
-9740
-9738
-9731
-9737
-9739
-9738
-9735
-9725
-9734
-9739
-9739
-9749
-9752
-9751
-9750
-9735
-9723
-9711
-9710
-9715
-9733
-9738
-9735
-9734
-9728
-9729
-9732
-9733
-9731
-9738
-9744
-9745
-9737
-9736
-9737
-9739
-9738
-9737
-9748
-9752
-9752
-9754
-9751
-9744
-9744
-9737
-9722
-9720
-9723
-9732
-9741
-9749
-9751
-9739
-9738
-9737
-9743
-9747
-9745
-9749
-9749
-9742
-9735
-9735
-9734
-9740
-9743
-9737
-9733
-9732
-9737
-9741
-9745
-9748
-9751
-9744
-9735
-9725
-9720
-9725
-9737
-9742
-9741
-9739
-9736
-9731
-9734
-9746
-9746
-9750
-9748
-9757
-9756
-9760
-9764
-9770
-9781
-9775
-9774
-9753
-9741
-9737
-9738
-9739
-9743
-9746
-9743
-9732
-9716
-9715
-9724
-9731
-9733
-9738
-9744
-9748
-9747
-9745
-9745
-9744
-9746
-9745
-9739
-9740
-9744
-9741
-9736
-9733
-9736
-9737
-9736
-9738
-9746
-9754
-9750
-9740
-9732
-9732
-9740
-9746
-9756
-9766
-9767
-9763
-9760
-9753
-9755
-9762
-9762
-9772
-9774
-9772
-9766
-9760
-9753
-9750
-9757
-9766
-9777
-9783
-9786
-9782
-9775
-9761
-9754
-9748
-9757
-9765
-9775
-9776
-9766
-9765
-9753
-9750
-9745
-9748
-9758
-9771
-9774
-9773
-9773
-9773
-9769
-9764
-9759
-9764
-9771
-9780
-9781
-9781
-9779
-9776
-9777
-9782
-9787
-9785
-9792
-9788
-9788
-9776
-9776
-9782
-9786
-9790
-9789
-9784
-9774
-9770
-9771
-9773
-9780
-9785
-9787
-9796
-9800
-9798
-9795
-9796
-9796
-9804
-9806
-9797
-9796
-9797
-9786
-9788
-9788
-9791
-9793
-9795
-9791
-9790
-9797
-9796
-9796
-9786
-9792
-9795
-9805
-9808
-9813
-9820
-9825
-9832
-9821
-9816
-9816
-9820
-9822
-9830
-9825
-9822
-9829
-9826
-9829
-9833
-9829
-9833
-9830
-9827
-9829
-9836
-9841
-9842
-9837
-9835
-9837
-9828
-9833
-9830
-9840
-9850
-9863
-9867
-9865
-9867
-9858
-9862
-9871
-9886
-9888
-9898
-9894
-9892
-9893
-9891
-9889
-9890
-9889
-9881
-9879
-9868
-9864
-9858
-9853
-9848
-9855
-9859
-9859
-9861
-9863
-9868
-9870
-9870
-9868
-9875
-9882
-9888
-9904
-9908
-9914
-9916
-9913
-9912
-9906
-9905
-9902
-9909
-9909
-9911
-9910
-9908
-9906
-9905
-9915
-9918
-9912
-9903
-9905
-9916
-9920
-9931
-9940
-9934
-9931
-9928
-9918
-9908
-9908
-9909
-9916
-9922
-9925
-9924
-9919
-9914
-9911
-9909
-9919
-9923
-9920
-9919
-9901
-9891
-9893
-9900
-9900
-9897
-9901
-9909
-9909
-9914
-9912
-9906
-9907
-9908
-9910
-9915
-9928
-9932
-9927
-9931
-9932
-9940
-9948
-9940
-9934
-9927
-9927
-9927
-9927
-9926
-9928
-9930
-9924
-9916
-9912
-9918
-9919
-9925
-9934
-9937
-9933
-9936
-9934
-9924
-9921
-9917
-9909
-9907
-9904
-9902
-9908
-9906
-9904
-9907
-9902
-9892
-9889
-9892
-9895
-9906
-9910
-9916
-9918
-9919
-9914
-9915
-9914
-9910
-9906
-9897
-9895
-9889
-9891
-9890
-9896
-9896
-9893
-9885
-9881
-9876
-9877
-9885
-9885
-9885
-9879
-9880
-9884
-9888
-9888
-9898
-9900
-9905
-9900
-9893
-9890
-9883
-9880
-9878
-9876
-9876
-9882
-9882
-9884
-9880
-9877
-9875
-9876
-9875
-9876
-9884
-9887
-9888
-9880
-9882
-9883
-9887
-9891
-9885
-9883
-9882
-9880
-9880
-9887
-9887
-9888
-9880
-9873
-9877
-9875
-9875
-9881
-9883
-9883
-9885
-9884
-9885
-9880
-9882
-9877
-9870
-9867
-9864
-9862
-9863
-9868
-9869
-9870
-9868
-9864
-9862
-9866
-9864
-9858
-9853
-9854
-9858
-9860
-9867
-9869
-9875
-9887
-9890
-9885
-9879
-9877
-9879
-9880
-9880
-9881
-9879
-9874
-9872
-9867
-9866
-9870
-9871
-9865
-9863
-9864
-9870
-9875
-9881
-9891
-9898
-9901
-9904
-9900
-9889
-9896
-9896
-9900
-9899
-9898
-9898
-9884
-9886
-9884
-9887
-9889
-9889
-9897
-9890
-9899
-9899
-9900
-9906
-9897
-9896
-9895
-9895
-9894
-9896
-9891
-9896
-9900
-9902
-9903
-9896
-9881
-9862
-9859
-9873
-9885
-9891
-9889
-9883
-9878
-9876
-9872
-9882
-9886
-9886
-9898
-9894
-9888
-9878
-9874
-9873
-9876
-9880
-9882
-9878
-9872
-9876
-9881
-9877
-9875
-9877
-9885
-9878
-9876
-9880
-9885
-9887
-9884
-9872
-9870
-9872
-9867
-9863
-9874
-9886
-9876
-9872
-9871
-9865
-9859
-9850
-9845
-9840
-9829
-9832
-9843
-9860
-9875
-9882
-9871
-9865
-9856
-9842
-9845
-9849
-9865
-9866
-9860
-9858
-9860
-9862
-9852
-9845
-9842
-9852
-9857
-9868
-9868
-9863
-9858
-9851
-9847
-9840
-9840
-9851
-9873
-9870
-9873
-9854
-9845
-9853
-9865
-9878
-9870
-9857
-9851
-9859
-9852
-9853
-9844
-9849
-9861
-9864
-9875
-9875
-9870
-9869
-9875
-9866
-9870
-9863
-9849
-9836
-9827
-9835
-9844
-9858
-9865
-9865
-9864
-9858
-9838
-9834
-9832
-9834
-9839
-9844
-9846
-9837
-9838
-9851
-9859
-9861
-9856
-9842
-9827
-9815
-9809
-9816
-9826
-9828
-9842
-9836
-9833
-9827
-9824
-9826
-9820
-9820
-9817
-9817
-9817
-9824
-9826
-9819
-9815
-9819
-9824
-9829
-9840
-9843
-9837
-9833
-9826
-9819
-9815
-9813
-9818
-9816
-9819
-9822
-9816
-9817
-9806
-9804
-9807
-9817
-9825
-9818
-9813
-9802
-9790
-9782
-9782
-9786
-9802
-9802
-9802
-9797
-9782
-9772
-9776
-9781
-9796
-9810
-9818
-9813
-9795
-9787
-9788
-9795
-9803
-9824
-9816
-9815
-9803
-9798
-9805
-9797
-9799
-9795
-9800
-9802
-9805
-9805
-9796
-9788
-9786
-9782
-9791
-9802
-9812
-9810
-9809
-9819
-9829
-9827
-9817
-9823
-9825
-9828
-9826
-9831
-9832
-9839
-9836
-9833
-9840
-9839
-9845
-9843
-9847
-9846
-9859
-9865
-9867
-9867
-9868
-9866
-9863
-9859
-9852
-9855
-9853
-9856
-9853
-9863
-9856
-9854
-9858
-9856
-9864
-9867
-9874
-9873
-9875
-9874
-9879
-9875
-9880
-9881
-9875
-9874
-9874
-9884
-9882
-9876
-9875
-9882
-9879
-9877
-9872
-9880
-9879
-9885
-9888
-9888
-9895
-9899
-9907
-9903
-9905
-9900
-9909
-9915
-9924
-9920
-9910
-9897
-9889
-9893
-9896
-9906
-9900
-9897
-9889
-9883
-9886
-9883
-9882
-9881
-9878
-9886
-9890
-9891
-9893
-9901
-9908
-9909
-9899
-9901
-9903
-9895
-9892
-9891
-9901
-9908
-9920
-9920
-9925
-9927
-9929
-9931
-9934
-9930
-9919
-9920
-9915
-9917
-9919
-9922
-9928
-9933
-9932
-9925
-9920
-9924
-9932
-9935
-9940
-9942
-9938
-9931
-9930
-9929
-9930
-9931
-9936
-9931
-9919
-9906
-9904
-9913
-9919
-9915
-9909
-9906
-9907
-9914
-9922
-9911
-9903
-9905
-9910
-9913
-9918
-9929
-9918
-9915
-9914
-9927
-9933
-9930
-9922
-9923
-9935
-9936
-9926
-9922
-9936
-9946
-9957
-9960
-9961
-9949
-9933
-9922
-9916
-9918
-9924
-9924
-9932
-9925
-9916
-9910
-9914
-9912
-9909
-9909
-9899
-9908
-9912
-9921
-9915
-9916
-9915
-9905
-9908
-9915
-9924
-9925
-9927
-9930
-9927
-9921
-9909
-9905
-9909
-9916
-9920
-9923
-9918
-9924
-9920
-9904
-9897
-9891
-9896
-9892
-9890
-9884
-9886
-9894
-9906
-9901
-9901
-9901
-9900
-9906
-9898
-9897
-9898
-9900
-9901
-9894
-9886
-9891
-9895
-9895
-9892
-9888
-9885
-9889
-9902
-9907
-9910
-9914
-9906
-9887
-9884
-9890
-9881
-9879
-9879
-9871
-9870
-9867
-9865
-9868
-9875
-9879
-9883
-9882
-9877
-9866
-9859
-9862
-9859
-9859
-9851
-9851
-9854
-9854
-9852
-9855
-9852
-9854
-9843
-9833
-9846
-9844
-9844
-9834
-9848
-9862
-9872
-9866
-9853
-9847
-9848
-9857
-9861
-9867
-9863
-9860
-9852
-9850
-9839
-9837
-9835
-9845
-9860
-9863
-9861
-9849
-9833
-9825
-9822
-9826
-9835
-9837
-9843
-9837
-9830
-9823
-9837
-9841
-9850
-9857
-9856
-9852
-9847
-9857
-9861
-9864
-9865
-9856
-9840
-9837
-9825
-9821
-9829
-9836
-9846
-9838
-9836
-9829
-9823
-9818
-9815
-9822
-9825
-9824
-9822
-9825
-9828
-9834
-9837
-9838
-9846
-9855
-9859
-9868
-9874
-9878
-9877
-9879
-9882
-9892
-9901
-9901
-9905
-9903
-9903
-9902
-9901
-9899
-9900
-9888
-9892
-9895
-9888
-9885
-9879
-9876
-9876
-9883
-9873
-9868
-9875
-9878
-9884
-9889
-9890
-9895
-9889
-9884
-9883
-9886
-9897
-9900
-9895
-9901
-9891
-9882
-9889
-9893
-9894
-9890
-9886
-9885
-9890
-9895
-9906
-9912
-9911
-9902
-9890
-9896
-9899
-9890
-9896
-9898
-9906
-9905
-9905
-9914
-9922
-9939
-9932
-9929
-9929
-9926
-9928
-9927
-9927
-9927
-9925
-9928
-9926
-9917
-9924
-9931
-9928
-9928
-9929
-9930
-9938
-9935
-9928
-9926
-9919
-9928
-9935
-9941
-9943
-9944
-9930
-9941
-9953
-9956
-9959
-9953
-9949
-9942
-9959
-9966
-9964
-9942
-9933
-9926
-9923
-9929
-9937
-9952
-9955
-9955
-9952
-9951
-9959
-9960
-9964
-9960
-9963
-9964
-9960
-9970
-9969
-9983
-9988
-9991
-9988
-9984
-9987
-9997
-10001
-9992
-9999
-10013
-10018
-10014
-10016
-10023
-10026
-10022
-10020
-10017
-10018
-10017
-10010
-10010
-10007
-10008
-10002
-9995
-9991
-9992
-10002
-10003
-9999
-10002
-10014
-10021
-10020
-10009
-10008
-10004
-10006
-10008
-10017
-10026
-10028
-10031
-10029
-10037
-10040
-10042
-10045
-10042
-10044
-10050
-10048
-10043
-10032
-10036
-10031
-10037
-10040
-10044
-10045
-10031
-10031
-10042
-10048
-10036
-10035
-10041
-10051
-10052
-10057
-10050
-10053
-10056
-10057
-10062
-10070
-10068
-10067
-10062
-10052
-10051
-10053
-10057
-10057
-10062
-10063
-10066
-10060
-10057
-10058
-10060
-10055
-10057
-10052
-10053
-10054
-10050
-10056
-10060
-10062
-10055
-10052
-10054
-10057
-10066
-10069
-10059
-10059
-10055
-10054
-10050
-10046
-10048
-10052
-10064
-10065
-10059
-10054
-10055
-10059
-10051
-10044
-10041
-10044
-10044
-10048
-10052
-10048
-10042
-10026
-10017
-10025
-10034
-10038
-10045
-10044
-10044
-10044
-10053
-10052
-10049
-10046
-10042
-10050
-10051
-10052
-10049
-10046
-10048
-10045
-10032
-10020
-10025
-10028
-10022
-10021
-10018
-10013
-10009
-10010
-10021
-10033
-10033
-10034
-10035
-10024
-10015
-10009
-10004
-10007
-10016
-10015
-10011
-10010
-10008
-10005
-9999
-9999
-9998
-9996
-10008
-10017
-10014
-9999
-9984
-9989
-10001
-10004
-10002
-10005
-9990
-9975
-9973
-10002
-10023
-10023
-10013
-9975
-9958
-9982
-10019
-10045
-10057
-10038
-10000
-9969
-9978
-10008
-10042
-10048
-10023
-9995
-9976
-9978
-9987
-10011
-10027
-10033
-10016
-9974
-9953
-9956
-9980
-9982
-9983
-9996
-9991
-9991
-9986
-9981
-9979
-9980
-9983
-9980
-9966
-9950
-9956
-9967
-9971
-9971
-9983
-9995
-10007
-9999
-9993
-9990
-9986
-9972
-9957
-9962
-9963
-9982
-9972
-9955
-9941
-9945
-9951
-9941
-9942
-9936
-9946
-9958
-9954
-9940
-9937
-9950
-9955
-9967
-9967
-9960
-9948
-9948
-9945
-9940
-9947
-9934
-9918
-9911
-9916
-9916
-9934
-9945
-9952
-9929
-9908
-9909
-9918
-9935
-9942
-9943
-9944
-9952
-9931
-9924
-9932
-9943
-9931
-9916
-9909
-9908
-9924
-9931
-9946
-9953
-9944
-9927
-9911
-9904
-9912
-9927
-9941
-9950
-9939
-9929
-9927
-9935
-9951
-9953
-9953
-9944
-9928
-9918
-9910
-9909
-9916
-9919
-9914
-9895
-9887
-9901
-9921
-9938
-9943
-9952
-9948
-9935
-9928
-9937
-9954
-9960
-9956
-9961
-9982
-9979
-9968
-9969
-9965
-9959
-9957
-9958
-9945
-9949
-9959
-9948
-9940
-9943
-9949
-9944
-9937
-9931
-9941
-9952
-9954
-9949
-9950
-9943
-9932
-9928
-9925
-9945
-9964
-9972
-9965
-9963
-9959
-9961
-9965
-9952
-9955
-9956
-9954
-9958
-9958
-9959
-9955
-9946
-9936
-9937
-9945
-9946
-9949
-9954
-9960
-9963
-9959
-9962
-9968
-9968
-9969
-9972
-9970
-9962
-9957
-9951
-9957
-9969
-9970
-9959
-9964
-9975
-9979
-9975
-9969
-9972
-9963
-9966
-9962
-9954
-9956
-9956
-9948
-9943
-9947
-9944
-9953
-9969
-9963
-9951
-9947
-9940
-9937
-9933
-9926
-9935
-9941
-9937
-9935
-9944
-9951
-9940
-9943
-9939
-9930
-9921
-9920
-9932
-9941
-9941
-9949
-9954
-9951
-9940
-9919
-9909
-9915
-9926
-9931
-9922
-9913
-9906
-9901
-9902
-9907
-9915
-9923
-9928
-9920
-9910
-9901
-9910
-9918
-9913
-9901
-9900
-9905
-9895
-9885
-9891
-9891
-9882
-9888
-9875
-9864
-9868
-9865
-9863
-9870
-9869
-9866
-9864
-9857
-9846
-9854
-9864
-9861
-9861
-9861
-9860
-9862
-9860
-9858
-9860
-9856
-9852
-9853
-9851
-9847
-9850
-9844
-9845
-9848
-9849
-9857
-9864
-9853
-9842
-9840
-9827
-9816
-9818
-9822
-9818
-9821
-9817
-9817
-9826
-9823
-9821
-9826
-9825
-9823
-9822
-9821
-9818
-9811
-9810
-9801
-9806
-9806
-9803
-9807
-9802
-9797
-9798
-9803
-9804
-9813
-9813
-9827
-9830
-9826
-9820
-9824
-9814
-9816
-9824
-9816
-9822
-9815
-9800
-9786
-9797
-9793
-9796
-9801
-9798
-9790
-9785
-9775
-9778
-9796
-9805
-9810
-9809
-9805
-9810
-9829
-9830
-9823
-9818
-9833
-9827
-9827
-9827
-9835
-9848
-9849
-9849
-9843
-9830
-9825
-9837
-9827
-9814
-9806
-9824
-9835
-9838
-9834
-9831
-9827
-9815
-9820
-9815
-9821
-9835
-9856
-9858
-9849
-9848
-9848
-9854
-9851
-9853
-9854
-9860
-9871
-9875
-9858
-9850
-9860
-9865
-9861
-9851
-9859
-9874
-9880
-9872
-9866
-9871
-9884
-9886
-9876
-9879
-9884
-9886
-9871
-9858
-9867
-9883
-9885
-9895
-9900
-9900
-9902
-9910
-9929
-9924
-9921
-9923
-9923
-9913
-9914
-9908
-9905
-9907
-9919
-9922
-9896
-9888
-9886
-9890
-9891
-9890
-9893
-9898
-9897
-9906
-9919
-9929
-9930
-9927
-9932
-9927
-9936
-9942
-9948
-9963
-9976
-9961
-9949
-9963
-9956
-9952
-9955
-9973
-9977
-9968
-9960
-9964
-9960
-9951
-9952
-9947
-9951
-9946
-9945
-9964
-9987
-9984
-9983
-9972
-9970
-9962
-9957
-9969
-9975
-9984
-9978
-9983
-9994
-10001
-9998
-9995
-10005
-10018
-10018
-10020
-10019
-10010
-10013
-10018
-10012
-10002
-9999
-10003
-10009
-10014
-10015
-10020
-10020
-10019
-10030
-10029
-10030
-10026
-10029
-10031
-10028
-10025
-10025
-10035
-10026
-10023
-10027
-10016
-10013
-10019
-10029
-10042
-10047
-10050
-10051
-10060
-10051
-10049
-10055
-10060
-10068
-10065
-10065
-10071
-10074
-10064
-10073
-10064
-10068
-10069
-10067
-10073
-10066
-10059
-10064
-10076
-10078
-10077
-10067
-10069
-10071
-10066
-10050
-10056
-10070
-10076
-10067
-10053
-10048
-10064
-10062
-10053
-10060
-10060
-10063
-10063
-10053
-10041
-10050
-10045
-10051
-10066
-10073
-10065
-10064
-10053
-10047
-10039
-10031
-10045
-10060
-10049
-10041
-10045
-10044
-10041
-10026
-10024
-10026
-10030
-10030
-10028
-10027
-10036
-10040
-10038
-10027
-10021
-10017
-10030
-10027
-10032
-10027
-10027
-10029
-10024
-10016
-10003
-9997
-9980
-9992
-9987
-9986
-9977
-10002
-9994
-9991
-9998
-9995
-9996
-9991
-9990
-9984
-10000
-9999
-9992
-9971
-9967
-9972
-9975
-9973
-9974
-9988
-9982
-9971
-9968
-9968
-9969
-9958
-9951
-9957
-9960
-9938
-9943
-9945
-9948
-9942
-9934
-9939
-9940
-9938
-9925
-9931
-9935
-9944
-9931
-9934
-9929
-9930
-9918
-9918
-9909
-9905
-9909
-9895
-9907
-9910
-9919
-9907
-9908
-9907
-9918
-9911
-9900
-9895
-9895
-9894
-9894
-9902
-9907
-9914
-9905
-9912
-9902
-9896
-9887
-9896
-9903
-9909
-9930
-9925
-9915
-9897
-9903
-9907
-9914
-9910
-9910
-9919
-9914
-9910
-9904
-9915
-9922
-9925
-9909
-9904
-9913
-9917
-9904
-9907
-9911
-9907
-9906
-9899
-9900
-9894
-9891
-9891
-9908
-9919
-9917
-9913
-9915
-9910
-9893
-9891
-9896
-9901
-9905
-9905
-9905
-9898
-9889
-9886
-9893
-9902
-9903
-9913
-9915
-9918
-9919
-9920
-9940
-9945
-9938
-9934
-9930
-9930
-9922
-9926
-9924
-9912
-9910
-9910
-9909
-9914
-9925
-9919
-9918
-9915
-9908
-9907
-9902
-9888
-9899
-9900
-9891
-9884
-9887
-9887
-9878
-9868
-9853
-9868
-9874
-9880
-9884
-9892
-9880
-9873
-9875
-9881
-9882
-9882
-9897
-9897
-9898
-9887
-9891
-9896
-9891
-9887
-9885
-9890
-9895
-9880
-9861
-9869
-9882
-9869
-9867
-9873
-9866
-9861
-9858
-9848
-9855
-9856
-9855
-9868
-9862
-9845
-9850
-9859
-9854
-9846
-9841
-9848
-9832
-9828
-9839
-9843
-9839
-9842
-9845
-9853
-9857
-9852
-9858
-9854
-9860
-9860
-9860
-9869
-9881
-9878
-9877
-9872
-9860
-9864
-9865
-9862
-9871
-9878
-9874
-9879
-9866
-9873
-9875
-9865
-9866
-9871
-9882
-9873
-9855
-9855
-9863
-9859
-9860
-9846
-9837
-9832
-9843
-9855
-9853
-9849
-9851
-9851
-9847
-9854
-9859
-9863
-9868
-9883
-9880
-9878
-9878
-9881
-9872
-9862
-9866
-9865
-9864
-9863
-9867
-9871
-9868
-9865
-9866
-9865
-9858
-9858
-9873
-9883
-9883
-9879
-9875
-9871
-9870
-9862
-9868
-9869
-9868
-9862
-9863
-9861
-9859
-9865
-9868
-9868
-9859
-9859
-9860
-9872
-9863
-9863
-9869
-9868
-9858
-9848
-9847
-9848
-9857
-9858
-9863
-9868
-9867
-9871
-9868
-9854
-9857
-9857
-9852
-9846
-9855
-9856
-9852
-9854
-9858
-9856
-9847
-9843
-9848
-9848
-9835
-9833
-9835
-9843
-9842
-9843
-9832
-9825
-9820
-9804
-9798
-9803
-9808
-9809
-9809
-9799
-9799
-9794
-9798
-9808
-9820
-9828
-9834
-9821
-9812
-9819
-9815
-9815
-9818
-9817
-9810
-9807
-9798
-9793
-9788
-9786
-9781
-9778
-9781
-9774
-9775
-9775
-9770
-9771
-9776
-9776
-9777
-9778
-9775
-9767
-9769
-9764
-9760
-9753
-9750
-9758
-9756
-9757
-9750
-9737
-9729
-9731
-9732
-9742
-9747
-9744
-9754
-9758
-9754
-9746
-9748
-9751
-9749
-9748
-9753
-9756
-9756
-9758
-9763
-9761
-9755
-9758
-9762
-9764
-9765
-9762
-9758
-9754
-9750
-9744
-9745
-9749
-9750
-9752
-9749
-9741
-9746
-9745
-9743
-9744
-9738
-9732
-9732
-9729
-9725
-9726
-9724
-9729
-9734
-9745
-9739
-9728
-9730
-9736
-9739
-9746
-9756
-9756
-9757
-9761
-9763
-9755
-9757
-9754
-9751
-9745
-9740
-9734
-9733
-9736
-9750
-9758
-9758
-9759
-9751
-9754
-9747
-9751
-9748
-9746
-9750
-9755
-9767
-9761
-9762
-9762
-9756
-9745
-9743
-9752
-9756
-9746
-9733
-9727
-9728
-9736
-9748
-9758
-9760
-9764
-9767
-9771
-9766
-9755
-9752
-9775
-9790
-9797
-9798
-9796
-9804
-9807
-9814
-9813
-9806
-9805
-9811
-9811
-9813
-9809
-9812
-9813
-9806
-9803
-9808
-9811
-9808
-9807
-9806
-9811
-9805
-9805
-9802
-9799
-9804
-9812
-9809
-9805
-9804
-9814
-9818
-9813
-9813
-9818
-9825
-9824
-9827
-9829
-9828
-9827
-9838
-9839
-9831
-9832
-9837
-9830
-9824
-9817
-9821
-9828
-9836
-9840
-9834
-9823
-9817
-9820
-9823
-9836
-9844
-9847
-9840
-9846
-9851
-9856
-9863
-9865
-9866
-9861
-9854
-9852
-9861
-9858
-9851
-9841
-9834
-9838
-9842
-9832
-9820
-9821
-9823
-9829
-9828
-9827
-9829
-9823
-9817
-9818
-9821
-9820
-9819
-9823
-9829
-9828
-9823
-9821
-9822
-9817
-9813
-9820
-9828
-9834
-9834
-9829
-9833
-9834
-9832
-9827
-9836
-9841
-9836
-9827
-9815
-9805
-9801
-9810
-9805
-9798
-9787
-9786
-9785
-9786
-9790
-9793
-9802
-9810
-9818
-9810
-9798
-9794
-9795
-9793
-9791
-9794
-9806
-9816
-9808
-9797
-9793
-9797
-9793
-9788
-9796
-9809
-9816
-9819
-9828
-9826
-9818
-9805
-9804
-9801
-9808
-9807
-9797
-9800
-9802
-9806
-9802
-9807
-9815
-9825
-9826
-9829
-9818
-9802
-9791
-9792
-9798
-9802
-9803
-9798
-9792
-9787
-9800
-9810
-9807
-9799
-9794
-9794
-9804
-9812
-9815
-9812
-9815
-9819
-9814
-9801
-9791
-9793
-9797
-9804
-9800
-9797
-9802
-9802
-9807
-9812
-9812
-9809
-9802
-9801
-9795
-9789
-9785
-9783
-9788
-9783
-9785
-9785
-9781
-9787
-9792
-9792
-9787
-9791
-9794
-9803
-9799
-9796
-9800
-9803
-9799
-9792
-9785
-9785
-9794
-9793
-9783
-9770
-9776
-9775
-9781
-9778
-9768
-9765
-9768
-9774
-9776
-9776
-9785
-9800
-9807
-9812
-9803
-9799
-9802
-9813
-9817
-9812
-9803
-9799
-9793
-9788
-9781
-9779
-9783
-9783
-9784
-9778
-9777
-9774
-9778
-9780
-9788
-9793
-9797
-9811
-9814
-9815
-9817
-9820
-9820
-9817
-9812
-9811
-9820
-9821
-9820
-9814
-9815
-9815
-9816
-9819
-9823
-9833
-9839
-9844
-9832
-9819
-9812
-9811
-9810
-9813
-9811
-9817
-9818
-9816
-9809
-9796
-9797
-9800
-9807
-9808
-9809
-9799
-9801
-9798
-9795
-9796
-9809
-9821
-9831
-9838
-9838
-9836
-9832
-9823
-9818
-9822
-9824
-9825
-9816
-9822
-9813
-9809
-9808
-9800
-9794
-9797
-9797
-9798
-9807
-9807
-9813
-9820
-9820
-9811
-9812
-9810
-9819
-9831
-9835
-9831
-9821
-9816
-9810
-9810
-9804
-9795
-9796
-9804
-9809
-9811
-9807
-9802
-9802
-9800
-9802
-9801
-9795
-9797
-9801
-9804
-9803
-9802
-9793
-9794
-9796
-9797
-9800
-9811
-9823
-9821
-9822
-9816
-9810
-9795
-9789
-9798
-9806
-9806
-9805
-9802
-9802
-9806
-9803
-9801
-9802
-9801
-9799
-9808
-9807
-9809
-9808
-9805
-9808
-9807
-9794
-9790
-9801
-9812
-9820
-9828
-9824
-9816
-9809
-9794
-9784
-9782
-9783
-9786
-9789
-9788
-9786
-9775
-9765
-9767
-9775
-9786
-9792
-9796
-9788
-9787
-9784
-9781
-9785
-9791
-9794
-9794
-9797
-9791
-9787
-9786
-9782
-9776
-9774
-9767
-9767
-9766
-9769
-9772
-9770
-9762
-9761
-9760
-9753
-9745
-9736
-9738
-9735
-9731
-9728
-9718
-9708
-9700
-9689
-9685
-9683
-9684
-9689
-9693
-9696
-9699
-9699
-9706
-9705
-9705
-9696
-9685
-9684
-9685
-9691
-9686
-9689
-9687
-9686
-9684
-9683
-9679
-9683
-9688
-9688
-9687
-9688
-9684
-9677
-9664
-9659
-9666
-9668
-9663
-9662
-9662
-9655
-9648
-9637
-9628
-9629
-9642
-9643
-9646
-9646
-9641
-9636
-9630
-9621
-9615
-9613
-9620
-9628
-9631
-9628
-9621
-9621
-9622
-9624
-9617
-9610
-9599
-9605
-9611
-9612
-9610
-9604
-9606
-9607
-9603
-9602
-9606
-9606
-9607
-9606
-9602
-9602
-9607
-9610
-9604
-9603
-9603
-9597
-9592
-9592
-9599
-9607
-9605
-9601
-9600
-9599
-9606
-9610
-9616
-9614
-9623
-9626
-9630
-9628
-9629
-9620
-9606
-9607
-9606
-9614
-9611
-9614
-9607
-9599
-9587
-9584
-9581
-9580
-9577
-9578
-9589
-9597
-9605
-9603
-9606
-9600
-9605
-9614
-9621
-9619
-9616
-9615
-9625
-9631
-9637
-9642
-9635
-9634
-9628
-9637
-9638
-9633
-9630
-9627
-9623
-9627
-9627
-9630
-9642
-9645
-9650
-9645
-9640
-9638
-9636
-9643
-9647
-9646
-9647
-9652
-9657
-9656
-9660
-9660
-9662
-9666
-9665
-9665
-9664
-9662
-9667
-9670
-9669
-9669
-9671
-9667
-9666
-9654
-9648
-9647
-9641
-9640
-9635
-9627
-9623
-9628
-9629
-9638
-9638
-9647
-9651
-9658
-9666
-9669
-9670
-9664
-9662
-9655
-9663
-9669
-9668
-9661
-9659
-9651
-9653
-9652
-9643
-9637
-9632
-9638
-9641
-9643
-9636
-9628
-9629
-9633
-9633
-9631
-9636
-9646
-9651
-9650
-9649
-9650
-9656
-9663
-9657
-9648
-9647
-9640
-9635
-9637
-9637
-9636
-9641
-9639
-9637
-9643
-9645
-9643
-9651
-9655
-9652
-9659
-9663
-9663
-9664
-9670
-9665
-9664
-9666
-9664
