02120828.PTO
CURN
2012/02/12 08:28:23.8200
100.0000 m/s  
4882 muestras
-8287
-8288
-8289
-8314
-8308
-8315
-8300
-8318
-8298
-8283
-8293
-8285
-8305
-8311
-8312
-8303
-8291
-8289
-8278
-8269
-8245
-8250
-8247
-8249
-8238
-8240
-8277
-8280
-8318
-8296
-8316
-8337
-8324
-8325
-8265
-8256
-8231
-8247
-8255
-8249
-8272
-8253
-8257
-8222
-8218
-8212
-8205
-8219
-8226
-8273
-8302
-8344
-8337
-8322
-8317
-8305
-8298
-8292
-8324
-8324
-8327
-8321
-8299
-8308
-8296
-8305
-8302
-8297
-8307
-8283
-8285
-8278
-8297
-8288
-8305
-8307
-8295
-8325
-8314
-8312
-8281
-8273
-8295
-8315
-8314
-8290
-8291
-8301
-8280
-8312
-8305
-8310
-8308
-8319
-8336
-8306
-8340
-8306
-8338
-8316
-8314
-8308
-8291
-8316
-8283
-8324
-8315
-8337
-8354
-8344
-8358
-8338
-8332
-8333
-8329
-8333
-8320
-8342
-8351
-8354
-8364
-8338
-8332
-8322
-8331
-8313
-8312
-8313
-8318
-8311
-8318
-8331
-8336
-8349
-8319
-8330
-8296
-8297
-8303
-8300
-8328
-8340
-8359
-8347
-8332
-8342
-8342
-8365
-8362
-8352
-8359
-8344
-8361
-8346
-8361
-8358
-8363
-8369
-8338
-8316
-8294
-8317
-8324
-8332
-8350
-8328
-8343
-8337
-8360
-8367
-8339
-8345
-8324
-8344
-8341
-8343
-8317
-8336
-8357
-8368
-8349
-8333
-8352
-8355
-8371
-8349
-8359
-8325
-8327
-8287
-8287
-8302
-8281
-8307
-8311
-8326
-8316
-8316
-8332
-8346
-8355
-8373
-8337
-8363
-8343
-8341
-8330
-8292
-8371
-8333
-8399
-8398
-8386
-8423
-8407
-8429
-8367
-8381
-8310
-8355
-8370
-8362
-8377
-8305
-8435
-8324
-8358
-8350
-8323
-8392
-8316
-8416
-8343
-8390
-8382
-8361
-8407
-8311
-8397
-8350
-8368
-8399
-8356
-8407
-8362
-8381
-8358
-8345
-8344
-8392
-8362
-8358
-8345
-8327
-8382
-8345
-8402
-8343
-8386
-8411
-8386
-8376
-8404
-8373
-8397
-8394
-8399
-8420
-8337
-8375
-8298
-8367
-8327
-8397
-8375
-8439
-8471
-8381
-8443
-8336
-8423
-8335
-8355
-8346
-8323
-8404
-8338
-8338
-8326
-8283
-8353
-8335
-8356
-8350
-8317
-8411
-8330
-8434
-8315
-8345
-8386
-8328
-8426
-8304
-8374
-8352
-8385
-8367
-8331
-8318
-8317
-8389
-8335
-8346
-8292
-8331
-8283
-8286
-8241
-8211
-8278
-8268
-8371
-8290
-8300
-8289
-8266
-8303
-8315
-8274
-8308
-8316
-8273
-8330
-8231
-8252
-8208
-8217
-8265
-8213
-8244
-8216
-8242
-8239
-8201
-8218
-8185
-8177
-8181
-8191
-8229
-8194
-8211
-8219
-8216
-8248
-8224
-8227
-8199
-8232
-8220
-8205
-8150
-8128
-8168
-8166
-8213
-8167
-8202
-8193
-8239
-8212
-8184
-8162
-8143
-8188
-8142
-8177
-8113
-8122
-8130
-8147
-8148
-8097
-8102
-8104
-8121
-8121
-8156
-8080
-8077
-8141
-8142
-8158
-8104
-8141
-8159
-8159
-8185
-8114
-8124
-8162
-8113
-8128
-8075
-8035
-8078
-8081
-8120
-8059
-8093
-8088
-8081
-8095
-8016
-8016
-7984
-8023
-8047
-8045
-8097
-8095
-8148
-8165
-8119
-8118
-8069
-8076
-8047
-8031
-8043
-8054
-8066
-8061
-8053
-8030
-8035
-8000
-8044
-8011
-7983
-7997
-7987
-8028
-7987
-8023
-8014
-8023
-8036
-7982
-8032
-8001
-8062
-8042
-8045
-8060
-8011
-8075
-8006
-8029
-7992
-8002
-8077
-8058
-8069
-8053
-8086
-8097
-8096
-8053
-8000
-8022
-8035
-8044
-8031
-8021
-8025
-8062
-8027
-8007
-7953
-7919
-8002
-7990
-8050
-8029
-8125
-8127
-8152
-8150
-8047
-8081
-8028
-8136
-8009
-7980
-7960
-7949
-7994
-7899
-7908
-7845
-7885
-7866
-7844
-7795
-7802
-7817
-7825
-7838
-7773
-7802
-7764
-7856
-7918
-7995
-8117
-8232
-8405
-8446
-8530
-8514
-8572
-8575
-8511
-8461
-8364
-8372
-8292
-8320
-8249
-8264
-8305
-8290
-8282
-8105
-8051
-7906
-7783
-7655
-7555
-7543
-7539
-7576
-7585
-7643
-7782
-8007
-8238
-8370
-8442
-8521
-8544
-8612
-8575
-8528
-8487
-8467
-8561
-8573
-8625
-8634
-8687
-8738
-8686
-8565
-8375
-8246
-8118
-7965
-7769
-7622
-7588
-7571
-7548
-7548
-7545
-7606
-7733
-7787
-7795
-7762
-7749
-7673
-7550
-7470
-7373
-7349
-7329
-7339
-7374
-7427
-7582
-7740
-7886
-7942
-7918
-7822
-7658
-7542
-7423
-7389
-7415
-7479
-7642
-7817
-8059
-8296
-8544
-8796
-8937
-8981
-8842
-8618
-8366
-8144
-7998
-7921
-7975
-8119
-8338
-8608
-8895
-9164
-9346
-9392
-9285
-9118
-8913
-8634
-8336
-8021
-7836
-7767
-7779
-7909
-8165
-8468
-8735
-8924
-8963
-8947
-8827
-8593
-8305
-8010
-7804
-7722
-7767
-7886
-7970
-8128
-8272
-8476
-8663
-8730
-8752
-8630
-8470
-8230
-8014
-7862
-7820
-7869
-7987
-8110
-8188
-8235
-8276
-8341
-8265
-8102
-7876
-7670
-7452
-7193
-6969
-6868
-6979
-7156
-7338
-7452
-7478
-7488
-7466
-7472
-7450
-7404
-7323
-7189
-7074
-7043
-7162
-7407
-7705
-7963
-8181
-8298
-8276
-8149
-7989
-7845
-7727
-7609
-7487
-7459
-7543
-7729
-7998
-8322
-8682
-8989
-9143
-9103
-8971
-8830
-8715
-8657
-8578
-8578
-8567
-8648
-8842
-9129
-9498
-9754
-9913
-9880
-9799
-9547
-9262
-8937
-8625
-8341
-8075
-7955
-7808
-7858
-7932
-8099
-8264
-8401
-8464
-8363
-8155
-7853
-7610
-7402
-7362
-7350
-7418
-7478
-7579
-7741
-7937
-8171
-8282
-8367
-8282
-8116
-7854
-7545
-7270
-6963
-6716
-6580
-6596
-6748
-6948
-7256
-7631
-7956
-8251
-8313
-8229
-8021
-7789
-7654
-7579
-7638
-7726
-7882
-8171
-8557
-9050
-9540
-9949
-10174
-10115
-9906
-9531
-9115
-8676
-8274
-8000
-7826
-7907
-8133
-8483
-8822
-8961
-9034
-9032
-8942
-8678
-8222
-7721
-7234
-6898
-6719
-6799
-7112
-7546
-8060
-8503
-8813
-8945
-8912
-8790
-8599
-8336
-8037
-7716
-7487
-7391
-7456
-7643
-7874
-8157
-8482
-8852
-9103
-9072
-8710
-8156
-7628
-7181
-6821
-6541
-6435
-6611
-7059
-7663
-8213
-8650
-8916
-9037
-9042
-8925
-8662
-8256
-7836
-7480
-7380
-7485
-7754
-8132
-8573
-9013
-9273
-9413
-9439
-9331
-8988
-8413
-7795
-7312
-7102
-7131
-7361
-7737
-8168
-8583
-8870
-8994
-8939
-8720
-8344
-7867
-7440
-7142
-6937
-6797
-6798
-6979
-7327
-7758
-8221
-8685
-9064
-9223
-9066
-8698
-8186
-7630
-7064
-6584
-6439
-6645
-7152
-7731
-8246
-8601
-8769
-8892
-9013
-9130
-9030
-8672
-8188
-7763
-7457
-7256
-7248
-7399
-7760
-8253
-8832
-9395
-9747
-9871
-9713
-9335
-8825
-8293
-7783
-7379
-7212
-7248
-7499
-7923
-8381
-8711
-8780
-8600
-8375
-8262
-8179
-7952
-7514
-7000
-6552
-6326
-6411
-6794
-7365
-7928
-8393
-8685
-8819
-8798
-8610
-8370
-8070
-7747
-7400
-7182
-7221
-7425
-7783
-8193
-8611
-8902
-9032
-9039
-8912
-8657
-8289
-7907
-7510
-7209
-7086
-7139
-7394
-7798
-8282
-8736
-9054
-9186
-9167
-9144
-9041
-8850
-8508
-8034
-7674
-7466
-7558
-7810
-8148
-8523
-8869
-9175
-9232
-9163
-9008
-8791
-8451
-8004
-7626
-7379
-7373
-7486
-7674
-7847
-8006
-8190
-8381
-8525
-8478
-8281
-7923
-7532
-7125
-6772
-6552
-6491
-6720
-7116
-7633
-8130
-8529
-8788
-8917
-8953
-8771
-8412
-7927
-7577
-7422
-7445
-7572
-7692
-7914
-8162
-8484
-8805
-9105
-9303
-9302
-9155
-8866
-8554
-8237
-8025
-7918
-7946
-8055
-8235
-8544
-8875
-9193
-9254
-9135
-8887
-8623
-8409
-8171
-8013
-7829
-7762
-7760
-7810
-7913
-7984
-8043
-8056
-8128
-8162
-8099
-7945
-7748
-7607
-7501
-7506
-7611
-7796
-8049
-8281
-8469
-8584
-8700
-8816
-8801
-8631
-8347
-8077
-7919
-7864
-7865
-7847
-7843
-7902
-8059
-8317
-8575
-8787
-8879
-8849
-8706
-8437
-8079
-7666
-7304
-7104
-7141
-7400
-7790
-8191
-8548
-8763
-8801
-8719
-8602
-8498
-8325
-8157
-8044
-8074
-8222
-8400
-8574
-8683
-8819
-8958
-9109
-9261
-9307
-9190
-8901
-8534
-8201
-7968
-7811
-7712
-7668
-7747
-7924
-8061
-8113
-8009
-7890
-7788
-7740
-7726
-7694
-7742
-7789
-7904
-8017
-8112
-8163
-8177
-8253
-8328
-8459
-8569
-8662
-8695
-8580
-8388
-8159
-8045
-8031
-8063
-8121
-8182
-8334
-8552
-8799
-8943
-8914
-8776
-8588
-8416
-8259
-8082
-7935
-7830
-7795
-7820
-7886
-7970
-7993
-7963
-7907
-7904
-7904
-7866
-7822
-7778
-7798
-7837
-7881
-7937
-7989
-8086
-8165
-8240
-8308
-8367
-8477
-8562
-8589
-8514
-8357
-8260
-8220
-8251
-8249
-8177
-8138
-8154
-8290
-8365
-8364
-8269
-8157
-8118
-8081
-8070
-8015
-8008
-8003
-8029
-8078
-8132
-8198
-8250
-8311
-8290
-8214
-8115
-8055
-8007
-7931
-7844
-7763
-7768
-7835
-7926
-7977
-8003
-8055
-8133
-8216
-8189
-8110
-8021
-8008
-8073
-8142
-8220
-8234
-8260
-8257
-8258
-8198
-8123
-8063
-7971
-7923
-7821
-7783
-7750
-7742
-7734
-7703
-7734
-7757
-7855
-7972
-8106
-8242
-8343
-8449
-8482
-8456
-8348
-8179
-8037
-7945
-7903
-7888
-7902
-7945
-7990
-8029
-8090
-8096
-8097
-8080
-8007
-7930
-7865
-7902
-7949
-8000
-8050
-8090
-8139
-8138
-8132
-8091
-8039
-7999
-7973
-8004
-8061
-8134
-8165
-8151
-8098
-8033
-8004
-7998
-8008
-7961
-7935
-7935
-7977
-8034
-8028
-8023
-7991
-8016
-8037
-8048
-8056
-8038
-8058
-8078
-8144
-8168
-8153
-8124
-8095
-8107
-8088
-8097
-8116
-8157
-8208
-8226
-8237
-8259
-8286
-8296
-8275
-8230
-8188
-8123
-8063
-7990
-7919
-7865
-7838
-7865
-7911
-8005
-8098
-8155
-8177
-8195
-8218
-8200
-8136
-8059
-8026
-8052
-8126
-8219
-8262
-8244
-8161
-8096
-8070
-8042
-8015
-8014
-8078
-8146
-8232
-8274
-8305
-8312
-8274
-8225
-8153
-8150
-8154
-8170
-8142
-8083
-8060
-8042
-8064
-8044
-8022
-7998
-7988
-8002
-7993
-8004
-7999
-8023
-8029
-8048
-8096
-8125
-8171
-8152
-8157
-8179
-8227
-8285
-8300
-8320
-8287
-8263
-8215
-8160
-8129
-8098
-8101
-8122
-8185
-8266
-8349
-8417
-8454
-8458
-8457
-8433
-8416
-8371
-8299
-8230
-8178
-8198
-8225
-8283
-8300
-8279
-8243
-8178
-8137
-8066
-8001
-7935
-7887
-7916
-7964
-8069
-8163
-8258
-8338
-8377
-8409
-8394
-8352
-8271
-8202
-8138
-8084
-8024
-7980
-7983
-7993
-8013
-8059
-8131
-8231
-8323
-8361
-8371
-8355
-8345
-8299
-8241
-8121
-8029
-7993
-7991
-8083
-8146
-8270
-8380
-8453
-8547
-8598
-8600
-8526
-8402
-8279
-8166
-8068
-8018
-7971
-8001
-8050
-8113
-8235
-8323
-8443
-8486
-8471
-8432
-8372
-8327
-8234
-8165
-8131
-8102
-8139
-8210
-8247
-8272
-8262
-8273
-8290
-8278
-8260
-8226
-8213
-8155
-8111
-8104
-8056
-8082
-8060
-8077
-8102
-8093
-8188
-8233
-8328
-8347
-8382
-8385
-8383
-8413
-8377
-8414
-8407
-8462
-8491
-8512
-8539
-8486
-8440
-8369
-8310
-8276
-8216
-8186
-8142
-8122
-8173
-8215
-8313
-8346
-8397
-8409
-8400
-8412
-8336
-8311
-8235
-8218
-8173
-8145
-8175
-8175
-8251
-8238
-8262
-8229
-8224
-8237
-8204
-8215
-8126
-8152
-8143
-8132
-8170
-8162
-8219
-8267
-8321
-8391
-8376
-8364
-8320
-8279
-8281
-8256
-8240
-8198
-8285
-8257
-8333
-8375
-8408
-8531
-8496
-8628
-8551
-8607
-8642
-8611
-8658
-8525
-8586
-8500
-8522
-8508
-8431
-8467
-8374
-8439
-8388
-8390
-8355
-8286
-8273
-8180
-8203
-8139
-8126
-8122
-8129
-8186
-8190
-8222
-8216
-8203
-8212
-8171
-8196
-8179
-8175
-8177
-8171
-8226
-8213
-8285
-8315
-8379
-8409
-8426
-8453
-8453
-8485
-8456
-8415
-8369
-8342
-8319
-8341
-8314
-8326
-8327
-8347
-8409
-8449
-8477
-8464
-8465
-8411
-8360
-8334
-8277
-8247
-8214
-8173
-8172
-8149
-8175
-8199
-8245
-8268
-8229
-8266
-8263
-8253
-8246
-8207
-8196
-8195
-8220
-8206
-8181
-8192
-8132
-8160
-8186
-8151
-8185
-8197
-8277
-8237
-8314
-8302
-8315
-8401
-8344
-8447
-8372
-8450
-8441
-8424
-8421
-8327
-8341
-8257
-8270
-8183
-8142
-8148
-8164
-8251
-8270
-8336
-8342
-8361
-8371
-8316
-8307
-8233
-8254
-8209
-8220
-8247
-8226
-8298
-8270
-8323
-8291
-8298
-8302
-8268
-8254
-8160
-8148
-8123
-8134
-8136
-8140
-8191
-8205
-8238
-8236
-8210
-8187
-8167
-8162
-8108
-8090
-8059
-8078
-8091
-8088
-8097
-8078
-8143
-8191
-8246
-8263
-8250
-8233
-8228
-8236
-8205
-8195
-8206
-8214
-8251
-8258
-8281
-8306
-8335
-8382
-8412
-8445
-8420
-8423
-8390
-8358
-8319
-8289
-8257
-8216
-8196
-8165
-8163
-8165
-8201
-8210
-8236
-8224
-8197
-8184
-8190
-8209
-8216
-8229
-8207
-8247
-8289
-8332
-8367
-8370
-8371
-8346
-8346
-8335
-8334
-8304
-8266
-8241
-8215
-8224
-8203
-8203
-8188
-8173
-8160
-8162
-8199
-8202
-8206
-8186
-8206
-8225
-8242
-8261
-8242
-8272
-8276
-8287
-8313
-8329
-8357
-8336
-8337
-8344
-8323
-8323
-8290
-8254
-8231
-8222
-8258
-8271
-8290
-8289
-8282
-8289
-8249
-8235
-8205
-8206
-8201
-8205
-8233
-8253
-8318
-8343
-8395
-8415
-8424
-8435
-8435
-8433
-8374
-8347
-8314
-8323
-8322
-8301
-8307
-8271
-8300
-8287
-8263
-8267
-8253
-8276
-8277
-8286
-8272
-8260
-8244
-8231
-8219
-8220
-8243
-8281
-8335
-8358
-8377
-8360
-8352
-8345
-8346
-8310
-8268
-8248
-8241
-8283
-8274
-8268
-8261
-8253
-8271
-8302
-8311
-8307
-8295
-8279
-8269
-8264
-8275
-8265
-8242
-8225
-8227
-8221
-8261
-8277
-8264
-8279
-8278
-8289
-8299
-8284
-8297
-8301
-8301
-8328
-8332
-8390
-8388
-8382
-8346
-8279
-8275
-8218
-8229
-8234
-8228
-8244
-8229
-8272
-8296
-8282
-8290
-8275
-8301
-8323
-8295
-8286
-8250
-8270
-8277
-8245
-8266
-8256
-8228
-8233
-8241
-8292
-8333
-8347
-8358
-8362
-8377
-8338
-8339
-8291
-8279
-8285
-8254
-8279
-8256
-8302
-8320
-8360
-8369
-8359
-8352
-8334
-8352
-8291
-8277
-8246
-8269
-8312
-8352
-8358
-8329
-8342
-8296
-8292
-8282
-8250
-8241
-8249
-8258
-8279
-8267
-8264
-8254
-8257
-8270
-8258
-8263
-8222
-8217
-8190
-8189
-8210
-8233
-8280
-8302
-8310
-8330
-8344
-8354
-8380
-8371
-8386
-8360
-8364
-8356
-8335
-8316
-8271
-8276
-8249
-8273
-8277
-8310
-8357
-8377
-8424
-8452
-8495
-8481
-8479
-8444
-8415
-8384
-8350
-8324
-8294
-8302
-8266
-8279
-8275
-8312
-8349
-8323
-8315
-8288
-8286
-8300
-8274
-8269
-8234
-8244
-8269
-8275
-8341
-8337
-8409
-8409
-8412
-8381
-8332
-8337
-8302
-8311
-8236
-8260
-8245
-8281
-8315
-8314
-8331
-8340
-8400
-8375
-8387
-8359
-8349
-8315
-8300
-8311
-8261
-8276
-8304
-8324
-8349
-8378
-8398
-8436
-8428
-8437
-8420
-8403
-8434
-8404
-8410
-8390
-8424
-8435
-8468
-8494
-8466
-8495
-8446
-8438
-8389
-8337
-8309
-8269
-8273
-8250
-8251
-8282
-8299
-8337
-8368
-8361
-8397
-8413
-8419
-8375
-8334
-8333
-8305
-8339
-8305
-8299
-8304
-8316
-8400
-8408
-8453
-8462
-8490
-8501
-8474
-8465
-8420
-8434
-8392
-8376
-8367
-8374
-8420
-8452
-8514
-8524
-8542
-8546
-8543
-8528
-8487
-8447
-8412
-8416
-8419
-8460
-8485
-8516
-8569
-8587
-8605
-8579
-8566
-8517
-8470
-8441
-8383
-8381
-8341
-8362
-8373
-8412
-8471
-8478
-8543
-8524
-8540
-8524
-8536
-8556
-8508
-8495
-8449
-8457
-8438
-8469
-8493
-8488
-8513
-8505
-8547
-8551
-8565
-8561
-8535
-8506
-8454
-8447
-8436
-8463
-8486
-8520
-8533
-8552
-8606
-8623
-8677
-8669
-8649
-8583
-8523
-8497
-8437
-8437
-8414
-8464
-8499
-8553
-8611
-8607
-8636
-8609
-8614
-8592
-8539
-8508
-8488
-8514
-8517
-8524
-8551
-8580
-8628
-8642
-8677
-8692
-8688
-8690
-8655
-8622
-8570
-8545
-8521
-8514
-8540
-8570
-8592
-8624
-8624
-8627
-8635
-8608
-8576
-8548
-8583
-8577
-8577
-8562
-8543
-8561
-8561
-8594
-8606
-8632
-8633
-8586
-8571
-8565
-8560
-8524
-8478
-8456
-8440
-8461
-8496
-8548
-8595
-8644
-8683
-8689
-8684
-8666
-8643
-8605
-8583
-8545
-8533
-8529
-8536
-8549
-8559
-8596
-8618
-8647
-8660
-8672
-8653
-8630
-8613
-8586
-8573
-8562
-8558
-8574
-8607
-8644
-8680
-8708
-8762
-8771
-8746
-8679
-8595
-8532
-8465
-8439
-8417
-8450
-8478
-8525
-8558
-8575
-8611
-8625
-8651
-8620
-8595
-8563
-8547
-8522
-8490
-8473
-8464
-8497
-8534
-8564
-8579
-8609
-8627
-8640
-8622
-8594
-8588
-8561
-8566
-8533
-8514
-8519
-8507
-8565
-8555
-8574
-8587
-8591
-8632
-8609
-8603
-8541
-8531
-8503
-8473
-8491
-8477
-8522
-8518
-8534
-8538
-8523
-8561
-8542
-8542
-8522
-8496
-8503
-8478
-8458
-8456
-8470
-8489
-8528
-8580
-8632
-8666
-8672
-8668
-8641
-8595
-8548
-8513
-8485
-8461
-8442
-8449
-8488
-8541
-8602
-8616
-8627
-8621
-8593
-8561
-8496
-8460
-8443
-8428
-8432
-8435
-8468
-8501
-8521
-8527
-8515
-8522
-8515
-8521
-8511
-8496
-8496
-8486
-8494
-8493
-8491
-8489
-8503
-8542
-8545
-8541
-8532
-8506
-8482
-8443
-8424
-8418
-8420
-8424
-8440
-8482
-8489
-8500
-8515
-8513
-8524
-8492
-8481
-8454
-8423
-8431
-8424
-8452
-8443
-8463
-8498
-8517
-8571
-8560
-8571
-8592
-8619
-8615
-8604
-8582
-8522
-8526
-8509
-8493
-8505
-8520
-8527
-8536
-8524
-8541
-8524
-8527
-8518
-8494
-8488
-8447
-8459
-8429
-8435
-8463
-8477
-8502
-8506
-8522
-8521
-8503
-8523
-8509
-8502
-8464
-8450
-8457
-8429
-8456
-8448
-8453
-8471
-8472
-8481
-8498
-8496
-8521
-8493
-8481
-8454
-8452
-8489
-8465
-8491
-8488
-8513
-8523
-8508
-8534
-8510
-8496
-8494
-8472
-8488
-8470
-8462
-8450
-8455
-8474
-8489
-8515
-8522
-8562
-8537
-8533
-8527
-8507
-8503
-8471
-8482
-8466
-8484
-8503
-8509
-8539
-8549
-8556
-8551
-8567
-8570
-8556
-8526
-8503
-8482
-8467
-8459
-8452
-8456
-8467
-8501
-8505
-8521
-8523
-8529
-8527
-8513
-8524
-8499
-8505
-8497
-8476
-8475
-8465
-8472
-8471
-8489
-8513
-8523
-8535
-8541
-8540
-8521
-8473
-8435
-8413
-8419
-8418
-8426
-8468
-8485
-8534
-8541
-8573
-8591
-8577
-8587
-8561
-8567
-8567
-8566
-8548
-8522
-8525
-8516
-8537
-8543
-8547
-8552
-8533
-8546
-8538
-8504
-8485
-8489
-8473
-8486
-8484
-8496
-8508
-8509
-8532
-8525
-8554
-8569
-8595
-8594
-8555
-8543
-8534
-8508
-8496
-8485
-8482
-8489
-8509
-8511
-8506
-8512
-8515
-8546
-8524
-8516
-8497
-8489
-8508
-8515
-8545
-8570
-8606
-8648
-8656
-8635
-8608
-8585
-8604
-8594
-8578
-8556
-8562
-8574
-8570
-8595
-8605
-8622
-8616
-8624
-8639
-8629
-8627
-8597
-8567
-8550
-8523
-8542
-8560
-8595
-8599
-8606
-8623
-8624
-8631
-8595
-8578
-8548
-8556
-8584
-8592
-8564
-8561
-8551
-8546
-8551
-8541
-8563
-8586
-8627
-8638
-8651
-8668
-8698
-8688
-8687
-8656
-8634
-8629
-8624
-8645
-8642
-8677
-8669
-8695
-8708
-8701
-8687
-8679
-8695
-8693
-8700
-8661
-8653
-8677
-8677
-8657
-8659
-8667
-8689
-8674
-8671
-8673
-8673
-8703
-8682
-8674
-8642
-8641
-8642
-8642
-8663
-8698
-8713
-8717
-8728
-8705
-8697
-8663
-8661
-8652
-8638
-8648
-8660
-8679
-8690
-8675
-8677
-8703
-8713
-8727
-8707
-8710
-8708
-8686
-8676
-8664
-8676
-8679
-8692
-8693
-8708
-8735
-8734
-8726
-8698
-8683
-8666
-8657
-8650
-8650
-8660
-8656
-8669
-8674
-8708
-8719
-8704
-8712
-8703
-8699
-8660
-8651
-8628
-8604
-8606
-8603
-8644
-8653
-8708
-8706
-8702
-8730
-8718
-8770
-8747
-8724
-8694
-8691
-8691
-8647
-8639
-8605
-8624
-8632
-8643
-8644
-8629
-8648
-8667
-8675
-8636
-8628
-8624
-8608
-8591
-8575
-8585
-8612
-8641
-8659
-8660
-8661
-8646
-8625
-8628
-8641
-8661
-8661
-8688
-8683
-8654
-8656
-8641
-8644
-8637
-8658
-8656
-8659
-8669
-8633
-8625
-8582
-8578
-8563
-8542
-8560
-8576
-8623
-8650
-8674
-8685
-8680
-8666
-8641
-8623
-8614
-8593
-8578
-8569
-8577
-8584
-8586
-8603
-8607
-8620
-8625
-8622
-8645
-8657
-8669
-8656
-8617
-8602
-8578
-8589
-8584
-8585
-8589
-8596
-8601
-8590
-8613
-8643
-8641
-8609
-8619
-8638
-8617
-8584
-8591
-8582
-8602
-8576
-8585
-8592
-8573
-8600
-8593
-8631
-8607
-8585
-8568
-8547
-8564
-8557
-8565
-8571
-8565
-8554
-8543
-8564
-8572
-8584
-8595
-8575
-8581
-8560
-8544
-8522
-8507
-8519
-8491
-8519
-8550
-8552
-8573
-8558
-8556
-8546
-8527
-8507
-8504
-8530
-8515
-8518
-8520
-8518
-8540
-8524
-8528
-8532
-8525
-8523
-8501
-8518
-8509
-8501
-8507
-8510
-8523
-8502
-8497
-8500
-8531
-8549
-8518
-8532
-8537
-8536
-8545
-8527
-8556
-8564
-8567
-8568
-8531
-8526
-8504
-8497
-8486
-8474
-8482
-8486
-8517
-8511
-8508
-8497
-8515
-8540
-8515
-8510
-8488
-8528
-8545
-8549
-8551
-8558
-8598
-8596
-8604
-8555
-8529
-8512
-8505
-8510
-8487
-8485
-8461
-8495
-8506
-8522
-8529
-8519
-8547
-8543
-8559
-8529
-8538
-8557
-8546
-8543
-8525
-8539
-8544
-8556
-8544
-8529
-8533
-8544
-8547
-8553
-8560
-8556
-8534
-8510
-8514
-8514
-8536
-8546
-8576
-8590
-8590
-8608
-8596
-8593
-8565
-8567
-8588
-8594
-8598
-8595
-8613
-8613
-8640
-8660
-8659
-8636
-8631
-8620
-8571
-8537
-8516
-8537
-8531
-8551
-8571
-8577
-8601
-8606
-8617
-8597
-8605
-8587
-8569
-8587
-8594
-8606
-8593
-8616
-8624
-8605
-8613
-8610
-8619
-8620
-8633
-8645
-8653
-8671
-8659
-8649
-8635
-8626
-8621
-8610
-8617
-8614
-8610
-8623
-8642
-8669
-8680
-8701
-8694
-8672
-8670
-8633
-8622
-8607
-8601
-8604
-8610
-8647
-8655
-8662
-8674
-8651
-8657
-8642
-8638
-8630
-8610
-8625
-8620
-8644
-8643
-8642
-8655
-8653
-8662
-8667
-8671
-8659
-8651
-8643
-8613
-8599
-8575
-8591
-8617
-8641
-8683
-8690
-8715
-8735
-8748
-8729
-8693
-8665
-8635
-8622
-8615
-8613
-8613
-8622
-8635
-8624
-8620
-8590
-8573
-8581
-8583
-8611
-8631
-8649
-8652
-8622
-8603
-8607
-8603
-8603
-8595
-8602
-8589
-8592
-8610
-8620
-8634
-8639
-8652
-8625
-8609
-8586
-8587
-8583
-8596
-8627
-8639
-8673
-8658
-8630
-8571
-8562
-8556
-8565
-8574
-8571
-8613
-8600
-8615
-8596
-8609
-8625
-8644
-8655
-8638
-8631
-8604
-8606
-8595
-8607
-8606
-8644
-8635
-8641
-8665
-8647
-8643
-8596
-8591
-8551
-8536
-8564
-8567
-8591
-8583
-8590
-8577
-8555
-8569
-8571
-8588
-8565
-8584
-8600
-8601
-8609
-8594
-8622
-8604
-8611
-8594
-8568
-8564
-8552
-8583
-8581
-8607
-8624
-8642
-8666
-8644
-8650
-8612
-8608
-8599
-8557
-8539
-8540
-8584
-8585
-8575
-8553
-8575
-8608
-8580
-8560
-8529
-8532
-8565
-8574
-8555
-8537
-8538
-8545
-8570
-8551
-8540
-8565
-8592
-8623
-8599
-8573
-8554
-8547
-8539
-8505
-8513
-8554
-8600
-8641
-8659
-8684
-8652
-8613
-8590
-8540
-8499
-8480
-8520
-8532
-8543
-8550
-8585
-8623
-8632
-8628
-8592
-8613
-8610
-8606
-8555
-8496
-8499
-8491
-8504
-8486
-8486
-8509
-8540
-8590
-8617
-8602
-8593
-8583
-8560
-8561
-8521
-8515
-8492
-8471
-8478
-8479
-8551
-8565
-8593
-8593
-8598
-8589
-8508
-8503
-8485
-8528
-8529
-8520
-8520
-8489
-8513
-8490
-8479
-8474
-8484
-8482
-8507
-8523
-8504
-8505
-8497
-8545
-8545
-8528
-8509
-8511
-8521
-8517
-8519
-8500
-8512
-8518
-8541
-8527
-8524
-8515
-8512
-8533
-8517
-8497
-8468
-8467
-8458
-8464
-8464
-8461
-8475
-8459
-8478
-8501
-8546
-8567
-8560
-8550
-8525
-8551
-8501
-8461
-8452
-8464
-8490
-8487
-8489
-8459
-8486
-8525
-8508
-8472
-8461
-8495
-8514
-8529
-8502
-8482
-8507
-8482
-8489
-8468
-8455
-8474
-8519
-8590
-8579
-8564
-8545
-8566
-8565
-8508
-8453
-8396
-8412
-8386
-8416
-8439
-8450
-8539
-8527
-8558
-8543
-8532
-8488
-8435
-8443
-8381
-8420
-8416
-8453
-8463
-8411
-8445
-8455
-8545
-8491
-8489
-8507
-8465
-8489
-8415
-8470
-8429
-8444
-8444
-8421
-8449
-8427
-8514
-8463
-8461
-8430
-8416
-8462
-8435
-8439
-8381
-8395
-8482
-8485
-8449
-8402
-8437
-8442
-8430
-8435
-8377
-8399
-8439
-8506
-8468
-8482
-8480
-8482
-8513
-8417
-8450
-8381
-8442
-8428
-8415
-8468
-8401
-8521
-8460
-8496
-8458
-8449
-8536
-8494
-8544
-8468
-8480
-8459
-8467
-8470
-8402
-8417
-8445
-8480
-8458
-8455
-8454
-8458
-8469
-8448
-8443
-8428
-8435
-8466
-8436
-8460
-8469
-8456
-8461
-8438
-8464
-8461
-8478
-8479
-8448
-8425
-8352
-8380
-8426
-8464
-8458
-8469
-8497
-8456
-8498
-8479
-8476
-8467
-8445
-8477
-8430
-8457
-8455
-8483
-8512
-8446
-8493
-8439
-8465
-8453
-8418
-8424
-8385
-8438
-8403
-8447
-8438
-8455
-8488
-8488
-8513
-8464
-8459
-8438
-8451
-8422
-8405
-8447
-8463
-8488
-8441
-8460
-8473
-8499
-8522
-8476
-8502
-8477
-8499
-8478
-8466
-8436
-8418
-8469
-8460
-8498
-8473
-8484
-8500
-8491
-8506
-8461
-8477
-8456
-8479
-8476
-8433
-8480
-8443
-8474
-8456
-8509
-8478
-8490
-8526
-8448
-8500
-8446
-8495
-8471
-8497
-8461
-8433
-8493
-8450
-8490
-8438
-8447
-8475
-8476
-8509
-8526
-8518
-8548
-8557
-8526
-8524
-8493
-8514
-8480
-8491
-8471
-8479
-8514
-8477
-8548
-8466
-8499
-8499
-8488
-8496
-8448
-8512
-8490
-8518
-8523
-8521
-8493
-8530
-8517
-8503
-8520
-8492
-8551
-8546
-8541
-8485
-8511
-8540
-8526
-8521
-8475
-8525
-8512
-8536
-8513
-8492
-8507
-8479
-8505
-8511
-8498
-8474
-8490
-8450
-8507
-8447
-8417
-8484
-8473
-8530
-8459
-8496
-8511
-8489
-8514
-8492
-8520
-8499
-8506
-8500
-8476
-8441
-8398
-8460
-8434
-8469
-8462
-8453
-8495
-8464
-8491
-8432
-8456
-8424
-8416
-8410
-8403
-8461
-8436
-8441
-8447
-8424
-8456
-8486
-8475
-8505
-8454
-8486
-8464
-8465
-8438
-8379
-8416
-8420
-8458
-8414
-8387
-8399
-8399
-8421
-8385
-8351
-8374
-8380
-8430
-8363
-8315
-8329
-8390
-8434
-8380
-8366
-8371
-8413
-8404
-8377
-8350
-8336
-8344
-8367
-8299
-8298
-8274
-8322
-8397
-8369
-8379
-8330
-8368
-8361
-8352
-8272
-8267
-8331
-8306
-8345
-8310
-8325
-8338
-8330
-8356
-8319
-8327
-8331
-8336
-8355
-8291
-8269
-8258
-8279
-8318
-8270
-8300
-8298
-8324
-8340
-8296
-8309
-8274
-8287
-8268
-8259
-8288
-8291
-8346
-8327
-8298
-8292
-8247
-8280
-8269
-8256
-8276
-8290
-8339
-8328
-8320
-8344
-8302
-8335
-8318
-8269
-8277
-8249
-8294
-8255
-8269
-8244
-8249
-8290
-8245
-8265
-8237
-8257
-8278
-8292
-8297
-8288
-8289
-8260
-8256
-8261
-8246
-8266
-8271
-8289
-8321
-8303
-8316
-8308
-8317
-8299
-8286
-8271
-8269
-8268
-8249
-8287
-8240
-8260
-8235
-8235
-8243
-8200
-8236
-8206
-8238
-8254
-8258
-8295
-8275
-8285
-8265
-8268
-8265
-8259
-8290
-8271
-8301
-8256
-8276
-8244
-8253
-8226
-8157
-8211
-8119
-8219
-8209
-8202
-8247
-8255
-8289
-8247
-8279
-8269
-8276
-8241
-8251
-8240
-8230
-8253
-8271
-8307
-8286
-8273
-8279
-8285
-8284
-8246
-8248
-8240
-8237
-8265
-8224
-8273
-8251
-8257
-8300
-8288
-8294
-8258
-8276
-8250
-8262
-8257
-8243
-8261
-8266
-8326
-8306
-8354
-8338
-8293
-8304
-8250
-8258
-8206
-8249
-8253
-8253
-8263
-8220
-8233
-8210
-8244
-8252
-8278
-8292
-8313
-8302
-8300
-8290
-8260
-8264
-8254
-8249
-8257
-8252
-8245
-8264
-8241
-8267
-8219
-8257
-8251
-8244
-8281
-8268
-8337
-8316
-8362
-8323
-8299
-8291
-8279
-8306
-8262
-8268
-8240
-8266
-8262
-8267
-8282
-8288
-8309
-8254
-8283
-8270
-8307
-8348
-8363
-8404
-8346
-8327
-8283
-8272
-8265
-8233
-8236
-8260
-8311
-8325
-8321
-8308
-8302
-8272
-8256
-8258
-8255
-8294
-8318
-8333
-8306
-8301
-8282
-8291
-8333
-8294
-8299
-8252
-8215
-8217
-8196
-8196
-8212
-8218
-8234
-8253
-8286
-8299
-8294
-8299
-8269
-8267
-8227
-8233
-8251
-8235
-8267
-8249
-8267
-8267
-8253
-8265
-8251
-8267
-8240
-8219
-8222
-8201
-8190
-8173
-8170
-8212
-8211
-8242
-8249
-8252
-8273
-8260
-8264
-8237
-8228
-8210
-8200
-8159
-8152
-8145
-8163
-8200
-8225
-8245
-8226
-8244
-8247
-8241
-8221
-8214
-8187
-8156
-8156
-8142
-8111
-8098
-8102
-8132
-8145
-8162
-8188
-8206
-8241
-8250
-8262
-8234
-8208
-8193
-8181
-8171
-8160
-8191
-8200
-8229
-8216
-8211
-8210
-8172
-8181
-8124
-8105
-8062
-8054
-8079
-8088
-8165
-8177
-8209
-8206
-8223
-8223
-8193
-8191
-8179
-8207
-8210
-8213
-8188
-8172
-8182
-8196
-8217
-8197
-8196
-8191
-8175
-8157
-8104
-8100
-8100
-8134
-8152
-8148
-8184
-8199
-8215
-8208
-8220
-8223
-8213
-8205
-8186
-8185
-8168
-8162
-8175
-8174
-8189
-8190
-8195
-8196
-8199
-8233
-8232
-8236
-8191
-8165
-8158
-8161
-8192
-8189
-8224
-8214
-8210
-8208
-8202
-8222
-8214
-8218
-8178
-8153
-8130
-8116
-8138
-8155
-8165
-8157
-8171
-8185
-8201
-8190
-8166
-8144
-8128
-8135
-8147
-8171
-8181
-8202
-8204
-8193
-8191
-8174
-8171
-8161
-8175
-8192
-8185
-8163
-8133
-8151
-8160
-8170
-8156
-8154
-8207
-8227
-8238
-8200
-8174
-8164
-8136
-8144
-8127
-8159
-8172
-8194
-8213
-8165
-8165
-8124
-8135
-8150
-8179
-8187
-8183
-8220
-8198
-8207
-8166
-8146
-8145
-8139
-8182
-8163
-8193
-8213
-8182
-8205
-8175
-8161
-8132
-8130
-8159
-8155
-8192
-8163
-8215
-8189
-8202
-8235
-8132
-8159
-8113
-8109
-8117
-8106
-8097
-8095
-8103
-8106
-8119
-8082
-8082
-8089
-8137
-8149
-8130
-8143
-8177
-8129
-8127
-8084
-8087
-8065
-8076
-8123
-8050
-8127
-8093
-8129
-8102
-8114
-8050
-8042
-8060
-8007
-8095
-8006
-8095
-8064
-8063
-8105
-8060
-8077
-8034
-8056
-8053
-8024
-8051
-8027
-8056
-8038
-7995
-8047
-7996
-8037
-8036
-8018
-8042
-8029
-8034
-8041
-7983
-8002
-7968
-7931
-7981
-7965
-7993
-7921
-8036
-7992
-8014
-8070
-7933
-8077
-7993
-8022
-7992
-7922
-8017
-7868
-8001
-7938
-7948
-8054
-7882
-8059
-7934
-8036
-8006
-7929
-8079
-7827
-8026
-7878
-7904
-7939
-7894
-8008
-7842
-8097
-7858
-7975
-7963
-7884
-8031
-7787
-8057
-7827
-7946
-7965
-7876
-8009
-7883
-7985
-7861
-8008
-7851
-7903
-7937
-7850
-7959
-7867
-7887
-7866
-7935
-7840
-7887
-7891
-7877
-7871
-7855
-7900
-7868
-7940
-7904
-7942
-7972
-7941
-7925
-7921
-7921
-7909
-7884
-7918
-7914
-7884
-7950
-7905
-7922
-7886
-7895
-7878
-7870
-7923
-7852
-7901
-7863
-7895
-7857
-7832
-7907
-7863
-7875
-7929
-7907
-7894
-7925
-7936
-7935
-7922
-7943
-7902
-7924
-7918
-7927
-7883
-7909
-7966
-7804
-7885
-7887
-7834
-7914
-7869
-7925
-7847
-7901
-7880
-7829
-7922
-7802
-7903
-7840
-7888
-7877
-7827
-7928
-7870
-7944
-7908
-7913
-7906
-7906
-7912
-7872
-7879
-7866
-7895
-7915
-7919
-7921
-7932
-7939
-7944
-7935
-7926
-7919
-7925
-7936
-7914
-7881
-7879
-7887
-7883
-7876
-7886
-7927
-7958
-7997
-8002
-7997
-7989
-7987
-7947
-7929
-7904
-7911
-7940
-7942
-7981
-7964
-7991
-7965
-7960
-7929
-7906
-7883
-7874
-7903
-7891
-7901
-7885
-7927
-7917
-7919
-7914
-7892
-7909
-7916
-7911
-7901
-7912
-7939
-7941
-7947
-7938
-7929
-7946
-7935
-7959
-7959
-7961
-7956
-7951
-7938
-7912
-7904
-7907
-7918
-7928
-7918
-7905
-7932
-7945
-7939
-7925
-7945
-7945
-7938
-7948
-7949
-7952
-7950
-7959
-7950
-7943
-7937
-7930
-7931
-7911
-7946
-7961
-7935
-7952
-7942
-7980
-7981
-7985
-7966
-7945
-7950
-7917
-7927
-7909
-7939
-7925
-7940
-7969
-7961
-7981
-7955
-7979
-7977
-7996
-7975
-7965
-7990
-7992
-8029
-7992
-8002
-7971
-7978
-7959
-7930
-7938
-7914
-7944
-7926
-7969
-7959
-8006
-8039
-8040
-8042
-8011
-8028
-8001
-8019
-7991
-8002
-8036
-8041
-8043
-8026
-8061
-8046
-8073
-8064
-8045
-8021
-7956
-7967
-7932
-7960
-7956
-7989
-8038
-8054
-8077
-8049
-8054
-8041
-8044
-8016
-8014
-8017
-8023
-8003
-7989
-7983
-7971
-7980
-7988
-8013
-8012
-8054
-8056
-8088
-8066
-8050
-8040
-7996
-8007
-7949
-7968
-7949
-7970
-7974
-7973
-8022
-8015
-8054
-8032
-8000
-7980
-7963
-7948
-7958
-7956
-7989
-8018
-8047
-8086
-8047
-8056
-8042
-8045
-8017
-7976
-7988
-7966
-7989
-7963
-7958
-7978
-7953
-7991
-7969
-7969
-7971
-7952
-7980
-7945
-7930
-7889
-7898
-7929
-7926
-7946
-7930
-7966
-7988
-7996
-8002
-7980
-7959
-7958
-7965
-7939
-7937
-7924
-7934
-7941
-7929
-7948
-7930
-7945
-7951
-7928
-7939
-7889
-7901
-7932
-7932
-7959
-7938
-7969
-7946
-7946
-7925
-7927
-7949
-7911
-7968
-7927
-7938
-7936
-7940
-7964
-7917
-7915
-7876
-7862
-7827
-7833
-7836
-7850
-7898
-7884
-7899
-7883
-7880
-7875
-7885
-7886
-7869
-7875
-7868
-7885
-7881
-7898
-7921
-7958
-7980
-7976
-7965
-7953
-7947
-7926
-7910
-7902
-7903
-7910
-7925
-7942
-7952
-7959
-7970
-7957
-7951
-7922
-7908
-7912
-7913
-7917
-7915
-7916
-7923
-7934
-7932
-7931
-7922
-7941
-7946
-7935
-7910
-7891
-7901
-7906
-7911
-7903
-7908
-7920
-7929
-7915
-7896
-7904
-7920
-7928
-7915
-7898
-7895
-7900
-7902
-7900
-7895
-7889
-7890
-7886
-7884
-7891
-7904
-7932
-7958
-7969
-7961
-7953
-7942
-7918
-7913
-7905
-7888
-7871
-7841
-7834
-7830
-7837
-7858
-7875
-7897
-7905
-7921
-7931
-7939
-7927
-7897
-7884
-7862
-7843
-7835
-7866
-7901
-7946
-7947
-7938
-7919
-7880
-7866
-7841
-7863
-7847
-7842
-7840
-7841
