02131217.PTO
MINN
2012/02/13 12:17:37.6499
100.0000 m/s  
5224 muestras
641
657
614
610
632
641
647
654
615
628
633
648
643
659
638
634
637
635
645
651
623
616
627
657
654
633
635
621
631
648
642
635
636
619
643
652
657
633
616
620
636
651
657
620
640
629
633
651
663
623
625
625
635
647
660
622
631
615
639
631
655
637
613
629
638
637
672
626
627
636
644
657
666
647
619
638
651
636
647
643
613
617
643
655
631
642
624
626
636
659
636
636
623
626
652
641
638
640
623
627
641
660
631
623
629
635
629
663
635
621
627
639
641
651
646
635
621
631
649
666
645
640
617
634
639
637
651
627
621
641
644
638
644
627
610
625
653
646
641
631
623
628
654
639
646
622
643
628
665
643
649
629
617
627
658
645
641
633
629
616
649
662
631
625
633
630
643
651
638
629
634
638
645
657
633
606
632
635
649
646
637
616
623
651
632
651
635
617
615
655
635
657
624
626
614
655
634
643
634
615
626
641
643
649
627
631
617
645
653
655
625
633
618
634
666
646
631
640
621
638
645
648
616
639
639
638
662
646
635
621
635
643
662
645
617
607
635
633
648
646
636
624
645
639
646
639
643
609
635
638
645
634
640
622
633
649
650
635
622
627
628
656
629
641
638
622
623
652
645
644
636
639
627
665
658
636
615
634
621
647
665
641
605
647
634
637
648
643
631
633
627
650
649
646
615
637
639
638
649
641
624
621
648
670
638
644
623
622
637
651
640
645
617
625
634
667
651
632
641
619
641
646
639
619
630
614
649
647
657
619
632
623
643
655
651
622
637
625
651
635
651
620
630
636
650
641
655
627
622
633
649
639
652
627
611
632
639
641
643
635
612
634
655
647
629
625
611
632
650
652
635
632
613
635
643
654
633
629
624
637
646
659
625
638
632
631
640
661
633
620
624
645
631
673
633
629
633
632
633
665
638
616
627
644
649
649
635
614
625
641
648
633
649
610
611
639
647
627
648
619
629
645
654
639
645
603
642
639
660
642
632
621
622
625
645
637
635
614
633
631
667
640
627
633
629
645
653
639
614
613
629
636
669
662
622
605
624
632
656
661
624
640
625
638
626
651
622
628
638
659
647
647
625
614
629
655
645
645
616
626
624
643
652
649
627
623
634
627
645
635
619
626
629
649
645
635
631
634
639
651
656
647
624
630
635
633
657
650
628
621
634
644
665
633
631
623
643
634
661
627
627
626
647
658
645
636
635
605
649
645
653
635
619
616
635
647
639
631
642
624
642
643
631
640
617
634
643
649
644
626
629
638
631
652
642
625
617
632
632
661
649
634
623
640
627
670
646
636
613
640
626
663
645
632
599
634
642
654
644
633
603
636
648
649
649
640
606
627
651
655
640
633
622
620
640
643
633
637
634
640
664
635
635
625
637
630
654
653
637
614
633
631
651
666
639
599
632
624
635
635
649
619
628
627
643
651
635
617
647
636
635
648
634
626
627
647
637
640
651
613
619
640
654
647
641
624
612
639
647
660
631
626
611
645
649
632
641
636
620
640
634
634
615
624
623
651
645
657
619
625
625
641
645
662
615
615
627
647
647
655
638
621
625
633
646
662
635
625
643
633
653
653
631
628
641
649
655
649
639
609
634
643
660
635
639
612
629
645
661
643
642
621
637
651
655
649
638
621
630
638
675
622
627
635
635
639
668
631
633
624
643
639
649
645
634
627
640
643
653
638
625
629
635
645
656
645
620
633
638
633
646
650
625
621
639
647
643
642
619
615
629
641
647
654
606
620
628
655
648
628
622
625
635
656
631
631
635
631
636
659
644
623
621
630
634
655
653
623
620
627
641
645
651
641
621
629
645
645
656
628
623
625
648
643
659
635
616
619
649
631
661
633
628
620
648
643
643
631
629
636
656
662
649
620
609
625
645
654
639
632
618
620
643
658
632
632
632
625
638
657
641
617
628
641
638
658
636
625
609
641
636
658
642
624
629
642
632
660
637
636
629
648
640
648
645
617
610
649
632
648
636
629
614
643
654
657
631
632
624
641
639
643
635
632
614
637
655
657
629
635
627
627
656
651
631
619
633
625
649
645
647
627
637
625
650
652
633
621
631
639
661
653
637
613
633
641
652
651
647
612
631
639
655
642
641
623
625
643
639
634
635
605
626
635
664
645
621
619
627
638
649
642
636
626
624
647
652
650
624
630
623
640
650
648
615
633
621
639
653
647
621
625
619
648
662
648
606
647
635
643
657
662
621
619
635
648
642
649
627
613
636
659
647
643
624
631
635
639
649
634
638
612
632
647
642
637
633
617
640
641
653
627
640
625
634
645
665
630
635
627
636
643
661
630
629
623
642
644
663
624
631
640
648
641
661
638
611
631
640
627
643
633
617
627
638
641
634
649
620
622
642
654
642
647
613
633
635
649
641
643
618
623
636
657
639
635
622
623
626
663
636
635
621
633
634
670
641
643
619
630
637
649
644
625
619
636
637
656
646
617
631
644
643
645
640
631
614
634
651
632
653
627
626
633
665
643
646
627
625
626
659
645
644
625
633
634
647
651
644
629
622
621
665
653
633
632
635
626
648
656
635
624
632
635
657
640
634
625
630
639
647
642
633
622
643
641
649
657
629
633
631
644
641
648
643
607
615
647
643
643
624
629
623
644
644
647
625
629
623
645
647
643
645
617
619
651
644
637
639
631
618
651
664
641
625
637
633
633
655
641
635
629
641
638
649
642
623
624
641
639
658
634
631
622
647
637
655
643
638
617
647
627
647
636
640
624
633
641
651
645
638
614
638
639
647
639
633
638
636
653
642
633
636
634
627
659
635
639
641
631
629
661
653
639
626
641
633
655
646
639
611
625
636
653
639
644
625
642
624
649
655
647
608
641
636
651
648
653
624
620
637
658
641
639
619
625
649
666
643
629
633
617
644
638
649
638
627
614
649
649
641
631
635
615
644
663
650
629
633
624
643
636
655
624
633
636
647
657
646
617
642
626
649
657
661
622
612
635
649
645
655
638
621
637
662
655
640
630
607
641
649
652
642
633
605
632
640
658
641
637
625
632
651
651
625
641
615
635
642
660
630
638
627
629
642
661
629
634
620
632
643
657
641
639
617
641
641
660
634
615
637
636
642
653
641
630
619
645
662
647
649
605
627
642
654
640
636
628
625
627
649
629
643
624
621
642
642
636
644
616
625
638
659
643
646
633
621
628
653
643
631
615
623
628
644
649
625
636
630
635
650
645
632
629
630
637
645
654
632
619
633
637
641
654
615
638
633
658
627
652
634
634
625
661
638
647
617
622
630
653
656
642
637
608
622
667
643
640
638
630
637
651
656
633
624
635
634
638
666
638
615
623
642
647
648
630
623
630
636
649
652
627
638
627
647
643
654
635
626
623
649
638
656
640
621
621
640
641
637
626
629
625
648
645
651
645
623
617
641
647
649
627
628
623
651
660
636
638
632
625
640
650
648
626
614
639
627
658
638
634
619
636
645
660
633
630
621
639
623
659
647
625
601
640
623
656
649
633
611
630
655
653
645
636
613
630
636
655
633
635
617
627
645
632
646
639
609
634
656
644
635
636
630
610
655
647
637
629
625
621
647
635
643
623
632
625
660
632
632
606
639
629
655
647
643
605
632
637
639
646
643
618
621
639
642
644
647
622
620
645
638
643
629
627
616
643
639
639
634
633
605
644
660
645
637
621
626
647
646
653
630
637
618
637
648
642
620
625
617
640
644
647
627
625
620
653
650
648
625
615
625
631
671
647
620
612
641
638
651
647
632
618
636
655
640
635
644
606
631
642
659
635
641
614
643
647
652
635
639
609
633
643
649
624
623
615
638
647
665
625
641
608
641
642
657
625
627
632
625
641
649
633
628
641
637
636
647
641
604
632
631
644
659
648
617
624
633
648
639
647
627
621
641
651
633
648
631
636
630
663
641
644
614
624
644
656
642
645
630
626
632
664
643
630
639
635
631
655
655
626
630
623
634
646
659
622
611
627
637
659
649
623
633
625
644
663
654
630
623
637
645
639
654
629
628
639
649
647
647
623
631
630
643
636
648
625
629
629
651
645
635
631
628
627
655
659
637
649
623
625
648
661
635
624
631
633
632
660
628
628
620
636
644
662
626
625
622
645
636
665
632
628
627
647
640
645
636
617
624
656
632
641
638
614
619
647
636
640
635
609
623
635
664
649
638
627
633
639
666
643
644
629
633
630
667
644
635
637
628
628
663
642
635
622
635
631
657
645
637
634
641
636
674
649
631
619
641
626
643
652
631
626
641
648
639
647
631
615
631
649
639
637
625
623
630
655
662
642
631
629
629
650
647
643
623
636
621
655
647
642
641
638
622
657
650
641
621
642
630
656
651
636
616
625
628
644
650
636
612
635
635
639
650
631
616
627
641
643
653
641
619
618
648
645
651
639
629
627
643
661
638
633
620
595
647
647
653
635
629
627
649
641
645
636
633
613
648
657
647
627
625
618
648
649
656
629
625
631
639
665
651
631
631
631
642
646
649
630
612
642
636
664
641
613
601
639
636
654
642
641
611
636
655
642
645
643
614
642
637
643
640
635
607
642
647
649
638
625
607
631
655
661
627
631
628
627
653
659
629
629
624
632
632
650
637
627
636
635
657
647
637
625
642
632
643
642
643
596
641
637
645
637
644
614
639
634
633
635
643
622
619
647
656
629
641
623
625
645
649
644
638
626
616
638
665
641
637
636
628
637
643
649
635
623
621
631
659
648
623
625
628
643
645
644
632
630
634
637
630
658
618
623
626
630
653
653
622
612
635
651
641
648
625
621
628
649
653
648
623
623
633
648
650
646
632
621
635
655
647
641
635
622
633
643
654
629
639
625
633
635
661
631
632
612
627
629
667
648
624
613
639
635
668
633
636
624
630
635
656
632
624
639
641
643
655
646
620
622
640
653
643
638
617
627
639
657
631
644
600
628
635
652
643
632
629
635
645
653
632
641
610
618
621
648
643
630
605
641
627
655
645
637
622
633
635
653
640
625
623
627
635
647
645
629
603
629
631
655
643
639
615
626
640
628
665
637
627
622
652
660
643
624
623
622
655
647
649
627
617
630
660
645
640
624
623
608
661
649
633
629
650
622
648
665
641
621
625
640
640
667
641
632
625
641
651
653
633
618
641
641
642
658
634
631
620
648
633
645
644
633
604
644
667
641
641
636
621
641
647
657
639
630
615
645
656
646
635
627
613
647
660
652
634
635
616
634
641
659
625
646
623
630
665
645
632
610
635
634
670
649
636
619
641
635
658
643
636
618
640
635
650
653
645
615
641
633
660
639
635
618
633
642
663
631
647
597
627
642
654
641
635
610
640
640
664
625
649
626
624
652
645
639
617
629
637
641
657
643
613
631
644
645
655
640
615
629
642
642
647
655
618
639
642
648
656
650
614
621
653
653
636
657
633
616
635
647
640
643
617
625
635
648
641
636
615
622
629
659
641
641
631
609
640
662
646
635
633
623
636
652
646
627
629
627
648
647
653
628
632
635
636
634
661
613
612
621
649
658
655
623
621
620
652
634
650
623
620
632
645
639
647
641
627
622
656
655
637
635
612
635
643
653
643
645
623
620
653
650
628
639
623
627
645
655
636
628
621
632
649
669
631
627
615
640
635
653
629
623
616
644
647
676
631
623
625
638
639
659
636
623
627
643
641
643
647
623
621
642
652
657
646
631
623
634
661
638
639
616
633
637
665
647
641
631
618
627
669
631
641
636
622
633
667
643
634
609
623
620
658
655
627
624
635
639
662
635
626
623
635
649
642
657
634
603
637
641
636
648
627
621
628
644
643
648
645
624
635
656
651
647
630
611
627
656
653
647
633
633
624
648
640
634
625
626
625
647
663
641
628
644
630
639
667
631
623
636
629
647
657
642
625
629
629
649
658
632
615
623
633
639
648
645
639
615
655
637
639
639
641
630
642
661
645
625
639
619
645
647
645
634
627
620
649
637
658
636
638
623
633
655
649
631
641
632
630
647
649
627
623
627
642
655
645
636
622
623
627
653
643
636
617
641
629
635
653
631
619
643
635
655
638
644
609
634
637
648
643
645
619
629
634
647
641
635
625
628
641
643
637
643
605
625
645
645
633
634
631
617
654
668
645
629
631
615
651
645
641
617
625
617
654
655
637
621
639
623
655
642
641
626
622
630
648
631
644
612
627
634
655
655
645
629
630
631
652
644
643
630
628
635
647
648
641
619
635
641
655
648
635
615
627
633
660
654
631
634
619
633
649
659
624
627
618
639
655
647
627
636
621
651
655
661
626
628
635
642
643
667
626
629
631
644
630
649
639
607
617
645
648
650
633
623
631
641
652
640
642
632
621
657
647
630
626
618
640
639
660
628
643
628
623
634
671
635
639
616
631
639
654
641
631
606
642
641
661
625
625
638
635
648
668
643
627
615
634
633
647
643
618
623
631
656
647
645
632
619
631
630
638
651
614
626
631
645
652
651
627
619
629
659
643
645
636
619
625
656
629
633
630
643
619
664
652
635
631
633
633
645
645
637
619
631
635
653
651
629
633
641
637
645
638
636
625
618
648
642
655
641
617
623
655
645
643
621
640
632
661
641
648
629
613
618
649
636
648
633
625
619
642
661
648
627
627
622
649
663
649
628
630
618
635
659
640
621
626
629
633
652
645
624
620
633
640
649
645
623
617
645
649
646
650
635
610
645
634
650
643
632
622
641
649
653
630
614
621
633
636
657
635
641
615
637
647
632
632
611
608
627
647
651
634
638
624
624
654
646
643
626
639
627
653
657
636
619
635
625
647
655
639
617
632
630
637
651
642
605
626
630
642
646
638
618
621
637
650
645
639
617
621
637
638
655
641
614
618
629
647
638
629
628
615
639
651
637
632
632
615
633
649
654
613
635
621
644
657
652
627
629
625
644
648
648
612
643
634
636
657
662
622
637
632
645
649
649
632
609
627
629
646
654
621
633
633
648
656
639
642
604
643
667
639
631
632
611
636
650
664
629
634
623
630
646
669
632
628
631
633
644
659
637
621
627
637
652
659
633
626
602
629
663
660
633
633
629
642
634
647
640
627
629
625
651
651
640
609
614
647
659
641
636
624
643
625
637
654
642
621
613
613
663
623
617
601
637
640
633
625
630
618
634
646
654
613
642
629
601
640
662
619
630
631
620
635
670
631
617
673
645
622
645
658
607
631
646
634
649
651
633
614
623
636
671
657
597
611
686
647
646
634
634
625
617
636
621
651
640
614
613
659
671
613
635
617
621
663
651
634
607
638
617
615
666
641
610
599
638
643
639
642
637
598
646
649
629
619
647
588
615
665
659
628
638
644
645
622
591
622
705
595
589
690
655
607
603
621
651
630
628
653
616
621
652
620
646
666
594
607
641
643
641
637
629
599
613
675
607
615
632
622
628
649
633
620
649
639
591
699
668
600
610
647
646
641
671
637
637
659
639
657
641
631
611
623
632
645
664
659
612
627
636
648
637
610
616
638
643
653
607
641
638
605
637
631
630
623
634
608
635
642
657
613
604
637
627
647
643
607
611
624
665
621
642
634
626
596
707
634
610
647
616
623
662
623
655
611
609
591
650
641
631
611
620
635
639
642
652
619
604
642
657
641
638
599
612
657
637
619
628
627
603
643
641
626
622
633
614
615
657
625
623
629
621
639
651
676
582
635
642
638
643
673
639
615
635
639
635
681
588
622
671
637
649
631
631
620
631
697
635
617
619
639
628
619
656
629
633
611
610
635
661
628
617
605
638
629
638
635
623
590
617
649
620
626
634
617
623
634
638
647
648
593
623
689
655
593
669
641
594
641
653
636
612
639
649
616
649
589
629
673
573
629
659
647
607
605
641
655
629
637
616
622
629
638
608
661
623
603
612
652
635
641
633
607
622
649
657
627
634
621
613
631
644
623
613
628
607
631
682
625
573
635
656
640
647
649
615
654
628
656
644
619
595
635
645
626
614
694
629
601
630
638
671
621
608
627
635
659
642
605
619
639
625
627
636
625
613
626
647
631
658
631
604
584
660
636
633
647
619
614
669
648
609
647
643
595
650
709
611
615
633
629
619
658
649
621
655
575
619
717
628
628
627
643
633
639
636
631
597
624
632
653
653
615
604
637
662
630
640
641
603
633
641
633
617
653
627
603
623
665
614
625
607
612
638
654
641
604
619
645
648
623
675
625
629
630
638
651
644
591
639
606
653
655
636
597
571
677
645
643
630
625
641
632
621
649
622
612
647
613
636
661
615
597
619
644
638
640
623
613
593
666
636
624
639
640
598
648
661
642
630
635
589
643
684
618
619
661
617
631
665
641
623
631
624
635
711
613
641
617
623
648
647
667
626
613
623
655
641
628
621
614
648
629
623
637
653
599
618
635
636
634
612
613
636
625
662
634
621
636
611
632
650
634
631
609
640
620
640
667
630
583
642
654
643
635
613
625
619
650
656
622
616
641
618
637
604
631
680
599
619
633
657
632
601
620
625
650
633
626
611
648
631
632
645
646
609
633
641
643
621
656
631
596
636
641
615
631
614
638
630
661
638
627
647
619
619
670
649
615
623
623
639
645
654
642
653
625
649
654
643
609
625
643
638
623
648
633
619
621
640
632
659
611
624
618
663
655
615
621
627
623
633
646
662
603
617
648
632
629
635
613
601
628
635
635
655
613
596
651
645
621
638
636
622
622
646
634
649
623
600
653
686
597
631
631
573
598
619
679
623
603
635
644
638
624
646
627
626
623
607
666
661
595
605
633
635
642
635
607
608
651
649
623
619
642
607
623
662
637
621
642
633
605
691
667
555
627
681
622
650
653
632
614
625
642
678
674
627
627
627
621
660
645
630
623
623
645
654
635
609
633
638
640
656
631
631
673
612
623
636
649
617
609
636
625
659
687
624
573
622
623
637
641
634
613
641
647
604
677
642
599
615
704
633
623
657
605
612
655
644
639
633
611
625
665
649
581
627
643
636
619
661
656
614
605
648
631
649
637
595
616
655
613
631
627
619
602
633
638
642
647
640
607
625
633
641
623
630
618
627
670
662
611
623
626
602
633
661
633
615
645
632
629
637
633
631
679
632
681
630
630
614
633
629
653
661
633
615
643
627
657
655
639
617
629
635
657
645
644
607
633
629
657
655
642
606
635
641
643
637
644
607
625
643
639
640
628
610
623
648
659
642
634
627
627
646
647
649
637
615
623
664
637
645
630
645
627
652
649
646
622
635
621
639
646
655
620
621
625
647
657
657
625
623
622
645
641
640
614
635
640
642
648
659
615
628
632
643
645
643
633
611
635
658
628
632
640
633
644
632
639
633
644
627
643
661
649
633
635
615
645
651
651
629
632
631
629
648
662
624
636
630
637
639
669
634
622
623
648
642
660
631
625
631
633
651
646
636
617
625
643
634
651
643
623
621
639
666
646
653
615
633
635
663
642
641
609
631
636
645
626
644
604
633
645
656
631
639
605
624
639
659
640
634
617
628
631
656
646
630
630
631
649
655
651
621
625
633
642
647
648
623
626
635
643
642
652
621
617
637
649
632
649
637
621
631
647
628
646
628
627
635
650
643
641
625
621
637
655
652
639
626
625
629
649
639
622
631
634
624
644
668
626
629
630
638
641
656
635
641
624
644
655
661
630
635
617
638
647
661
630
619
621
646
634
665
634
625
635
643
649
649
646
627
616
641
659
639
633
608
633
639
649
645
629
639
624
647
660
635
644
613
632
633
653
646
632
624
631
631
661
640
626
622
635
641
645
641
643
623
643
631
649
650
622
623
633
638
648
647
626
615
638
647
646
644
640
618
632
650
665
642
619
618
623
642
643
643
629
625
629
644
644
647
623
635
619
654
637
636
630
643
616
655
653
641
617
645
628
634
659
651
625
628
631
648
655
650
613
623
641
641
644
639
608
631
627
639
653
639
629
617
641
645
645
642
625
616
644
646
651
633
631
624
645
641
647
627
635
616
648
643
654
631
635
619
637
649
654
630
640
615
641
651
656
633
626
627
636
648
654
631
621
625
633
659
649
629
620
641
637
645
651
644
625
639
646
655
649
632
605
625
641
638
633
644
615
630
643
657
636
647
634
639
655
658
631
643
630
626
645
670
633
635
625
624
637
662
645
619
647
632
647
663
629
625
613
621
642
647
644
613
625
624
650
658
645
611
637
632
645
648
655
630
631
641
653
645
646
615
613
635
644
641
641
627
625
638
652
645
645
622
621
647
653
637
640
631
625
623
660
654
626
633
614
631
657
635
623
621
611
632
645
651
625
631
611
636
647
656
631
629
629
645
641
656
634
619
627
651
645
658
647
617
625
653
649
654
645
631
623
644
660
647
637
633
630
640
648
636
638
622
618
640
657
642
638
618
634
631
651
633
638
613
628
637
671
638
638
619
639
634
668
641
624
619
629
638
663
637
633
617
644
641
653
647
628
614
639
639
634
639
639
603
623
638
639
643
615
613
629
649
644
646
628
622
632
664
653
642
630
612
627
659
645
643
614
648
626
656
663
645
632
622
627
649
627
638
625
625
628
665
663
632
611
625
632
638
653
647
618
623
648
637
649
645
619
619
647
647
651
623
638
632
641
657
655
635
623
611
647
663
653
637
635
605
646
658
645
634
644
617
639
655
647
625
621
633
643
639
635
628
622
619
636
653
634
625
633
618
632
648
656
632
623
645
631
639
641
630
630
647
635
650
634
645
619
639
639
655
647
642
629
647
652
648
637
641
609
637
643
646
639
639
609
629
648
656
635
629
630
626
655
655
630
629
632
626
654
644
645
625
629
633
658
651
637
618
635
628
639
645
652
613
621
641
639
640
652
619
632
621
649
643
641
638
621
632
645
637
649
605
620
633
639
641
637
640
621
633
659
651
638
638
615
637
658
646
633
627
625
638
646
649
631
631
619
643
653
653
626
637
630
637
649
663
625
630
627
640
644
657
629
622
624
643
639
651
641
619
623
640
641
645
640
619
630
644
643
639
641
606
627
647
648
635
651
618
631
643
659
636
643
624
625
637
649
630
635
617
644
640
648
635
625
643
621
651
663
638
634
616
643
645
649
641
622
621
646
636
641
649
626
632
633
640
645
640
619
624
628
633
645
642
615
629
633
654
622
645
612
616
628
655
627
643
631
627
624
664
646
640
629
638
622
648
659
641
630
631
625
633
632
638
632
626
629
645
654
624
619
626
627
636
655
638
625
613
644
641
647
636
625
627
643
643
648
633
624
619
653
637
664
639
616
614
652
647
653
646
643
626
647
655
637
634
635
624
651
647
643
638
622
626
628
656
631
627
638
619
631
665
635
624
629
637
628
651
644
629
637
639
636
663
639
636
624
639
641
661
651
637
611
641
633
652
646
631
601
633
646
639
641
625
607
636
652
643
643
627
621
632
649
646
641
631
619
634
657
648
637
624
620
628
646
647
632
627
641
623
674
651
643
617
623
635
650
628
647
609
622
638
642
651
637
623
623
635
656
646
639
618
635
637
638
657
643
610
627
649
650
645
638
631
603
642
660
634
628
625
627
642
651
653
625
619
619
641
647
643
623
632
622
645
638
661
628
628
617
627
643
643
629
637
631
648
655
645
632
633
631
641
655
655
635
617
640
631
666
649
631
620
648
631
650
647
640
614
635
637
664
633
643
629
633
643
646
637
644
609
632
637
647
635
632
616
625
640
653
623
630
612
632
654
657
644
607
627
639
638
660
643
618
631
634
652
646
639
618
627
631
638
636
649
622
623
631
643
643
649
633
623
631
649
638
656
618
608
635
646
628
635
615
617
627
649
639
641
624
623
631
643
652
636
639
631
649
658
651
626
629
638
631
661
649
625
625
623
636
649
647
630
630
621
