02151452.PTO
COCZ
2012/02/15 14:52:46.2599
100.0000 m/s  
6611 muestras
1418944
1418942
1418944
1418945
1418945
1418945
1418950
1418949
1418957
1418959
1418959
1418959
1418961
1418960
1418956
1418953
1418953
1418958
1418956
1418961
1418955
1418958
1418956
1418953
1418956
1418961
1418968
1418969
1418969
1418971
1418968
1418965
1418972
1418970
1418974
1418976
1418976
1418972
1418969
1418967
1418970
1418967
1418968
1418965
1418964
1418966
1418967
1418974
1418973
1418970
1418969
1418970
1418973
1418972
1418970
1418981
1418984
1418984
1418984
1418982
1418981
1418982
1418976
1418973
1418974
1418977
1418975
1418974
1418972
1418967
1418969
1418972
1418971
1418972
1418971
1418969
1418972
1418970
1418978
1418978
1418976
1418973
1418975
1418975
1418978
1418978
1418971
1418971
1418970
1418972
1418970
1418970
1418970
1418970
1418970
1418971
1418971
1418972
1418976
1418978
1418975
1418978
1418976
1418978
1418981
1418980
1418980
1418973
1418970
1418973
1418974
1418968
1418963
1418963
1418961
1418955
1418949
1418948
1418946
1418945
1418953
1418952
1418951
1418950
1418945
1418947
1418942
1418945
1418945
1418942
1418949
1418945
1418948
1418947
1418946
1418946
1418946
1418946
1418945
1418945
1418942
1418944
1418943
1418943
1418939
1418937
1418932
1418932
1418935
1418934
1418931
1418930
1418926
1418925
1418927
1418924
1418927
1418926
1418928
1418930
1418929
1418927
1418923
1418921
1418916
1418915
1418912
1418907
1418908
1418906
1418904
1418900
1418905
1418902
1418908
1418911
1418912
1418907
1418908
1418911
1418908
1418916
1418916
1418921
1418921
1418923
1418922
1418916
1418906
1418906
1418898
1418895
1418892
1418889
1418890
1418888
1418886
1418881
1418879
1418875
1418874
1418873
1418874
1418875
1418878
1418878
1418879
1418872
1418876
1418872
1418871
1418867
1418867
1418868
1418865
1418870
1418867
1418872
1418871
1418873
1418869
1418872
1418873
1418870
1418870
1418869
1418867
1418870
1418870
1418876
1418875
1418873
1418872
1418871
1418875
1418873
1418879
1418878
1418881
1418886
1418888
1418883
1418880
1418875
1418869
1418869
1418869
1418866
1418868
1418868
1418864
1418862
1418859
1418865
1418862
1418863
1418864
1418866
1418872
1418876
1418874
1418878
1418879
1418879
1418883
1418882
1418883
1418885
1418882
1418883
1418879
1418873
1418879
1418877
1418871
1418873
1418868
1418869
1418870
1418871
1418875
1418876
1418879
1418885
1418891
1418888
1418890
1418891
1418887
1418891
1418896
1418899
1418898
1418895
1418896
1418894
1418894
1418890
1418886
1418885
1418883
1418881
1418871
1418872
1418872
1418873
1418876
1418873
1418877
1418874
1418877
1418880
1418880
1418882
1418881
1418882
1418879
1418880
1418878
1418871
1418874
1418876
1418874
1418877
1418882
1418886
1418883
1418882
1418878
1418874
1418872
1418870
1418871
1418875
1418877
1418879
1418875
1418874
1418872
1418864
1418863
1418861
1418863
1418862
1418870
1418869
1418870
1418875
1418870
1418873
1418871
1418870
1418874
1418870
1418870
1418865
1418865
1418860
1418857
1418858
1418860
1418868
1418861
1418866
1418866
1418866
1418867
1418869
1418868
1418873
1418873
1418872
1418872
1418871
1418867
1418866
1418866
1418863
1418863
1418858
1418861
1418854
1418858
1418857
1418857
1418855
1418850
1418849
1418853
1418852
1418853
1418853
1418854
1418855
1418850
1418850
1418848
1418848
1418850
1418855
1418849
1418850
1418848
1418841
1418840
1418842
1418844
1418848
1418846
1418847
1418848
1418844
1418844
1418846
1418848
1418844
1418848
1418852
1418854
1418854
1418855
1418855
1418856
1418849
1418845
1418843
1418842
1418837
1418834
1418833
1418828
1418824
1418821
1418824
1418819
1418826
1418829
1418829
1418832
1418835
1418834
1418830
1418830
1418830
1418831
1418827
1418825
1418821
1418818
1418815
1418812
1418811
1418810
1418804
1418804
1418802
1418803
1418798
1418796
1418801
1418799
1418800
1418799
1418797
1418800
1418803
1418801
1418804
1418802
1418802
1418798
1418796
1418796
1418793
1418793
1418793
1418794
1418788
1418788
1418785
1418781
1418783
1418781
1418780
1418780
1418779
1418777
1418771
1418770
1418770
1418770
1418771
1418772
1418770
1418766
1418764
1418762
1418762
1418763
1418764
1418761
1418760
1418760
1418758
1418756
1418755
1418750
1418751
1418752
1418753
1418751
1418752
1418754
1418752
1418755
1418754
1418753
1418753
1418753
1418748
1418744
1418741
1418742
1418740
1418734
1418735
1418738
1418731
1418737
1418740
1418735
1418736
1418733
1418737
1418733
1418733
1418733
1418731
1418731
1418733
1418731
1418734
1418732
1418732
1418732
1418730
1418733
1418728
1418732
1418733
1418735
1418736
1418740
1418743
1418740
1418739
1418738
1418734
1418730
1418728
1418724
1418722
1418725
1418726
1418721
1418725
1418723
1418722
1418728
1418723
1418725
1418732
1418733
1418734
1418736
1418733
1418734
1418733
1418728
1418735
1418732
1418736
1418738
1418733
1418738
1418731
1418737
1418740
1418743
1418748
1418747
1418747
1418745
1418745
1418743
1418744
1418746
1418747
1418753
1418759
1418763
1418766
1418766
1418768
1418770
1418774
1418779
1418779
1418783
1418785
1418785
1418784
1418779
1418780
1418775
1418774
1418772
1418770
1418773
1418773
1418773
1418776
1418777
1418776
1418779
1418779
1418782
1418785
1418786
1418792
1418793
1418793
1418797
1418798
1418803
1418802
1418802
1418804
1418805
1418808
1418810
1418813
1418813
1418813
1418812
1418814
1418816
1418815
1418813
1418813
1418817
1418815
1418817
1418815
1418812
1418814
1418814
1418816
1418820
1418827
1418823
1418822
1418822
1418817
1418815
1418813
1418815
1418820
1418822
1418823
1418826
1418826
1418826
1418821
1418819
1418820
1418823
1418827
1418831
1418834
1418834
1418838
1418831
1418827
1418828
1418827
1418829
1418829
1418830
1418830
1418827
1418826
1418823
1418823
1418823
1418823
1418828
1418828
1418826
1418820
1418820
1418818
1418813
1418816
1418816
1418821
1418824
1418822
1418822
1418820
1418816
1418816
1418818
1418816
1418815
1418814
1418814
1418812
1418807
1418805
1418801
1418801
1418797
1418798
1418795
1418796
1418796
1418799
1418802
1418803
1418807
1418805
1418815
1418817
1418822
1418828
1418829
1418830
1418834
1418832
1418831
1418826
1418820
1418818
1418816
1418813
1418808
1418807
1418804
1418800
1418791
1418794
1418794
1418796
1418793
1418795
1418798
1418798
1418799
1418802
1418804
1418807
1418809
1418810
1418808
1418808
1418812
1418803
1418804
1418801
1418797
1418795
1418791
1418785
1418782
1418777
1418778
1418776
1418779
1418780
1418777
1418777
1418776
1418777
1418778
1418783
1418784
1418787
1418790
1418793
1418792
1418787
1418782
1418780
1418772
1418769
1418773
1418767
1418766
1418763
1418759
1418757
1418758
1418758
1418754
1418755
1418755
1418753
1418751
1418752
1418753
1418751
1418753
1418752
1418751
1418751
1418747
1418747
1418743
1418742
1418744
1418741
1418739
1418737
1418740
1418740
1418737
1418733
1418728
1418729
1418728
1418728
1418725
1418721
1418721
1418715
1418714
1418707
1418706
1418705
1418705
1418710
1418706
1418704
1418703
1418704
1418702
1418700
1418703
1418701
1418697
1418694
1418691
1418691
1418687
1418683
1418681
1418680
1418682
1418684
1418685
1418684
1418680
1418680
1418676
1418678
1418675
1418679
1418681
1418675
1418675
1418669
1418670
1418661
1418658
1418657
1418659
1418656
1418655
1418653
1418649
1418643
1418639
1418634
1418635
1418637
1418639
1418640
1418639
1418639
1418629
1418626
1418625
1418626
1418626
1418631
1418629
1418628
1418627
1418625
1418622
1418622
1418619
1418616
1418614
1418612
1418610
1418606
1418605
1418601
1418601
1418602
1418604
1418607
1418611
1418614
1418616
1418615
1418615
1418615
1418618
1418616
1418617
1418613
1418610
1418611
1418605
1418599
1418595
1418586
1418582
1418580
1418579
1418578
1418578
1418580
1418579
1418583
1418580
1418586
1418581
1418586
1418588
1418588
1418592
1418593
1418595
1418601
1418606
1418604
1418606
1418603
1418605
1418601
1418603
1418600
1418602
1418601
1418600
1418598
1418598
1418598
1418595
1418597
1418598
1418602
1418602
1418605
1418604
1418604
1418609
1418608
1418605
1418607
1418608
1418609
1418609
1418613
1418616
1418614
1418615
1418615
1418616
1418616
1418616
1418619
1418620
1418618
1418617
1418616
1418613
1418620
1418620
1418620
1418624
1418623
1418627
1418629
1418629
1418627
1418631
1418634
1418638
1418639
1418639
1418636
1418637
1418640
1418641
1418643
1418640
1418639
1418640
1418641
1418641
1418644
1418645
1418646
1418643
1418645
1418642
1418644
1418643
1418642
1418645
1418640
1418643
1418645
1418646
1418645
1418647
1418650
1418652
1418657
1418662
1418663
1418663
1418664
1418664
1418667
1418672
1418672
1418674
1418679
1418675
1418672
1418672
1418668
1418669
1418669
1418678
1418678
1418680
1418681
1418679
1418684
1418676
1418676
1418673
1418671
1418669
1418669
1418664
1418660
1418657
1418658
1418660
1418664
1418664
1418661
1418664
1418665
1418671
1418666
1418667
1418666
1418667
1418671
1418671
1418673
1418675
1418677
1418679
1418677
1418677
1418678
1418673
1418673
1418665
1418665
1418662
1418661
1418661
1418664
1418665
1418663
1418667
1418668
1418666
1418668
1418668
1418666
1418668
1418669
1418671
1418670
1418673
1418670
1418670
1418667
1418669
1418663
1418666
1418665
1418662
1418666
1418661
1418662
1418661
1418662
1418661
1418664
1418658
1418660
1418659
1418660
1418662
1418662
1418663
1418666
1418669
1418669
1418667
1418662
1418659
1418655
1418652
1418645
1418642
1418641
1418643
1418644
1418644
1418641
1418642
1418642
1418643
1418644
1418643
1418640
1418644
1418643
1418645
1418643
1418638
1418638
1418636
1418642
1418642
1418643
1418642
1418641
1418642
1418643
1418638
1418640
1418636
1418639
1418636
1418638
1418639
1418634
1418637
1418630
1418632
1418630
1418629
1418628
1418633
1418630
1418629
1418625
1418622
1418620
1418620
1418625
1418629
1418630
1418632
1418634
1418629
1418625
1418624
1418625
1418619
1418622
1418618
1418613
1418606
1418604
1418602
1418599
1418600
1418601
1418598
1418600
1418598
1418599
1418594
1418592
1418594
1418592
1418596
1418596
1418595
1418594
1418595
1418591
1418590
1418591
1418593
1418593
1418595
1418598
1418593
1418588
1418589
1418590
1418590
1418584
1418586
1418583
1418582
1418585
1418581
1418582
1418575
1418572
1418573
1418578
1418579
1418578
1418574
1418571
1418568
1418565
1418558
1418556
1418559
1418564
1418568
1418568
1418564
1418566
1418566
1418569
1418566
1418557
1418545
1418522
1418508
1418498
1418502
1418515
1418530
1418542
1418539
1418521
1418496
1418475
1418468
1418482
1418507
1418536
1418562
1418585
1418597
1418589
1418566
1418531
1418504
1418489
1418479
1418461
1418449
1418452
1418471
1418503
1418527
1418548
1418578
1418613
1418644
1418648
1418620
1418582
1418542
1418518
1418505
1418510
1418524
1418546
1418568
1418576
1418577
1418580
1418583
1418593
1418595
1418582
1418562
1418531
1418500
1418470
1418460
1418469
1418478
1418496
1418526
1418570
1418630
1418674
1418670
1418584
1418457
1418323
1418250
1418254
1418313
1418395
1418463
1418520
1418543
1418538
1418510
1418499
1418517
1418557
1418579
1418566
1418522
1418469
1418430
1418399
1418391
1418413
1418460
1418530
1418624
1418719
1418793
1418807
1418749
1418623
1418467
1418334
1418268
1418282
1418357
1418457
1418534
1418561
1418550
1418548
1418570
1418616
1418652
1418661
1418626
1418546
1418428
1418288
1418179
1418163
1418264
1418431
1418582
1418668
1418663
1418580
1418468
1418359
1418291
1418266
1418274
1418296
1418322
1418366
1418437
1418519
1418606
1418666
1418681
1418646
1418571
1418495
1418451
1418448
1418454
1418459
1418455
1418457
1418480
1418525
1418594
1418668
1418735
1418778
1418793
1418791
1418745
1418668
1418565
1418451
1418355
1418300
1418324
1418433
1418584
1418727
1418797
1418773
1418675
1418547
1418448
1418405
1418420
1418449
1418464
1418445
1418430
1418452
1418512
1418598
1418692
1418733
1418695
1418613
1418533
1418460
1418356
1418260
1418239
1418276
1418281
1418277
1418357
1418517
1418669
1418725
1418705
1418628
1418505
1418386
1418300
1418245
1418201
1418215
1418304
1418417
1418518
1418577
1418645
1418728
1418769
1418747
1418666
1418581
1418489
1418356
1418249
1418253
1418333
1418368
1418321
1418296
1418399
1418542
1418589
1418589
1418593
1418587
1418480
1418286
1418168
1418193
1418302
1418412
1418487
1418574
1418664
1418679
1418613
1418531
1418508
1418511
1418471
1418348
1418210
1418129
1418102
1418137
1418239
1418357
1418482
1418594
1418677
1418758
1418807
1418774
1418642
1418457
1418282
1418181
1418162
1418183
1418270
1418431
1418571
1418621
1418641
1418677
1418689
1418695
1418689
1418638
1418506
1418333
1418245
1418260
1418331
1418394
1418442
1418527
1418613
1418635
1418648
1418670
1418658
1418591
1418501
1418417
1418348
1418276
1418212
1418207
1418284
1418408
1418520
1418588
1418645
1418698
1418717
1418689
1418597
1418466
1418323
1418236
1418211
1418219
1418258
1418349
1418440
1418511
1418579
1418633
1418654
1418611
1418568
1418516
1418417
1418309
1418236
1418245
1418328
1418438
1418548
1418624
1418660
1418650
1418639
1418615
1418559
1418463
1418372
1418328
1418291
1418234
1418212
1418296
1418434
1418546
1418632
1418694
1418703
1418667
1418589
1418561
1418566
1418532
1418448
1418359
1418312
1418312
1418332
1418404
1418520
1418638
1418699
1418676
1418604
1418528
1418484
1418454
1418444
1418405
1418339
1418282
1418275
1418332
1418436
1418545
1418626
1418664
1418662
1418617
1418556
1418501
1418443
1418388
1418327
1418293
1418297
1418355
1418462
1418575
1418659
1418699
1418695
1418634
1418552
1418472
1418387
1418313
1418257
1418226
1418228
1418254
1418336
1418457
1418560
1418616
1418599
1418550
1418499
1418465
1418453
1418421
1418384
1418344
1418314
1418333
1418394
1418492
1418589
1418678
1418740
1418730
1418633
1418496
1418394
1418332
1418311
1418305
1418304
1418302
1418311
1418356
1418435
1418531
1418632
1418693
1418721
1418686
1418589
1418461
1418348
1418282
1418246
1418227
1418216
1418261
1418359
1418502
1418641
1418747
1418795
1418765
1418680
1418544
1418401
1418291
1418233
1418244
1418297
1418371
1418444
1418498
1418560
1418642
1418703
1418689
1418601
1418463
1418314
1418204
1418153
1418162
1418207
1418279
1418360
1418444
1418536
1418611
1418684
1418728
1418708
1418613
1418452
1418293
1418167
1418109
1418141
1418215
1418303
1418375
1418436
1418485
1418533
1418590
1418628
1418632
1418568
1418472
1418368
1418272
1418219
1418210
1418240
1418295
1418345
1418406
1418490
1418588
1418653
1418637
1418551
1418412
1418261
1418130
1418062
1418055
1418109
1418223
1418351
1418478
1418572
1418647
1418705
1418710
1418657
1418536
1418377
1418212
1418084
1418032
1418049
1418131
1418236
1418347
1418448
1418526
1418586
1418617
1418613
1418551
1418424
1418266
1418119
1418042
1418031
1418103
1418240
1418371
1418478
1418539
1418573
1418577
1418548
1418497
1418415
1418321
1418230
1418152
1418108
1418097
1418141
1418230
1418340
1418439
1418500
1418545
1418576
1418583
1418540
1418461
1418353
1418216
1418088
1418007
1418009
1418109
1418254
1418389
1418489
1418550
1418565
1418534
1418485
1418415
1418333
1418230
1418119
1418044
1418010
1418061
1418170
1418316
1418461
1418553
1418599
1418589
1418542
1418463
1418364
1418266
1418161
1418084
1418049
1418075
1418172
1418314
1418456
1418534
1418571
1418564
1418506
1418410
1418314
1418253
1418200
1418155
1418117
1418095
1418133
1418233
1418357
1418450
1418503
1418513
1418499
1418477
1418439
1418377
1418297
1418215
1418129
1418070
1418055
1418119
1418236
1418365
1418481
1418546
1418554
1418513
1418435
1418349
1418292
1418230
1418161
1418094
1418071
1418109
1418188
1418293
1418405
1418506
1418568
1418570
1418496
1418383
1418276
1418184
1418110
1418054
1418025
1418039
1418114
1418248
1418401
1418536
1418611
1418608
1418530
1418412
1418276
1418166
1418106
1418091
1418116
1418162
1418214
1418269
1418335
1418421
1418500
1418546
1418538
1418471
1418378
1418282
1418203
1418159
1418150
1418166
1418211
1418267
1418350
1418429
1418497
1418555
1418572
1418533
1418426
1418291
1418166
1418083
1418059
1418075
1418113
1418171
1418238
1418308
1418373
1418448
1418496
1418501
1418463
1418379
1418273
1418162
1418085
1418045
1418039
1418094
1418181
1418283
1418388
1418499
1418588
1418621
1418582
1418473
1418319
1418175
1418083
1418047
1418070
1418139
1418230
1418309
1418369
1418418
1418465
1418483
1418480
1418423
1418327
1418222
1418129
1418085
1418081
1418123
1418196
1418278
1418355
1418430
1418484
1418524
1418549
1418536
1418454
1418344
1418237
1418159
1418121
1418127
1418187
1418276
1418354
1418399
1418417
1418429
1418452
1418468
1418456
1418410
1418341
1418245
1418149
1418096
1418097
1418142
1418222
1418298
1418377
1418438
1418488
1418526
1418510
1418459
1418368
1418267
1418167
1418094
1418078
1418132
1418239
1418363
1418462
1418519
1418540
1418526
1418474
1418407
1418335
1418259
1418181
1418120
1418083
1418082
1418148
1418237
1418348
1418439
1418498
1418521
1418498
1418451
1418394
1418325
1418257
1418182
1418131
1418131
1418171
1418251
1418336
1418413
1418454
1418471
1418453
1418416
1418376
1418341
1418308
1418272
1418226
1418188
1418170
1418190
1418244
1418308
1418375
1418431
1418469
1418481
1418472
1418431
1418377
1418300
1418220
1418152
1418110
1418118
1418172
1418266
1418372
1418456
1418493
1418474
1418440
1418384
1418335
1418294
1418240
1418191
1418146
1418145
1418186
1418260
1418356
1418439
1418501
1418522
1418495
1418438
1418358
1418291
1418237
1418193
1418157
1418138
1418153
1418217
1418306
1418389
1418455
1418477
1418458
1418399
1418319
1418256
1418214
1418202
1418209
1418214
1418224
1418234
1418261
1418306
1418370
1418426
1418455
1418455
1418420
1418371
1418315
1418268
1418228
1418193
1418176
1418186
1418219
1418270
1418327
1418383
1418432
1418455
1418432
1418368
1418288
1418227
1418189
1418164
1418159
1418170
1418201
1418246
1418302
1418362
1418425
1418474
1418478
1418439
1418373
1418291
1418207
1418147
1418114
1418119
1418153
1418206
1418273
1418345
1418415
1418460
1418464
1418422
1418341
1418258
1418193
1418162
1418167
1418194
1418238
1418275
1418309
1418336
1418364
1418399
1418429
1418433
1418403
1418357
1418307
1418252
1418210
1418195
1418202
1418222
1418238
1418265
1418296
1418339
1418390
1418419
1418416
1418374
1418301
1418223
1418164
1418140
1418143
1418165
1418206
1418240
1418275
1418315
1418366
1418417
1418450
1418448
1418405
1418330
1418239
1418166
1418128
1418131
1418166
1418215
1418274
1418336
1418391
1418433
1418447
1418427
1418378
1418303
1418222
1418150
1418106
1418104
1418143
1418207
1418272
1418317
1418336
1418354
1418362
1418359
1418344
1418311
1418267
1418228
1418188
1418156
1418152
1418175
1418217
1418262
1418307
1418338
1418365
1418372
1418363
1418333
1418286
1418232
1418176
1418142
1418135
1418160
1418206
1418255
1418300
1418335
1418359
1418369
1418363
1418351
1418321
1418284
1418228
1418164
1418106
1418079
1418099
1418152
1418217
1418276
1418333
1418378
1418398
1418388
1418352
1418298
1418235
1418162
1418107
1418085
1418106
1418167
1418241
1418312
1418352
1418364
1418345
1418309
1418271
1418226
1418194
1418151
1418105
1418078
1418083
1418122
1418173
1418234
1418293
1418333
1418343
1418326
1418292
1418260
1418232
1418209
1418169
1418136
1418116
1418121
1418157
1418210
1418266
1418302
1418320
1418313
1418285
1418246
1418216
1418195
1418167
1418138
1418106
1418087
1418088
1418114
1418162
1418220
1418279
1418313
1418326
1418311
1418281
1418238
1418190
1418142
1418105
1418089
1418102
1418137
1418190
1418255
1418310
1418348
1418349
1418313
1418253
1418194
1418144
1418107
1418081
1418076
1418082
1418103
1418142
1418195
1418244
1418283
1418299
1418283
1418247
1418196
1418145
1418101
1418070
1418059
1418070
1418088
1418126
1418169
1418225
1418274
1418295
1418285
1418253
1418213
1418164
1418134
1418110
1418101
1418098
1418099
1418111
1418130
1418162
1418206
1418244
1418267
1418271
1418252
1418223
1418187
1418145
1418109
1418091
1418083
1418089
1418104
1418129
1418171
1418221
1418262
1418285
1418269
1418226
1418166
1418100
1418055
1418032
1418036
1418054
1418085
1418114
1418146
1418183
1418227
1418264
1418275
1418249
1418191
1418132
1418081
1418051
1418045
1418055
1418083
1418121
1418158
1418199
1418233
1418257
1418263
1418240
1418193
1418137
1418086
1418040
1418017
1418030
1418068
1418116
1418152
1418174
1418183
1418201
1418216
1418216
1418199
1418171
1418136
1418092
1418050
1418030
1418037
1418058
1418091
1418126
1418165
1418196
1418222
1418243
1418243
1418223
1418183
1418123
1418068
1418027
1418014
1418023
1418047
1418084
1418129
1418180
1418217
1418237
1418238
1418220
1418186
1418136
1418077
1418026
1417997
1418005
1418034
1418084
1418134
1418183
1418226
1418248
1418259
1418239
1418198
1418143
1418079
1418028
1418002
1418004
1418036
1418091
1418146
1418188
1418210
1418214
1418203
1418187
1418172
1418153
1418137
1418109
1418081
1418055
1418052
1418073
1418100
1418134
1418166
1418190
1418196
1418188
1418170
1418151
1418128
1418097
1418060
1418030
1418015
1418029
1418048
1418087
1418128
1418162
1418181
1418188
1418188
1418172
1418157
1418128
1418095
1418061
1418027
1418002
1418011
1418045
1418091
1418135
1418176
1418202
1418199
1418178
1418141
1418101
1418055
1418017
1417993
1417981
1417995
1418031
1418072
1418118
1418159
1418179
1418175
1418158
1418132
1418106
1418088
1418065
1418052
1418047
1418058
1418075
1418098
1418122
1418145
1418170
1418175
1418166
1418146
1418122
1418098
1418070
1418043
1418024
1418009
1418014
1418040
1418077
1418116
1418155
1418174
1418172
1418157
1418134
1418112
1418095
1418083
1418068
1418049
1418035
1418032
1418042
1418066
1418104
1418146
1418179
1418198
1418194
1418172
1418135
1418098
1418058
1418035
1418030
1418039
1418062
1418098
1418145
1418184
1418207
1418207
1418187
1418144
1418099
1418059
1418032
1418024
1418028
1418042
1418061
1418087
1418118
1418150
1418181
1418201
1418201
1418175
1418137
1418096
1418062
1418046
1418043
1418051
1418068
1418083
1418105
1418135
1418162
1418181
1418183
1418179
1418156
1418121
1418090
1418062
1418053
1418055
1418064
1418069
1418083
1418093
1418113
1418136
1418158
1418165
1418159
1418144
1418114
1418081
1418045
1418029
1418028
1418048
1418065
1418103
1418139
1418174
1418206
1418208
1418199
1418166
1418117
1418067
1418030
1418015
1418017
1418031
1418060
1418092
1418125
1418157
1418180
1418190
1418191
1418173
1418141
1418101
1418069
1418046
1418040
1418058
1418087
1418121
1418146
1418164
1418178
1418181
1418173
1418163
1418139
1418105
1418075
1418057
1418051
1418062
1418087
1418107
1418128
1418142
1418151
1418160
1418167
1418167
1418164
1418154
1418133
1418105
1418076
1418062
1418060
1418073
1418094
1418122
1418144
1418161
1418175
1418184
1418180
1418168
1418149
1418113
1418080
1418054
1418046
1418059
1418089
1418120
1418155
1418180
1418194
1418197
1418187
1418178
1418163
1418128
1418097
1418064
1418043
1418046
1418065
1418099
1418135
1418174
1418194
1418201
1418192
1418171
1418147
1418122
1418099
1418079
1418072
1418082
1418096
1418123
1418151
1418175
1418190
1418192
1418186
1418164
1418147
1418136
1418123
1418112
1418104
1418097
1418093
1418098
1418112
1418134
1418156
1418173
1418184
1418178
1418165
1418152
1418130
1418108
1418081
1418059
1418046
1418045
1418064
1418089
1418120
1418147
1418165
1418169
1418156
1418141
1418118
1418099
1418075
1418053
1418032
1418024
1418031
1418052
1418088
1418121
1418151
1418167
1418167
1418149
1418121
1418086
1418058
1418037
1418026
1418028
1418040
1418064
1418091
1418121
1418145
1418157
1418142
1418113
1418087
1418058
1418041
1418031
1418026
1418026
1418031
1418038
1418051
1418065
1418085
1418108
1418114
1418117
1418100
1418078
1418051
1418028
1418017
1418010
1418009
1418007
1418017
1418031
1418052
1418074
1418084
1418090
1418082
1418066
1418044
1418022
1418003
1417989
1417988
1417992
1417997
1418005
1418020
1418043
1418067
1418083
1418086
1418069
1418038
1418001
1417967
1417943
1417931
1417939
1417956
1417980
1418010
1418033
1418060
1418071
1418069
1418052
1418020
1417987
1417954
1417936
1417929
1417936
1417955
1417978
1417994
1418011
1418022
1418026
1418025
1418020
1418001
1417981
1417961
1417934
1417922
1417923
1417936
1417944
1417951
1417960
1417971
1417983
1417996
1417994
1417982
1417966
1417944
1417924
1417911
1417904
1417908
1417915
1417924
1417940
1417952
1417967
1417974
1417978
1417986
1417982
1417968
1417943
1417911
1417885
1417870
1417867
1417878
1417900
1417922
1417952
1417970
1417979
1417983
1417975
1417958
1417932
1417907
1417882
1417871
1417875
1417889
1417908
1417930
1417947
1417956
1417955
1417952
1417949
1417938
1417926
1417905
1417885
1417870
1417863
1417866
1417882
1417903
1417926
1417938
1417952
1417954
1417945
1417934
1417920
1417902
1417889
1417880
1417867
1417869
1417872
1417892
1417904
1417914
1417924
1417929
1417937
1417940
1417944
1417944
1417938
1417925
1417906
1417891
1417884
1417893
1417910
1417924
1417947
1417961
1417972
1417973
1417967
1417949
1417933
1417914
1417885
1417869
1417862
1417871
1417887
1417908
1417934
1417955
1417967
1417966
1417953
1417945
1417932
1417920
1417900
1417883
1417884
1417889
1417904
1417922
1417951
1417970
1417983
1417986
1417969
1417947
1417938
1417920
1417903
1417900
1417900
1417906
1417915
1417930
1417941
1417951
1417958
1417961
1417947
1417938
1417935
1417926
1417924
1417919
1417917
1417910
1417908
1417911
1417914
1417930
1417954
1417972
1417981
1417983
1417978
1417964
1417946
1417939
1417926
1417915
1417920
1417919
1417926
1417944
1417968
1417986
1418002
1418010
1418006
1417992
1417974
1417959
1417947
1417945
1417947
1417947
1417949
1417963
1417978
1417995
1418010
1418017
1418011
1418002
1417975
1417947
1417931
1417920
1417927
1417937
1417954
1417972
1417984
1417998
1418009
1418009
1418005
1417999
1417989
1417978
1417969
1417966
1417959
1417966
1417971
1417971
1417979
1417989
1417997
1418001
1418009
1418012
1418010
1418004
1417996
1417982
1417972
1417967
1417963
1417962
1417968
1417979
1417987
1418001
1418005
1418007
1418005
1417997
1417983
1417968
1417961
1417954
1417954
1417961
1417972
1417981
1417996
1418011
1418025
1418035
1418035
1418021
1418003
1417982
1417961
1417950
1417944
1417954
1417968
1417988
1418000
1418016
1418027
1418023
1418017
1418002
1417987
1417972
1417955
1417941
1417939
1417950
1417960
1417970
1417982
1417986
1417989
1417990
1417985
1417986
1417988
1417983
1417977
1417965
1417965
1417959
1417962
1417970
1417976
1417985
1417993
1417999
1417994
1417990
1417985
1417979
1417971
1417961
1417953
1417944
1417942
1417948
1417946
1417958
1417966
1417977
1417987
1417991
1417992
1417988
1417979
1417961
1417937
1417919
1417912
1417904
1417917
1417931
1417951
1417964
1417979
1417985
1417976
1417969
1417953
1417938
1417921
1417912
1417907
1417914
1417924
1417935
1417951
1417963
1417963
1417961
1417947
1417950
1417945
1417934
1417931
1417919
1417920
1417909
1417909
1417922
1417925
1417937
1417937
1417932
1417936
1417923
1417913
1417900
1417901
1417893
1417888
1417893
1417896
1417903
1417900
1417914
1417921
1417925
1417936
1417933
1417937
1417929
1417929
1417928
1417905
1417891
1417874
1417862
1417865
1417872
1417884
1417898
1417909
1417916
1417919
1417912
1417898
1417887
1417865
1417870
1417860
1417858
1417867
1417860
1417877
1417887
1417899
1417907
1417893
1417898
1417878
1417864
1417863
1417840
1417841
1417845
1417855
1417856
1417865
1417888
1417891
1417890
1417887
1417886
1417869
1417847
1417856
1417829
1417831
1417836
1417834
1417849
1417841
1417852
1417858
1417855
1417863
1417849
1417845
1417840
1417835
1417828
1417818
1417830
1417823
1417826
1417812
1417827
1417832
1417834
1417860
1417857
1417867
1417871
1417847
1417849
1417833
1417813
1417801
1417798
1417810
1417798
1417807
1417824
1417837
1417841
1417846
1417848
1417830
1417818
1417814
1417798
1417797
1417794
1417800
1417802
1417813
1417832
1417831
1417847
1417857
1417840
1417843
1417834
1417821
1417809
1417800
1417810
1417810
1417825
1417830
1417830
1417832
1417830
1417819
1417819
1417820
1417809
1417795
1417793
1417786
1417783
1417785
1417794
1417795
1417790
1417802
1417807
1417805
1417815
1417823
1417822
1417829
1417822
1417814
1417805
1417806
1417804
1417797
1417809
1417814
1417822
1417823
1417826
1417824
1417822
1417819
1417804
1417795
1417783
1417779
1417775
1417777
1417792
1417801
1417801
1417819
1417819
1417814
1417810
1417807
1417801
1417783
1417781
1417770
1417760
1417768
1417783
1417786
1417800
1417807
1417809
1417809
1417804
1417802
1417791
1417784
1417780
1417778
1417779
1417793
1417797
1417800
1417809
1417801
1417804
1417801
1417804
1417806
1417805
1417808
1417804
1417796
1417788
1417776
1417775
1417784
1417782
1417790
1417794
1417802
1417805
1417808
1417811
1417809
1417797
1417793
1417787
1417777
1417780
1417777
1417781
1417792
1417792
1417801
1417814
1417814
1417820
1417811
1417810
1417802
1417784
1417776
1417769
1417771
1417774
1417783
1417799
1417810
1417814
1417817
1417812
1417806
1417793
1417789
1417780
1417777
1417780
1417781
1417791
1417795
1417806
1417811
1417814
1417823
1417819
1417822
1417819
1417807
1417797
1417787
1417788
1417783
1417780
1417785
1417787
1417793
1417797
1417806
1417804
1417807
1417810
1417808
1417809
1417802
1417802
1417790
1417787
1417800
1417802
1417809
1417818
1417825
1417829
1417828
1417829
1417822
1417818
1417812
1417810
1417802
1417793
1417789
1417782
1417790
1417798
1417807
1417825
1417824
1417826
1417838
1417821
1417817
1417813
1417798
1417798
1417801
1417806
1417807
1417821
1417832
1417828
1417827
1417827
1417826
1417811
1417812
1417813
1417817
1417826
1417821
1417829
1417825
1417829
1417832
1417833
1417840
1417832
1417832
1417830
1417811
1417811
1417809
1417806
1417803
1417810
1417820
1417815
1417819
1417826
1417829
1417829
1417836
1417844
1417836
1417830
1417840
1417819
1417815
1417819
1417810
1417797
1417790
1417806
1417798
1417804
1417824
1417823
1417815
1417803
1417799
1417779
1417768
1417782
1417771
1417780
1417794
1417801
1417804
1417813
1417825
1417811
1417806
1417813
1417796
1417780
1417780
1417779
1417774
1417778
1417786
1417786
1417776
1417779
1417781
1417773
1417780
1417775
1417766
1417768
1417761
1417760
1417760
1417762
1417763
1417762
1417765
1417769
1417768
1417761
1417766
1417762
1417769
1417767
1417753
1417758
1417762
1417754
1417752
1417760
1417758
1417752
1417757
1417768
1417777
1417781
1417787
1417785
1417772
1417768
1417754
1417741
1417743
1417748
1417751
1417759
1417768
1417776
1417778
1417783
1417785
1417773
1417768
1417760
1417746
1417744
1417738
1417738
1417742
1417752
1417759
1417760
1417769
1417769
1417760
1417773
1417771
1417767
1417761
1417759
1417760
1417750
1417759
1417763
1417768
1417769
1417775
1417763
1417760
1417751
1417752
1417741
1417759
1417748
1417750
1417750
1417765
1417763
1417764
1417774
1417776
1417778
1417784
1417787
1417778
1417785
1417774
1417774
1417752
1417762
1417735
1417756
1417738
1417755
1417730
1417764
1417741
1417763
1417735
1417764
1417737
1417745
1417731
1417726
1417723
1417714
1417736
1417703
1417772
1417700
1417819
1417614
1417895
1417668
1417699
1417934
1417543
1417753
1417821
1417573
1417794
1417770
1417613
1417815
1417707
1417720
1417739
1417737
1417682
1417765
1417676
1417721
1417716
1417719
1417715
1417728
1417715
1417726
1417730
1417710
1417729
1417697
1417717
1417697
1417713
1417686
1417712
1417674
1417703
1417681
1417704
1417688
1417711
1417699
1417715
1417706
1417716
1417713
1417713
1417714
1417713
1417702
1417699
1417700
1417687
1417697
1417690
1417707
1417695
1417706
1417700
1417706
1417696
1417692
1417681
1417681
1417669
1417673
1417670
1417675
1417674
1417688
1417688
1417697
1417694
1417692
1417683
1417678
1417672
1417662
1417666
1417668
1417669
1417670
1417676
1417678
1417682
1417677
1417684
1417682
1417681
1417676
1417675
1417672
1417675
1417672
1417673
1417674
1417676
1417673
1417677
1417679
1417680
1417675
1417675
1417676
1417675
1417674
1417671
1417668
1417672
1417667
1417668
1417674
1417679
1417680
1417687
1417695
1417692
1417687
1417692
1417694
1417689
1417686
1417682
1417678
1417671
1417677
1417673
1417680
1417684
1417686
1417685
1417688
1417687
1417676
1417671
1417672
1417667
1417675
1417677
1417682
1417690
1417695
1417695
1417697
1417699
1417689
1417696
1417694
1417689
1417692
1417699
1417696
1417698
1417703
1417712
1417715
1417713
1417718
1417717
1417715
1417714
1417710
1417712
1417703
1417701
1417700
1417698
1417700
1417707
1417706
1417709
1417713
1417706
1417705
1417708
1417710
1417707
1417711
1417702
1417702
1417692
1417693
1417690
1417695
1417699
1417692
1417693
1417694
1417700
1417701
1417702
1417695
1417686
1417681
1417681
1417672
1417668
1417677
1417690
1417692
1417699
1417695
1417696
1417692
1417689
1417688
1417680
1417683
1417674
1417666
1417670
1417677
1417675
1417673
1417676
1417674
1417669
1417671
1417667
1417661
1417650
1417650
1417649
1417644
1417648
1417654
1417651
1417654
1417659
1417653
1417652
1417657
1417661
1417660
1417661
1417663
1417661
1417654
1417660
1417652
1417650
1417646
1417649
1417656
1417650
1417657
1417658
1417652
1417652
1417650
1417645
1417647
1417641
1417633
1417622
1417628
1417628
1417639
1417651
1417652
1417656
1417653
1417652
1417647
1417641
1417640
1417639
1417635
1417633
1417636
1417645
1417646
1417658
1417662
1417668
1417664
1417654
1417655
1417650
1417649
1417652
1417654
1417653
1417648
1417652
1417653
1417655
1417657
1417658
1417653
1417643
1417648
1417639
1417633
1417632
1417640
1417639
1417642
1417651
1417656
1417658
1417664
1417668
1417668
1417666
1417667
1417669
1417662
1417660
1417660
1417657
1417645
1417646
1417655
1417647
1417647
1417655
1417659
1417659
1417643
1417653
1417652
1417642
1417643
1417642
1417639
1417636
1417652
1417648
1417646
1417663
1417668
1417660
1417659
1417676
1417665
1417649
1417659
1417653
1417646
1417646
1417654
1417652
1417643
1417662
1417658
1417637
1417644
1417646
1417632
1417621
1417632
1417635
1417618
1417636
1417637
1417628
1417631
1417642
1417637
1417624
1417644
1417639
1417625
1417625
1417627
1417626
1417611
1417618
1417620
1417609
1417620
1417616
1417618
1417612
1417621
1417624
1417618
1417634
1417629
1417623
1417623
1417618
1417615
1417611
1417616
1417622
1417619
1417624
1417622
1417623
1417620
1417621
1417617
1417615
1417613
1417609
1417607
1417601
1417604
1417606
1417608
1417606
1417601
1417615
1417618
1417609
1417620
1417616
1417607
1417610
1417609
1417601
1417610
1417618
1417608
1417616
1417618
1417620
1417612
1417610
1417631
1417611
1417604
1417617
1417609
1417602
1417605
1417613
1417612
1417612
1417618
1417620
1417614
1417605
1417616
1417603
1417605
1417613
1417599
1417610
1417601
1417608
1417609
1417605
1417624
1417617
1417617
1417624
1417618
1417617
1417609
1417614
1417613
1417594
1417600
1417600
1417585
1417590
1417594
1417594
1417588
1417605
1417606
1417595
1417609
1417610
1417603
1417595
1417608
1417602
1417590
1417606
1417615
1417603
1417609
1417607
1417612
1417599
1417600
1417611
1417591
1417591
1417593
1417588
1417578
1417592
1417592
1417591
1417593
1417602
1417594
1417596
1417591
1417595
1417592
1417595
1417605
1417588
1417589
1417584
1417584
1417581
1417583
1417581
1417584
1417585
1417579
1417575
1417576
1417565
1417566
1417564
1417565
1417557
1417562
1417569
1417563
1417569
1417576
1417580
1417575
1417580
1417577
1417575
1417570
1417569
1417572
1417572
1417575
1417570
1417562
1417579
1417574
1417569
1417568
1417572
1417565
1417552
1417559
1417555
1417548
1417553
1417554
1417557
1417558
1417561
1417564
1417558
1417562
1417555
1417557
1417562
1417568
1417573
1417574
1417580
1417575
1417576
1417576
1417566
1417567
1417570
1417568
1417561
1417564
1417559
1417541
1417550
1417557
1417553
1417554
1417561
1417568
1417546
1417550
1417556
1417551
1417547
1417542
1417565
1417550
1417545
1417565
1417540
1417547
1417538
1417530
1417545
1417526
1417556
1417545
1417551
1417566
1417550
1417566
1417548
1417549
1417566
1417534
1417553
1417551
1417537
1417549
1417538
1417553
1417543
1417538
1417552
1417541
1417546
1417539
1417538
1417525
1417519
1417537
1417520
1417539
1417538
1417536
1417541
1417530
1417553
1417534
1417524
1417547
1417516
1417528
1417525
1417533
1417533
1417512
1417535
1417521
1417511
1417520
1417515
1417507
1417502
1417511
1417511
1417507
1417520
1417502
1417517
1417514
1417519
1417520
1417511
1417532
1417524
1417518
1417531
1417530
1417529
1417524
1417526
1417531
1417515
1417522
1417518
1417512
1417517
1417516
1417512
1417503
1417501
1417503
1417498
1417491
1417479
1417483
1417475
1417477
1417476
1417473
1417483
1417474
1417475
1417478
1417471
1417486
1417479
1417478
1417486
1417477
1417489
1417473
1417476
1417483
1417469
1417480
1417488
1417484
1417487
1417485
1417488
1417478
1417479
1417478
1417462
1417462
1417462
1417463
1417453
1417464
1417463
1417451
1417460
1417456
1417459
1417459
1417464
1417462
1417451
1417462
1417458
1417457
1417450
1417447
1417450
1417439
1417445
1417436
1417441
1417444
1417436
1417445
1417440
1417444
1417434
1417441
1417448
1417439
1417450
1417447
1417439
1417452
1417440
1417437
1417430
1417428
1417431
1417419
1417432
1417428
1417423
1417419
1417425
1417426
1417419
1417418
1417413
1417409
1417405
1417399
1417408
1417405
1417403
1417405
1417409
1417409
1417406
1417407
1417403
1417407
1417412
1417409
1417407
1417418
1417417
1417415
1417412
1417418
1417402
1417393
1417399
1417402
1417397
1417397
1417404
1417400
1417395
1417404
1417401
1417403
1417402
1417408
1417408
1417396
1417404
1417399
1417404
1417405
1417412
1417415
1417404
1417412
1417407
1417391
1417392
1417387
1417395
1417389
1417403
1417404
1417399
1417404
1417406
1417406
1417405
1417409
1417408
1417406
1417402
1417408
1417401
1417410
1417411
1417412
1417404
1417407
1417408
1417397
1417402
1417408
1417403
1417397
1417407
1417408
1417395
1417396
1417404
1417401
1417396
1417402
1417405
1417397
1417392
1417400
1417397
1417395
1417402
1417403
1417394
1417398
1417402
1417388
1417387
1417399
1417399
1417393
1417405
1417417
1417416
1417413
1417415
1417408
1417402
1417393
1417405
1417401
1417404
1417404
1417406
1417405
1417411
1417417
1417417
1417419
1417413
1417415
1417416
1417409
1417404
1417412
1417408
1417416
1417410
1417415
1417407
1417402
1417403
1417399
1417392
1417397
1417396
1417398
1417398
1417405
1417409
1417406
1417412
1417415
1417418
1417412
1417422
1417410
1417407
1417408
1417410
1417402
1417399
1417411
1417412
1417413
1417421
1417418
1417430
1417427
1417431
1417439
1417440
1417451
1417453
1417465
1417466
1417464
1417466
1417465
1417462
1417457
1417461
1417460
1417456
1417461
1417456
1417459
1417455
1417451
1417447
1417445
1417451
1417443
1417445
1417457
1417458
1417458
1417462
1417465
1417463
1417455
1417458
1417453
1417458
1417460
1417454
1417461
1417460
1417463
1417463
1417465
1417467
1417462
1417468
1417468
1417469
1417475
1417475
1417476
1417475
1417479
1417477
1417479
1417480
1417476
1417479
1417482
1417486
1417484
1417489
1417491
1417485
1417479
1417481
1417483
1417481
1417478
1417480
1417482
1417480
1417483
1417482
1417483
1417488
1417484
1417481
1417483
1417480
1417476
1417476
1417469
1417466
1417461
1417459
1417465
1417462
1417464
1417463
1417461
1417460
1417454
1417454
1417457
1417455
1417454
1417456
1417464
1417462
1417461
1417463
1417457
1417462
1417460
1417464
1417458
1417449
1417454
1417445
1417442
1417435
1417437
1417444
1417445
1417450
1417439
1417436
1417439
1417430
1417428
1417428
1417430
1417433
1417436
1417441
1417435
1417439
1417437
1417439
1417436
1417433
1417439
1417432
1417433
1417428
1417429
1417428
1417428
1417427
1417421
1417427
1417423
1417417
1417417
1417417
1417415
1417415
1417414
1417415
1417414
1417414
1417417
1417414
1417420
1417417
1417420
1417425
1417426
1417421
1417416
1417418
1417410
1417402
1417400
1417395
1417389
1417388
1417391
1417396
1417389
1417394
1417393
1417391
1417399
1417393
1417387
1417383
1417376
1417372
1417371
1417373
1417371
1417375
1417376
1417372
1417371
1417369
1417368
1417367
1417373
1417372
1417373
1417378
1417377
1417375
1417375
1417373
1417375
1417373
1417375
1417371
1417369
1417369
1417364
1417365
1417359
1417353
1417351
1417355
1417358
1417360
1417359
1417360
1417358
1417357
1417359
1417362
1417355
1417358
1417355
1417355
1417360
1417349
1417345
1417338
1417341
1417340
1417342
1417345
1417344
1417349
1417349
1417349
1417349
1417350
1417353
1417349
1417346
1417345
1417347
1417348
1417343
1417348
1417347
1417344
1417348
1417346
1417344
1417345
1417346
1417345
1417343
1417345
1417340
1417339
1417341
1417342
1417341
1417342
1417345
1417342
1417338
1417333
1417334
1417334
1417335
1417334
1417338
1417341
1417340
1417340
1417341
1417341
1417340
1417345
1417342
1417340
1417337
1417334
1417329
1417328
1417331
1417330
1417324
1417326
1417325
1417323
1417327
1417325
1417326
1417319
1417322
1417320
1417316
1417313
1417315
1417310
1417303
1417303
1417300
1417299
1417298
1417299
1417303
1417304
1417303
1417302
1417300
1417301
1417300
1417303
1417301
1417304
1417302
1417301
1417299
1417301
1417304
1417300
1417301
1417299
1417293
1417289
1417286
1417288
1417284
1417286
1417292
1417290
1417295
1417291
1417290
1417290
1417286
1417284
1417277
1417272
1417270
1417269
1417270
1417272
1417272
1417272
1417269
1417269
1417272
1417270
1417273
1417275
1417276
1417272
1417274
1417273
1417273
1417277
1417279
1417281
1417283
1417282
1417275
1417266
1417265
1417262
1417259
1417261
1417258
1417255
1417248
1417250
1417248
1417247
1417253
1417256
1417263
1417265
1417269
1417269
1417269
1417272
1417273
1417279
1417278
1417277
1417277
1417277
1417276
1417280
1417283
1417276
1417281
1417272
1417272
1417271
1417270
1417272
1417268
1417273
1417270
1417268
1417269
1417264
1417259
1417259
1417259
1417257
1417254
1417254
1417250
1417251
1417248
1417251
1417254
1417253
1417256
1417254
1417261
1417264
1417267
1417273
1417277
1417278
1417276
1417279
1417282
1417281
1417281
1417279
1417276
1417272
1417272
1417271
1417275
1417273
1417265
1417267
1417269
1417270
1417265
1417264
1417264
1417266
1417267
1417266
1417267
1417268
1417272
1417271
1417277
1417278
1417276
1417270
1417267
1417270
1417264
1417271
1417273
1417273
1417272
1417275
1417275
1417267
1417263
1417262
1417260
1417265
1417265
1417262
1417263
1417265
1417270
1417263
1417266
1417273
1417270
1417271
1417267
1417268
1417264
1417249
1417252
1417250
1417253
1417254
1417241
1417240
1417240
1417235
1417229
1417227
1417232
1417234
1417235
1417237
1417241
1417240
1417244
1417238
1417242
1417247
1417242
1417247
1417241
1417233
1417233
1417239
1417245
1417243
1417242
1417245
1417244
1417236
1417232
1417231
1417224
1417226
1417222
1417219
1417224
1417222
1417224
1417220
1417221
1417211
1417206
1417210
1417209
1417210
1417212
1417214
1417211
1417210
1417215
1417215
1417214
1417213
1417212
1417208
1417209
1417210
1417201
1417205
1417205
1417208
1417203
1417209
1417216
1417208
1417207
1417214
1417218
1417211
1417217
1417221
1417220
1417214
1417208
1417207
1417205
1417204
1417209
1417210
1417215
1417214
1417212
1417210
1417215
1417213
1417206
1417215
1417205
1417204
1417199
1417210
1417218
1417212
1417217
1417219
1417219
1417215
1417211
1417217
1417217
1417213
1417212
1417207
1417208
1417203
1417205
1417206
1417207
1417218
1417213
1417210
1417217
1417213
1417216
1417219
1417233
1417231
1417222
1417223
1417224
1417227
1417223
1417227
1417233
1417233
1417241
1417248
1417249
1417247
1417242
1417245
1417232
1417234
1417231
1417229
1417231
1417230
1417239
1417232
1417232
1417229
1417226
1417228
1417225
1417221
1417216
1417222
1417223
1417218
1417221
1417227
1417235
1417231
1417233
1417239
1417234
1417236
1417232
1417234
1417235
1417230
1417234
1417233
1417233
1417237
1417236
1417246
1417242
1417239
1417244
1417240
1417238
1417229
1417228
1417227
1417231
1417231
1417230
1417233
1417229
1417229
1417232
1417234
1417233
1417231
1417240
1417237
1417236
1417242
1417237
1417242
1417236
1417241
1417236
1417236
1417244
1417240
1417240
1417240
1417246
1417238
1417231
1417233
1417223
1417220
1417218
1417224
1417229
1417229
1417242
1417244
1417248
1417249
1417251
1417254
1417245
1417240
1417232
1417221
1417217
1417210
1417209
1417205
1417212
1417216
1417216
1417222
1417215
1417212
1417205
1417205
1417210
1417204
1417216
1417213
1417213
1417221
1417222
1417233
1417231
1417238
1417238
1417229
1417226
1417220
1417220
1417214
1417215
1417220
1417215
1417218
1417212
1417213
1417220
1417223
1417225
1417226
1417225
1417225
1417219
1417216
1417217
1417211
1417214
1417210
1417211
1417206
1417206
1417199
1417200
1417199
1417194
1417200
1417199
1417198
1417189
1417187
1417189
1417182
1417184
1417190
1417184
1417193
1417191
1417201
1417199
1417199
1417196
1417186
1417186
1417179
1417178
1417176
1417187
1417188
1417183
1417185
1417185
1417178
1417181
1417185
1417185
1417188
1417190
1417194
1417190
1417193
1417191
1417183
1417181
1417179
1417188
1417193
1417201
1417206
1417202
1417202
1417194
1417190
1417185
1417178
1417171
1417167
1417171
1417175
1417177
1417182
1417188
1417193
1417196
1417201
1417200
1417205
1417200
1417193
1417184
1417174
1417178
1417172
1417174
1417182
1417184
1417189
1417191
1417192
1417189
1417184
1417186
1417180
1417172
1417173
1417173
1417171
1417169
1417171
1417176
1417183
1417192
1417196
1417200
1417205
1417203
1417200
1417200
1417198
1417193
1417189
1417193
1417191
1417193
1417198
1417202
1417209
1417212
1417213
1417210
1417210
1417207
1417195
1417190
1417185
1417184
1417185
1417183
1417184
1417188
1417196
1417195
1417188
1417187
1417185
1417182
1417178
1417171
1417168
1417164
1417170
1417173
1417176
1417183
1417193
1417197
1417194
1417202
1417205
1417206
1417197
1417190
1417188
1417185
1417186
1417187
1417188
1417189
1417194
1417195
1417193
1417195
1417195
1417189
1417185
1417174
1417167
1417162
1417159
1417157
1417160
1417172
1417182
1417179
1417178
1417182
1417179
1417174
1417163
1417153
1417150
1417155
1417157
1417161
1417173
1417175
1417173
1417176
1417173
1417178
1417178
1417184
1417179
1417169
1417173
1417166
1417160
1417154
1417148
1417149
1417150
1417150
1417159
1417162
1417166
1417159
1417156
1417151
1417144
1417141
1417136
1417127
1417129
1417130
1417130
1417140
1417153
1417161
1417162
1417166
1417165
1417161
1417155
1417148
1417141
1417137
1417132
1417129
1417132
1417139
1417142
1417150
1417154
1417153
1417150
1417143
1417135
1417125
1417120
1417116
1417115
1417113
1417118
1417117
1417124
1417127
1417133
1417133
1417130
1417136
1417129
1417128
1417123
1417122
1417121
1417121
1417127
1417127
1417134
1417143
1417145
1417144
1417141
1417139
1417139
1417135
1417128
1417122
1417123
1417125
1417125
1417124
1417128
1417130
1417134
1417141
1417140
1417141
1417135
1417129
1417120
1417108
1417107
1417103
1417098
1417106
1417108
1417110
1417119
1417124
1417132
1417132
1417131
1417125
1417121
1417110
1417109
1417109
1417110
1417118
1417123
1417131
1417136
1417138
1417139
1417142
1417137
1417135
1417124
1417121
1417117
1417103
1417102
1417097
1417100
1417101
1417100
1417098
1417096
1417101
1417101
1417104
1417106
1417102
1417100
1417094
1417088
1417083
1417088
1417095
1417101
1417099
1417101
1417100
1417102
1417108
1417103
1417103
1417095
1417092
1417082
1417074
1417080
1417078
1417081
1417086
1417089
1417099
1417106
1417117
1417120
1417117
1417111
1417109
1417104
1417091
1417084
1417078
1417077
1417074
1417077
1417079
1417081
1417083
1417081
1417077
1417073
1417065
1417055
1417050
1417050
1417049
1417053
1417057
1417059
1417066
1417069
1417074
1417073
1417076
1417077
1417075
1417072
1417068
1417067
1417061
1417057
1417054
1417058
1417060
1417063
1417065
1417070
1417068
1417060
1417054
1417049
1417046
1417046
1417041
1417039
1417043
1417047
1417049
1417049
1417055
1417055
1417057
1417052
1417050
1417047
1417035
1417031
1417022
1417022
1417019
1417017
1417025
1417028
1417037
1417041
1417041
1417041
1417031
1417029
1417022
1417018
1417019
1417014
1417013
1417014
1417017
1417014
1417016
1417020
1417017
1417018
1417018
1417013
1417012
1417007
1417009
1417004
1417000
1417006
1417007
1417006
1417011
1417018
1417018
1417017
1417013
1417013
1417011
1417009
1417006
1416998
1416996
1416988
1416986
1416992
1416992
1417003
1417008
1417012
1417016
1417014
1417014
1417011
1417007
1417001
1416990
1416984
1416979
1416973
1416976
1416982
1416990
1416987
1416991
1416993
1416991
1416990
1416984
1416977
1416964
1416960
1416964
1416964
1416965
1416973
1416979
1416982
1416981
1416984
1416985
1416985
1416986
1416988
1416988
1416988
1416983
1416982
1416976
1416980
1416978
1416974
1416978
1416973
1416979
1416978
1416976
1416972
1416968
1416963
1416958
1416956
1416958
1416957
1416961
1416966
1416966
1416970
1416979
1416974
1416975
1416969
1416970
1416975
1416968
1416972
1416966
1416977
1416982
1416979
1416983
1416987
1416989
1416990
1416992
1416991
1416984
1416985
1416987
1416986
1416984
1416982
1416992
1416985
1416984
1416990
1416987
1416993
1416987
1416983
1416978
1416972
1416967
1416965
1416966
1416965
1416971
1416973
1416985
1416988
1416990
1416997
1417006
1417006
1417002
1416998
1416998
1416995
1416991
1416998
1417001
1417004
1417001
1417000
1417002
1417004
1417014
1417007
1417009
1417005
1416999
1417003
1416993
1416995
1416989
1416986
1416995
1416989
1417000
1417001
1417008
1417013
1417003
1417005
1416998
1416997
1416993
1416989
1416993
1416988
1416985
1417000
1417001
1416999
1417006
1417016
1417011
1417003
1417004
1417002
1416989
1416993
1417000
1416990
1416994
1417001
1417005
1417003
1417014
1417021
1417015
1417019
1417018
1417012
1417001
1416996
1417003
1416981
1417001
1417005
1417004
1417010
1416998
1417006
1416995
1416995
1416999
1416994
1417008
1417018
1417013
1417010
1417008
1417008
1416995
1416995
1417005
1417011
1417017
1417023
1417033
1417021
1417016
1417011
1416998
1416999
1416989
1416996
1416997
1416997
1416999
1417005
1417030
1417015
1417020
1417037
1417014
1417011
1417002
1416997
1416988
1416976
1416996
1416969
1416971
1416998
1416997
1416995
1417009
1417026
1417006
1417009
1417019
1417002
1416992
1416995
1417014
1417006
1417010
1417042
1417029
1417024
1417024
1417019
1417009
1416998
1417010
1417003
1417004
1417028
1417025
1417013
1417016
1417010
1416999
1416995
1417012
1417008
1417008
1417029
1417028
1417023
1417010
1417005
1416991
1416997
1417004
1417006
1417018
1417022
1417021
1417019
1417017
1417030
1417025
1417008
1417012
1416994
1416992
1416980
1416965
1416964
1416969
1416976
1416970
1416986
1417001
1416999
1417010
1417004
1416990
1416990
1416982
1416984
1416993
1416999
1417006
1417011
1417021
1417020
1417015
1417012
1416999
1416991
1416988
1416974
1416966
1416981
1416981
1416986
1416990
1416994
1416989
1416981
1416990
1416999
1417001
1417004
1417008
1416997
1417005
1417003
1416987
1416983
1416982
1416980
1416985
1416989
1416997
1416992
1416979
1416979
1416965
1416957
1416959
1416967
1416966
1416966
1416969
1416974
1416972
1416965
1416973
1416970
1416972
1416980
1416984
1416983
1416987
1416995
1416992
1416997
1416992
1416986
1416982
1416978
1416988
1416980
1416988
1416997
1416982
1416965
1416963
1416952
1416943
1416947
1416957
1416973
1416975
1416984
1416988
1416986
1416971
1416963
1416961
1416970
1416983
1416987
1416982
1416975
1416973
1416963
1416952
1416959
1416967
1416974
1416981
1416984
1416987
1416992
1416993
1416991
1416980
1416976
1416974
1416963
1416969
1416963
1416957
1416960
1416972
1416971
1416972
1416980
1416976
1416968
1416956
1416949
1416944
1416943
1416947
1416960
1416971
1416987
1416990
1416994
1416995
1416978
1416982
1416982
1416973
1416974
1416965
1416963
1416974
1416977
1416987
1416992
1416987
1416990
1416978
1416971
1416977
1416974
1416973
1416977
1416969
1416971
1416964
1416952
1416959
1416947
1416945
1416962
1416970
1416979
1416980
1416982
1416980
1416968
1416964
1416961
1416954
1416953
1416953
1416953
1416957
1416966
1416967
1416975
1416982
1416984
1416981
1416971
1416976
1416962
1416955
1416962
1416958
1416962
1416982
1416980
1416983
1416984
1416988
1416985
1416985
1416985
1416976
1416973
1416969
1416972
1416961
1416977
1416983
1416979
1416983
1416988
1416987
1416982
1416977
1416983
1416970
1416971
1416971
1416964
1416962
1416950
1416958
1416956
1416965
1416976
1416965
1416967
1416960
1416949
1416947
1416948
1416965
1416958
1416964
1416959
1416949
1416936
1416934
1416948
1416948
1416967
1416971
1416959
1416956
1416950
1416950
1416947
1416941
1416948
1416943
1416950
1416955
1416960
1416965
1416954
1416948
1416944
1416948
1416943
1416945
1416946
1416939
1416940
1416940
1416934
1416932
1416931
1416935
1416935
1416939
1416938
1416927
1416924
1416920
1416912
1416902
1416907
1416902
1416893
1416887
1416892
1416888
1416899
1416912
1416914
1416913
1416905
1416897
1416894
1416892
1416880
1416883
1416878
1416882
1416884
1416877
1416883
1416881
1416881
1416883
1416875
1416886
1416866
1416857
1416863
1416855
1416854
1416848
1416839
1416838
1416837
1416846
1416849
1416851
1416865
1416849
1416837
1416831
1416839
1416829
1416825
1416829
1416831
1416838
1416838
1416853
1416855
1416845
1416855
1416841
1416830
1416821
1416809
1416809
1416801
1416801
1416796
1416792
1416792
1416797
1416800
1416801
1416802
1416802
1416798
1416790
1416783
1416790
1416782
1416790
1416788
1416783
1416789
1416793
1416796
1416794
1416806
1416807
1416809
1416809
1416797
1416791
1416784
1416776
1416782
1416778
1416785
1416776
1416778
1416781
1416775
1416787
1416783
1416781
1416781
1416778
1416774
1416764
1416771
1416772
1416770
1416783
1416782
1416783
1416783
1416790
1416787
1416790
1416784
1416777
1416776
1416768
1416767
1416771
1416778
1416780
1416781
1416790
1416785
1416782
1416790
1416786
1416782
1416774
1416779
1416772
1416772
1416772
1416772
1416787
1416794
1416788
1416788
1416788
1416789
1416780
1416774
1416775
1416764
1416761
1416753
1416758
1416760
1416770
1416775
1416776
1416778
1416781
1416782
1416785
1416787
1416786
1416785
1416781
1416777
1416769
