02151452.PTO
CURE
2012/02/15 14:52:46.2599
100.0000 m/s  
6611 muestras
-16280
-16771
-16111
-16591
-16539
-16327
-16656
-16156
-16726
-16359
-16292
-17086
-15307
-17188
-16434
-15824
-17256
-15958
-16567
-16385
-16355
-16942
-15898
-16474
-17321
-15570
-17174
-16356
-16230
-16811
-16271
-16953
-16062
-16571
-16769
-16348
-16254
-17270
-15930
-16611
-16767
-16169
-16890
-15822
-17242
-16405
-16074
-17011
-15826
-17191
-15951
-16506
-16879
-15700
-17516
-15557
-16894
-16523
-15964
-17132
-15745
-16949
-16347
-16303
-16786
-16175
-16785
-16382
-16460
-16682
-16277
-16751
-16350
-16604
-16561
-16354
-16687
-16295
-16588
-16504
-16364
-16643
-16399
-16567
-16581
-16328
-16582
-16437
-16589
-16497
-16393
-16741
-16384
-16575
-16590
-16480
-16631
-16434
-16659
-16474
-16437
-16584
-16445
-16526
-16569
-16441
-16544
-16543
-16491
-16596
-16470
-16644
-16538
-16594
-16654
-16495
-16666
-16534
-16586
-16604
-16521
-16607
-16510
-16580
-16549
-16503
-16601
-16457
-16571
-16519
-16480
-16576
-16432
-16546
-16501
-16501
-16539
-16516
-16583
-16523
-16566
-16560
-16568
-16604
-16529
-16572
-16586
-16564
-16604
-16531
-16532
-16578
-16527
-16591
-16576
-16566
-16603
-16543
-16633
-16570
-16594
-16607
-16542
-16619
-16552
-16576
-16535
-16562
-16568
-16535
-16555
-16538
-16567
-16521
-16558
-16517
-16529
-16587
-16528
-16592
-16553
-16517
-16599
-16556
-16587
-16607
-16543
-16629
-16615
-16593
-16647
-16549
-16621
-16581
-16593
-16649
-16573
-16677
-16600
-16688
-16645
-16615
-16678
-16564
-16671
-16587
-16575
-16605
-16534
-16611
-16551
-16568
-16595
-16556
-16646
-16602
-16628
-16640
-16624
-16697
-16655
-16659
-16696
-16658
-16702
-16677
-16656
-16709
-16647
-16714
-16653
-16637
-16708
-16622
-16674
-16646
-16649
-16662
-16609
-16654
-16617
-16649
-16617
-16629
-16635
-16623
-16635
-16608
-16700
-16639
-16698
-16683
-16672
-16761
-16677
-16743
-16713
-16690
-16780
-16650
-16787
-16719
-16712
-16797
-16649
-16812
-16661
-16760
-16750
-16669
-16809
-16625
-16730
-16715
-16671
-16784
-16621
-16736
-16702
-16633
-16758
-16636
-16724
-16692
-16677
-16732
-16651
-16698
-16716
-16655
-16739
-16670
-16676
-16753
-16659
-16768
-16652
-16705
-16762
-16669
-16818
-16672
-16755
-16762
-16701
-16822
-16671
-16825
-16743
-16738
-16849
-16684
-16855
-16787
-16786
-16844
-16747
-16820
-16798
-16768
-16802
-16694
-16756
-16775
-16701
-16825
-16658
-16801
-16667
-16718
-16763
-16637
-16819
-16610
-16854
-16701
-16673
-16816
-16640
-16810
-16667
-16724
-16751
-16658
-16842
-16695
-16764
-16757
-16775
-16733
-16732
-16843
-16704
-16767
-16825
-16730
-16816
-16719
-16726
-16892
-16517
-16937
-16614
-16729
-16862
-16537
-16975
-16598
-16822
-16876
-16660
-16949
-16740
-16770
-16982
-16663
-16994
-16793
-16809
-16962
-16732
-16994
-16735
-16928
-16828
-16820
-16894
-16765
-16920
-16767
-16904
-16790
-16812
-16868
-16757
-16866
-16754
-16830
-16793
-16769
-16817
-16773
-16814
-16789
-16803
-16796
-16862
-16825
-16784
-16920
-16781
-16903
-16852
-16827
-16968
-16788
-16963
-16839
-16923
-16920
-16813
-16992
-16798
-16923
-16868
-16820
-16953
-16799
-16884
-16879
-16781
-16932
-16764
-16859
-16880
-16731
-16926
-16749
-16897
-16815
-16811
-16909
-16789
-16879
-16881
-16799
-16898
-16868
-16731
-17016
-16684
-16918
-16902
-16727
-17013
-16683
-16887
-16895
-16766
-16919
-16822
-16834
-16889
-16810
-16914
-16808
-16879
-16925
-16780
-16978
-16820
-16935
-16890
-16813
-16976
-16790
-16911
-16829
-16874
-16894
-16789
-16903
-16758
-16836
-16821
-16752
-16903
-16724
-16827
-16833
-16747
-16865
-16722
-16846
-16801
-16758
-16974
-16760
-16843
-16948
-16714
-16984
-16817
-16852
-16913
-16814
-16934
-16813
-16874
-16828
-16862
-16793
-16860
-16770
-16838
-16858
-16699
-16884
-16745
-16785
-16824
-16717
-16872
-16759
-16783
-16791
-16727
-16800
-16752
-16797
-16738
-16805
-16751
-16812
-16738
-16803
-16792
-16754
-16836
-16718
-16839
-16755
-16817
-16790
-16796
-16786
-16779
-16763
-16764
-16706
-16707
-16755
-16672
-16728
-16700
-16741
-16671
-16754
-16668
-16724
-16745
-16678
-16755
-16665
-16782
-16673
-16756
-16744
-16650
-16761
-16693
-16752
-16666
-16715
-16723
-16641
-16759
-16646
-16739
-16754
-16675
-16754
-16685
-16683
-16719
-16663
-16701
-16691
-16639
-16759
-16615
-16704
-16671
-16596
-16631
-16539
-16651
-16518
-16673
-16543
-16553
-16640
-16486
-16675
-16507
-16587
-16674
-16534
-16715
-16575
-16578
-16765
-16538
-16731
-16582
-16695
-16712
-16530
-16803
-16497
-16692
-16664
-16539
-16646
-16525
-16593
-16514
-16563
-16533
-16458
-16627
-16438
-16569
-16469
-16474
-16655
-16307
-16678
-16369
-16526
-16636
-16290
-16758
-16307
-16639
-16617
-16351
-16769
-16393
-16643
-16596
-16483
-16679
-16448
-16570
-16557
-16433
-16610
-16440
-16488
-16531
-16392
-16574
-16378
-16528
-16478
-16412
-16593
-16344
-16535
-16393
-16468
-16483
-16319
-16530
-16323
-16483
-16402
-16391
-16425
-16357
-16443
-16347
-16436
-16380
-16399
-16411
-16399
-16458
-16421
-16443
-16426
-16435
-16422
-16446
-16475
-16395
-16501
-16377
-16466
-16454
-16383
-16488
-16414
-16446
-16397
-16451
-16348
-16446
-16374
-16315
-16509
-16307
-16388
-16471
-16361
-16457
-16363
-16408
-16425
-16335
-16457
-16368
-16444
-16458
-16405
-16506
-16389
-16444
-16497
-16363
-16491
-16398
-16485
-16398
-16376
-16521
-16255
-16484
-16367
-16396
-16351
-16389
-16438
-16356
-16474
-16319
-16446
-16416
-16479
-16267
-16472
-16504
-16281
-16525
-16297
-16422
-16454
-16374
-16435
-16289
-16514
-16347
-16382
-16566
-16317
-16477
-16413
-16411
-16465
-16323
-16477
-16423
-16321
-16449
-16291
-16490
-16307
-16386
-16401
-16222
-16489
-16207
-16358
-16260
-16292
-16324
-16226
-16278
-16222
-16289
-16215
-16243
-16315
-16221
-16347
-16264
-16287
-16351
-16251
-16484
-16223
-16419
-16300
-16322
-16385
-16239
-16399
-16152
-16353
-16242
-16264
-16229
-16214
-16317
-16142
-16301
-16141
-16169
-16256
-16097
-16194
-16240
-16163
-16126
-16141
-16041
-16224
-16147
-16021
-16287
-15974
-16185
-16052
-16030
-16217
-15879
-16409
-15936
-16106
-16258
-15994
-16123
-16017
-16291
-15932
-16185
-16104
-16106
-16112
-15991
-16195
-15906
-16140
-16002
-15961
-16077
-15800
-16214
-15878
-15994
-16078
-15763
-16177
-15771
-16060
-15822
-15933
-15936
-15812
-16094
-15725
-16129
-15778
-15992
-16011
-15813
-16136
-15823
-16080
-15932
-15932
-16051
-15904
-16054
-15869
-16003
-15910
-15857
-16015
-15746
-15929
-15931
-15763
-15959
-15679
-15894
-15871
-15628
-16006
-15674
-15911
-15769
-15656
-16076
-15582
-16009
-15670
-15755
-15827
-15604
-16055
-15367
-16028
-15686
-15658
-15786
-15583
-15990
-15426
-15891
-15682
-15732
-15549
-15789
-15756
-15462
-16048
-15295
-16173
-15299
-15809
-15782
-15336
-16288
-14943
-16289
-15091
-15734
-16082
-14880
-16350
-14869
-16037
-15703
-15297
-16306
-14530
-16128
-14977
-16131
-15439
-15658
-15544
-14415
-18218
-12478
-17427
-15758
-13220
-18812
-12707
-16952
-15143
-14578
-17200
-12888
-17557
-14356
-15074
-16956
-12980
-17292
-14510
-15045
-16732
-13628
-16528
-14986
-15028
-16203
-14516
-16155
-14726
-15674
-15322
-14303
-16854
-14244
-15277
-16023
-14083
-16357
-14519
-15350
-15481
-14639
-16472
-13741
-16389
-14708
-15088
-16065
-13639
-17023
-13838
-15560
-15462
-14178
-16631
-13837
-16316
-14608
-14533
-16558
-13724
-15677
-15322
-14825
-15035
-15257
-15215
-14759
-15459
-14614
-15484
-14975
-14907
-15222
-15005
-14970
-14956
-15437
-14420
-15570
-14733
-14861
-15594
-13925
-15874
-14586
-14851
-15616
-13680
-16430
-13883
-15403
-15176
-13976
-16696
-12929
-16797
-14074
-14475
-16510
-12507
-17431
-13542
-14624
-16900
-11645
-17998
-13606
-13846
-17444
-11596
-17811
-13276
-14687
-15833
-13449
-16573
-12816
-16542
-13969
-14731
-15929
-12835
-16719
-13568
-14680
-16188
-12831
-16329
-14148
-14392
-15393
-14122
-15225
-14439
-15072
-14177
-15182
-14486
-14747
-14674
-14321
-15178
-14164
-15445
-13962
-14647
-15633
-13309
-15901
-14166
-14160
-15722
-13501
-16254
-12998
-15003
-16520
-11553
-17326
-13575
-13720
-17246
-11566
-17115
-13632
-13935
-16547
-12030
-16712
-13378
-14727
-15510
-13040
-16142
-13439
-14640
-15206
-13901
-14768
-14632
-14441
-14180
-14791
-14551
-14585
-14503
-14180
-14883
-14401
-14167
-15156
-13889
-14528
-14666
-14158
-14499
-14353
-14859
-13904
-14779
-14215
-14743
-14443
-13891
-15630
-13297
-14893
-14749
-13772
-15429
-13386
-15280
-14188
-14264
-14886
-13139
-16021
-13613
-13921
-15327
-13435
-14704
-14392
-14116
-14327
-14320
-14510
-13740
-14914
-14663
-13574
-14941
-14221
-14261
-14563
-13888
-14917
-14081
-13955
-14596
-14232
-14667
-13696
-14691
-14191
-14038
-14717
-13738
-14750
-13677
-14642
-14107
-13964
-14754
-13674
-14732
-13792
-14630
-14000
-14005
-14775
-13543
-14878
-14022
-14133
-14566
-13886
-14434
-14181
-14357
-14337
-13935
-14536
-14177
-14220
-14379
-13800
-14540
-13981
-14168
-14400
-13939
-14298
-14071
-14320
-14113
-14097
-14158
-14107
-14221
-14046
-14297
-14039
-14364
-13786
-14217
-14405
-13618
-14705
-13577
-14408
-14153
-13769
-14696
-13505
-14543
-13973
-13967
-14375
-13797
-14311
-13938
-14101
-14115
-13915
-14146
-14005
-14051
-14080
-13982
-14119
-13983
-14066
-14101
-13933
-14142
-13982
-14022
-14049
-13861
-14149
-13932
-13944
-14145
-13873
-14087
-14021
-14061
-14010
-13998
-14123
-13791
-14183
-13808
-13959
-14159
-13756
-14208
-13831
-14112
-14016
-13891
-14152
-13759
-14104
-13802
-13960
-13917
-13591
-14158
-13535
-14014
-13971
-13625
-14309
-13690
-14110
-13971
-13743
-14147
-13711
-13868
-13887
-13641
-13887
-13751
-13763
-14031
-13758
-13993
-13996
-13912
-14058
-13723
-13973
-13862
-13712
-13941
-13588
-13826
-13735
-13680
-13978
-13711
-13845
-13807
-13816
-13939
-13616
-13776
-13626
-13508
-13612
-13496
-13529
-13423
-13546
-13523
-13552
-13567
-13472
-13636
-13524
-13438
-13591
-13445
-13672
-13593
-13711
-13697
-13636
-13793
-13526
-13764
-13507
-13786
-13668
-13620
-13874
-13599
-13902
-13723
-13734
-13920
-13558
-13752
-13632
-13586
-13692
-13545
-13840
-13716
-13737
-13811
-13759
-13605
-13798
-13511
-13601
-13591
-13204
-13484
-13178
-13282
-13366
-13405
-13483
-13615
-13756
-13668
-13712
-13627
-13640
-13525
-13554
-13575
-13441
-13621
-13338
-13607
-13528
-13420
-13645
-13188
-13569
-13069
-13220
-13543
-13063
-13663
-13012
-13192
-13302
-12743
-13337
-12943
-13268
-13224
-12912
-13240
-12838
-13046
-13011
-12988
-13302
-12976
-13168
-13085
-13254
-13514
-13248
-13687
-13401
-13484
-13410
-13113
-13524
-13188
-13370
-13380
-13270
-13485
-13163
-13419
-13528
-13563
-13752
-13566
-13623
-13528
-13298
-13297
-13307
-13258
-13372
-13498
-13519
-13574
-13560
-13494
-13498
-13567
-13370
-13204
-13286
-13388
-13213
-13277
-13173
-13284
-13425
-13162
-13463
-13167
-13184
-13219
-12975
-12873
-12887
-12649
-12911
-12627
-12826
-13168
-12679
-13393
-12970
-13255
-13342
-13230
-13015
-13332
-13033
-13004
-13506
-12906
-13508
-12977
-13455
-13291
-13294
-13358
-12924
-13370
-12997
-13215
-12927
-13039
-12563
-12516
-12691
-12252
-13184
-12483
-13048
-13265
-12501
-13346
-12755
-13060
-13099
-12636
-13119
-12802
-12835
-13060
-13119
-13299
-13118
-13403
-13178
-13505
-13319
-12990
-13560
-13013
-13238
-12777
-12747
-12806
-12548
-12974
-13036
-13129
-13215
-13113
-12861
-12933
-12679
-12760
-12676
-12605
-12833
-12810
-12944
-13083
-12742
-12969
-12870
-12962
-12960
-12940
-13298
-12775
-13424
-12730
-13076
-13127
-12562
-13407
-12500
-13168
-13153
-12790
-13421
-12726
-12978
-12744
-12382
-12681
-12372
-12685
-12598
-12670
-13037
-12492
-12908
-12750
-12704
-13173
-12430
-12953
-12559
-12171
-12633
-12193
-12425
-12285
-12210
-12603
-12642
-13025
-12894
-12988
-13144
-12923
-13071
-12529
-12822
-12720
-12500
-13134
-12659
-12876
-12901
-12695
-13335
-12591
-13007
-12675
-12657
-13236
-12294
-13119
-12387
-12571
-12733
-12119
-12750
-12120
-12623
-12768
-12388
-12875
-12347
-12447
-12386
-12170
-12683
-12204
-12493
-12395
-12331
-12689
-12378
-12523
-12624
-12550
-12632
-12538
-12423
-12394
-12075
-12402
-12144
-12084
-12092
-12117
-12649
-12408
-12686
-12705
-12735
-12960
-12564
-12564
-12422
-12125
-12410
-12277
-12514
-12674
-12730
-12935
-12655
-12807
-12587
-12560
-12468
-12266
-12412
-11929
-12089
-12065
-11535
-12003
-11894
-12010
-12313
-11909
-12511
-12164
-12188
-12570
-12000
-12487
-11860
-12058
-12287
-12057
-12573
-11921
-12575
-12587
-12433
-12891
-12237
-12733
-12255
-12111
-12445
-11709
-12048
-11551
-11813
-11926
-11604
-12174
-11964
-12376
-12356
-12304
-12378
-12024
-12006
-11605
-11689
-11674
-11677
-12169
-12141
-12121
-12356
-12226
-12461
-12115
-11940
-12562
-11432
-12161
-11788
-11435
-12469
-11541
-12091
-12037
-11875
-11912
-12166
-11741
-11875
-11800
-11312
-11567
-11244
-11685
-10839
-12193
-11172
-12099
-12588
-11268
-13017
-11234
-12537
-11872
-11661
-12230
-11574
-11852
-11646
-11539
-11559
-11693
-11678
-12055
-11656
-12190
-11670
-12469
-11488
-12088
-11374
-11396
-12044
-10502
-12245
-10919
-12015
-12172
-11715
-12699
-11705
-12575
-11879
-11707
-12303
-10984
-11963
-11388
-11354
-12141
-11180
-11936
-11665
-11632
-12025
-11300
-11984
-11554
-11175
-11671
-10895
-11321
-11166
-11645
-11504
-12035
-11853
-11885
-12315
-11434
-12320
-10762
-12076
-11067
-10855
-12208
-10082
-12386
-11045
-11274
-12517
-10590
-12625
-11485
-11341
-12869
-10875
-12378
-11279
-11026
-12206
-10012
-12125
-10842
-11172
-12250
-10842
-12536
-11443
-11853
-11685
-11263
-11564
-11188
-11283
-11073
-11293
-11039
-11735
-11146
-11862
-11563
-11660
-11993
-11149
-11937
-11063
-11597
-11062
-11184
-11038
-11321
-11368
-10977
-12336
-10871
-12360
-11272
-11476
-12080
-9849
-12426
-10179
-11196
-11841
-9952
-12830
-10076
-11818
-11858
-10181
-12790
-9861
-12320
-11128
-9989
-12987
-9258
-11693
-11388
-9877
-12292
-9746
-11999
-11201
-10762
-12483
-10263
-12230
-10577
-10788
-11546
-10175
-11497
-10454
-11010
-11351
-10488
-11805
-11211
-10971
-11892
-10721
-11052
-11459
-10253
-11575
-10149
-10640
-11278
-9530
-11959
-10111
-11425
-11523
-10656
-12014
-10430
-11190
-10772
-10597
-10999
-10420
-11106
-10929
-10809
-11575
-10618
-11194
-11060
-10972
-10967
-10622
-10957
-10075
-10718
-10598
-10399
-10877
-10218
-11126
-10545
-10342
-11300
-10478
-11381
-10777
-10514
-11243
-10075
-10869
-10583
-10296
-10890
-10826
-10786
-10727
-10995
-10376
-11637
-10296
-10807
-11247
-9943
-11183
-9789
-10886
-10382
-10118
-11257
-10101
-11197
-10917
-10608
-11343
-10539
-10881
-10503
-10301
-10647
-9803
-10807
-10488
-10309
-11105
-10472
-11183
-10503
-10860
-10752
-10166
-11064
-9801
-10673
-10341
-10161
-10519
-10050
-10698
-10282
-10488
-10593
-10646
-10458
-10802
-10288
-10586
-10412
-9935
-10512
-9866
-10876
-10056
-10529
-10764
-10101
-11082
-10019
-11021
-10393
-10192
-10980
-9598
-10797
-10216
-9985
-10594
-10148
-10567
-10364
-10409
-10574
-10607
-10281
-10737
-9998
-10207
-10393
-9278
-10732
-9515
-10227
-10765
-9632
-11255
-9923
-10455
-10551
-9795
-10547
-9892
-10344
-10118
-10097
-10196
-10226
-10453
-10292
-10607
-10314
-10655
-10339
-10304
-10505
-9933
-10473
-9957
-10151
-10238
-9826
-10444
-10055
-10567
-10381
-10177
-10588
-9964
-10399
-9958
-10135
-10118
-9985
-10420
-9691
-10443
-9902
-9823
-10473
-9768
-10415
-10134
-10115
-10402
-10000
-10262
-9899
-9976
-10090
-9833
-10116
-10074
-10224
-10338
-10007
-10457
-9989
-9900
-10178
-9600
-10094
-9598
-9823
-10121
-9412
-10377
-9790
-9849
-10412
-9543
-10352
-9617
-9933
-10140
-9198
-10468
-9345
-9717
-10000
-9677
-9800
-9841
-10381
-9375
-10810
-9242
-9844
-10127
-8869
-10724
-9075
-10062
-9991
-9386
-10009
-9572
-10034
-9687
-9945
-9689
-9820
-9441
-9484
-10050
-9539
-9258
-10199
-9099
-9167
-10487
-8188
-11032
-9213
-9752
-10325
-8266
-11084
-8660
-9787
-8908
-9190
-9973
-8808
-9599
-10104
-8846
-9284
-10564
-8333
-10366
-9342
-9262
-9958
-8206
-10036
-9174
-9303
-10273
-7852
-10652
-9655
-8716
-11109
-7822
-10344
-10140
-8043
-10436
-8515
-8697
-9860
-9201
-8249
-10473
-8908
-8764
-11551
-4856
-13039
-7881
-7225
-13400
-3660
-13248
-8384
-7594
-12206
-4607
-12838
-8674
-6299
-14511
-3526
-13340
-8286
-5685
-15542
-1024
-14361
-8646
-5797
-12222
-6211
-12207
-5047
-11839
-9560
-5540
-12415
-5608
-12055
-7271
-9168
-10636
-5809
-12785
-5427
-11116
-9727
-5475
-13426
-5580
-10445
-9213
-6352
-12808
-3803
-12022
-7218
-7388
-12302
-4558
-12123
-6455
-9596
-9596
-5938
-11973
-6170
-9461
-9587
-6554
-10864
-6353
-9919
-9446
-6420
-11727
-6198
-9417
-10510
-4431
-12666
-6679
-7873
-11547
-4281
-11766
-7576
-7475
-10263
-7277
-9510
-7883
-8667
-8979
-7408
-8928
-8403
-7958
-8699
-7816
-8976
-7651
-8770
-8674
-7981
-9194
-7859
-9428
-8062
-8837
-8063
-8317
-9590
-6931
-10009
-7627
-9192
-8874
-7747
-10052
-7289
-9749
-8025
-8748
-8870
-7407
-10054
-7613
-8363
-9298
-7468
-9526
-7805
-8552
-8858
-7720
-8882
-8057
-8326
-8227
-8295
-7589
-8470
-8623
-7745
-8418
-9287
-7164
-9816
-7553
-7950
-10020
-5839
-10157
-7859
-7619
-9916
-6519
-8909
-9240
-6623
-9597
-7116
-8716
-9339
-6468
-10079
-6858
-8367
-8709
-6636
-10318
-6998
-6607
-10296
-6180
-9294
-8803
-5616
-11745
-5435
-9279
-8851
-5454
-11625
-5164
-9677
-8147
-7149
-10090
-5519
-10531
-8508
-5996
-10146
-7031
-8243
-8662
-6399
-9541
-6842
-7638
-8345
-8498
-8172
-6913
-10066
-5128
-9761
-8142
-4802
-12458
-3768
-10190
-7318
-6423
-10901
-3672
-11720
-4111
-9454
-8048
-5479
-10513
-5787
-8606
-7091
-7939
-7237
-7830
-6027
-9933
-5260
-9267
-7568
-6916
-9999
-3685
-12328
-4571
-8290
-7997
-7417
-8529
-5527
-10296
-5286
-8494
-8085
-5614
-10242
-5732
-8073
-7872
-5562
-10225
-4663
-8998
-5161
-8820
-7456
-5189
-10836
-2970
-10143
-6897
-6107
-9168
-5459
-7625
-7059
-7182
-8264
-4727
-7294
-8000
-7370
-7278
-5410
-9499
-4197
-8117
-9444
-4200
-8019
-7533
-6087
-7444
-5831
-8300
-7339
-4564
-10879
-4464
-7601
-8523
-5656
-8948
-4396
-9016
-6623
-5950
-7257
-7387
-6356
-6462
-8342
-5243
-7842
-5430
-6660
-7417
-6227
-6895
-7067
-6026
-7431
-6559
-5731
-8094
-5278
-7710
-6735
-6289
-6677
-6190
-7706
-5042
-7154
-7291
-5441
-7807
-4676
-9794
-3683
-8137
-9257
-1381
-11510
-3845
-7177
-6405
-6116
-7176
-6213
-5723
-6191
-8082
-3768
-9564
-3958
-8113
-6804
-4687
-8354
-5195
-7199
-5911
-6591
-6077
-6817
-5349
-6999
-6642
-5203
-8636
-3733
-8035
-7206
-3193
-9472
-5487
-5907
-6361
-6648
-6027
-6070
-6406
-6127
-7198
-4994
-7591
-5657
-6073
-6638
-5581
-5889
-6368
-6067
-4931
-7275
-5655
-6048
-6375
-5305
-7509
-4277
-7335
-4373
-6716
-6601
-3628
-9761
-1744
-8878
-6068
-4363
-8808
-3008
-6821
-6278
-6592
-5169
-6271
-6253
-5181
-6897
-4590
-7297
-4997
-6110
-6074
-4949
-7517
-4353
-7049
-4318
-7029
-5515
-5436
-6546
-4023
-8031
-3432
-7202
-5728
-4591
-7190
-4753
-6669
-4317
-6869
-5677
-5182
-7050
-3645
-6562
-5625
-5528
-5658
-5973
-5810
-5378
-6026
-5270
-6448
-5030
-5943
-5599
-5125
-5985
-5420
-5542
-6253
-5051
-6079
-5612
-5236
-6489
-4638
-5973
-5697
-5038
-6171
-5437
-5282
-6110
-5076
-5525
-6220
-4814
-5321
-6300
-5164
-5442
-5476
-5185
-6069
-4912
-5616
-5547
-5704
-5347
-5846
-5280
-4679
-7082
-4172
-6206
-5392
-5024
-6754
-4464
-5946
-4970
-5747
-5477
-5210
-5535
-5788
-5814
-5103
-5926
-4790
-6157
-5374
-4848
-5806
-4904
-6095
-4481
-5689
-5657
-4200
-6838
-4617
-4707
-6583
-4155
-5322
-5805
-4541
-6418
-4038
-5305
-5731
-4361
-6203
-4589
-5401
-5043
-4675
-6451
-4969
-4224
-6293
-4142
-5749
-4850
-4347
-7240
-3160
-6238
-5048
-4362
-6320
-3239
-6294
-5093
-4662
-5781
-4032
-5977
-4307
-4917
-5940
-4162
-5437
-5157
-4971
-5309
-4792
-5115
-5319
-4108
-5877
-4416
-4597
-6022
-3679
-5808
-4627
-4890
-5062
-4711
-5294
-4337
-5481
-4636
-4936
-4728
-4642
-5242
-4680
-4753
-5204
-4596
-5160
-4889
-4673
-5424
-4354
-5230
-4742
-4779
-4883
-4698
-5026
-4688
-5335
-4508
-5017
-5427
-4074
-5820
-4211
-5078
-5471
-3743
-6233
-3827
-5444
-4746
-4355
-5893
-3799
-5696
-4578
-4686
-5366
-4218
-5330
-4488
-4657
-5170
-4177
-5141
-4669
-4679
-5112
-4573
-5126
-4685
-4883
-4889
-4608
-4966
-4664
-4855
-4827
-4808
-4803
-4814
-4793
-4919
-4819
-4828
-4878
-4659
-4899
-4655
-4820
-4657
-4646
-4795
-4680
-4860
-4776
-4864
-4955
-4751
-4971
-4708
-4741
-4953
-4564
-4937
-4669
-4798
-4810
-4680
-4832
-4703
-4834
-4744
-4791
-4744
-4778
-4699
-4713
-4730
-4746
-4634
-4744
-4719
-4730
-4848
-4668
-4951
-4782
-4864
-4833
-4734
-4758
-4761
-4698
-4739
-4827
-4590
-4871
-4641
-4810
-4817
-4690
-4975
-4793
-4844
-4786
-4697
-4722
-4678
-4657
-4736
-4699
-4793
-4729
-4856
-4771
-4795
-4826
-4708
-4862
-4569
-4795
-4602
-4698
-4761
-4635
-4847
-4712
-4857
-4731
-4895
-4797
-4791
-4936
-4678
-4940
-4706
-4687
-4790
-4757
-4766
-4690
-4806
-4754
-4835
-4747
-4757
-4655
-4705
-4613
-4666
-4627
-4592
-4714
-4546
-4679
-4602
-4746
-4767
-4563
-4889
-4642
-4685
-4768
-4504
-4883
-4389
-4674
-4593
-4678
-4684
-4634
-4866
-4663
-4829
-4675
-4851
-4475
-4767
-4511
-4506
-4664
-4622
-4522
-4646
-4597
-4673
-4543
-4620
-4779
-4316
-5085
-4298
-4952
-4617
-4596
-4766
-4513
-4893
-4499
-4989
-4458
-4697
-4678
-4762
-4598
-4588
-4644
-4534
-4529
-4572
-4471
-4537
-4741
-4368
-4942
-4437
-4745
-4677
-4425
-4921
-4575
-4620
-4698
-4568
-4621
-4617
-4449
-4796
-4494
-4732
-4639
-4660
-4702
-4739
-4747
-4396
-4985
-4495
-4653
-4722
-4609
-4918
-4560
-4906
-4712
-4657
-5088
-4312
-4964
-4617
-4497
-5097
-4035
-5283
-4299
-4381
-5321
-3918
-5441
-4297
-4795
-4804
-4151
-5564
-3793
-5252
-4302
-4775
-4842
-4050
-5746
-3791
-5251
-4580
-4413
-5267
-4092
-5111
-4347
-4755
-4781
-4566
-4702
-4281
-5056
-4330
-4545
-4839
-4471
-4810
-4706
-4366
-4965
-4415
-4485
-4742
-4213
-5046
-4287
-4892
-4666
-4517
-5016
-4442
-4977
-4408
-4698
-4908
-4326
-4970
-4240
-4943
-4532
-4442
-4989
-4068
-5173
-4226
-4850
-4643
-4854
-4562
-4536
-4850
-4248
-5118
-3905
-5118
-4521
-4418
-4707
-4484
-4991
-4243
-4951
-4446
-4624
-4567
-4610
-4606
-4262
-5099
-4049
-5042
-4723
-4441
-4915
-4175
-5389
-3767
-5135
-4976
-3686
-5267
-3812
-4909
-4556
-4414
-4865
-3915
-5243
-4269
-4722
-4678
-4136
-5387
-3844
-4946
-4748
-4116
-5403
-3791
-5141
-4482
-4646
-5136
-3900
-5456
-4135
-4837
-4748
-4319
-5031
-4174
-4874
-4404
-4642
-4832
-4354
-5051
-4396
-4772
-4658
-4439
-5005
-4154
-4922
-4424
-4476
-4817
-4230
-4961
-4472
-4476
-4702
-4466
-4760
-4464
-4512
-4731
-4343
-4626
-4451
-4421
-4534
-4531
-4616
-4332
-4650
-4571
-4535
-4611
-4445
-4574
-4426
-4473
-4546
-4375
-4526
-4508
-4602
-4380
-4543
-4579
-4271
-4737
-4379
-4628
-4467
-4176
-4825
-4092
-4710
-4375
-4170
-4989
-4051
-4762
-4343
-4465
-4597
-4236
-4509
-4172
-4531
-4085
-4668
-4320
-4297
-4763
-3903
-4793
-4191
-4199
-4663
-4141
-4615
-3951
-4605
-4200
-4202
-4582
-4156
-4444
-4100
-4434
-4410
-4269
-4323
-4497
-4218
-4253
-4466
-4265
-4214
-4413
-4184
-4444
-4294
-4237
-4469
-4185
-4502
-4338
-4115
-4440
-4240
-4233
-4217
-4233
-4416
-3898
-4610
-3767
-4606
-4192
-4201
-4589
-3744
-4729
-3553
-4773
-3990
-4283
-4271
-4019
-4791
-3681
-4752
-3981
-4344
-4401
-3951
-4461
-3982
-4316
-4376
-4041
-4425
-4223
-4174
-4449
-4036
-4417
-4166
-4296
-4221
-4232
-4392
-3875
-4461
-3907
-4277
-4079
-4053
-4296
-3678
-4484
-3936
-4054
-4214
-3986
-4258
-4044
-4092
-4319
-3617
-4684
-3998
-3757
-4707
-3553
-4753
-3504
-4638
-4292
-3498
-5092
-3592
-4314
-4091
-3749
-4614
-3798
-4289
-4056
-4022
-4625
-3588
-4906
-3384
-4553
-4231
-3429
-5258
-2857
-5137
-3755
-3605
-4861
-3053
-4871
-3730
-3866
-4527
-3528
-4642
-3733
-3957
-4549
-3476
-4591
-3949
-3946
-4565
-3714
-4479
-4096
-4093
-4230
-3841
-4487
-3657
-4308
-3972
-3668
-4778
-3472
-4457
-4161
-3948
-3975
-4170
-4456
-3438
-4780
-3473
-4665
-3768
-3809
-4821
-3001
-5082
-3351
-4324
-4553
-3232
-5050
-3597
-4019
-4525
-3330
-4559
-3887
-3941
-4193
-3669
-4482
-3579
-3988
-4142
-3891
-3840
-3991
-4063
-4012
-3806
-3919
-4081
-3551
-4320
-3857
-3698
-4025
-4075
-4193
-3347
-4504
-3875
-3609
-4706
-2826
-4805
-3636
-3411
-5320
-2204
-5358
-3679
-3235
-5746
-2059
-5306
-3733
-3427
-5075
-2665
-5049
-3241
-3955
-4455
-2942
-4795
-3409
-4159
-4145
-3401
-4486
-3245
-4392
-3739
-3634
-4330
-3597
-4533
-3306
-4464
-4043
-3562
-4733
-3238
-4573
-3790
-3814
-4585
-2907
-5198
-3292
-3756
-4838
-2732
-5281
-3386
-3907
-4750
-2887
-4856
-3613
-3717
-4636
-3302
-4531
-3871
-4100
-3864
-4146
-4290
-3567
-4667
-3607
-4183
-3914
-3911
-3920
-3916
-4340
-3673
-4006
-3987
-3768
-4326
-3572
-4052
-4213
-3554
-4354
-3661
-4370
-3613
-4280
-4084
-3491
-4504
-3390
-4806
-3307
-3816
-4862
-2574
-5290
-3462
-3305
-5029
-2663
-4915
-3388
-3637
-4606
-2752
-5266
-2596
-4155
-4959
-1968
-5566
-2762
-3994
-4337
-2987
-4886
-2851
-4491
-3606
-3520
-4708
-3334
-4040
-4123
-3594
-3737
-3681
-4410
-3040
-4142
-4093
-3253
-4058
-2892
-4595
-2919
-4010
-4475
-2803
-5208
-2306
-4760
-4741
-1764
-6069
-2232
-4456
-5055
-963
-6832
-2377
-3593
-5556
-1743
-5938
-2529
-4504
-3480
-3247
-5037
-1776
-5521
-2277
-4170
-3777
-3187
-4516
-2535
-4864
-2393
-4278
-3370
-4583
-3326
-2321
-6013
-1406
-5390
-3347
-2745
-5616
-1093
-5559
-3394
-2814
-5328
-1302
-5288
-3967
-2205
-5585
-2200
-4323
-3059
-3859
-3722
-1223
-6683
-1479
-3936
-4474
-1881
-5145
-2813
-2981
-4367
-4627
-959
-6865
-1643
-3251
-6720
1121
-8960
1176
-6584
-3518
-770
-10514
4744
-10275
-917
-2503
-7298
721
-7586
-123
-6437
-2557
-2585
-5498
-2922
-4175
-1505
-5251
-2559
-3535
-3460
-2949
-4229
-2014
-4512
-3014
-3336
-4267
-2005
-5321
-1842
-4156
-3435
-2447
-6201
-641
-4456
-3287
-3824
-3007
-1348
-6538
-2915
843
-10214
320
-627
-9183
2892
-8875
3636
-6271
-7478
7854
-13415
1164
-2192
-7391
2502
-8440
562
-3895
-5203
-287
-5851
-921
-4742
-2578
-2578
-4377
-2043
-4042
-2448
-3283
-2503
-3356
-3120
-3140
-3158
-3359
-2352
-2972
-4913
-732
-4490
-2639
-3196
-2845
-1873
-4780
-1024
-3844
-3751
-1427
-4565
-2306
-2717
-4276
-640
-4144
-2537
-3359
-3868
-362
-5894
-1838
-2279
-4797
-80
-5557
-1591
-2775
-4183
-539
-6110
-287
-3775
-3580
551
-7188
-742
-2717
-3858
-1027
-4254
-1941
-3934
-1330
-4995
-656
-1737
-8416
4006
-6272
-2422
38
-8797
3360
-6887
-2227
-311
-6812
1124
-5467
-1645
-2250
-4622
-250
-5541
-1066
-3038
-3786
-937
-5039
-715
-3966
-3394
-782
-5251
-405
-4078
-3001
-896
-5869
120
-5090
-1544
-3239
-2654
-2556
-4182
-735
-4522
-2253
-2028
-2895
-5771
929
-5576
-1197
-3431
-3106
-456
-7356
1798
-5764
-2001
-1432
-5694
-37
-4119
-3388
-1447
-4233
-1715
-3320
-2953
-1856
-3963
-2101
-2922
-3408
-1605
-3367
-2468
-2774
-3413
-1418
-4007
-1711
-3694
-1983
-2272
-4615
312
-5620
-575
-3173
-3501
-249
-6095
980
-5711
-1008
-2800
-4678
312
-5702
-183
-4156
-2634
-2253
-3542
-1793
-3639
-1853
-3576
-2229
-2944
-2890
-2421
-3482
-2205
-3315
-2134
-3068
-3053
-2491
-3195
-2720
-2863
-2933
-2786
-3421
-2268
-3599
-3353
-2255
-4249
-2150
-3435
-2672
-3069
-2453
-3448
-2274
-3522
-4476
-2440
-2067
-4651
-1988
-1957
-5172
249
-7629
83
-3825
-4701
-484
-5635
202
-4824
-2169
-2378
-5145
136
-4815
-2484
-2160
-4806
-127
-6188
910
-4832
-3036
-91
-7520
923
-4515
-3479
-1498
-3806
-4342
-888
-3757
-3520
1456
-8188
837
-3564
-5642
2682
-9054
892
-3422
-5306
971
-8056
794
-5226
-2395
1064
-9866
1843
-4428
-4369
2244
-7992
-928
-1025
-7333
2723
-7369
-2151
1104
-9967
5075
-8924
-239
-1689
-7293
3365
-8844
1236
-4184
-3995
-91
-5819
-992
-4288
-4160
-564
-7898
389
-2836
-4571
179
-8795
1469
-4905
-5182
3467
-5936
1367
-8336
-9131
7626
-15684
5113
-1439
-9430
4542
-10786
3106
-8014
-10
-4143
-4864
3460
-11317
1247
-1857
-5709
596
-6386
-1153
-1978
-6148
97
-4881
-2115
-2138
-5311
-1698
-2645
-2981
-2594
-2681
-6986
1471
-3424
-5523
491
-8032
1583
-6076
-1819
-2433
-5412
538
-7165
251
-4928
-3076
-1344
-6099
127
-4883
-3081
-1929
-4858
-740
-5585
-1030
-3808
-3691
-1586
-4987
-1255
-4520
-2122
-3030
-4025
-1659
-4035
-2387
-3002
-3517
-2409
-3559
-2761
-2847
-3558
-2582
-3788
-3333
-3421
-4262
-1346
-3862
-2341
-3659
-2979
-2345
-4269
-2263
-4060
-2365
-3335
-2948
-2806
-3762
-2880
-3699
-2662
-3220
-4167
-1578
-4993
-1815
-2462
-5997
1017
-7541
1043
-3759
-6132
3355
-11080
2916
-6584
-3457
1605
-10482
4084
-8466
-1005
-432
-9562
3888
-8725
-1753
-1047
-8113
2349
-8018
-382
-3709
-4915
169
-7071
216
-5262
-2763
-1773
-5033
-1041
-4266
-2518
-2144
-4877
-2104
-4380
-2853
-3005
-4212
-2288
-4690
-2152
-4097
-2775
-3117
-3526
-2359
-3826
-2698
-2702
-3601
-2704
-3579
-4186
-1229
-4883
-2252
-3644
-3585
-1849
-4707
-1956
-4867
-2415
-2337
-4647
-1667
-4703
-2216
-2787
-4568
-1299
-4568
-2124
-3408
-3674
-2390
-4654
-1867
-4026
-3081
-2578
-4268
-1920
-3956
-3053
-2877
-3871
-2432
-3820
-2806
-3373
-3294
-3046
-3439
-2974
-3227
-3163
-3277
-3119
-3244
-2955
-3350
-3001
-3127
-3360
-2918
-3411
-2985
-3283
-3274
-2877
-3523
-2934
-3224
-3241
-2956
-3442
-2953
-3259
-3228
-3014
-3470
-2933
-3367
-3229
-3095
-3507
-2811
-3457
-3234
-2976
-3625
-2936
-3459
-3227
-3000
-3575
-2877
-3562
-3065
-3121
-3570
-2781
-3530
-3116
-3069
-3544
-2679
-3667
-3159
-3345
-3354
-3051
-3479
-3208
-3203
-3273
-3295
-3318
-3233
-3089
-4212
-1720
-4911
-2066
-3422
-4498
-932
-5779
-1425
-3865
-3337
-2437
-4204
-2337
-4358
-2272
-3685
-3762
-1683
-4592
-2400
-3679
-3618
-2507
-4449
-1824
-4417
-2636
-3222
-3623
-3378
-2844
-2642
-3920
-1795
-5672
-1190
-4128
-3768
-1497
-5135
-178
-5585
-3813
-978
-5442
-1547
-3591
-3412
-1954
-4745
-1021
-4667
-2411
-3136
-4149
-1033
-5207
-1664
-3120
-4681
-641
-4087
-3101
-1521
-5185
-1577
-3986
-1836
-3724
-3492
-1959
-3446
-2884
-5445
-90
-4063
-3374
-1368
-4419
-1905
-2653
-4446
-514
-4427
-2785
-2064
-4584
-509
-5184
-1396
-2984
-3889
-1161
-4767
-1516
-3423
-3247
-1977
-4268
-1555
-3748
-2694
-2726
-3628
-1731
-4319
-1782
-3076
-3343
-1627
-3925
-1950
-3465
-3109
-1217
-4674
-1186
-3974
-2986
-1253
-5360
-5
-4632
-2197
-2038
-4625
-433
-4643
-1580
-3306
-2560
-2086
-3759
-1163
-5336
-51
-5046
-1932
-2305
-4623
-17
-5399
-302
-5768
691
-4893
-2185
-1449
-6313
2034
-7273
259
-4131
-2734
-1482
-4361
-289
-5011
-1401
-3315
-2986
-1494
-4384
-1476
-3685
-2625
-2030
-4194
-367
-5614
-989
-2243
-4961
535
-4972
-2153
-2467
-3736
-2221
-2442
-2768
-3175
-150
-5325
-1436
-1884
-4342
1
-5365
-40
-3653
-3216
-896
-4806
-199
-4395
-1919
-1662
-4341
-974
-3722
-2137
-2250
-3448
-1832
-3397
-1850
-3377
-2512
-2263
-3290
-2477
-2607
-2905
-2743
-2591
-2736
-2675
-3319
-2104
-3165
-2377
-3029
-2567
-2724
-2866
-2241
-3231
-1874
-3236
-2025
-3072
-2871
-1082
-4876
-627
-2317
-4445
-99
-4748
-724
-2884
-2928
-1055
-4908
222
-4279
-2854
-506
-4856
-1678
-2059
-4471
-887
-3956
-2264
-1803
-4462
-485
-4834
-1172
-2906
-3791
-896
-4259
-1286
-3544
-2725
-1936
-3234
-2080
-3240
-2967
-2470
-2659
-3104
-2117
-3556
-2383
-2492
-3548
-1482
-4057
-1638
-2942
-2993
-1697
-4777
-816
-3524
-2802
-2239
-3727
-1371
-4565
-1195
-3931
-3013
-1108
-4806
-1235
-3546
-2827
-2139
-3904
-1680
-3278
-3220
-1226
-4705
-1404
-2842
-3753
-1154
-4738
-895
-4025
-2723
-1597
-4650
-1046
-3797
-2652
-2452
-3492
-1815
-3939
-2233
-3106
-3249
-2001
-3814
-2293
-2976
-3013
-2523
-3269
-2434
-2831
-2938
-2708
-2958
-2600
-2976
-2861
-2618
-3050
-2615
-2856
-2984
-2829
-2997
-2972
-2853
-3103
-2878
-2869
-3143
-2436
-3243
-2647
-2963
-3143
-2383
-3464
-2370
-2817
-3370
-2421
-3330
-2600
-3016
-3209
-2310
-3559
-2092
-3264
-2973
-2354
-3737
-2006
-2850
-3225
-2507
-3171
-2714
-2628
-3283
-2325
-3268
-2846
-2780
-3134
-2473
-3307
-2461
-3337
-2732
-3221
-2337
-2946
-3703
-1703
-4109
-1717
-3551
-2899
-2498
-3039
-2347
-3987
-1105
-4531
-1497
-3224
-3891
-782
-4862
-1123
-3378
-3461
-1124
-4442
-1733
-3011
-3280
-1943
-3895
-1626
-3405
-2720
-2263
-3578
-1863
-3585
-2224
-2944
-2843
-2496
-3669
-1845
-3632
-2325
-3030
-2949
-2286
-3785
-2330
-2899
-2893
-3257
-2436
-2935
-3073
-2782
-3039
-2525
-3339
-2562
-2912
-3067
-2452
-3305
-2536
-2806
-3074
-2347
-3435
-2335
-3103
-3106
-2116
-3789
-2270
-2969
-3097
-2474
-3369
-2308
-3144
-2778
-2645
-3097
-2502
-3005
-2706
-2749
-2970
-2452
-2984
-2661
-2726
-2894
-2591
-3033
-2569
-2925
-2815
-2788
-2878
-2739
-2915
-2814
-2860
-2830
-2813
-2925
-2873
-2788
-2893
-2797
-3008
-2736
-2962
-2846
-2873
-2964
-2716
-3109
-2730
-2903
-3045
-2717
-3155
-2816
-2773
-3234
-2614
-3109
-2785
-2830
-3108
-2677
-2994
-2810
-2913
-2718
-2980
-2798
-2803
-2902
-2687
-3113
-2579
-2966
-2838
-2821
-3198
-2412
-3222
-2760
-2894
-3286
-2439
-3267
-2805
-2943
-3102
-2701
-3193
-2681
-2961
-2965
-2757
-3073
-2860
-2856
-2991
-3050
-2683
-2982
-2876
-2804
-3167
-2413
-3259
-2572
-2712
-3441
-2029
-3582
-2501
-2724
-3383
-2188
-3478
-2345
-3248
-3045
-2299
-3764
-2175
-3439
-2842
-2665
-3599
-2007
-3771
-2481
-2867
-3310
-2332
-3484
-2396
-2931
-3085
-2557
-3053
-2771
-3053
-2541
-2801
-2945
-2373
-3571
-2226
-2820
-3231
-2373
-3348
-2332
-3179
-2801
-2538
-3286
-2324
-3230
-2797
-2914
-2828
-2753
-3170
-2489
-3334
-2643
-2991
-3013
-2701
-3357
-2492
-3080
-3076
-2772
-3371
-2481
-3126
-3040
-2726
-3225
-2470
-3246
-2681
-2770
-3229
-2553
-2938
-2757
-2817
-3097
-2601
-2920
-2980
-2625
-3365
-2634
-2645
-3393
-2553
-3177
-2989
-2674
-3292
-2614
-3235
-2948
-2609
-3235
-2677
-3213
-2898
-2627
-3196
-2596
-3164
-2955
-2611
-3156
-2995
-2711
-3026
-2964
-2523
-3172
-2980
-2983
-2925
-2781
-3278
-2846
-3113
-2859
-2721
-3403
-2832
-3195
-2558
-3208
-2774
-2976
-3316
-2524
-3679
-2051
-3641
-2997
-2683
-3387
-2528
-3498
-2766
-3031
-3065
-3188
-3050
-3126
-3141
-2884
-3468
-2739
-3358
-3167
-2717
-3805
-2433
-3637
-2939
-2656
-3707
-2430
-3753
-2629
-2821
-3681
-2392
-3655
-2764
-2745
-3687
-2460
-3532
-2744
-3176
-2922
-3148
-3068
-2883
-3725
-1802
-4268
-2554
-2984
-3511
-2308
-4209
-2160
-3828
-2769
-2718
-4093
-1949
-4102
-2641
-2873
-3838
-1954
-4259
-2358
-3076
-3725
-2381
-3952
-2204
-3429
-3426
-2747
-3633
-2561
-3558
-3094
-2989
-3524
-2591
-3657
-3109
-3000
-3492
-2935
-3429
-3070
-3157
-3439
-3010
-3258
-3239
-3251
-3408
-3051
-3455
-3280
-3100
-3524
-3092
-3348
-3517
-2963
-3511
-3461
-3245
-3414
-3226
-3426
-3429
-2998
-3639
-3119
-3596
-3172
-3098
-3574
-2975
-3761
-2563
-4143
-2966
-3662
-3313
-3160
-3968
-2964
-3934
-2848
-4390
-2617
-3759
-3230
-3587
-4178
-1809
-4713
-2770
-3149
-3954
-2454
-4224
-2857
-3304
-3540
-3035
-3825
-2875
-3909
-3005
-2963
-4020
-2865
-3699
-3038
-3154
-3779
-2832
-3861
-2943
-3658
-3236
-3396
-3778
-2658
-3881
-3124
-3274
-3572
-2932
-4201
-2119
-3813
-3926
-2574
-4263
-2642
-3829
-3469
-3109
-2997
-4196
-1360
-6230
25
-4764
-3932
-101
-8442
2848
-8464
361
-3971
-5268
632
-7653
298
-5823
-2750
-2581
-4038
-2851
-3548
-3558
-2872
-3259
-3853
-2813
-4280
-2374
-4038
-3205
-2158
-4229
-2401
-3355
-3390
-3025
-3544
-3352
-2866
-2935
-3526
-2485
-4137
-3004
-2982
-3330
-3477
-3317
-2812
-3544
-2335
-4360
-2541
-3207
-3947
-1871
-4566
-3127
-2149
-4020
-2854
-3455
-3192
-3201
-4033
-2269
-4743
-2806
-3149
-4292
-2232
-4550
-2176
-4944
-2094
-1886
-6783
738
-5744
-2921
-2197
-5225
-1032
-5669
-503
-4988
-2783
-2548
-4985
-1281
-5167
-1346
-4475
-3259
-1749
-5950
-9
-5593
-2474
-1683
-6257
868
-6524
-1871
-1425
-6125
-51
-4180
-3443
-1905
-4856
-1211
-4628
-2555
-2396
-4714
-907
-4798
-2183
-3624
-2725
-3119
-3661
-2337
-3770
-3127
-3112
-2636
-3541
-2658
-3716
-2490
-2936
-4302
-1915
-2876
-4323
-1559
-4380
-2790
-2271
-4285
-2118
-3934
-2436
-3052
-3695
-2437
-3641
-3214
-2548
-3762
-2675
-3193
-3355
-3130
-2383
-4244
-2606
-2105
-5327
-1651
-3731
-3326
-2425
-3815
-2509
-3432
-2807
-2957
-3317
-3010
-2402
-3270
-4021
-1590
-4274
-2483
-3499
-3084
-2339
-3910
-2625
-3592
-2134
-5230
-319
-3721
-4536
-651
-5017
-1796
-2553
-5063
-1033
-4352
-3124
-1086
-6414
1198
-6396
-2416
-139
-6855
455
-5651
-1190
-2859
-3877
-868
-4858
-1703
-3136
-2785
-2261
-3604
-1855
-2948
-3780
-1177
-4133
-2159
-2017
-4396
-1451
-3958
-2592
-2814
-3118
-3020
-3602
-3062
-2733
-3229
-3508
-2356
-3868
-2299
-3396
-2492
-3331
-3204
-1977
-3682
-2621
-2313
-3916
-1983
-2778
-4002
-1151
-4731
-1169
-3818
-3259
-1503
-4397
-1378
-3227
-5867
1831
-4791
-4074
3598
-11623
5235
-6527
-5493
3627
-11353
4301
-7513
-2358
-866
-6832
268
-5298
-1526
-3638
-3147
-1771
-4595
-1617
-3323
-3843
-1235
-4339
-1683
-3562
-2864
-2052
-4627
-642
-4375
-1338
-3729
-2928
-1467
-4537
-924
-4270
-1681
-2882
-4206
-1059
-4041
-2143
-2192
-4654
-606
-5012
-2009
-2348
-4471
-685
-4991
138
-4957
-2465
-1466
-4485
-573
-4278
-2237
-2272
-2905
-3521
-1100
-4186
-1455
-2206
-4920
306
-4482
-1954
-2807
-3521
-1048
-4476
-1368
-2819
-3463
-1219
-4666
-804
-3929
-2885
-1193
-4599
-233
-5032
-1552
-1667
-3821
-1324
-4115
-1117
-4080
-545
-4000
-2830
-435
-5901
1760
-6426
-804
-1105
-5706
1807
-7281
286
-2040
-5012
574
-5580
-176
-3521
-2376
-1551
-5113
734
-5260
-2359
105
-7350
744
-2421
-4944
1168
-6556
314
-3621
-3417
-247
-6566
1673
-4890
-3533
1262
-6367
-1089
-1318
-4567
-1012
-3254
-1976
-1926
-3545
-1415
-2900
-2458
-1177
-4901
-221
-3532
-1870
-1328
-4833
895
-4591
-1052
-2629
-2707
-1084
-3904
-856
-3492
-2908
-526
-3957
-1446
-2704
-3306
-876
-4326
-999
-3053
-1885
-3080
-2436
-1932
-3542
-851
-4391
-690
-3401
-2051
-1351
-4626
91
-4130
-1965
-1406
-4025
-406
-3525
-2057
-1228
-3857
193
-4716
-2248
177
-6217
944
-3958
-2015
-1366
-5170
1996
-6125
-872
-1896
-3472
-769
-4417
745
-5802
-40
-2532
-3702
-439
-4737
352
-4100
-1565
-2612
-2662
-1525
-3438
-1403
-2911
-1453
-3720
-2058
-1490
-4120
-762
-3103
-2133
-1878
-3389
-1790
-2901
-1849
-2802
-2098
-2659
-1718
-2980
-3280
-620
-4386
-1120
-2506
-3938
226
-5573
-772
-2122
-4197
-23
-5498
-205
-3698
-2366
-1282
-5003
1733
-6786
-526
-1148
-6705
3556
-7471
-371
-1868
-4512
1356
-7433
1833
-4354
-2741
-1015
-4797
384
-5320
-199
-3157
-3589
-490
-4489
-821
-4094
-1770
-1721
-4870
-116
-3640
-1977
-2976
-3268
-271
-5821
88
-4332
-2595
455
-6283
490
-4726
-1629
-2078
-4073
-536
-3669
-1990
-2847
-2714
-2438
-2622
-2320
-2391
-3663
-937
-3925
-2183
-2167
-3787
-551
-5037
-671
-3158
-3522
-628
-5382
-467
-3330
-3586
-884
-4750
-1257
-3384
-3189
-1496
-3821
-2033
-2651
-3253
-1647
-4099
-1927
-2424
-3666
-948
-4802
-1186
-2948
-3049
-1795
-3776
-1299
-3727
-2077
-2964
-2922
-1841
-3967
-2054
-2874
-3140
-2781
-2849
-2546
-3419
-2203
-3366
-2601
-3158
-2984
-2966
-2835
-2462
-3908
-1479
-3868
-2529
-2205
-4003
-1491
-3587
-2692
-2181
-3593
-2016
-3541
-2734
-2959
-2274
-3618
-2423
-2663
-3851
-1249
-4770
-1135
-4589
-1855
-1831
-4940
-343
-4713
-1955
-2723
-3820
-1351
-4241
-2321
-2351
-3890
-1672
-4151
-1866
-3376
-3259
-1616
-4656
-1319
-3625
-2957
-2140
-3524
-1648
-4236
-2110
-2145
-4581
-1077
-3884
-2852
-2114
-3742
-2095
-3552
-2627
-2584
-3186
-2651
-2782
-3659
-2232
-2998
-3621
-2155
-3751
-2560
-2813
-3659
-2312
-3670
-2318
-3232
-3014
-2591
-3819
-1654
-3721
-2948
-2783
-3431
-1995
-4069
-3162
-2320
-3956
-2463
-3548
-2869
-3349
-3002
-2822
-4066
-1449
-4839
-1938
-3124
-3595
-1807
-4239
-2056
-3543
-2809
-3018
-3078
-3176
-2724
-3263
-3179
-2869
-3508
-2230
-3897
-2600
-3439
-2899
-3134
-3441
-2320
-4211
-2387
-3270
-3695
-2385
-3823
-2576
-3549
-3303
-1607
-5182
-1443
-3897
-3453
-1303
-5784
-759
-3980
-3326
-2223
-4572
-1354
-4072
-3124
-1752
-4881
-1675
-3560
-3735
-1501
-5105
-1442
-3515
-3944
-1931
-4091
-2512
-3210
-3448
-2731
-3479
-3106
-3253
-2783
-3682
-2845
-2930
-3770
-2523
-3886
-2232
-4088
-2665
-2977
-3923
-2407
-3738
-2539
-3762
-2820
-3151
-3313
-2959
-3617
-2666
-3493
-3492
-2413
-3644
-3154
-2662
-3944
-2634
-3122
-3896
-2342
-4018
-2768
-3302
-3672
-2414
-4262
-2636
-3487
-3107
-3380
-3246
-3064
-3228
-3315
-3092
-3063
-3816
-2281
-4222
-2965
-2390
-4658
-1961
-3775
-3671
-1749
-5229
-1707
-4117
-3363
-2468
-4607
-1699
-4809
-2651
-3108
-4047
-2545
-3878
-3001
-3266
-3505
-3282
-3482
-3002
-3598
-3278
-3423
-3232
-3228
-3771
-2831
-3555
-3321
-3178
-3530
-3252
-2924
-3762
-3528
-2741
-3701
-3068
-3252
-3912
-2905
-3467
-3581
-2936
-4025
-3222
-3214
-4054
-2672
-3763
-3369
-3166
-3538
-2777
-4070
-2604
-3603
-3609
-2684
-4195
-2363
-3676
-3568
-2708
-4220
-2398
-4109
-2762
-3435
-3915
-1811
-5113
-1881
-4047
-3461
-2590
-4498
-1950
-4742
-2703
-3599
-3823
-2564
-4521
-2584
-3789
-3442
-2924
-4185
-2572
-4026
-3335
-3167
-3737
-2946
-4061
-3005
-3781
-3301
-3209
-3726
-2973
-3815
-3170
-3600
-3329
-3008
-4191
-2386
-4520
-3314
-2422
-5061
-1505
-4358
-3715
-2598
-4444
-1955
-4807
-2755
-3072
-4616
-1707
-5069
-2254
-2719
-4614
-2431
-3919
-2920
-3535
-3290
-3443
-3511
-3444
-3592
-3059
-3802
-2659
-4592
-2688
-3021
-4667
-1793
-4892
-2195
-3843
-3832
-2345
-4810
-2320
-4037
-3230
-3263
-3690
-3201
-3508
-3102
-3454
-3763
-3106
-3721
-3371
-3359
-4030
-2855
-3880
-3693
-3324
-3441
-3333
-3834
-3368
-3416
-3512
-3291
-4090
-2469
-4435
-3505
-2164
-5415
-1792
-4468
-3490
-2210
-5185
-1595
-4706
-3111
-2776
-4469
-2651
-3719
-3620
-3139
-3802
-3704
-2832
-4932
-2200
-4859
-2952
-3360
-4989
-1521
-5953
-1726
-4690
-3878
-2129
-5411
-2275
-4489
-3208
-2887
-5065
-2593
-3400
-4676
-2754
-4092
-3508
-3365
-4051
-2893
-4098
-3409
-3349
-3938
-3085
-3753
-3439
-3797
-3138
-3493
-4187
-3514
-3049
-3999
-4014
-2621
-4979
-2933
-3101
-4633
-2826
-3695
-3981
-3190
-4237
-3212
-3643
-4215
-3039
-4282
-3632
-3338
-4024
-3514
-3329
-4821
-1989
-5107
-2900
-3109
-5497
-842
-6131
-1727
-4076
-4513
-1326
-6075
-1933
-4252
-4280
-2523
-5182
-2799
-4185
-3706
-3547
-4715
-2689
-4864
-3280
-3761
-4225
-3226
-4353
-3260
-3955
-3816
-3723
-3579
-3501
-4011
-3499
-3910
-4047
-3681
-3727
-3523
-3948
-3410
-4267
-3586
-3684
-4004
-3139
-4881
-2962
-4401
-3473
-3681
-4291
-3059
-5082
-2307
-4473
-3697
-3143
-4658
-2869
-4441
-3460
-3751
-4252
-3584
-4207
-2689
-5015
-3179
-3598
-5232
-1367
-5711
-3231
-4097
-3946
-2886
-5372
-2607
-4549
-2991
-4733
-3374
-3206
-5015
-2761
-4440
-3363
-4059
-4877
-2465
-3945
-4615
-2714
-4371
-3883
-3597
-3881
-3761
-3850
-3826
-3436
-4083
-4070
-2481
-5505
-2616
-3788
-4726
-2337
-5498
-2526
-4067
-4748
-2610
-4796
-3092
-3953
-4203
-3030
-4699
-3491
-4108
-3617
-3720
-4151
-3215
-4470
-3162
-4336
-4019
-3371
-4537
-3402
-4275
-4074
-3620
-4331
-3792
-4184
-3612
-4368
-4095
-3452
-4150
-3654
-4638
-3137
-3883
-4228
-3527
-4301
-3987
-3443
-4457
-3604
-3822
-4273
-3610
-4519
-2812
-4957
-3068
-4461
-4237
-2704
-5595
-2459
-5069
-3590
-3400
-5585
-2501
-5087
-3596
-3941
-4879
-2865
-5154
-3523
-4204
-4618
-3479
-4628
-3442
-4137
-4444
-3355
