03061347.PTO
MINZ
2012/03/06 13:47:56.2200
100.0091 m/s  
6027 muestras
291
303
299
279
253
254
258
265
272
296
286
263
265
291
307
316
317
293
291
289
333
325
344
328
302
272
279
271
277
277
289
273
251
250
253
256
272
275
251
235
234
249
271
277
271
252
221
214
233
257
253
265
240
235
240
259
265
279
272
272
272
269
288
294
309
306
303
266
261
270
299
306
300
277
271
268
297
309
324
321
303
291
293
315
319
337
321
301
279
278
284
301
304
292
264
249
248
260
265
279
276
251
227
235
250
267
275
263
236
232
243
254
282
289
284
269
270
265
287
286
301
309
299
288
284
300
309
321
323
314
284
294
307
334
333
331
301
287
279
305
312
319
304
284
257
265
275
271
271
277
262
236
255
264
281
282
283
247
247
261
278
291
315
305
287
276
291
300
319
325
311
296
281
289
305
326
319
323
291
282
290
316
320
328
335
316
287
290
304
329
331
317
289
265
274
286
309
291
281
247
230
233
261
258
267
254
236
225
229
253
268
268
262
255
235
255
265
288
296
311
280
280
289
330
342
359
341
316
301
319
331
357
344
335
303
293
301
303
289
303
289
265
253
252
245
259
259
233
199
185
184
208
225
239
223
222
207
222
249
293
282
285
255
260
268
301
298
300
291
285
266
283
282
284
287
287
266
244
250
287
305
310
314
295
285
280
309
310
311
305
274
256
260
277
268
269
260
233
225
244
256
282
279
283
259
272
271
300
320
339
335
324
309
317
335
361
343
327
285
286
286
295
298
296
277
243
235
247
265
273
291
277
275
268
280
288
301
299
283
264
254
271
290
306
310
300
289
271
292
329
341
331
307
289
289
299
307
321
314
309
291
291
295
309
318
311
304
270
253
255
281
283
290
271
244
240
254
265
286
268
251
229
231
241
265
280
281
260
247
265
268
281
275
283
271
257
229
237
254
279
282
277
229
236
245
273
287
280
271
251
250
267
293
299
304
287
281
275
299
309
320
311
307
281
277
279
292
281
287
285
241
237
251
273
271
275
255
229
225
248
249
264
251
239
210
223
242
257
254
267
251
253
249
281
288
309
313
301
283
285
305
313
325
324
307
271
265
263
289
299
285
264
244
248
267
289
289
282
264
255
255
274
277
281
278
270
238
234
234
252
262
273
258
245
244
256
287
285
288
268
249
261
285
307
310
297
288
259
262
285
307
308
310
299
282
287
300
300
309
312
289
268
249
273
290
303
283
266
239
248
266
284
287
281
262
237
243
260
269
278
275
260
259
261
291
296
304
300
291
262
270
274
298
300
293
277
253
242
272
296
297
292
272
260
280
305
313
312
310
295
281
286
309
311
317
319
306
283
266
288
297
301
304
285
279
279
303
308
321
301
297
266
277
289
306
289
283
245
242
254
284
285
295
296
289
281
283
297
312
326
324
301
281
279
298
322
325
305
275
253
251
279
279
277
271
248
236
247
262
280
286
289
287
278
301
314
337
330
347
337
313
302
326
325
328
302
279
245
255
270
278
278
271
254
239
267
275
283
277
273
263
252
259
285
289
294
277
260
245
233
249
258
266
268
234
226
245
266
269
279
271
239
233
253
268
275
280
260
251
248
253
271
291
291
297
292
273
273
285
317
308
306
287
271
279
307
314
312
291
283
271
286
304
319
322
293
286
276
297
323
323
319
315
289
283
295
306
300
308
313
305
276
299
308
325
325
309
273
254
266
285
299
305
284
264
253
271
291
283
277
252
245
230
242
252
247
251
242
228
226
236
264
277
281
279
249
247
251
289
313
318
304
291
287
313
345
346
331
313
307
290
308
309
306
290
279
254
238
244
257
264
265
260
236
219
237
259
281
275
277
247
239
260
291
292
297
288
276
273
305
313
311
312
305
285
275
293
287
300
307
301
259
251
245
273
275
287
253
239
230
253
280
285
291
277
266
270
293
303
329
315
303
285
276
293
301
319
309
287
264
264
254
279
282
287
263
244
222
247
275
295
288
263
241
237
274
295
289
291
275
250
258
267
291
287
300
279
273
266
294
315
325
321
305
281
273
289
293
300
303
279
244
245
267
289
273
269
253
247
255
293
304
321
315
308
298
307
303
330
326
336
305
281
274
281
305
317
307
279
255
252
273
293
293
290
258
239
250
277
295
301
304
285
267
262
277
296
282
286
277
247
228
244
267
271
267
266
219
234
253
283
289
286
268
255
259
288
296
291
287
274
260
251
275
294
293
292
282
254
256
273
293
294
295
271
261
253
263
280
297
291
262
242
247
283
288
298
279
263
263
279
301
311
325
314
309
285
283
292
310
304
311
286
263
250
275
270
285
263
248
220
246
250
281
275
265
248
231
246
279
285
277
278
262
241
250
264
269
280
288
280
254
266
279
307
317
321
296
280
314
337
365
355
353
327
313
314
339
341
343
331
327
296
309
322
320
314
311
274
269
265
274
283
287
273
245
215
207
223
233
246
229
215
197
217
247
262
258
252
255
244
260
293
304
314
322
299
280
291
308
315
319
312
292
263
275
285
303
307
296
281
273
293
320
327
331
322
301
283
297
313
320
323
311
292
265
286
281
298
303
308
268
263
253
274
273
279
250
219
209
226
248
263
255
251
237
223
243
266
283
282
272
251
238
248
262
265
265
259
239
232
242
259
279
285
278
256
236
263
290
305
302
301
271
270
292
312
303
304
287
271
270
284
293
295
304
285
267
253
264
282
293
288
288
254
246
257
265
270
277
264
251
249
266
282
287
285
268
247
243
277
279
289
287
281
265
259
255
285
309
329
332
323
319
345
366
378
386
359
331
305
329
333
333
323
307
279
255
266
260
241
226
181
137
100
100
103
109
107
111
95
100
135
179
220
251
265
255
266
311
350
370
394
405
399
433
472
495
515
524
505
486
435
423
379
359
315
280
217
184
163
148
127
112
85
58
47
76
122
186
233
251
253
271
315
351
375
389
414
427
459
507
552
561
567
551
504
467
461
438
417
380
317
244
192
165
129
107
75
47
-9
-40
-35
-16
-3
26
32
55
95
173
235
283
328
368
405
448
509
551
584
605
590
533
513
503
483
460
447
387
329
297
283
245
197
131
55
-3
-31
-31
-36
-42
-43
-36
-26
24
75
127
158
196
212
221
251
291
319
375
409
423
429
471
518
561
599
610
581
554
526
523
485
426
384
333
294
284
270
268
234
230
195
143
114
111
76
71
58
36
28
53
93
144
185
261
270
290
321
363
365
376
362
339
314
330
357
375
402
423
441
437
458
462
467
455
435
379
343
327
314
303
307
281
256
237
248
245
252
222
184
139
99
95
86
87
65
85
69
87
111
160
179
217
224
235
233
245
263
280
307
319
323
300
321
354
387
389
389
355
339
340
370
369
375
374
363
345
360
383
386
392
389
344
321
310
289
279
267
252
217
196
203
236
266
293
291
283
259
263
267
247
224
201
187
173
194
214
237
253
276
271
303
308
334
336
343
347
340
329
342
380
412
425
445
418
395
399
393
381
344
311
240
194
167
171
152
150
120
100
99
114
125
120
143
145
135
113
151
177
229
260
313
317
337
401
449
487
525
513
493
485
511
501
504
491
457
423
395
391
368
353
319
269
207
152
111
111
80
84
70
55
50
89
129
169
197
209
203
222
269
328
370
381
391
381
385
394
427
421
415
413
381
361
356
363
346
335
317
286
269
285
296
305
323
299
263
250
252
268
236
228
188
156
138
161
170
177
168
179
180
183
212
227
247
262
268
248
265
287
325
352
383
363
339
335
354
369
371
360
333
293
283
271
281
275
253
241
209
206
224
246
249
245
238
221
224
239
270
267
286
279
257
251
287
306
335
332
326
287
282
291
321
297
291
266
245
235
258
272
281
270
273
229
235
245
238
251
283
272
253
261
278
300
310
321
288
263
265
286
299
304
299
280
267
277
299
301
301
303
283
252
256
251
251
264
271
239
208
213
233
237
254
244
238
214
211
235
251
265
262
253
231
235
259
285
297
298
302
300
300
329
333
346
343
327
309
300
313
333
343
339
317
281
283
291
306
289
288
261
235
241
269
272
265
270
250
233
247
254
260
271
257
233
215
226
241
266
265
277
258
252
249
272
289
314
324
313
286
295
321
343
339
337
317
310
315
339
348
347
346
320
293
280
297
303
310
301
271
244
236
250
261
244
235
215
187
197
213
237
244
248
227
223
247
291
299
315
307
303
289
309
317
322
323
329
315
307
309
331
360
368
365
333
303
305
332
340
350
333
317
279
290
283
291
299
289
260
247
251
265
269
265
271
255
237
243
263
290
307
307
310
272
275
287
298
293
277
243
227
228
245
256
254
248
215
207
223
253
251
261
255
249
211
229
243
267
273
294
280
270
273
304
302
313
312
288
264
289
299
307
315
293
257
239
253
263
270
281
272
245
237
235
253
259
267
274
259
245
258
281
303
334
317
301
290
314
331
355
351
343
319
296
303
325
335
338
323
293
276
282
300
297
297
283
277
253
274
277
293
306
301
249
221
227
227
237
243
221
197
196
227
257
255
265
263
243
232
264
276
299
307
313
287
283
304
311
319
327
321
303
277
276
274
280
287
266
244
217
223
239
239
234
221
200
194
217
253
262
281
279
267
270
292
298
317
334
335
316
305
317
331
337
328
317
287
272
287
312
319
325
314
279
267
279
307
293
291
276
255
245
265
265
276
275
287
257
255
246
257
263
269
242
218
215
236
261
279
287
285
277
270
307
328
340
334
329
303
311
321
335
341
363
337
325
333
343
353
367
366
354
331
319
319
328
344
331
321
282
272
301
311
308
297
264
249
219
229
230
229
223
202
193
193
216
237
259
267
271
259
263
276
303
315
333
321
300
299
312
322
324
319
296
251
249
267
265
279
271
271
255
266
280
291
301
315
299
281
280
303
321
323
329
303
269
257
268
275
281
276
263
243
257
261
286
291
305
264
255
260
279
284
277
272
260
238
235
242
257
260
259
258
213
222
236
271
290
297
267
247
259
277
292
301
301
285
273
281
301
319
330
318
298
272
261
277
281
273
273
253
231
219
244
249
276
285
261
249
265
295
315
329
319
287
271
295
314
330
337
337
320
307
315
314
325
321
315
290
264
253
261
252
258
242
209
183
190
195
223
220
234
186
179
188
219
251
261
264
258
261
283
305
336
327
338
333
324
337
356
377
388
386
368
336
335
339
348
351
338
309
270
277
274
278
273
246
211
186
193
211
239
237
247
224
222
239
264
272
291
285
277
239
244
256
263
281
282
262
247
257
284
312
327
318
297
301
313
344
345
346
336
326
298
300
300
311
301
289
262
239
239
246
255
255
256
239
231
228
245
262
273
262
252
225
250
285
303
314
301
274
267
272
302
295
297
312
291
294
295
315
321
345
317
292
267
277
285
301
299
278
258
241
239
249
269
267
257
239
229
248
272
292
295
281
253
249
263
275
283
293
292
294
283
292
308
339
347
349
318
307
314
334
343
338
320
302
286
305
299
309
295
281
256
249
242
263
262
266
255
238
220
221
241
249
263
259
247
223
242
263
277
278
277
240
236
264
293
295
297
286
279
282
300
313
326
347
345
338
330
340
359
365
357
349
319
301
295
313
317
310
279
238
211
216
233
236
243
203
187
184
203
214
229
215
231
225
247
267
295
300
321
323
315
297
313
345
359
379
359
331
320
335
333
335
328
311
281
279
284
315
321
299
282
247
235
249
255
253
258
257
246
223
233
239
253
256
259
228
240
251
288
303
309
285
268
282
285
315
327
322
290
275
271
277
290
303
299
287
266
249
253
265
265
259
250
226
225
247
272
280
298
277
271
257
281
297
313
303
290
267
275
297
312
305
304
294
273
268
283
302
309
315
309
276
259
273
290
307
304
294
277
284
297
314
321
313
291
263
271
286
304
305
297
261
237
244
253
251
278
271
269
249
250
250
265
283
283
264
245
243
268
289
306
290
263
254
259
289
309
306
302
298
282
287
300
317
316
327
305
283
282
301
307
309
305
283
263
257
283
299
321
315
303
268
269
285
301
293
283
243
228
227
241
239
234
235
217
207
203
210
224
231
218
199
174
203
218
246
267
276
264
261
256
292
314
315
315
300
275
283
320
336
331
313
289
275
281
291
296
293
288
278
250
232
245
251
263
261
259
239
241
273
302
311
303
283
261
277
303
319
310
317
280
271
280
301
307
318
309
293
290
295
298
316
317
311
290
254
259
283
295
293
289
258
238
246
265
279
269
261
242
239
254
272
289
297
290
292
287
294
305
333
339
335
321
305
301
329
346
357
351
317
293
296
302
316
318
303
263
247
251
259
256
245
235
213
208
201
218
233
237
239
224
213
215
253
267
291
292
279
274
284
319
323
341
333
297
298
297
326
329
317
295
274
272
286
306
308
313
305
295
278
284
279
295
284
286
247
244
242
269
275
289
271
256
255
267
287
297
298
274
265
264
274
286
305
298
306
283
285
303
330
336
332
320
304
287
295
299
315
320
304
275
254
265
285
293
291
276
249
241
244
269
267
263
259
248
230
259
273
273
286
272
252
234
257
264
299
301
291
263
281
291
315
323
331
307
294
279
312
320
323
305
285
265
261
272
298
296
291
277
255
233
236
229
245
245
225
197
199
217
237
253
252
236
218
207
241
252
265
259
255
235
245
275
307
316
327
317
315
306
323
325
326
339
331
311
312
315
335
347
334
317
277
277
293
319
322
315
285
261
261
283
287
295
297
284
274
269
287
283
307
297
281
267
268
271
308
305
313
296
272
265
272
298
305
291
266
246
246
279
299
299
300
275
273
280
297
308
301
315
292
278
253
289
301
309
313
305
275
273
279
292
288
287
274
254
249
265
284
278
278
253
225
225
257
270
271
273
258
247
241
270
279
301
305
311
278
285
300
326
324
324
295
266
269
304
303
309
289
267
238
247
257
267
271
261
249
239
232
250
267
279
270
260
261
264
284
301
316
316
299
281
274
298
326
329
326
299
277
291
301
308
297
286
261
245
233
251
253
253
251
247
218
221
246
256
272
281
271
257
268
292
302
313
327
291
294
293
311
331
330
308
294
264
277
299
308
296
290
282
271
262
265
286
296
297
271
258
262
290
297
306
293
263
248
264
291
299
317
303
283
266
271
283
309
296
284
258
251
241
261
271
265
259
252
231
249
260
269
279
277
250
224
240
260
287
289
281
252
261
272
305
302
307
296
299
261
264
269
275
265
258
237
231
245
271
297
312
311
288
293
288
305
319
341
319
297
272
281
308
304
298
271
263
259
283
307
319
303
307
291
282
282
297
310
317
294
277
251
259
265
273
268
258
241
220
245
277
281
284
271
261
251
266
310
308
319
304
288
283
299
311
309
318
316
311
289
301
305
321
318
310
270
255
267
301
300
297
283
252
230
257
259
255
252
236
216
217
231
259
265
272
255
256
266
275
303
318
334
313
300
273
293
300
321
303
288
251
250
273
311
307
297
297
282
290
307
323
324
324
307
286
265
280
283
295
307
279
266
256
261
278
287
276
277
238
240
271
290
279
279
242
213
211
254
271
281
293
291
271
300
303
323
321
325
311
296
277
292
305
315
313
287
254
260
281
298
295
285
275
251
245
265
285
288
280
267
252
243
267
276
281
269
249
247
231
246
263
273
271
270
238
242
271
305
329
325
318
289
294
321
343
324
318
277
271
257
287
294
290
293
280
259
261
274
290
293
301
293
272
285
302
318
322
319
300
274
282
298
309
318
296
270
248
275
291
306
315
307
295
275
276
283
286
293
303
275
265
263
290
300
299
290
270
249
256
283
287
304
294
271
260
259
285
307
298
298
259
265
263
282
293
283
285
267
244
247
260
273
278
282
257
231
239
265
281
289
297
280
264
276
311
316
320
313
290
273
273
293
299
301
299
280
266
277
287
294
304
301
270
265
269
285
301
311
301
275
247
253
273
291
275
258
245
243
243
269
280
299
289
271
263
265
283
297
319
303
291
267
274
283
307
309
289
277
248
261
301
320
327
315
297
275
281
310
312
309
308
291
266
283
287
284
272
285
261
243
244
263
259
276
269
234
215
233
260
269
277
257
241
219
252
272
285
291
284
251
259
279
304
318
329
321
303
311
318
323
326
329
313
299
272
279
287
292
289
281
237
237
245
283
292
283
282
253
247
256
280
281
277
269
249
233
271
266
288
283
302
277
290
296
336
331
337
331
292
273
283
303
312
310
299
253
248
271
287
282
275
267
247
247
271
285
287
289
273
261
255
260
284
300
309
306
281
268
290
313
324
312
304
263
263
283
301
313
301
288
263
266
275
289
289
275
260
254
232
254
268
281
275
279
254
233
256
289
293
292
273
247
247
263
292
289
293
273
255
265
291
301
322
319
323
287
290
295
301
299
305
292
258
232
243
253
248
256
227
195
195
228
247
255
259
234
220
235
258
276
293
297
268
263
267
285
301
315
321
307
295
277
302
318
327
315
307
290
295
319
336
343
331
304
272
269
291
303
305
303
265
259
251
273
275
283
273
259
235
244
259
269
257
268
244
229
211
231
249
254
262
239
225
224
258
271
284
292
277
257
271
293
314
305
309
285
267
262
275
277
272
274
261
245
254
281
297
318
321
315
286
298
308
331
335
329
299
298
308
330
329
328
311
291
264
263
280
281
281
276
254
239
251
251
284
279
280
272
258
257
289
301
319
303
291
262
275
304
316
314
294
288
269
281
300
293
287
292
267
267
263
277
283
300
295
275
257
262
293
306
310
301
279
249
264
281
297
293
302
281
269
288
312
318
316
299
278
275
287
302
298
297
287
276
252
256
279
306
298
286
259
245
248
283
289
289
271
248
237
267
281
297
294
293
263
255
275
300
301
306
299
285
271
281
292
304
307
308
285
259
276
295
305
302
285
255
227
261
263
274
262
260
220
229
243
258
253
266
260
254
245
244
273
287
294
285
277
266
291
316
328
323
325
297
283
291
321
330
344
322
296
290
302
310
306
299
287
273
253
265
268
273
264
269
241
229
241
280
287
308
287
278
256
284
300
308
324
300
285
271
297
308
322
314
315
271
287
296
320
305
305
277
253
225
249
239
239
253
237
219
215
239
265
282
292
288
260
275
300
327
327
339
315
309
309
328
346
351
339
317
297
275
286
289
289
270
268
245
244
258
283
300
306
287
263
245
267
287
297
286
266
246
236
265
275
263
269
271
251
250
276
297
301
313
308
281
274
312
327
337
328
322
281
279
305
313
324
331
306
281
291
313
336
325
325
309
293
287
307
323
321
311
301
283
276
282
294
299
289
271
235
236
243
268
268
267
239
231
233
262
283
295
276
273
253
261
285
302
305
307
300
272
271
283
294
287
302
281
256
249
264
262
274
269
250
213
215
238
256
259
254
248
219
234
263
277
266
279
268
266
261
286
295
307
300
293
281
289
299
329
325
327
297
278
277
291
303
314
318
277
247
251
291
285
293
268
261
229
237
242
256
247
259
240
221
226
239
265
271
278
260
250
261
295
309
312
309
301
277
292
320
331
328
328
306
287
309
337
339
336
345
317
318
316
332
326
337
327
319
279
283
304
310
316
305
272
237
257
272
283
269
278
251
249
246
269
266
283
262
259
242
250
259
281
281
289
258
256
258
287
311
323
322
298
277
273
303
314
319
305
278
255
280
297
303
289
276
265
238
246
256
265
271
279
249
229
226
253
257
274
258
247
223
246
260
271
280
277
245
233
249
277
293
296
293
267
264
276
301
303
311
307
299
288
295
301
314
314
315
287
262
273
290
302
304
285
250
245
263
281
285
288
280
258
247
264
273
285
287
275
266
254
266
284
289
291
287
272
264
268
299
299
323
305
279
248
287
309
326
324
321
286
281
287
314
301
302
291
275
258
261
288
282
277
272
251
236
251
265
275
286
274
251
248
260
269
283
285
274
244
235
252
290
291
292
262
254
244
268
284
287
292
286
279
278
285
293
303
311
304
281
277
283
311
319
321
297
279
263
281
287
303
287
273
240
225
244
269
269
262
243
223
211
213
229
231
244
235
220
215
242
252
279
293
278
256
251
280
307
320
311
303
271
268
287
305
291
303
282
270
260
294
299
328
318
300
276
291
294
311
314
333
311
279
273
264
286
287
290
271
249
237
271
297
299
288
272
251
265
280
295
317
314
308
292
294
300
309
311
315
287
259
244
273
289
293
288
275
251
253
276
310
312
325
313
288
295
333
342
337
332
306
299
293
307
305
315
320
303
277
287
290
309
309
318
285
268
262
295
307
323
323
301
283
288
311
319
324
317
302
295
291
297
298
298
292
279
249
247
254
278
277
289
255
229
214
249
267
293
287
275
249
263
283
304
299
293
273
259
266
291
294
303
304
289
265
273
291
309
311
316
300
269
266
278
285
297
294
259
230
241
260
273
273
275
235
230
231
252
247
272
261
263
241
257
257
272
277
279
263
250
261
279
287
299
293
263
248
255
284
289
306
289
270
259
277
297
316
311
321
298
294
299
319
320
313
308
285
264
259
274
281
295
291
270
243
251
274
285
295
282
255
245
265
290
287
281
280
261
259
269
301
313
337
327
310
291
308
315
317
318
309
269
248
237
253
260
275
255
217
214
236
266
285
302
282
279
265
285
291
309
301
309
280
278
271
286
302
316
314
291
279
303
300
311
313
298
269
252
248
286
294
291
281
247
226
241
264
276
276
276
252
236
241
256
256
255
263
245
228
247
245
269
276
282
245
237
251
291
302
310
289
271
264
281
291
300
309
301
277
270
295
314
323
324
319
294
278
291
301
312
326
320
269
250
252
264
271
283
260
253
242
269
289
301
283
277
259
254
285
313
311
324
308
289
275
284
291
295
301
283
278
253
279
296
307
293
292
258
249
255
288
289
294
279
247
239
269
279
281
283
271
255
252
276
291
301
321
303
283
280
276
286
289
297
269
230
229
239
261
269
259
237
222
212
242
249
267
262
256
229
242
249
270
288
294
277
281
269
285
298
310
313
309
285
269
297
332
341
343
337
302
301
311
335
325
331
309
287
293
300
301
309
299
286
269
253
267
280
283
281
275
244
246
257
275
272
263
252
227
221
248
264
287
284
261
251
256
285
300
313
306
299
280
289
285
304
315
324
303
284
272
294
300
311
296
287
251
256
267
286
282
285
257
240
239
259
288
304
299
284
276
281
303
321
309
317
309
286
277
285
294
308
304
297
249
259
276
293
303
288
254
232
232
256
258
262
263
245
228
240
260
289
293
295
283
265
278
289
296
307
322
305
283
282
304
318
342
336
307
284
288
304
313
323
294
278
250
264
271
284
275
271
255
244
246
281
279
293
288
281
267
271
291
312
311
315
296
285
290
302
330
322
321
281
266
260
294
305
305
288
271
258
267
287
288
291
305
280
272
277
297
294
307
305
272
253
263
291
315
327
313
292
268
282
293
314
317
312
290
278
288
303
305
309
304
276
284
282
287
292
316
288
275
246
245
255
283
279
275
252
222
244
261
279
272
265
237
228
247
260
255
268
256
233
213
232
241
253
262
268
253
247
271
293
303
307
313
278
268
277
295
309
303
294
264
251
273
291
315
315
302
275
278
305
311
316
317
305
275
273
269
285
299
307
289
268
257
263
273
294
297
280
245
231
241
261
271
269
254
235
232
250
262
271
275
265
262
252
267
275
285
292
289
267
251
262
288
305
311
297
268
264
278
297
299
305
284
266
260
284
288
311
305
293
267
270
285
293
301
298
299
269
255
265
287
294
301
293
268
251
275
283
304
305
280
256
259
280
295
289
289
270
258
259
269
287
289
303
286
280
267
273
287
290
291
283
259
249
269
277
295
298
275
241
233
255
275
293
298
276
270
265
284
306
314
311
312
293
293
315
334
338
347
335
301
294
310
325
331
331
297
269
251
265
274
281
270
246
219
234
256
273
276
279
259
250
267
290
313
311
321
307
283
272
293
295
317
312
283
264
256
259
287
298
281
264
243
255
267
297
293
300
278
277
256
291
301
315
307
311
273
269
300
311
316
313
310
291
275
293
303
321
309
285
250
254
281
299
303
297
283
258
259
275
277
263
267
247
230
222
239
241
256
259
236
231
231
251
271
293
293
282
271
269
276
311
326
321
297
279
284
305
317
313
312
292
275
280
301
300
314
309
296
264
263
267
296
289
290
265
247
242
271
279
289
277
254
240
241
268
271
282
266
253
226
239
253
275
279
278
254
247
253
275
275
295
299
287
273
269
300
307
327
311
285
253
267
285
297
297
304
271
262
270
294
301
313
312
303
293
304
315
334
340
325
315
289
294
299
317
314
314
298
266
254
271
277
285
263
235
213
221
243
243
241
235
229
207
211
221
233
235
237
227
220
212
247
260
267
283
269
256
268
301
323
339
337
307
291
304
319
340
327
328
293
281
281
291
288
303
287
273
249
253
256
279
276
273
263
248
247
262
291
301
288
261
261
262
291
299
305
286
265
258
271
295
309
308
295
290
262
270
276
282
273
279
257
249
244
264
274
289
282
266
252
268
287
309
328
315
303
296
313
330
339
326
330
317
300
307
327
323
327
316
299
280
294
317
327
333
321
301
282
297
301
320
320
304
273
265
263
293
301
297
277
263
241
259
280
291
284
282
269
252
264
272
300
294
297
268
263
262
304
301
305
292
273
249
268
306
316
309
307
281
263
282
305
300
294
299
277
265
265
287
280
284
276
251
239
254
269
285
286
272
237
219
240
265
284
277
266
253
255
276
287
281
300
282
263
255
276
276
287
289
273
248
246
257
268
296
303
298
271
271
274
295
304
306
292
272
271
289
312
294
297
290
268
263
287
285
286
296
288
268
255
252
293
297
297
275
266
249
265
291
292
287
275
248
232
248
257
263
260
239
215
229
234
260
272
290
269
272
276
296
293
310
316
307
285
281
293
302
303
294
267
228
218
233
256
267
267
242
232
239
257
271
273
273
267
255
256
281
289
295
279
270
255
241
244
269
271
279
264
252
238
271
297
313
315
301
264
273
296
314
307
296
295
268
278
273
292
292
293
275
263
250
258
271
282
277
265
247
242
259
264
276
283
264
242
259
277
297
305
303
278
263
273
294
306
308
300
293
269
268
277
291
300
301
297
273
264
275
299
314
305
284
268
257
285
304
305
290
267
235
236
257
271
266
257
246
214
225
235
254
238
255
249
235
241
266
279
312
310
304
270
276
307
328
335
329
297
277
272
294
301
297
285
274
268
264
291
293
296
287
270
250
255
260
273
291
291
283
253
262
267
295
306
305
273
265
265
305
311
322
297
293
277
289
299
310
303
295
277
261
250
273
296
300
295
280
275
272
303
309
322
307
291
257
265
283
304
297
305
289
263
268
303
317
306
294
288
271
275
307
297
306
303
292
268
273
287
301
306
300
283
267
281
302
321
330
320
301
285
282
321
313
321
302
289
268
285
292
299
288
285
262
261
257
285
308
313
323
304
297
287
311
329
344
328
305
271
285
303
308
284
278
261
249
252
267
271
266
267
254
248
251
280
285
292
295
286
268
277
300
309
311
328
298
282
298
337
347
352
336
311
295
304
319
308
316
292
283
272
283
272
286
291
284
261
251
238
272
271
277
271
235
229
251
276
286
288
271
249
238
250
272
287
280
291
257
275
281
306
323
311
310
306
297
293
306
307
317
310
279
250
258
285
287
276
280
243
225
233
265
