03070420.PTO
COBN
2012/03/07 04:20:16.5600
100.0000 m/s  
7916 muestras
-4430
-4332
-4278
-4351
-4464
-4432
-4383
-4521
-4892
-5154
-5221
-5091
-5089
-5126
-5135
-4921
-4522
-4253
-4100
-4078
-3860
-3683
-3527
-3721
-4080
-4378
-4646
-4736
-4880
-4799
-4791
-4801
-4897
-4880
-4662
-4275
-3958
-3832
-3836
-4017
-4179
-4368
-4303
-4292
-4371
-4606
-4881
-5060
-5127
-5068
-5072
-5194
-5209
-5050
-4937
-4903
-4928
-4821
-4648
-4448
-4279
-4149
-3998
-3840
-3823
-3839
-3827
-3967
-4281
-4555
-4689
-4812
-4877
-4900
-4912
-4973
-5017
-5076
-5111
-4965
-4839
-4833
-4855
-4898
-4955
-5028
-5002
-4976
-4884
-4785
-4755
-4848
-4986
-4867
-4666
-4447
-4399
-4335
-4351
-4510
-4659
-4690
-4694
-4770
-4841
-4961
-4949
-4931
-4861
-4802
-4700
-4688
-4856
-5035
-5205
-5103
-4952
-4788
-4608
-4533
-4348
-4234
-4234
-4318
-4362
-4289
-4382
-4609
-4823
-4900
-4898
-4925
-4870
-4718
-4582
-4632
-4719
-4850
-4897
-4979
-5102
-5238
-5383
-5472
-5539
-5402
-5261
-4978
-4751
-4540
-4393
-4256
-4115
-3963
-3799
-3758
-3784
-3893
-4024
-4054
-4061
-4137
-4223
-4401
-4489
-4535
-4504
-4621
-4752
-4874
-4991
-5186
-5361
-5424
-5429
-5352
-5224
-4967
-4814
-4620
-4472
-4381
-4297
-4198
-4035
-3883
-3774
-3779
-3860
-3956
-4084
-4252
-4402
-4507
-4605
-4632
-4592
-4441
-4389
-4383
-4476
-4597
-4632
-4630
-4521
-4452
-4393
-4414
-4410
-4400
-4269
-4139
-4059
-4099
-4182
-4254
-4389
-4390
-4423
-4422
-4486
-4484
-4453
-4446
-4437
-4496
-4610
-4740
-4787
-4872
-4856
-4851
-4874
-4873
-4734
-4641
-4541
-4360
-4246
-4248
-4231
-4189
-4298
-4345
-4367
-4347
-4435
-4482
-4533
-4558
-4559
-4466
-4459
-4609
-4666
-4738
-4744
-4704
-4574
-4522
-4532
-4492
-4387
-4217
-4078
-3983
-3902
-3870
-3925
-4079
-4154
-4267
-4476
-4584
-4536
-4564
-4607
-4547
-4505
-4467
-4428
-4410
-4540
-4584
-4594
-4619
-4659
-4655
-4605
-4606
-4569
-4599
-4552
-4531
-4584
-4649
-4643
-4636
-4685
-4667
-4635
-4699
-4823
-4854
-4828
-4755
-4666
-4459
-4296
-4217
-4174
-4166
-4319
-4417
-4501
-4553
-4529
-4547
-4448
-4424
-4406
-4477
-4455
-4463
-4518
-4580
-4545
-4554
-4536
-4469
-4512
-4506
-4471
-4400
-4354
-4316
-4346
-4252
-4233
-4280
-4449
-4506
-4643
-4786
-4820
-4864
-4821
-4819
-4677
-4583
-4475
-4329
-4223
-4148
-4051
-4062
-4110
-4188
-4247
-4299
-4307
-4354
-4371
-4399
-4497
-4509
-4629
-4674
-4651
-4646
-4639
-4567
-4428
-4383
-4270
-4192
-4248
-4201
-4211
-4255
-4309
-4298
-4356
-4329
-4298
-4301
-4334
-4377
-4326
-4318
-4218
-4207
-4272
-4351
-4318
-4311
-4242
-4266
-4326
-4363
-4379
-4373
-4380
-4277
-4205
-4117
-4058
-3992
-3958
-3971
-4022
-3981
-4035
-4249
-4347
-4424
-4532
-4553
-4463
-4440
-4432
-4371
-4370
-4368
-4334
-4322
-4346
-4263
-4248
-4296
-4404
-4447
-4473
-4462
-4435
-4453
-4360
-4303
-4307
-4321
-4228
-4253
-4287
-4381
-4380
-4394
-4400
-4268
-4205
-4109
-4092
-4068
-4050
-4050
-4111
-4209
-4296
-4344
-4334
-4368
-4321
-4322
-4367
-4333
-4308
-4317
-4289
-4217
-4190
-4112
-4040
-3956
-3919
-3889
-3900
-3950
-4012
-4020
-4054
-4061
-4037
-4062
-4046
-4111
-4149
-4164
-4161
-4149
-4041
-4000
-3987
-3909
-3872
-3915
-3940
-3989
-4045
-4085
-4169
-4216
-4243
-4183
-4200
-4191
-4153
-4165
-4228
-4201
-4180
-4234
-4189
-4172
-4149
-4164
-4159
-4156
-4201
-4145
-4123
-4159
-4202
-4237
-4216
-4269
-4375
-4470
-4453
-4269
-4021
-4028
-4317
-4598
-4698
-4437
-4130
-4186
-4467
-4657
-4703
-4553
-4350
-4355
-4514
-4569
-4386
-4251
-4279
-4261
-4213
-4264
-4210
-4137
-3954
-3544
-3219
-3424
-3974
-4317
-4164
-3864
-3621
-3884
-4749
-5315
-5496
-5079
-4526
-4019
-3791
-3602
-3096
-2642
-2694
-3328
-4196
-4845
-4863
-4536
-4488
-4786
-4574
-3583
-2439
-1989
-2062
-2933
-4365
-5840
-6573
-6382
-5758
-5039
-4286
-3342
-2672
-2965
-3992
-4742
-5139
-4948
-4418
-3332
-2529
-2455
-3119
-4509
-5002
-5327
-5994
-5989
-5728
-5209
-4127
-2667
-1662
-2202
-3772
-5225
-5769
-5439
-4861
-4017
-3213
-2970
-3440
-3741
-3955
-4742
-5373
-5749
-5193
-4210
-3503
-3330
-3826
-4667
-5562
-5218
-3996
-3514
-3445
-3492
-3919
-4170
-4423
-4341
-3943
-4111
-4417
-4121
-3608
-3513
-4105
-4259
-3776
-4086
-4628
-5047
-5160
-4329
-3460
-2800
-2445
-3355
-4625
-5407
-5597
-5134
-4672
-4245
-3580
-3002
-3016
-3042
-2899
-3195
-4090
-5074
-5561
-5314
-4304
-3360
-3083
-3698
-4778
-5638
-5522
-4852
-4891
-4630
-3680
-2717
-2096
-2518
-3890
-5517
-6695
-6716
-4887
-2662
-2212
-2932
-3862
-4605
-5220
-5600
-5572
-5314
-4577
-3734
-2910
-2399
-3052
-4340
-5281
-6197
-6542
-5325
-3752
-2947
-2949
-3676
-4397
-4832
-5537
-6167
-5897
-5144
-4348
-3433
-2928
-2938
-3360
-4476
-5436
-5655
-5561
-4863
-3483
-2042
-2107
-3582
-4766
-5502
-5731
-5303
-4642
-3943
-3475
-3592
-3849
-4356
-5574
-6349
-5958
-5275
-4635
-3776
-2802
-2569
-3236
-4507
-5549
-6015
-6241
-5799
-4700
-3442
-3162
-3656
-4470
-5471
-6130
-6216
-5758
-4638
-3536
-3464
-3428
-3306
-3912
-5146
-6465
-7140
-6719
-5368
-3842
-2741
-2715
-3752
-4768
-5460
-6042
-6100
-5126
-3872
-3348
-3465
-3736
-4156
-5012
-6099
-6649
-6040
-5235
-4615
-3619
-3005
-3380
-4381
-5495
-6331
-6542
-6324
-5534
-4187
-3051
-2712
-3103
-4101
-5599
-6538
-6666
-6230
-5405
-4489
-3699
-3196
-3430
-4555
-5574
-5911
-5846
-5306
-4251
-3365
-3394
-4051
-4859
-5575
-6382
-7296
-7193
-5984
-4397
-3342
-3026
-3440
-4392
-5472
-6206
-6068
-5462
-4972
-4656
-4121
-3903
-4459
-5182
-5684
-6091
-6062
-5358
-4511
-3758
-3259
-3382
-3947
-4846
-5699
-6065
-5774
-5222
-4631
-3898
-3324
-3475
-4773
-6034
-6548
-6461
-5825
-4828
-3914
-3409
-3433
-4031
-4903
-5748
-6335
-6561
-5760
-4123
-3080
-2889
-3186
-4115
-5387
-6262
-6550
-6481
-5941
-5033
-4038
-3476
-3614
-4153
-4932
-5787
-6372
-6051
-5076
-3992
-3434
-3493
-3888
-4548
-5402
-6073
-5874
-5276
-4759
-4184
-3664
-3743
-4265
-4990
-5569
-5702
-5583
-5423
-4912
-4185
-3858
-3991
-4390
-5090
-5946
-6160
-5812
-5187
-4540
-3907
-3665
-3932
-4603
-5342
-5720
-5755
-5383
-4800
-3864
-3226
-3101
-3726
-4604
-5217
-5942
-6222
-5594
-4406
-3647
-3388
-3728
-4377
-5183
-5778
-5947
-5682
-5000
-4275
-3559
-3192
-3336
-4114
-4910
-5605
-6031
-5716
-4685
-3782
-3387
-3361
-3889
-4691
-5433
-5760
-5678
-5014
-4381
-3972
-3569
-3356
-3777
-4718
-5364
-5728
-5629
-5093
-4163
-3367
-2960
-3094
-3848
-4762
-5400
-5711
-5501
-4693
-3992
-3614
-3361
-3464
-4324
-5038
-5344
-5469
-5305
-4668
-4033
-3689
-3667
-4161
-4704
-5158
-5529
-5564
-4996
-4249
-3717
-3635
-3895
-4277
-4750
-5221
-5491
-5260
-4674
-3981
-3458
-3299
-3526
-4194
-4943
-5288
-5248
-5011
-4486
-3771
-3327
-3407
-3731
-4202
-4818
-5094
-4874
-4423
-3972
-3674
-3456
-3395
-3831
-4586
-5203
-5287
-5016
-4515
-3789
-3212
-3105
-3563
-4250
-4900
-5192
-5197
-4874
-4243
-3667
-3178
-3040
-3315
-3892
-4538
-4868
-4892
-4515
-3952
-3459
-3265
-3447
-3843
-4326
-4722
-4927
-4890
-4576
-3958
-3466
-3352
-3748
-4262
-4766
-5166
-5200
-4691
-3982
-3479
-3180
-3150
-3355
-3932
-4546
-4851
-4709
-4379
-3751
-3224
-2991
-3211
-3833
-4386
-4903
-5004
-4777
-4243
-3697
-3401
-3300
-3457
-3897
-4440
-4767
-4789
-4510
-4119
-3746
-3385
-3353
-3770
-4282
-4634
-4918
-4910
-4463
-3944
-3434
-3168
-3392
-3883
-4261
-4573
-4712
-4454
-3968
-3541
-3317
-3198
-3477
-4037
-4555
-4906
-4931
-4651
-4164
-3675
-3212
-3162
-3601
-4102
-4520
-4867
-4953
-4402
-3703
-3398
-3317
-3363
-3772
-4414
-4708
-4717
-4645
-4290
-3781
-3464
-3395
-3576
-4058
-4565
-4757
-4774
-4587
-4093
-3602
-3381
-3358
-3576
-4065
-4485
-4710
-4677
-4355
-3834
-3424
-3321
-3451
-3790
-4403
-4772
-4731
-4531
-4279
-3812
-3241
-3239
-3542
-3934
-4318
-4802
-4897
-4578
-4206
-3791
-3541
-3527
-3797
-4134
-4528
-4690
-4626
-4343
-3958
-3602
-3418
-3516
-3804
-4226
-4576
-4774
-4659
-4288
-3908
-3572
-3438
-3632
-3951
-4322
-4664
-4792
-4536
-4116
-3830
-3583
-3505
-3817
-4224
-4551
-4717
-4645
-4360
-3929
-3570
-3412
-3516
-3838
-4261
-4623
-4739
-4600
-4235
-3869
-3620
-3506
-3765
-4184
-4644
-4918
-4928
-4692
-4283
-3921
-3733
-3665
-3858
-4333
-4710
-4886
-4872
-4718
-4258
-3829
-3707
-3843
-4066
-4416
-4722
-4908
-4746
-4371
-4073
-3837
-3803
-3851
-4269
-4659
-4916
-4968
-4834
-4499
-4101
-3915
-3878
-4104
-4417
-4816
-4964
-4974
-4782
-4364
-4103
-4039
-4145
-4353
-4764
-5052
-5143
-5004
-4658
-4258
-3976
-3864
-4002
-4373
-4693
-4905
-4922
-4784
-4499
-4227
-4044
-4129
-4301
-4600
-4911
-5109
-5116
-4902
-4615
-4314
-4214
-4218
-4468
-4758
-5023
-5093
-5017
-4809
-4475
-4203
-4134
-4328
-4624
-4892
-5072
-5171
-4980
-4718
-4433
-4254
-4246
-4408
-4725
-5031
-5188
-5165
-5071
-4795
-4475
-4353
-4452
-4649
-4922
-5165
-5313
-5176
-4876
-4639
-4387
-4336
-4426
-4758
-5068
-5342
-5474
-5271
-5057
-4811
-4617
-4541
-4708
-4959
-5271
-5340
-5301
-5105
-4766
-4532
-4407
-4537
-4800
-5114
-5253
-5380
-5319
-5047
-4822
-4698
-4551
-4568
-4858
-5134
-5307
-5350
-5276
-5023
-4702
-4588
-4577
-4719
-4960
-5227
-5382
-5309
-5147
-4827
-4555
-4455
-4505
-4678
-4940
-5164
-5261
-5198
-4961
-4704
-4637
-4539
-4657
-4905
-5147
-5286
-5249
-5139
-4876
-4658
-4516
-4567
-4672
-4890
-5136
-5315
-5252
-5118
-4940
-4683
-4594
-4670
-4864
-5084
-5308
-5363
-5244
-5018
-4797
-4587
-4514
-4707
-4922
-5109
-5308
-5342
-5209
-4939
-4748
-4600
-4590
-4831
-4973
-5185
-5357
-5345
-5210
-4902
-4686
-4492
-4490
-4658
-4866
-5129
-5159
-5176
-5027
-4769
-4643
-4622
-4711
-4886
-5108
-5265
-5262
-5123
-4946
-4674
-4519
-4499
-4592
-4823
-5019
-5122
-5089
-4913
-4672
-4474
-4384
-4393
-4568
-4791
-4985
-5090
-5000
-4820
-4662
-4512
-4439
-4537
-4684
-4933
-5143
-5160
-4983
-4761
-4553
-4353
-4322
-4476
-4692
-4899
-5093
-5027
-4889
-4747
-4554
-4429
-4429
-4589
-4746
-4847
-4913
-4878
-4714
-4449
-4273
-4245
-4327
-4550
-4798
-4980
-5002
-4945
-4767
-4529
-4401
-4440
-4480
-4724
-4955
-4966
-4945
-4784
-4485
-4310
-4320
-4267
-4460
-4694
-4823
-4849
-4806
-4609
-4421
-4272
-4220
-4321
-4443
-4639
-4759
-4771
-4620
-4464
-4263
-4117
-4010
-4118
-4309
-4515
-4648
-4608
-4541
-4343
-4109
-4030
-4038
-4186
-4410
-4576
-4663
-4620
-4551
-4383
-4253
-4200
-4318
-4462
-4665
-4766
-4740
-4651
-4491
-4307
-4152
-4129
-4204
-4344
-4511
-4635
-4599
-4539
-4323
-4158
-4059
-4045
-4164
-4357
-4482
-4539
-4548
-4381
-4237
-4086
-4076
-4109
-4209
-4462
-4594
-4578
-4543
-4469
-4205
-4090
-4173
-4221
-4343
-4591
-4694
-4582
-4534
-4387
-4168
-4058
-4033
-4120
-4239
-4405
-4419
-4346
-4310
-4145
-4069
-4071
-4062
-4136
-4374
-4507
-4459
-4406
-4283
-4029
-3830
-3873
-4006
-4111
-4289
-4436
-4399
-4306
-4238
-4142
-4019
-4089
-4205
-4280
-4360
-4441
-4414
-4293
-4149
-3976
-3910
-3925
-3981
-4114
-4254
-4256
-4213
-4120
-3926
-3797
-3810
-3826
-3900
-4099
-4277
-4255
-4173
-4066
-3954
-3808
-3807
-3958
-4077
-4232
-4263
-4261
-4187
-4059
-3929
-3845
-3836
-3902
-4056
-4152
-4160
-4180
-4090
-3942
-3801
-3723
-3777
-3899
-3995
-4087
-4208
-4115
-3993
-3915
-3819
-3732
-3881
-4035
-4085
-4214
-4221
-4098
-4027
-4004
-3806
-3841
-4032
-4105
-4195
-4324
-4324
-4162
-4092
-4050
-3942
-3913
-4037
-4169
-4232
-4289
-4297
-4109
-4059
-4024
-3925
-3958
-4184
-4323
-4299
-4395
-4322
-4141
-4110
-4122
-4042
-4118
-4252
-4332
-4317
-4378
-4331
-4145
-4081
-4029
-4046
-4217
-4365
-4414
-4455
-4414
-4343
-4199
-4160
-4134
-4194
-4292
-4438
-4495
-4439
-4378
-4226
-4081
-4055
-4088
-4163
-4283
-4349
-4441
-4395
-4334
-4252
-4159
-4127
-4251
-4275
-4368
-4497
-4540
-4498
-4417
-4383
-4301
-4383
-4395
-4461
-4546
-4596
-4550
-4506
-4371
-4246
-4189
-4169
-4214
-4284
-4388
-4381
-4389
-4346
-4248
-4145
-4166
-4209
-4338
-4516
-4562
-4564
-4606
-4564
-4474
-4385
-4406
-4468
-4555
-4685
-4726
-4749
-4696
-4522
-4409
-4426
-4400
-4427
-4478
-4576
-4527
-4531
-4502
-4408
-4323
-4329
-4372
-4446
-4605
-4659
-4696
-4635
-4597
-4467
-4398
-4369
-4454
-4503
-4660
-4784
-4790
-4730
-4591
-4577
-4464
-4413
-4395
-4546
-4660
-4693
-4655
-4642
-4558
-4442
-4439
-4443
-4504
-4606
-4740
-4706
-4688
-4615
-4561
-4500
-4560
-4565
-4576
-4692
-4714
-4704
-4622
-4570
-4380
-4298
-4335
-4473
-4505
-4606
-4715
-4660
-4603
-4530
-4489
-4404
-4440
-4555
-4617
-4673
-4771
-4728
-4602
-4572
-4542
-4470
-4507
-4558
-4635
-4678
-4659
-4655
-4609
-4466
-4349
-4359
-4376
-4500
-4577
-4524
-4487
-4424
-4371
-4349
-4343
-4332
-4391
-4504
-4556
-4598
-4636
-4538
-4426
-4368
-4343
-4462
-4516
-4632
-4645
-4690
-4663
-4525
-4524
-4379
-4328
-4378
-4504
-4594
-4552
-4563
-4621
-4486
-4440
-4457
-4393
-4402
-4492
-4663
-4635
-4620
-4608
-4482
-4435
-4413
-4408
-4500
-4562
-4612
-4661
-4578
-4544
-4506
-4402
-4361
-4434
-4540
-4619
-4672
-4675
-4609
-4507
-4492
-4427
-4435
-4556
-4702
-4746
-4760
-4788
-4742
-4705
-4544
-4599
-4620
-4656
-4779
-4778
-4850
-4797
-4728
-4552
-4510
-4492
-4553
-4663
-4662
-4731
-4708
-4699
-4617
-4563
-4491
-4488
-4561
-4691
-4717
-4668
-4664
-4625
-4580
-4518
-4476
-4494
-4531
-4610
-4728
-4728
-4699
-4598
-4572
-4582
-4587
-4583
-4693
-4705
-4696
-4757
-4671
-4634
-4587
-4628
-4624
-4624
-4706
-4734
-4754
-4716
-4696
-4611
-4486
-4490
-4520
-4564
-4640
-4688
-4744
-4764
-4724
-4709
-4734
-4685
-4641
-4789
-4832
-4862
-4885
-4823
-4770
-4681
-4700
-4737
-4788
-4830
-4952
-5021
-4917
-4868
-4824
-4750
-4710
-4716
-4768
-4806
-4813
-4837
-4792
-4733
-4722
-4706
-4654
-4655
-4700
-4853
-4949
-4870
-4876
-4828
-4748
-4760
-4796
-4792
-4789
-4842
-4864
-4876
-4819
-4753
-4715
-4666
-4683
-4751
-4826
-4820
-4788
-4841
-4869
-4738
-4673
-4698
-4756
-4812
-4917
-4955
-4916
-4918
-4869
-4824
-4756
-4769
-4819
-4830
-4856
-4889
-4822
-4776
-4728
-4682
-4636
-4624
-4633
-4659
-4746
-4732
-4739
-4679
-4597
-4579
-4608
-4582
-4617
-4664
-4713
-4779
-4668
-4640
-4569
-4606
-4602
-4585
-4668
-4692
-4692
-4601
-4661
-4558
-4450
-4495
-4467
-4492
-4656
-4764
-4665
-4718
-4692
-4546
-4545
-4584
-4558
-4507
-4627
-4624
-4573
-4584
-4514
-4433
-4468
-4602
-4525
-4536
-4684
-4665
-4565
-4560
-4578
-4428
-4430
-4580
-4592
-4556
-4617
-4606
-4487
-4563
-4573
-4418
-4412
-4500
-4437
-4468
-4611
-4604
-4561
-4544
-4520
-4460
-4478
-4538
-4515
-4571
-4637
-4524
-4535
-4483
-4329
-4326
-4384
-4378
-4312
-4439
-4502
-4425
-4444
-4405
-4282
-4333
-4378
-4452
-4517
-4506
-4562
-4544
-4554
-4430
-4399
-4406
-4334
-4424
-4530
-4486
-4470
-4495
-4480
-4438
-4404
-4473
-4420
-4405
-4468
-4482
-4426
-4343
-4290
-4282
-4273
-4312
-4355
-4362
-4396
-4458
-4442
-4384
-4271
-4210
-4286
-4264
-4340
-4442
-4459
-4411
-4385
-4322
-4277
-4276
-4250
-4363
-4358
-4329
-4386
-4361
-4311
-4220
-4185
-4239
-4225
-4216
-4340
-4425
-4375
-4336
-4322
-4264
-4176
-4214
-4266
-4288
-4325
-4374
-4419
-4319
-4284
-4269
-4251
-4287
-4290
-4331
-4351
-4347
-4351
-4285
-4241
-4242
-4265
-4202
-4250
-4306
-4275
-4335
-4313
-4295
-4342
-4315
-4264
-4376
-4390
-4431
-4406
-4457
-4491
-4388
-4347
-4291
-4336
-4389
-4437
-4447
-4442
-4403
-4386
-4291
-4273
-4292
-4291
-4289
-4293
-4426
-4415
-4380
-4392
-4351
-4319
-4271
-4289
-4311
-4309
-4368
-4368
-4308
-4292
-4298
-4273
-4240
-4326
-4354
-4344
-4444
-4382
-4344
-4381
-4277
-4210
-4263
-4259
-4230
-4303
-4324
-4238
-4255
-4320
-4316
-4281
-4304
-4336
-4307
-4327
-4426
-4364
-4262
-4291
-4245
-4206
-4236
-4316
-4285
-4323
-4400
-4319
-4237
-4263
-4185
-4163
-4227
-4225
-4143
-4144
-4233
-4159
-4159
-4148
-4193
-4170
-4252
-4347
-4379
-4325
-4341
-4265
-4129
-4242
-4188
-4179
-4243
-4333
-4270
-4298
-4333
-4278
-4263
-4256
-4239
-4194
-4295
-4337
-4345
-4343
-4293
-4283
-4205
-4231
-4297
-4302
-4300
-4285
-4301
-4318
-4336
-4268
-4326
-4315
-4295
-4312
-4367
-4411
-4342
-4392
-4362
-4283
-4173
-4255
-4239
-4170
-4271
-4275
-4260
-4241
-4263
-4210
-4160
-4177
-4232
-4200
-4232
-4272
-4251
-4251
-4238
-4258
-4275
-4260
-4282
-4336
-4311
-4308
-4259
-4295
-4249
-4235
-4281
-4266
-4258
-4262
-4294
-4240
-4246
-4195
-4167
-4173
-4201
-4207
-4239
-4261
-4220
-4204
-4212
-4222
-4116
-4103
-4077
-4108
-4122
-4058
-4112
-4137
-4083
-4049
-3981
-3951
-3984
-3987
-4095
-4093
-4085
-4087
-4082
-4024
-3956
-3979
-4031
-4049
-4025
-4088
-4083
-4084
-4034
-3998
-3981
-3983
-4033
-4080
-4069
-4120
-4111
-4137
-4121
-4052
-4125
-4087
-4193
-4240
-4117
-4024
-4075
-4037
-4019
-4074
-4046
-4037
-4055
-4080
-4062
-4080
-4074
-4000
-4000
-4039
-4041
-4070
-4196
-4188
-4196
-4255
-4185
-4184
-4169
-4260
-4243
-4219
-4318
-4330
-4300
-4309
-4307
-4309
-4234
-4276
-4330
-4308
-4348
-4366
-4356
-4335
-4343
-4284
-4292
-4249
-4267
-4269
-4322
-4306
-4290
-4266
-4283
-4370
-4349
-4408
-4367
-4343
-4367
-4368
-4384
-4453
-4451
-4444
-4432
-4485
-4488
-4465
-4490
-4532
-4543
-4518
-4541
-4491
-4477
-4509
-4608
-4571
-4545
-4533
-4527
-4533
-4540
-4541
-4530
-4552
-4573
-4609
-4661
-4654
-4645
-4640
-4627
-4637
-4581
-4625
-4666
-4714
-4653
-4668
-4613
-4631
-4673
-4704
-4706
-4753
-4782
-4735
-4836
-4817
-4827
-4785
-4852
-4841
-4856
-4878
-4974
-4960
-4971
-4962
-4892
-4926
-4879
-4917
-4933
-5027
-4994
-5022
-5020
-4978
-4954
-4909
-4954
-4953
-4949
-4987
-5037
-4990
-4941
-4969
-4951
-4943
-5025
-5004
-4963
-4962
-4953
-4934
-4942
-4953
-4963
-4998
-5005
-5033
-5090
-5097
-5125
-5135
-5107
-5133
-5100
-5139
-5125
-5190
-5136
-5177
-5161
-5098
-5088
-5009
-5046
-4976
-5078
-5033
-5117
-5084
-5094
-5062
-5089
-5108
-5052
-5160
-5090
-5213
-5139
-5192
-5117
-5134
-5134
-5044
-5067
-5054
-5165
-5137
-5174
-5191
-5211
-5185
-5220
-5193
-5204
-5242
-5294
-5261
-5211
-5257
-5252
-5278
-5292
-5283
-5209
-5252
-5175
-5204
-5259
-5287
-5231
-5204
-5220
-5147
-5156
-5176
-5151
-5163
-5154
-5107
-5134
-5097
-5132
-5090
-5155
-5217
-5268
-5242
-5211
-5206
-5176
-5187
-5236
-5258
-5297
-5351
-5388
-5416
-5325
-5366
-5346
-5373
-5397
-5387
-5368
-5343
-5296
-5290
-5284
-5235
-5202
-5182
-5182
-5206
-5242
-5229
-5243
-5263
-5219
-5133
-5129
-5167
-5163
-5157
-5201
-5198
-5207
-5197
-5149
-5124
-5152
-5147
-5158
-5195
-5212
-5216
-5205
-5169
-5181
-5199
-5161
-5173
-5192
-5195
-5140
-5122
-5120
-5130
-5123
-5087
-5124
-5141
-5144
-5142
-5149
-5124
-5077
-5034
-4971
-5009
-4998
-5012
-5053
-5080
-5065
-5002
-4997
-4974
-4970
-4961
-4985
-4956
-4953
-4969
-5000
-4963
-4954
-4995
-4912
-4909
-4902
-4923
-4932
-4928
-4950
-4906
-4882
-4911
-4902
-4881
-4932
-4940
-4914
-4961
-4885
-4912
-4905
-4850
-4780
-4823
-4711
-4636
-4720
-4630
-4645
-4525
-4559
-4493
-4495
-4456
-4575
-4586
-4573
-4606
-4575
-4565
-4504
-4565
-4529
-4532
-4504
-4590
-4504
-4551
-4491
-4482
-4453
-4404
-4399
-4449
-4445
-4408
-4465
-4429
-4434
-4382
-4419
-4398
-4456
-4428
-4430
-4408
-4415
-4365
-4314
-4335
-4301
-4282
-4269
-4307
-4279
-4276
-4255
-4240
-4172
-4071
-4058
-4034
-4053
-4066
-4061
-4100
-4093
-4096
-4034
-4046
-4087
-4068
-4039
-4083
-4159
-4058
-4002
-4001
-3971
-3940
-3975
-4002
-4011
-4031
-3991
-4010
-4017
-4005
-3952
-3946
-3920
-3853
-3914
-3895
-3880
-3886
-3897
-3890
-3808
-3841
-3819
-3769
-3810
-3842
-3845
-3854
-3877
-3850
-3889
-3886
-3886
-3943
-3943
-3930
-3880
-3831
-3787
-3773
-3819
-3870
-3838
-3855
-3857
-3776
-3729
-3713
-3745
-3712
-3742
-3760
-3675
-3713
-3821
-3791
-3745
-3766
-3784
-3784
-3796
-3836
-3836
-3901
-3871
-3854
-3885
-3863
-3823
-3809
-3812
-3820
-3869
-3843
-3863
-3869
-3846
-3847
-3866
-3812
-3798
-3837
-3820
-3840
-3865
-3901
-3830
-3791
-3804
-3743
-3807
-3786
-3758
-3758
-3771
-3859
-3810
-3842
-3815
-3831
-3835
-3801
-3884
-3888
-3901
-3889
-3867
-3841
-3849
-3883
-3885
-3887
-3891
-3917
-3871
-3825
-3861
-3852
-3837
-3888
-3909
-3844
-3899
-3946
-3901
-3887
-3895
-3896
-3879
-3889
-3894
-3952
-3953
-3956
-3934
-3933
-3949
-3896
-3886
-3929
-3947
-3947
-3990
-3918
-3847
-3872
-3904
-3926
-3971
-3951
-3911
-3901
-3948
-3937
-3924
-4002
-4012
-4060
-4063
-4089
-4128
-4112
-4114
-4103
-4117
-4133
-4085
-4135
-4155
-4130
-4149
-4128
-4167
-4179
-4152
-4149
-4193
-4211
-4200
-4223
-4261
-4196
-4111
-4115
-4154
-4163
-4129
-4144
-4177
-4154
-4086
-4108
-4142
-4113
-4093
-4098
-4138
-4116
-4100
-4103
-4086
-4087
-4093
-4134
-4132
-4146
-4182
-4242
-4276
-4335
-4357
-4348
-4369
-4363
-4308
-4279
-4354
-4358
-4385
-4369
-4413
-4393
-4371
-4366
-4381
-4379
-4371
-4409
-4370
-4434
-4404
-4378
-4335
-4350
-4354
-4348
-4355
-4359
-4392
-4391
-4379
-4395
-4407
-4342
-4367
-4456
-4449
-4421
-4572
-4611
-4551
-4567
-4641
-4575
-4508
-4599
-4582
-4529
-4509
-4593
-4564
-4493
-4522
-4568
-4546
-4491
-4531
-4541
-4565
-4569
-4574
-4574
-4550
-4518
-4578
-4610
-4585
-4663
-4677
-4616
-4608
-4675
-4659
-4671
-4716
-4714
-4704
-4723
-4726
-4699
-4695
-4703
-4737
-4710
-4681
-4701
-4721
-4747
-4714
-4695
-4737
-4766
-4787
-4775
-4792
-4775
-4796
-4833
-4839
-4819
-4802
-4889
-4831
-4785
-4864
-4894
-4891
-4832
-4872
-4932
-4894
-4910
-4899
-4898
-4889
-4837
-4826
-4866
-4860
-4884
-4917
-4912
-4919
-4900
-4975
-4939
-4926
-4924
-4904
-4953
-4991
-5007
-4991
-5031
-4983
-4938
-4917
-4979
-4988
-4963
-5007
-5034
-5097
-4987
-4998
-5083
-4977
-5007
-4932
-4968
-4992
-4933
-5012
-5014
-5078
-5018
-5042
-4997
-5040
-4965
-4947
-5041
-4981
-5045
-4982
-5039
-5038
-5023
-4972
-4963
-4967
-4986
-5039
-5041
-5044
-4972
-4972
-4976
-4998
-5037
-5008
-5037
-5031
-4990
-5005
-5011
-5001
-4968
-4963
-4925
-4927
-4931
-4972
-4878
-4851
-4859
-4865
-4863
-4828
-4889
-4863
-4907
-4902
-4893
-4833
-4849
-4788
-4703
-4776
-4760
-4759
-4786
-4777
-4724
-4713
-4732
-4694
-4639
-4664
-4671
-4647
-4658
-4688
-4642
-4638
-4712
-4687
-4623
-4662
-4708
-4681
-4715
-4683
-4648
-4665
-4608
-4586
-4617
-4575
-4582
-4579
-4525
-4495
-4415
-4492
-4533
-4518
-4531
-4521
-4468
-4449
-4541
-4500
-4508
-4550
-4592
-4571
-4559
-4562
-4581
-4598
-4601
-4538
-4472
-4477
-4419
-4454
-4475
-4470
-4381
-4486
-4506
-4467
-4440
-4476
-4480
-4416
-4479
-4462
-4447
-4444
-4486
-4484
-4531
-4452
-4485
-4482
-4464
-4546
-4538
-4573
-4612
-4566
-4550
-4501
-4488
-4589
-4469
-4450
-4474
-4461
-4447
-4378
-4441
-4491
-4423
-4503
-4523
-4472
-4520
-4528
-4492
-4432
-4543
-4528
-4529
-4597
-4552
-4554
-4583
-4571
-4580
-4582
-4483
-4527
-4517
-4480
-4443
-4507
-4515
-4420
-4451
-4472
-4460
-4373
-4389
-4446
-4449
-4364
-4390
-4433
-4428
-4471
-4518
-4507
-4578
-4562
-4458
-4517
-4500
-4554
-4493
-4495
-4545
-4541
-4525
-4542
-4551
-4432
-4447
-4517
-4452
-4406
-4394
-4353
-4371
-4367
-4370
-4352
-4379
-4339
-4341
-4383
-4390
-4359
-4399
-4410
-4346
-4428
-4453
-4404
-4430
-4473
-4451
-4460
-4534
-4525
-4459
-4483
-4549
-4515
-4472
-4605
-4532
-4437
-4538
-4600
-4492
-4503
-4610
-4510
-4421
-4496
-4533
-4424
-4468
-4566
-4514
-4461
-4587
-4545
-4405
-4507
-4532
-4478
-4562
-4586
-4531
-4593
-4570
-4462
-4499
-4513
-4502
-4538
-4537
-4511
-4472
-4463
-4499
-4499
-4445
-4495
-4478
-4448
-4588
-4565
-4450
-4482
-4604
-4568
-4532
-4642
-4663
-4525
-4524
-4651
-4586
-4512
-4602
-4640
-4551
-4590
-4571
-4513
-4449
-4512
-4527
-4493
-4546
-4534
-4464
-4384
-4509
-4496
-4408
-4431
-4505
-4427
-4464
-4526
-4454
-4503
-4509
-4518
-4472
-4576
-4636
-4518
-4609
-4673
-4605
-4589
-4671
-4658
-4552
-4593
-4606
-4523
-4548
-4580
-4525
-4529
-4557
-4569
-4549
-4594
-4596
-4542
-4555
-4540
-4484
-4458
-4511
-4493
-4450
-4482
-4459
-4371
-4416
-4443
-4343
-4346
-4402
-4357
-4299
-4436
-4475
-4427
-4489
-4495
-4449
-4383
-4470
-4495
-4431
-4420
-4438
-4432
-4387
-4405
-4518
-4519
-4429
-4498
-4502
-4476
-4515
-4482
-4439
-4503
-4480
-4498
-4522
-4465
-4405
-4385
-4399
-4292
-4354
-4463
-4332
-4345
-4497
-4345
-4267
-4411
-4441
-4300
-4339
-4498
-4423
-4364
-4462
-4517
-4404
-4442
-4497
-4455
-4404
-4472
-4462
-4429
-4452
-4379
-4429
-4425
-4449
-4411
-4454
-4446
-4404
-4436
-4420
-4333
-4274
-4345
-4330
-4350
-4375
-4482
-4494
-4461
-4433
-4409
-4488
-4455
-4439
-4551
-4521
-4442
-4486
-4527
-4453
-4386
-4511
-4448
-4408
-4457
-4422
-4393
-4435
-4467
-4412
-4401
-4414
-4423
-4388
-4421
-4382
-4366
-4428
-4455
-4391
-4395
-4451
-4329
-4286
-4357
-4336
-4226
-4291
-4448
-4311
-4300
-4531
-4467
-4367
-4482
-4460
-4349
-4394
-4437
-4373
-4415
-4463
-4372
-4390
-4458
-4437
-4330
-4380
-4419
-4330
-4378
-4457
-4323
-4318
-4345
-4291
-4272
-4251
-4234
-4159
-4312
-4329
-4234
-4235
-4195
-4184
-4222
-4258
-4242
-4182
-4207
-4248
-4232
-4198
-4194
-4081
-4062
-4101
-4052
-4002
-4069
-4132
-4098
-4198
-4246
-4229
-4185
-4232
-4229
-4154
-4106
-4138
-4096
-4068
-4172
-4166
-4045
-4103
-4178
-4086
-4074
-4161
-4043
-3961
-4032
-4055
-4008
-3968
-4015
-3917
-3930
-3917
-3949
-3936
-3875
-3880
-3956
-3992
-3901
-3890
-4007
-4010
-3938
-4097
-4105
-4036
-4060
-4095
-4064
-4026
-4059
-4039
-4035
-4075
-4066
-4107
-4069
-4109
-4164
-4104
-4100
-4103
-4071
-4055
-4088
-4103
-4109
-4050
-4068
-4069
-4058
-4080
-4030
-4025
-4057
-4053
-4048
-4094
-4052
-4015
-3990
-3985
-3990
-4035
-3997
-3986
-4094
-4056
-4112
-4126
-4157
-4076
-4126
-4144
-4088
-4126
-4125
-4112
-4143
-4214
-4101
-4093
-4136
-4225
-4087
-4127
-4092
-4082
-4090
-4087
-4141
-4089
-4122
-4096
-4092
-4060
-4161
-4093
-4148
-4138
-4093
-3983
-4076
-4156
-3990
-4053
-4145
-4115
-4063
-4179
-4116
-4080
-4157
-4129
-4106
-4219
-4186
-4146
-4252
-4300
-4212
-4250
-4309
-4231
-4236
-4347
-4289
-4214
-4304
-4266
-4233
-4269
-4328
-4277
-4331
-4387
-4340
-4307
-4391
-4405
-4287
-4398
-4410
-4317
-4316
-4420
-4316
-4283
-4381
-4296
-4284
-4416
-4492
-4366
-4462
-4525
-4484
-4505
-4645
-4619
-4543
-4649
-4669
-4559
-4642
-4734
-4592
-4643
-4646
-4615
-4561
-4695
-4642
-4591
-4592
-4589
-4570
-4569
-4623
-4513
-4599
-4600
-4641
-4646
-4658
-4616
-4630
-4630
-4611
-4641
-4681
-4698
-4724
-4764
-4761
-4807
-4781
-4827
-4864
-4852
-4819
-4877
-4888
-4925
-4962
-4986
-4949
-4959
-4977
-4875
-5004
-5043
-4991
-4974
-5034
-4993
-4950
-5045
-4985
-4943
-4927
-4911
-4876
-4821
-4873
-4828
-4822
-4922
-4936
-4932
-4906
-4964
-4982
-4944
-4919
-5021
-5017
-4999
-4956
-4950
-4984
-5009
-5032
-4965
-5009
-4993
-4958
-4934
-4993
-4971
-4949
-5020
-5102
-4968
-5059
-5073
-4962
-4985
-5049
-4952
-4912
-4991
-4963
-4888
-4862
-4944
-4819
-4843
-4810
-4865
-4856
-4897
-4819
-4812
-4835
-4814
-4727
-4764
-4858
-4798
-4824
-4876
-4913
-4771
-4883
-4880
-4865
-4884
-4968
-4991
-4945
-5012
-5029
-4934
-4966
-4964
-4921
-4955
-4981
-4895
-4875
-4914
-4883
-4948
-4934
-4929
-4846
-4922
-4863
-4791
-4832
-4941
-4878
-4815
-4925
-4863
-4850
-4804
-4882
-4780
-4706
-4829
-4820
-4800
-4833
-4897
-4923
-4864
-4907
-4921
-4876
-4906
-4923
-4957
-4907
-4928
-4906
-4916
-4844
-4855
-4892
-4918
-4906
-4892
-4935
-4840
-4886
-4885
-4926
-4854
-4895
-4944
-4879
-4814
-4876
-4833
-4756
-4787
-4751
-4779
-4730
-4690
-4611
-4663
-4648
-4558
-4622
-4651
-4572
-4665
-4663
-4627
-4697
-4675
-4583
-4621
-4639
-4615
-4669
-4738
-4778
-4743
-4781
-4712
-4728
-4747
-4732
-4689
-4700
-4768
-4749
-4683
-4715
-4708
-4618
-4670
-4655
-4526
-4510
-4580
-4560
-4541
-4567
-4629
-4607
-4650
-4616
-4567
-4573
-4565
-4597
-4576
-4635
-4617
-4571
-4582
-4666
-4631
-4506
-4576
-4579
-4439
-4494
-4603
-4473
-4424
-4521
-4478
-4385
-4436
-4459
-4321
-4315
-4375
-4320
-4312
-4361
-4330
-4261
-4416
-4376
-4291
-4339
-4360
-4351
-4360
-4399
-4406
-4463
-4452
-4457
-4398
-4515
-4449
-4391
-4441
-4461
-4380
-4315
-4447
-4453
-4369
-4368
-4430
-4350
-4407
-4389
-4355
-4353
-4354
-4311
-4378
-4363
-4300
-4324
-4387
-4372
-4348
-4362
-4300
-4339
-4301
-4335
-4303
-4340
-4343
-4323
-4394
-4427
-4462
-4401
-4376
-4376
-4304
-4378
-4363
-4324
-4374
-4389
-4333
-4464
-4523
-4378
-4447
-4468
-4454
-4390
-4463
-4443
-4440
-4445
-4386
-4315
-4276
-4336
-4224
-4179
-4206
-4290
-4252
-4182
-4242
-4229
-4262
-4252
-4197
-4245
-4311
-4271
-4226
-4288
-4342
-4311
-4240
-4373
-4345
-4332
-4451
-4401
-4360
-4402
-4431
-4401
-4420
-4395
-4371
-4340
-4342
-4296
-4295
-4249
-4285
-4245
-4227
-4308
-4191
-4245
-4259
-4200
-4154
-4224
-4234
-4163
-4212
-4291
-4195
-4147
-4141
-4097
-4149
-4167
-4196
-4204
-4169
-4196
-4238
-4127
-4148
-4221
-4209
-4157
-4267
-4291
-4270
-4289
-4255
-4266
-4277
-4306
-4255
-4288
-4312
-4267
-4211
-4240
-4210
-4204
-4249
-4274
-4203
-4195
-4290
-4208
-4108
-4182
-4178
-4108
-4107
-4096
-4088
-4061
-4125
-4074
-4135
-4106
-4045
-4044
-4034
-4103
-4046
-4029
-4135
-4106
-4114
-4231
-4193
-4202
-4164
-4252
-4214
-4186
-4296
-4195
-4115
-4200
-4156
-4109
-4225
-4204
-4114
-4064
-4170
-4125
-4054
-4153
-4158
-4013
-4055
-4239
-4058
-3982
-4167
-4086
-4005
-4114
-4078
-3985
-4061
-4148
-4042
-3996
-4104
-4079
-4015
-4126
-4106
-4051
-4175
-4125
-3966
-4053
-4077
-3956
-4084
-4170
-4038
-4033
-4166
-4071
-3997
-4088
-4140
-4010
-4060
-4154
-4035
-4088
-4137
-4129
-4125
-4182
-4122
-4117
-4070
-4080
-4120
-4147
-4152
-4028
-4029
-4061
-4083
-4053
-4055
-4044
-4079
-4042
-4119
-4125
-4102
-4164
-4137
-4126
-4090
-4099
-4106
-4134
-4189
-4240
-4153
-4188
-4283
-4228
-4257
-4324
-4269
-4239
-4237
-4262
-4207
-4129
-4175
-4156
-4176
-4200
-4218
-4219
-4256
-4250
-4191
-4238
-4213
-4232
-4279
-4226
-4224
-4285
-4312
-4286
-4275
-4355
-4339
-4282
-4377
-4309
-4336
-4378
-4310
-4341
-4329
-4334
-4333
-4370
-4422
-4415
-4345
-4364
-4324
-4351
-4372
-4358
-4385
-4376
-4427
-4373
-4460
-4477
-4458
-4493
-4505
-4525
-4521
-4502
-4510
-4557
-4490
-4498
-4526
-4526
-4500
-4574
-4579
-4545
-4592
-4554
-4564
-4561
-4584
-4581
-4590
-4596
-4554
-4502
-4531
-4560
-4484
-4522
-4595
-4598
-4557
-4619
-4667
-4676
-4698
-4673
-4718
-4729
-4707
-4727
-4729
-4691
-4703
-4669
-4641
-4674
-4656
-4624
-4592
-4680
-4742
-4700
-4648
-4676
-4736
-4682
-4714
-4731
-4732
-4706
-4677
-4733
-4721
-4719
-4699
-4725
-4749
-4698
-4645
-4647
-4656
-4619
-4640
-4660
-4610
-4617
-4628
-4612
-4619
-4632
-4597
-4598
-4621
-4642
-4621
-4565
-4653
-4630
-4567
-4637
-4744
-4724
-4709
-4764
-4717
-4710
-4768
-4696
-4666
-4728
-4717
-4739
-4757
-4810
-4766
-4746
-4815
-4739
-4737
-4744
-4705
-4719
-4785
-4778
-4719
-4751
-4813
-4792
-4786
-4821
-4771
-4864
-4869
-4844
-4849
-4868
-4839
-4789
-4872
-4814
-4731
-4815
-4804
-4760
-4787
-4703
-4742
-4769
-4706
-4719
-4798
-4761
-4739
-4716
-4759
-4776
-4757
-4795
-4759
-4783
-4752
-4765
-4796
-4806
-4813
-4859
-4879
-4815
-4809
-4807
-4830
-4870
-4810
-4788
-4782
-4817
-4824
-4724
-4717
-4796
-4788
-4704
-4712
-4695
-4644
-4639
-4676
-4690
-4655
-4620
-4632
-4641
-4627
-4588
-4580
-4657
-4600
-4544
-4669
-4725
-4679
-4704
-4777
-4776
-4764
-4752
-4721
-4690
-4719
-4672
-4633
-4688
-4691
-4663
-4610
-4624
-4584
-4528
-4500
-4476
-4501
-4554
-4444
-4444
-4529
-4474
-4445
-4475
-4525
-4480
-4437
-4411
-4406
-4424
-4404
-4420
-4417
-4416
-4459
-4427
-4516
-4508
-4449
-4435
-4489
-4500
-4399
-4410
-4479
-4475
-4411
-4411
-4467
-4431
-4380
-4500
-4516
-4504
-4539
-4512
-4453
-4502
-4448
-4444
-4394
-4437
-4468
-4367
-4424
-4389
-4427
-4454
-4460
-4427
-4462
-4502
-4426
-4362
-4470
-4474
-4469
-4470
-4448
-4439
-4379
-4509
-4462
-4392
-4499
-4495
-4437
-4518
-4521
-4477
-4516
-4521
-4415
-4468
-4507
-4387
-4470
-4520
-4465
-4420
-4465
-4542
-4469
-4468
-4549
-4462
-4443
-4499
-4471
-4458
-4530
-4499
-4444
-4481
-4450
-4415
-4433
-4502
-4469
-4458
-4487
-4431
-4388
-4418
-4489
-4418
-4361
-4446
-4474
-4443
-4458
-4522
-4514
-4489
-4609
-4665
-4599
-4636
-4693
-4592
-4632
-4717
-4604
-4619
-4726
-4631
-4544
-4706
-4676
-4534
-4676
-4697
-4509
-4639
-4777
-4586
-4624
-4798
-4702
-4616
-4691
-4643
-4489
-4560
-4694
-4592
-4542
-4657
-4639
-4606
-4740
-4759
-4721
-4814
-4862
-4769
-4801
-4924
-4818
-4809
-4958
-4885
-4821
-4949
-4950
-4837
-4861
-4948
-4845
-4782
-4938
-4845
-4724
-4840
-4831
-4734
-4815
-4880
-4751
-4774
-4857
-4788
-4678
-4788
-4813
-4710
-4812
-4858
-4794
-4781
-4855
-4820
-4777
-4821
-4877
-4796
-4833
-4925
-4855
-4919
-4910
-4821
-4835
-4844
-4836
-4816
-4902
-4934
-4877
-4939
-4970
-4956
-4918
-4942
-4907
-4939
-4955
-4866
-4848
-4881
-4938
-4906
-4919
-4969
-4929
-4852
-4861
-4825
-4825
-4816
-4770
-4799
-4763
-4717
-4708
-4786
-4765
-4711
-4786
-4783
-4824
-4816
-4785
-4786
-4775
-4757
-4727
-4810
-4791
-4747
-4794
-4857
-4794
-4691
-4715
-4698
-4652
-4652
-4676
-4696
-4667
-4696
-4731
-4686
-4619
-4659
-4678
-4610
-4657
-4656
-4612
-4633
-4720
-4679
-4627
-4660
-4665
-4598
-4545
-4557
-4581
-4563
-4539
-4645
-4626
-4552
-4480
-4520
-4453
-4401
-4389
-4354
-4372
-4312
-4308
-4346
-4340
-4216
-4289
-4323
-4311
-4326
-4315
-4172
-4193
-4312
-4226
-4150
-4172
-4260
-4149
-4216
-4273
-4165
-4227
-4266
-4242
-4216
-4158
-4168
-4160
-4187
-4186
-4168
-4193
-4210
-4183
-4185
-4234
-4109
-4117
-4216
-4161
-4066
-4210
-4285
-4105
-4087
-4188
-4057
-4007
-4158
-4063
-4051
-4067
-4016
-3987
-3956
-3982
-3947
-3950
-3981
-3936
-3876
-3989
-4027
-3882
-4024
-4081
-3929
-4016
-4096
-4016
-4084
-4202
-4133
-4099
-4148
-4077
-4033
-4138
-4124
-4094
-4135
-4131
-4171
-4206
-4134
-4118
-4196
-4146
-4105
-4170
-4170
-4071
-4057
-4157
-4097
-4069
-4120
-4113
-4068
-4080
-4079
-4073
-4096
-4085
-4083
-4089
-4106
-3990
-3980
-4075
-4128
-3990
-4072
-4154
-4052
-4206
-4187
-4075
-4144
-4189
-4169
-4072
-4089
-4123
-4010
-4199
-4081
-4017
-4179
-4100
-4037
-4011
-4088
-4051
-4062
-4194
-4141
-4107
-4248
-4223
-4166
-4233
-4269
-4203
-4273
-4318
-4240
-4154
-4238
-4178
-4028
-4109
-4087
-4015
-4055
-4100
-3970
-4011
-4032
-4009
-3927
-3968
-4009
-3899
-3963
-4048
-3993
-3961
-4081
-4098
-4064
-4085
-4114
-4052
-4073
-4053
-4057
-4043
-4063
-4021
-3994
-4099
-4042
-4016
-4080
-4090
-4015
-4084
-4085
-3989
-4032
-4128
-3986
-3919
-4053
-4063
-3923
-3973
-4083
-3987
-3972
-4021
-4066
-3995
-4056
-4097
-4037
-3995
-4026
-4021
-3985
-4070
-4062
-4018
-4042
-4145
-4084
-4056
-4137
-4168
-4110
-4123
-4148
-4143
-4218
-4231
-4219
-4219
-4276
-4225
-4234
-4259
-4293
-4260
-4280
-4306
-4299
-4350
-4342
-4319
-4271
-4342
-4282
-4352
-4399
-4400
-4358
-4367
-4424
-4388
-4442
-4422
-4420
-4402
-4476
-4418
-4422
-4487
-4470
-4470
-4431
-4419
-4355
-4451
-4428
-4354
-4417
-4464
-4348
-4302
-4439
-4337
-4324
-4399
-4428
-4331
-4421
-4501
-4425
-4480
-4563
-4527
-4468
-4591
-4535
-4497
-4493
-4595
-4589
-4605
-4632
-4596
-4579
-4583
-4647
-4612
-4615
-4593
-4558
-4568
-4639
-4534
-4485
-4559
-4588
-4524
-4589
-4597
-4502
-4591
-4667
-4586
-4559
-4637
-4581
-4578
-4668
-4655
-4581
-4576
-4671
-4648
-4638
-4709
-4677
-4720
-4734
-4783
-4765
-4824
-4845
-4797
-4810
-4853
-4765
-4707
-4799
-4729
-4755
-4736
-4752
-4766
-4804
-4756
-4738
-4802
-4720
-4700
-4790
-4780
-4776
-4880
-4808
-4805
-4848
-4816
-4833
-4860
-4825
-4816
-4853
-4867
-4838
-4881
-4901
-4857
-4829
-4857
-4849
-4781
-4779
-4775
-4712
-4661
-4760
-4726
-4708
-4747
-4743
-4639
-4657
-4738
-4634
-4657
-4726
-4770
-4749
-4811
-4824
-4785
-4838
-4864
-4800
-4778
-4807
-4717
-4725
-4779
-4770
-4710
-4769
-4857
-4716
-4700
-4819
-4821
-4755
-4804
-4864
-4791
-4732
-4804
-4726
-4689
-4795
-4690
-4651
-4686
-4680
-4597
-4642
-4739
-4703
-4696
-4770
-4711
-4707
-4805
-4691
-4658
-4724
-4741
-4645
-4665
-4767
-4737
-4659
-4722
-4793
-4714
-4733
-4816
-4835
-4790
-4761
-4777
-4799
-4761
-4754
-4809
-4813
-4795
-4792
-4782
-4781
-4756
-4738
-4706
-4678
-4689
-4674
-4694
-4673
-4668
-4647
-4652
-4654
-4655
-4648
-4649
-4651
-4644
-4658
-4634
-4662
-4696
-4728
-4682
-4688
-4745
-4732
-4674
-4691
-4682
-4653
-4651
-4679
-4694
-4663
-4627
-4640
-4639
-4617
-4600
-4644
-4686
-4673
-4688
-4684
-4722
-4668
-4723
-4634
-4648
-4673
-4657
-4700
-4730
-4769
-4717
-4780
-4795
-4748
-4726
-4768
-4744
-4770
-4786
-4783
-4737
-4802
-4793
-4701
-4783
-4824
-4720
-4738
-4769
-4727
-4693
-4642
-4692
-4676
-4673
-4656
-4678
-4694
-4708
-4691
-4727
-4716
-4699
-4793
-4860
-4797
-4806
-4880
-4833
-4832
-4794
-4826
-4800
-4864
-4883
-4871
-4842
-4840
-4888
-4828
-4815
-4838
-4806
-4804
-4861
-4809
-4791
-4799
-4780
-4743
-4701
-4692
-4710
-4691
-4684
-4641
-4759
-4748
-4734
-4711
-4710
-4838
-4787
-4799
-4819
-4828
-4807
-4794
-4807
-4884
-4858
-4834
-4872
-4856
-4818
-4887
-4963
-4830
-4815
-4916
-4805
-4781
-4929
-4924
-4776
-4795
-4863
-4818
-4781
-4816
-4846
-4862
-4862
-4791
-4811
-4808
-4820
-4773
-4655
-4714
-4717
-4654
-4706
-4653
-4636
-4630
-4638
-4571
-4572
-4674
-4658
-4682
-4690
-4669
-4687
-4730
-4688
-4693
-4741
-4734
-4642
-4722
-4736
-4602
-4686
-4703
-4574
-4592
-4666
-4543
-4538
-4693
-4583
-4457
-4657
-4651
-4452
-4610
-4664
-4461
-4481
-4583
-4466
-4421
-4539
-4498
-4433
-4506
-4539
-4442
-4474
-4553
-4467
-4447
-4548
-4542
-4472
-4524
-4496
-4429
-4489
-4527
-4482
-4516
-4509
-4452
-4515
-4490
-4417
-4457
-4502
-4434
-4474
-4479
-4459
-4476
-4487
-4465
-4437
-4438
-4354
-4357
-4373
-4332
-4287
-4319
-4303
-4289
-4297
-4338
-4285
-4308
-4338
-4315
-4319
-4332
-4304
-4238
-4341
-4339
-4329
-4271
-4358
-4356
-4380
-4436
-4345
-4366
-4404
-4398
-4340
-4388
-4396
-4341
-4372
-4374
-4259
-4240
-4320
-4320
-4243
-4273
-4293
-4272
-4272
-4264
-4268
-4284
-4278
-4303
-4318
-4235
-4233
-4307
-4304
-4255
-4297
-4341
-4290
-4315
-4343
-4249
-4173
-4218
-4218
-4140
-4146
-4141
-4147
-4117
-4110
-4173
-4173
-4131
-4103
-4132
-4129
-4131
-4130
-4129
-4163
-4145
-4167
-4207
-4205
-4121
-4118
-4165
-4161
-4155
-4156
-4161
-4149
-4098
-4069
-4094
-4098
-4057
-4005
-4067
-4053
-3960
-3979
-4077
-4015
-4072
-4107
-4072
-4067
-4105
-4164
-4105
-4092
-4125
-4101
-4043
-4117
-4057
-4059
-4046
-4112
-4128
-4135
-4166
-4140
-4171
-4145
-4193
-4175
-4191
-4127
-4113
-4173
-4173
-4125
-4157
-4075
-3997
-4077
-4110
-4163
-4124
-4115
-4165
-4219
-4248
-4238
-4244
-4265
-4277
-4283
-4307
-4294
-4230
-4206
-4265
-4221
-4164
-4157
-4156
-4181
-4158
-4222
-4239
-4181
-4157
-4251
-4295
-4247
-4227
-4302
-4295
-4217
-4310
-4325
-4252
-4251
-4357
-4325
-4345
-4373
-4335
-4373
-4445
-4365
-4364
-4404
-4384
-4484
-4448
-4412
-4388
-4469
-4447
-4368
-4458
-4496
-4304
-4364
-4485
-4366
-4293
-4414
-4457
-4288
-4364
-4443
-4330
-4295
-4403
-4347
-4329
-4369
-4342
-4225
-4304
-4334
-4272
-4320
-4330
-4284
-4297
-4424
-4355
-4338
-4436
-4438
-4337
-4437
-4521
-4380
-4345
-4511
-4462
-4366
-4449
-4567
-4444
-4400
-4513
-4547
-4493
-4515
-4562
-4481
-4566
-4554
-4510
-4440
-4536
-4472
-4418
-4510
-4467
-4428
-4425
-4443
-4442
-4415
-4446
-4488
-4460
-4558
-4543
-4504
-4563
-4591
-4544
-4560
-4622
-4628
-4614
-4692
-4717
-4699
-4720
-4744
-4762
-4725
-4759
-4739
-4699
-4700
-4692
-4621
-4619
-4616
-4618
-4621
-4582
-4624
-4601
-4608
-4647
-4631
-4621
-4615
-4611
-4661
-4713
-4679
-4686
-4723
-4707
-4751
-4738
-4713
-4681
-4735
-4779
-4756
-4769
-4745
-4759
-4737
-4802
-4838
-4781
-4795
-4823
-4801
-4797
-4823
-4863
-4781
-4748
-4747
-4781
-4744
-4699
-4743
-4702
-4727
-4791
-4823
-4739
-4724
-4735
-4777
-4779
-4812
-4842
-4845
-4831
-4822
-4812
-4763
-4821
-4791
-4796
-4812
-4796
-4722
-4750
-4826
-4805
-4802
-4774
-4788
-4756
-4810
-4799
-4770
-4744
-4755
-4797
-4742
-4791
-4742
-4720
-4737
-4725
-4687
-4699
-4645
-4634
-4678
-4710
-4700
-4670
-4731
-4719
-4773
-4829
-4816
-4817
-4829
-4813
-4830
-4778
-4796
-4858
-4833
-4881
-4916
-4858
-4796
-4735
-4847
-4796
-4700
-4726
-4718
-4643
-4601
-4743
-4611
-4477
-4563
-4607
-4506
-4536
-4568
-4488
-4464
-4530
-4557
-4549
-4617
-4645
-4573
-4650
-4692
-4580
-4608
-4702
-4537
-4479
-4640
-4568
-4460
-4546
-4627
-4452
-4540
-4548
-4448
-4434
-4602
-4535
-4411
-4640
-4561
-4503
-4534
-4561
-4464
-4495
-4569
-4484
-4503
-4548
-4532
-4493
-4582
-4572
-4476
-4565
-4595
-4456
-4488
-4574
-4418
-4377
-4511
-4458
-4396
-4463
-4469
-4376
-4408
-4498
-4412
-4410
-4471
-4426
-4386
-4518
-4498
-4413
-4515
-4499
-4482
-4524
-4491
-4441
-4483
-4452
-4423
-4484
-4513
-4454
-4502
-4556
-4437
-4409
-4475
-4441
-4324
-4393
-4474
-4409
-4341
-4366
-4352
-4299
-4299
-4278
-4257
-4240
-4238
-4225
-4258
-4256
-4280
-4274
-4255
-4288
-4286
-4304
-4292
-4296
-4310
-4307
-4313
-4293
-4243
-4312
-4346
-4348
-4378
-4368
-4359
-4358
-4338
-4265
-4289
-4296
-4261
-4256
-4255
-4218
-4221
-4219
-4196
-4222
-4196
-4205
-4161
-4222
-4219
-4215
-4181
-4124
-4180
-4145
-4110
-4103
-4195
-4175
-4214
-4206
-4195
-4182
-4166
-4181
-4169
-4256
-4237
-4212
-4177
-4156
-4149
-4123
-4160
-4184
-4162
-4236
-4246
-4241
-4301
-4285
-4292
-4284
-4273
-4206
-4191
-4221
-4174
-4176
-4195
-4129
-4085
-4107
-4137
-4137
-4121
-4157
-4130
-4164
-4166
-4133
-4204
-4219
-4186
-4215
-4249
-4217
-4210
-4256
-4268
-4208
-4266
-4246
-4217
-4277
-4197
-4165
-4117
-4162
-4142
-4100
-4158
-4156
-4172
-4104
-4150
-4209
-4179
-4163
-4190
-4188
-4236
-4229
-4185
-4183
-4173
-4215
-4209
-4256
-4277
-4323
-4306
-4285
-4338
-4328
-4304
-4345
-4399
-4380
-4395
-4324
-4299
-4341
-4323
-4295
-4311
-4333
-4287
-4303
-4340
-4339
-4299
-4377
-4408
-4334
-4358
-4311
-4242
-4298
-4312
-4289
-4360
-4370
-4393
-4322
-4353
-4433
-4390
-4383
-4434
-4519
-4486
-4499
-4490
-4545
-4551
-4594
-4615
-4620
-4587
-4571
-4626
-4594
-4613
-4630
-4672
-4615
-4638
-4639
-4629
-4575
-4587
-4630
-4630
-4544
-4575
-4651
-4572
-4571
-4573
-4605
-4578
-4564
-4555
-4607
-4625
-4573
-4634
-4657
-4624
-4643
-4705
-4704
-4721
-4795
-4768
-4794
-4728
-4789
-4762
-4763
-4713
-4740
-4765
-4673
-4759
-4807
-4805
-4732
-4890
-4822
-4802
-4780
-4823
-4759
-4707
-4769
-4735
-4689
-4674
-4734
-4705
-4738
-4731
-4730
-4681
-4695
-4697
-4749
-4766
-4785
-4792
-4871
-4853
-4792
-4845
-4836
-4804
-4830
-4907
-4849
-4813
-4775
-4800
-4793
-4766
-4813
-4800
-4818
-4794
-4771
-4800
-4750
-4824
-4788
-4779
-4782
-4836
-4815
-4798
-4872
-4841
-4871
-4885
-4980
-4878
-4913
-4945
-5000
-4972
-4986
-4938
-4934
-5031
-4912
-4925
-4907
-4980
-4818
-4818
-4875
-4822
-4764
-4795
-4819
-4815
-4797
-4810
-4900
-4816
-4854
-4893
-4915
-4903
-4930
-4892
-4902
-4893
-4964
-4916
-4928
-4914
-4904
-4902
-4856
-4942
-4892
-4962
-4864
-4985
-4921
-4915
-4959
-4950
-4979
-4926
-4947
-4966
-5032
-4906
-4961
-4936
-4944
-4901
-4860
-4830
-4859
-4892
-4864
-4901
-4916
-4881
-4858
-4874
-4814
-4908
-4888
-4934
-4913
-4913
-4952
-4902
-4870
-4901
-4855
-4832
-4835
-4803
-4824
-4810
-4888
-4836
-4835
-4806
-4855
-4844
-4855
-4836
-4758
-4777
-4750
-4711
-4703
-4762
-4709
-4706
-4711
-4699
-4667
-4712
-4692
-4693
-4637
-4675
-4695
-4630
-4639
-4600
-4607
-4584
-4654
-4569
-4601
-4587
-4647
-4623
-4565
-4579
-4527
-4558
-4567
-4531
-4486
-4574
-4464
-4442
-4413
-4426
-4360
-4404
-4396
-4356
-4372
-4385
-4428
-4339
-4393
-4421
-4470
-4394
-4463
-4459
-4474
-4437
-4482
-4529
-4500
-4475
-4383
-4447
-4349
-4413
-4352
-4384
-4373
-4402
-4365
-4298
-4378
-4310
-4279
-4261
-4315
-4170
-4226
-4245
-4231
-4221
-4276
-4298
-4254
-4259
-4252
-4290
-4279
-4301
-4210
-4314
-4265
-4286
-4294
-4300
-4260
-4276
-4294
-4217
-4313
-4288
-4363
-4287
-4404
-4343
-4332
-4336
-4359
-4400
-4349
-4392
-4349
-4418
-4367
-4432
-4429
-4485
-4489
-4470
-4452
-4492
-4488
-4417
-4400
-4427
-4427
-4419
-4444
-4391
-4452
-4384
-4432
-4446
-4478
-4477
-4442
-4488
-4430
-4402
-4379
-4387
-4342
-4319
-4360
-4368
-4349
-4366
-4382
-4309
-4329
-4422
-4378
-4383
-4448
-4524
-4442
-4384
-4486
-4485
-4441
-4472
-4567
-4546
-4505
-4533
-4563
-4563
-4545
-4552
-4568
-4575
-4556
-4474
-4529
-4513
-4425
-4430
-4427
-4395
-4354
-4361
-4390
-4373
-4364
-4397
-4364
-4405
-4434
-4388
-4387
-4451
-4449
-4411
-4414
-4512
-4465
-4416
-4398
-4432
-4404
-4339
-4359
-4390
-4399
-4331
-4349
-4335
-4431
-4309
-4339
-4375
-4314
-4323
-4313
-4305
-4242
-4275
-4237
-4277
-4234
-4214
-4177
-4181
-4215
-4158
-4112
-4143
-4155
-4148
-4125
-4092
-4118
-4122
-4154
-4135
-4204
-4199
-4168
-4135
-4206
-4223
-4157
-4219
-4217
-4214
-4209
-4253
-4220
-4227
-4214
-4159
-4201
-4209
-4244
-4158
-4149
-4186
-4133
-4136
-4088
-4109
-4038
-4060
-4066
-4001
-4020
-3978
-4027
-4095
-4066
-4042
-4101
-4123
-4138
-4111
-4138
-4163
-4100
-4152
-4157
-4121
-4177
-4167
-4106
-4124
-4186
-4168
-4207
-4232
-4203
-4232
-4222
-4245
-4197
-4175
-4158
-4106
-4136
-4140
-4100
-4127
-4119
-4052
-4089
-4046
-4052
-4039
-4043
-4052
-4108
-4097
-4112
-4155
-4099
-4186
-4129
-4149
-4177
-4168
-4142
-4159
-4089
-4120
-4188
-4172
-4226
-4180
-4208
-4231
-4300
-4220
-4227
-4239
-4233
-4280
-4217
-4172
-4184
-4182
-4103
-4102
-4056
-4088
-4054
-4057
-4101
-4082
-4086
-4038
-4037
-4020
-4044
-4071
-4054
-4060
-4088
-4073
-4109
-4053
-4095
-4130
-4105
-4168
-4078
-4103
-4168
-4177
-4232
-4279
-4250
-4249
-4242
-4189
-4200
-4337
-4333
-4249
-4247
-4294
-4299
-4214
-4256
-4237
-4201
-4255
-4272
-4138
-4213
-4288
-4161
-4219
-4350
-4299
-4232
-4374
-4324
-4259
-4338
-4404
-4353
-4365
-4459
-4332
-4294
-4399
-4407
-4377
-4458
-4485
-4459
-4454
-4443
-4419
-4459
-4545
-4482
-4470
-4542
-4549
-4564
-4574
-4615
-4579
-4552
-4537
-4535
-4509
-4515
-4590
-4523
-4527
-4568
-4563
-4510
-4491
-4542
-4539
-4540
-4597
-4655
-4626
-4650
-4667
-4619
-4660
-4589
-4618
-4681
-4715
-4687
-4750
-4799
-4766
-4763
-4784
-4861
-4778
-4841
-4855
-4894
-4854
-4905
-4898
-4826
-4846
-4885
-4840
-4763
-4822
-4821
-4838
-4802
-4864
-4846
-4837
-4837
-4813
-4862
-4858
-4808
-4873
-4926
-4931
-4920
-5072
-5043
-5003
-5077
-5114
-5168
-5078
-5159
-5191
-5207
-5203
-5246
-5171
-5160
-5217
-5174
-5133
-5151
-5237
-5153
-5117
-5151
-5111
-5077
-5017
-5096
-5113
-5086
-5101
-5127
-5178
-5066
-5127
-5087
-5131
-5004
-5048
-5123
-5072
-5034
-5032
-5200
-5076
-5149
-5120
-5178
-5089
-5163
-5252
-5224
-5240
-5220
-5271
-5140
-5195
-5195
-5143
-5125
-5147
-5164
-5201
-5148
-5099
-5117
-5114
-5065
-5070
-5075
-5079
-5060
-5061
-5126
-5052
-5034
-5028
-5017
-4988
-4981
-5003
-5005
-4986
-5000
-5015
-4950
-4933
-4981
-4955
-4915
-4946
-4939
-4934
-4970
-5007
-5014
-5001
-5019
-5052
-5074
-5036
-5097
-5098
-5112
-5116
-5092
-5106
-5100
-5129
-5081
-5068
-5038
-5004
-4951
-4913
-4844
-4805
-4822
-4884
-4814
-4836
-4850
-4822
-4801
-4809
-4849
-4789
-4811
-4820
-4900
-4867
-4924
-4907
-4918
-4901
-4910
-4933
-4946
-4942
-4956
-5009
-4943
-4929
-4898
-4939
-4921
-4933
-4911
-4951
-4918
-4858
-4863
-4880
-4849
-4822
-4798
-4805
-4766
-4744
-4720
-4683
-4704
-4660
-4742
-4698
-4637
-4660
-4651
-4661
-4680
-4698
-4673
-4668
-4725
-4645
-4666
-4721
-4758
-4717
-4751
-4769
-4750
-4743
-4750
-4745
-4675
-4746
-4680
-4731
-4720
-4722
-4693
-4678
-4681
-4604
-4576
-4573
-4578
-4550
-4519
-4472
-4419
-4405
-4461
-4446
-4480
-4492
-4470
-4446
-4485
-4481
-4506
-4558
-4600
-4635
-4636
-4634
-4615
-4670
-4617
-4611
-4652
-4637
-4664
-4636
-4641
-4592
-4562
-4576
-4612
-4595
-4525
-4540
-4531
-4526
-4431
-4475
-4452
-4467
-4447
-4442
-4417
-4396
-4484
-4424
-4423
-4438
-4467
-4453
-4523
-4458
-4540
-4525
-4521
-4574
-4546
-4562
-4471
-4512
-4502
-4518
-4464
-4433
-4438
-4429
-4453
-4457
-4442
-4438
-4422
-4431
-4478
-4472
-4532
-4491
-4454
-4566
-4542
-4574
-4558
-4605
-4597
-4537
-4582
-4584
-4600
-4560
-4548
-4483
-4480
-4394
-4409
-4414
-4463
-4407
-4403
-4461
-4408
-4375
-4357
-4406
-4324
-4370
-4356
-4432
-4383
-4409
-4446
-4471
-4451
-4424
-4529
-4512
-4521
-4595
-4615
-4585
-4608
-4610
-4546
-4493
-4563
-4493
-4529
-4501
-4534
-4446
-4475
-4469
-4402
-4400
-4385
-4435
-4351
-4427
-4386
-4449
-4370
-4395
-4322
-4317
-4370
-4259
-4325
-4315
-4358
-4296
-4324
-4330
-4290
-4327
-4303
-4342
-4339
-4389
-4417
-4388
-4362
-4335
-4387
-4376
-4422
-4412
-4427
-4432
-4410
-4409
-4346
-4398
-4371
-4403
-4404
-4345
-4368
-4375
-4461
-4409
-4480
-4527
-4439
-4422
-4347
-4345
-4291
-4350
-4381
-4358
-4276
-4281
-4283
-4222
-4272
-4237
-4295
-4207
-4216
-4195
-4188
-4194
-4124
-4223
-4193
-4220
-4220
-4273
-4213
-4181
-4276
-4200
-4201
-4148
-4189
-4160
-4146
-4199
-4150
-4166
-4144
-4189
-4165
-4207
-4179
-4145
-4196
-4191
-4212
-4167
-4201
-4190
-4183
-4204
-4200
-4219
-4242
-4237
-4167
-4161
-4238
-4211
-4223
-4218
-4227
-4209
-4130
-4149
-4150
-4149
-4089
-4119
-4085
-4065
-4056
-4041
-4036
-4035
-4037
-4021
-4054
-4044
-4057
-4056
-4073
-4083
-4101
-4072
-4085
-4163
-4144
-4117
-4169
-4237
-4224
-4184
-4242
-4217
-4231
-4253
-4319
-4292
-4264
-4241
-4209
-4219
-4177
-4218
-4186
-4219
-4203
-4248
-4182
-4186
-4180
-4208
-4233
-4201
-4221
-4147
-4172
-4177
-4224
-4192
-4204
-4167
-4198
-4161
-4138
-4186
-4140
-4205
-4132
-4159
-4143
-4153
-4132
-4129
-4189
-4173
-4181
-4169
-4214
-4193
-4265
-4256
-4232
-4187
-4208
-4242
-4236
-4255
-4233
-4258
-4235
-4298
-4271
-4224
-4217
-4212
-4171
-4163
-4222
-4198
-4237
-4258
-4288
-4261
-4230
-4242
-4210
-4199
-4182
-4205
-4188
-4162
-4179
-4168
-4186
-4199
-4168
-4232
-4259
-4219
-4234
-4260
-4247
-4284
-4293
-4301
-4332
-4330
-4292
-4230
-4232
-4249
-4274
-4237
-4238
-4294
-4297
-4284
-4293
-4290
-4248
-4210
-4261
-4309
-4271
-4303
-4343
-4305
-4303
-4300
-4348
-4328
-4300
-4297
-4305
-4299
-4307
-4314
-4349
-4403
-4369
-4412
-4397
-4425
-4430
-4432
-4445
-4437
-4383
-4434
-4477
-4477
-4502
-4470
