03101928.PTO
COBN
2012/03/10 19:28:28.4000
100.0000 m/s  
6750 muestras
-12859
-12877
-12884
-12905
-12885
-12929
-12921
-12919
-12932
-12953
-12944
-12925
-12960
-12976
-12980
-13017
-13005
-12970
-12983
-12986
-12962
-12977
-13017
-13006
-13001
-13024
-12998
-13004
-12983
-12964
-12974
-12937
-12962
-12930
-12898
-12913
-12912
-12925
-12919
-12922
-12963
-12944
-12965
-13012
-12973
-13002
-12998
-12990
-13000
-13063
-13019
-13042
-13104
-13026
-13117
-13151
-13145
-13144
-13217
-13178
-13243
-13301
-13233
-13280
-13273
-13208
-13226
-13271
-13118
-13199
-13199
-13120
-13203
-13214
-13110
-13101
-13157
-13076
-13069
-13135
-13083
-13034
-13064
-12979
-13040
-13060
-12961
-13033
-13062
-12959
-13001
-13052
-12969
-13060
-13089
-13101
-13168
-13119
-13129
-13137
-13130
-13142
-13137
-13061
-13054
-13050
-13027
-13077
-13122
-13155
-13127
-13144
-13133
-13141
-13177
-13131
-13122
-13108
-13075
-13071
-13031
-13024
-13030
-12995
-12960
-12973
-12944
-12913
-12919
-12880
-12887
-12920
-12910
-12915
-12954
-12943
-12946
-12991
-12994
-12996
-13006
-12991
-13021
-13035
-13005
-13041
-13092
-13055
-13085
-13091
-13029
-13040
-13061
-13046
-13029
-13087
-13061
-13007
-13011
-13033
-13044
-13074
-13111
-13100
-13103
-13093
-13085
-13067
-13073
-13043
-13046
-13057
-13000
-13008
-12931
-12921
-12961
-12923
-12944
-12988
-12974
-12972
-13023
-12993
-13006
-13036
-13012
-12965
-13013
-13004
-12977
-12984
-12941
-13004
-12969
-13020
-13037
-13005
-13069
-13047
-13074
-13087
-13096
-13143
-13139
-13148
-13169
-13173
-13201
-13154
-13181
-13187
-13150
-13209
-13182
-13134
-13097
-13138
-13088
-13042
-13077
-13019
-13029
-13011
-12978
-12982
-12948
-12947
-12948
-12887
-12916
-12960
-12947
-12975
-12967
-12993
-13025
-13038
-13051
-13030
-13053
-13049
-13036
-13051
-13033
-13023
-13031
-13039
-13031
-13097
-13125
-13096
-13102
-13090
-13046
-13040
-13052
-13045
-13070
-13020
-12997
-12999
-12966
-12945
-12947
-12941
-12946
-12955
-12894
-12894
-12830
-12835
-12891
-12833
-12858
-12869
-12852
-12853
-12864
-12920
-12934
-12933
-13008
-12987
-12965
-12972
-12964
-12961
-12942
-12942
-12938
-12907
-12883
-12913
-12852
-12840
-12843
-12802
-12794
-12830
-12782
-12759
-12803
-12772
-12739
-12761
-12777
-12714
-12750
-12771
-12762
-12787
-12796
-12803
-12813
-12816
-12821
-12821
-12792
-12812
-12850
-12865
-12865
-12872
-12826
-12803
-12809
-12796
-12811
-12773
-12782
-12773
-12758
-12736
-12708
-12727
-12660
-12639
-12657
-12615
-12599
-12638
-12620
-12608
-12629
-12597
-12654
-12637
-12595
-12652
-12591
-12585
-12653
-12662
-12615
-12617
-12621
-12618
-12611
-12623
-12654
-12647
-12611
-12631
-12660
-12640
-12688
-12696
-12709
-12700
-12731
-12760
-12762
-12753
-12739
-12725
-12746
-12713
-12709
-12696
-12669
-12654
-12665
-12641
-12607
-12638
-12591
-12670
-12654
-12588
-12577
-12649
-12647
-12686
-12692
-12724
-12704
-12728
-12790
-12761
-12812
-12775
-12783
-12813
-12820
-12820
-12854
-12819
-12837
-12833
-12901
-12882
-12847
-12809
-12809
-12842
-12862
-12861
-12827
-12845
-12876
-12851
-12864
-12884
-12807
-12846
-12813
-12845
-12860
-12874
-12825
-12816
-12836
-12856
-12855
-12873
-12843
-12830
-12876
-12900
-12919
-12875
-12926
-12952
-12974
-13005
-13028
-13023
-13054
-13035
-13149
-13162
-13106
-13158
-13174
-13192
-13199
-13214
-13188
-13178
-13202
-13232
-13254
-13220
-13221
-13217
-13188
-13189
-13172
-13198
-13178
-13211
-13202
-13192
-13253
-13238
-13158
-13144
-13129
-13095
-13105
-13087
-13064
-13048
-13030
-13075
-13103
-13074
-13081
-13120
-13127
-13120
-13155
-13150
-13190
-13239
-13247
-13264
-13248
-13248
-13299
-13299
-13356
-13277
-13230
-13311
-13278
-13247
-13290
-13326
-13278
-13237
-13218
-13231
-13194
-13211
-13224
-13203
-13190
-13223
-13215
-13187
-13222
-13189
-13210
-13255
-13234
-13190
-13179
-13215
-13218
-13226
-13241
-13253
-13280
-13282
-13314
-13337
-13318
-13305
-13311
-13252
-13279
-13327
-13278
-13232
-13227
-13251
-13234
-13268
-13274
-13258
-13281
-13233
-13285
-13269
-13183
-13235
-13216
-13226
-13230
-13253
-13271
-13215
-13239
-13275
-13229
-13223
-13202
-13212
-13164
-13144
-13200
-13135
-13168
-13126
-13186
-13120
-13111
-13180
-13087
-13160
-13128
-13188
-13134
-13147
-13239
-13132
-13151
-13112
-13131
-13125
-13116
-13130
-13134
-13096
-13062
-13071
-13044
-13040
-13017
-13025
-12977
-12939
-12917
-12935
-12881
-12983
-12887
-12933
-12925
-12881
-12922
-12829
-12946
-12849
-12942
-12891
-12939
-12902
-12919
-13008
-12947
-13036
-12976
-13010
-12988
-12964
-12983
-12946
-12923
-12909
-12915
-12894
-12908
-12906
-12872
-12896
-12867
-12854
-12830
-12843
-12777
-12779
-12780
-12728
-12738
-12751
-12766
-12716
-12771
-12717
-12706
-12739
-12705
-12724
-12679
-12669
-12682
-12716
-12702
-12702
-12754
-12769
-12776
-12728
-12738
-12749
-12716
-12732
-12727
-12707
-12691
-12675
-12705
-12666
-12605
-12668
-12683
-12636
-12659
-12628
-12668
-12660
-12647
-12690
-12659
-12596
-12557
-12659
-12552
-12569
-12551
-12531
-12553
-12556
-12562
-12505
-12561
-12503
-12550
-12532
-12557
-12498
-12493
-12549
-12492
-12515
-12484
-12479
-12490
-12481
-12451
-12448
-12467
-12432
-12414
-12452
-12415
-12447
-12422
-12416
-12460
-12428
-12511
-12468
-12519
-12481
-12532
-12575
-12495
-12582
-12554
-12554
-12549
-12533
-12538
-12513
-12478
-12504
-12475
-12558
-12533
-12575
-12541
-12569
-12532
-12530
-12584
-12507
-12592
-12521
-12572
-12494
-12568
-12527
-12561
-12604
-12528
-12648
-12550
-12576
-12525
-12579
-12588
-12498
-12634
-12549
-12608
-12503
-12577
-12593
-12483
-12581
-12520
-12588
-12464
-12572
-12569
-12541
-12545
-12556
-12600
-12492
-12554
-12485
-12454
-12431
-12382
-12430
-12398
-12376
-12391
-12428
-12395
-12400
-12500
-12469
-12504
-12482
-12471
-12508
-12471
-12489
-12562
-12544
-12570
-12626
-12635
-12668
-12670
-12704
-12688
-12731
-12677
-12685
-12728
-12688
-12708
-12648
-12686
-12627
-12575
-12582
-12506
-12511
-12479
-12488
-12423
-12438
-12443
-12408
-12434
-12446
-12483
-12459
-12454
-12447
-12431
-12395
-12477
-12425
-12466
-12526
-12498
-12602
-12563
-12529
-12537
-12522
-12465
-12515
-12524
-12477
-12554
-12459
-12527
-12534
-12471
-12533
-12486
-12504
-12466
-12523
-12459
-12451
-12453
-12405
-12429
-12400
-12380
-12344
-12282
-12277
-12332
-12344
-12342
-12304
-12343
-12359
-12424
-12419
-12462
-12459
-12467
-12533
-12506
-12600
-12558
-12589
-12621
-12610
-12642
-12616
-12662
-12621
-12620
-12640
-12635
-12629
-12615
-12602
-12584
-12595
-12587
-12596
-12577
-12542
-12503
-12555
-12548
-12524
-12534
-12529
-12582
-12574
-12615
-12630
-12664
-12677
-12694
-12750
-12703
-12736
-12764
-12800
-12795
-12846
-12844
-12827
-12880
-12861
-12874
-12827
-12810
-12808
-12843
-12856
-12841
-12854
-12818
-12788
-12832
-12794
-12743
-12798
-12785
-12746
-12788
-12772
-12767
-12773
-12781
-12823
-12820
-12821
-12809
-12822
-12820
-12842
-12834
-12839
-12837
-12850
-12871
-12900
-12906
-12868
-12899
-12909
-12909
-12900
-12902
-12901
-12855
-12870
-12905
-12876
-12872
-12881
-12875
-12863
-12881
-12909
-12910
-12896
-12942
-12967
-12968
-12951
-12960
-12919
-12870
-12888
-12866
-12877
-12829
-12811
-12815
-12826
-12838
-12823
-12812
-12832
-12853
-12841
-12842
-12845
-12829
-12877
-12900
-12873
-12893
-12885
-12874
-12912
-12947
-12936
-12970
-12958
-12923
-12949
-12954
-12948
-13008
-13025
-13002
-13028
-13012
-12986
-13014
-13036
-13045
-13041
-13022
-13022
-13033
-12996
-12968
-12969
-12944
-12921
-12919
-12935
-12895
-12867
-12877
-12890
-12848
-12875
-12889
-12848
-12868
-12850
-12869
-12885
-12875
-12886
-12920
-12915
-12894
-12897
-12907
-12927
-12902
-12906
-12970
-12941
-12924
-12971
-12922
-12918
-12929
-12895
-12913
-12919
-12874
-12865
-12897
-12871
-12889
-12911
-12906
-12903
-12903
-12909
-12878
-12884
-12868
-12824
-12837
-12843
-12831
-12843
-12829
-12853
-12865
-12865
-12902
-12887
-12863
-12867
-12871
-12865
-12860
-12877
-12879
-12872
-12886
-12901
-12897
-12892
-12879
-12865
-12898
-12894
-12889
-12904
-12926
-12925
-12933
-12961
-12937
-12919
-12912
-12897
-12861
-12860
-12822
-12765
-12792
-12796
-12796
-12811
-12761
-12739
-12727
-12695
-12681
-12696
-12722
-12706
-12725
-12784
-12809
-12812
-12810
-12832
-12843
-12852
-12879
-12888
-12853
-12862
-12908
-12893
-12894
-12882
-12883
-12897
-12894
-12867
-12849
-12827
-12792
-12798
-12820
-12793
-12792
-12806
-12801
-12837
-12850
-12843
-12838
-12842
-12817
-12843
-12869
-12851
-12879
-12898
-12908
-12941
-12964
-12954
-12953
-12964
-12956
-12965
-12961
-12954
-12920
-12890
-12897
-12880
-12872
-12847
-12822
-12783
-12768
-12773
-12750
-12727
-12722
-12728
-12719
-12730
-12712
-12723
-12699
-12658
-12682
-12677
-12668
-12679
-12716
-12724
-12711
-12699
-12715
-12719
-12727
-12729
-12732
-12790
-12822
-12830
-12840
-12825
-12806
-12819
-12812
-12801
-12809
-12788
-12773
-12805
-12804
-12799
-12775
-12773
-12803
-12789
-12793
-12806
-12798
-12731
-12753
-12802
-12762
-12805
-12798
-12796
-12845
-12835
-12827
-12835
-12842
-12781
-12809
-12831
-12764
-12789
-12803
-12756
-12813
-12837
-12760
-12799
-12807
-12765
-12788
-12828
-12786
-12785
-12804
-12783
-12785
-12753
-12749
-12804
-12754
-12732
-12828
-12789
-12796
-12814
-12801
-12775
-12807
-12812
-12805
-12859
-12794
-12758
-12789
-12811
-12769
-12745
-12746
-12644
-12640
-12666
-12651
-12690
-12657
-12668
-12678
-12651
-12643
-12694
-12597
-12590
-12675
-12626
-12617
-12663
-12621
-12568
-12584
-12580
-12539
-12496
-12522
-12511
-12463
-12433
-12519
-12478
-12494
-12522
-12562
-12506
-12494
-12523
-12491
-12497
-12491
-12578
-12497
-12515
-12494
-12496
-12505
-12512
-12545
-12558
-12555
-12617
-12630
-12561
-12574
-12519
-12527
-12519
-12505
-12487
-12472
-12467
-12461
-12469
-12459
-12437
-12457
-12443
-12446
-12489
-12485
-12416
-12403
-12400
-12354
-12335
-12352
-12339
-12236
-12307
-12283
-12234
-12277
-12234
-12304
-12384
-12347
-12397
-12440
-12349
-12356
-12401
-12384
-12353
-12383
-12452
-12416
-12371
-12419
-12386
-12320
-12400
-12401
-12313
-12368
-12355
-12310
-12344
-12322
-12319
-12343
-12279
-12362
-12385
-12324
-12421
-12374
-12395
-12446
-12426
-12419
-12499
-12486
-12468
-12475
-12452
-12474
-12465
-12455
-12452
-12455
-12383
-12455
-12418
-12359
-12441
-12451
-12421
-12435
-12430
-12453
-12456
-12408
-12409
-12391
-12320
-12334
-12374
-12307
-12313
-12340
-12307
-12378
-12411
-12398
-12424
-12421
-12473
-12442
-12471
-12533
-12539
-12550
-12617
-12613
-12608
-12598
-12568
-12559
-12519
-12549
-12545
-12489
-12490
-12504
-12513
-12479
-12481
-12488
-12455
-12511
-12457
-12498
-12468
-12467
-12502
-12415
-12494
-12503
-12422
-12494
-12487
-12551
-12487
-12500
-12593
-12559
-12581
-12594
-12712
-12621
-12701
-12693
-12703
-12737
-12648
-12717
-12731
-12678
-12680
-12728
-12732
-12688
-12693
-12687
-12702
-12630
-12674
-12710
-12574
-12684
-12574
-12667
-12586
-12616
-12613
-12577
-12728
-12638
-12763
-12635
-12701
-12685
-12677
-12776
-12744
-12731
-12680
-12795
-12717
-12720
-12760
-12690
-12709
-12661
-12743
-12673
-12681
-12728
-12744
-12809
-12783
-12874
-12811
-12840
-12855
-12914
-12885
-12889
-12909
-12848
-12924
-12855
-12913
-12889
-12882
-12892
-12847
-12890
-12817
-12822
-12815
-12871
-12846
-12861
-12872
-12811
-12918
-12864
-12906
-12904
-12897
-12901
-12936
-12932
-12926
-12989
-12948
-12974
-12949
-12999
-12951
-12988
-13022
-12932
-13048
-13015
-13034
-13042
-13029
-13048
-13028
-13056
-13066
-13067
-12964
-12998
-12967
-13007
-13000
-13000
-12968
-13014
-13017
-12980
-13100
-13024
-13067
-13065
-13091
-13095
-13077
-13035
-13108
-13057
-13038
-13070
-13105
-13075
-13025
-13157
-13015
-13081
-13012
-13031
-13079
-12980
-13114
-12995
-13065
-13009
-13005
-13083
-12875
-13056
-12941
-13000
-12978
-12963
-12974
-12884
-12966
-12820
-12980
-12836
-12888
-12893
-12869
-12901
-12878
-12941
-12851
-12914
-12909
-12911
-12915
-12886
-12896
-12944
-12915
-12972
-12930
-12949
-12925
-12993
-13002
-12937
-13028
-12981
-13027
-13022
-13084
-13024
-12969
-12995
-13014
-12989
-12944
-12973
-13012
-12933
-12930
-13014
-12948
-12934
-12940
-12923
-12939
-12974
-12965
-13006
-12902
-13030
-12951
-12926
-12961
-12912
-12955
-12839
-12962
-12839
-12903
-12880
-12864
-12879
-12842
-12910
-12835
-12872
-12830
-12872
-12889
-12897
-12914
-12933
-12942
-12910
-12962
-12908
-12934
-12905
-12840
-12827
-12859
-12829
-12788
-12833
-12746
-12736
-12637
-12759
-12653
-12667
-12769
-12718
-12762
-12675
-12829
-12702
-12770
-12778
-12774
-12760
-12700
-12800
-12740
-12773
-12682
-12791
-12714
-12656
-12793
-12706
-12772
-12669
-12758
-12810
-12720
-12747
-12746
-12822
-12625
-12681
-12725
-12631
-12542
-12598
-12631
-12478
-12512
-12543
-12491
-12437
-12520
-12511
-12494
-12542
-12496
-12568
-12590
-12549
-12691
-12637
-12665
-12633
-12706
-12691
-12685
-12760
-12686
-12730
-12663
-12697
-12723
-12693
-12657
-12734
-12683
-12671
-12672
-12761
-12627
-12654
-12720
-12614
-12666
-12684
-12670
-12603
-12723
-12649
-12693
-12647
-12704
-12655
-12673
-12664
-12628
-12687
-12619
-12659
-12615
-12715
-12629
-12674
-12704
-12748
-12723
-12717
-12768
-12682
-12718
-12723
-12787
-12769
-12761
-12789
-12782
-12762
-12756
-12787
-12734
-12714
-12761
-12677
-12714
-12664
-12653
-12679
-12621
-12618
-12601
-12687
-12621
-12641
-12659
-12654
-12638
-12692
-12683
-12665
-12690
-12684
-12773
-12755
-12749
-12748
-12794
-12813
-12785
-12809
-12806
-12780
-12772
-12800
-12862
-12746
-12756
-12789
-12756
-12736
-12756
-12756
-12675
-12692
-12723
-12740
-12723
-12697
-12659
-12737
-12701
-12720
-12761
-12750
-12746
-12741
-12841
-12799
-12796
-12820
-12833
-12848
-12809
-12841
-12821
-12779
-12800
-12803
-12750
-12746
-12709
-12688
-12703
-12704
-12691
-12725
-12753
-12679
-12714
-12727
-12739
-12688
-12713
-12709
-12699
-12698
-12717
-12776
-12728
-12777
-12772
-12785
-12794
-12849
-12814
-12831
-12847
-12836
-12865
-12804
-12887
-12838
-12857
-12802
-12793
-12808
-12728
-12804
-12707
-12788
-12691
-12667
-12705
-12629
-12720
-12656
-12742
-12688
-12687
-12756
-12722
-12763
-12717
-12795
-12782
-12766
-12870
-12812
-12863
-12783
-12822
-12804
-12755
-12782
-12739
-12824
-12644
-12779
-12713
-12741
-12707
-12737
-12811
-12682
-12773
-12741
-12847
-12723
-12822
-12779
-12772
-12738
-12757
-12741
-12641
-12714
-12644
-12648
-12605
-12616
-12549
-12545
-12572
-12532
-12510
-12594
-12566
-12633
-12618
-12610
-12637
-12645
-12639
-12640
-12656
-12599
-12643
-12631
-12623
-12607
-12617
-12603
-12557
-12517
-12518
-12488
-12534
-12512
-12590
-12551
-12548
-12612
-12554
-12578
-12524
-12554
-12508
-12530
-12516
-12530
-12493
-12415
-12449
-12406
-12404
-12392
-12402
-12382
-12365
-12376
-12396
-12430
-12381
-12444
-12462
-12469
-12529
-12496
-12541
-12519
-12517
-12523
-12499
-12445
-12513
-12494
-12419
-12489
-12440
-12449
-12431
-12457
-12463
-12459
-12465
-12486
-12534
-12433
-12459
-12497
-12503
-12462
-12512
-12553
-12509
-12567
-12548
-12642
-12531
-12555
-12553
-12566
-12505
-12480
-12605
-12471
-12501
-12534
-12530
-12471
-12520
-12515
-12537
-12547
-12606
-12557
-12583
-12572
-12610
-12542
-12572
-12609
-12543
-12592
-12539
-12622
-12449
-12572
-12523
-12575
-12557
-12576
-12610
-12569
-12619
-12596
-12644
-12605
-12651
-12597
-12609
-12555
-12572
-12539
-12549
-12524
-12536
-12502
-12507
-12577
-12519
-12542
-12560
-12589
-12596
-12626
-12605
-12687
-12634
-12700
-12773
-12760
-12795
-12793
-12836
-12725
-12809
-12731
-12719
-12692
-12679
-12740
-12671
-12701
-12614
-12649
-12568
-12630
-12640
-12589
-12636
-12631
-12715
-12648
-12746
-12656
-12677
-12780
-12751
-12801
-12743
-12797
-12737
-12828
-12809
-12806
-12817
-12783
-12806
-12834
-12862
-12794
-12864
-12835
-12857
-12877
-12868
-12839
-12816
-12811
-12789
-12811
-12822
-12835
-12829
-12793
-12820
-12778
-12781
-12750
-12722
-12741
-12731
-12750
-12759
-12772
-12772
-12781
-12776
-12829
-12806
-12826
-12822
-12848
-12824
-12815
-12813
-12807
-12802
-12756
-12786
-12703
-12705
-12776
-12741
-12696
-12725
-12700
-12712
-12729
-12737
-12776
-12776
-12787
-12822
-12854
-12842
-12843
-12880
-12838
-12868
-12843
-12814
-12889
-12810
-12843
-12839
-12842
-12867
-12848
-12885
-12869
-12906
-12852
-12893
-12927
-12913
-12921
-12888
-12982
-12918
-12912
-12958
-12986
-12949
-12935
-13038
-12932
-13009
-12949
-12921
-12914
-12849
-12959
-12821
-12883
-12790
-12826
-12855
-12791
-12916
-12771
-12868
-12827
-12842
-12822
-12838
-12892
-12774
-12905
-12788
-12872
-12835
-12828
-12893
-12853
-12992
-12855
-12922
-12897
-12939
-12901
-12836
-12923
-12832
-12919
-12851
-12862
-12908
-12814
-12875
-12841
-12852
-12866
-12869
-12841
-12770
-12815
-12780
-12772
-12746
-12840
-12747
-12805
-12823
-12875
-12824
-12851
-12984
-12846
-12947
-12869
-13000
-12923
-12915
-12928
-12951
-12961
-12907
-12961
-12975
-12987
-12930
-13003
-12988
-12913
-12953
-12920
-12914
-12919
-12850
-12890
-12841
-12865
-12824
-12886
-12843
-12851
-12879
-12859
-12910
-12855
-12865
-12835
-12864
-12869
-12889
-12940
-12896
-12937
-12879
-12893
-12892
-12876
-12942
-12882
-12876
-12820
-12828
-12824
-12821
-12794
-12816
-12805
-12770
-12772
-12749
-12661
-12655
-12624
-12593
-12611
-12622
-12599
-12585
-12611
-12621
-12675
-12639
-12701
-12700
-12749
-12754
-12783
-12823
-12828
-12813
-12846
-12834
-12803
-12756
-12764
-12776
-12723
-12746
-12650
-12672
-12566
-12622
-12603
-12575
-12634
-12594
-12677
-12592
-12662
-12678
-12663
-12695
-12628
-12715
-12638
-12690
-12697
-12674
-12623
-12627
-12700
-12629
-12671
-12622
-12718
-12620
-12697
-12638
-12648
-12646
-12534
-12663
-12543
-12612
-12553
-12605
-12576
-12540
-12591
-12525
-12538
-12450
-12449
-12394
-12391
-12400
-12415
-12461
-12409
-12474
-12466
-12406
-12415
-12436
-12475
-12422
-12429
-12450
-12443
-12422
-12471
-12520
-12486
-12511
-12491
-12494
-12463
-12479
-12461
-12483
-12429
-12451
-12438
-12415
-12441
-12403
-12460
-12464
-12462
-12467
-12498
-12445
-12474
-12486
-12488
-12473
-12502
-12464
-12510
-12459
-12515
-12526
-12494
-12498
-12474
-12513
-12440
-12478
-12418
-12415
-12369
-12416
-12425
-12435
-12407
-12449
-12454
-12449
-12425
-12455
-12489
-12455
-12460
-12483
-12523
-12440
-12445
-12418
-12453
-12430
-12469
-12500
-12466
-12461
-12507
-12517
-12509
-12525
-12544
-12513
-12539
-12568
-12594
-12613
-12580
-12652
-12651
-12662
-12638
-12633
-12629
-12585
-12658
-12642
-12637
-12626
-12647
-12675
-12614
-12670
-12684
-12687
-12661
-12759
-12728
-12704
-12721
-12753
-12713
-12680
-12780
-12709
-12732
-12715
-12731
-12722
-12769
-12790
-12732
-12734
-12679
-12662
-12702
-12689
-12709
-12700
-12740
-12709
-12697
-12776
-12736
-12764
-12776
-12817
-12767
-12755
-12788
-12756
-12739
-12742
-12732
-12663
-12706
-12718
-12700
-12735
-12709
-12746
-12739
-12752
-12775
-12778
-12804
-12822
-12894
-12841
-12852
-12841
-12815
-12760
-12757
-12751
-12750
-12824
-12803
-12793
-12811
-12822
-12824
-12889
-12877
-12900
-12889
-12927
-12866
-12933
-12956
-12930
-12984
-12945
-12971
-12960
-13010
-12953
-12984
-12952
-12935
-12919
-12926
-12914
-12938
-12908
-12930
-12877
-12874
-12902
-12831
-12913
-12768
-12905
-12746
-12776
-12844
-12757
-12804
-12718
-12895
-12769
-12888
-12989
-12873
-12960
-12910
-13010
-12945
-12943
-13026
-12956
-13011
-12892
-12973
-12914
-12884
-12928
-12847
-12946
-12841
-12861
-12862
-12864
-12844
-12815
-12904
-12847
-12896
-12851
-12829
-12872
-12866
-12872
-12831
-12891
-12801
-12815
-12825
-12775
-12828
-12775
-12776
-12784
-12768
-12726
-12788
-12743
-12707
-12769
-12733
-12742
-12769
-12814
-12772
-12841
-12850
-12820
-12903
-12853
-12825
-12823
-12859
-12835
-12845
-12851
-12777
-12871
-12844
-12830
-12867
-12837
-12821
-12829
-12857
-12814
-12881
-12811
-12806
-12873
-12821
-12878
-12904
-12842
-12836
-12943
-12901
-12892
-12959
-12948
-12951
-13005
-13064
-13060
-13097
-13127
-13164
-13137
-13065
-13034
-12919
-12794
-12715
-12627
-12547
-12532
-12504
-12465
-12532
-12633
-12719
-12857
-13001
-13097
-13149
-13146
-13057
-13001
-13002
-12991
-12985
-12905
-12836
-12828
-12897
-12942
-12907
-12813
-12612
-12395
-12145
-12071
-12104
-12138
-12339
-12532
-12790
-13028
-13148
-13185
-13277
-13324
-13197
-13183
-13032
-12816
-12820
-12815
-12814
-12842
-12735
-12655
-12432
-12257
-12281
-12237
-12386
-12550
-12653
-12888
-13165
-13486
-13763
-13885
-13915
-13755
-13436
-12993
-12462
-11927
-11535
-11398
-11417
-11676
-12069
-12566
-13082
-13534
-13863
-13991
-14035
-13900
-13462
-12788
-12094
-11541
-11314
-11467
-11933
-12629
-13416
-14030
-14309
-14430
-14219
-13734
-13247
-12585
-11880
-11351
-11145
-11325
-11870
-12739
-13625
-14294
-14569
-14494
-14143
-13540
-12942
-12418
-11853
-11338
-11033
-10904
-11232
-11929
-12678
-13355
-13814
-13976
-13808
-13437
-12953
-12453
-11956
-11647
-11387
-11236
-11445
-11932
-12621
-13362
-13898
-14130
-13984
-13697
-13382
-13056
-12738
-12380
-12175
-11903
-11868
-12015
-12336
-12835
-13303
-13590
-13668
-13589
-13224
-12928
-12681
-12368
-12155
-12098
-12134
-12348
-12672
-13106
-13494
-13751
-13750
-13543
-13155
-12754
-12517
-12302
-12211
-12188
-12336
-12519
-12878
-13323
-13779
-14097
-14120
-13838
-13312
-12841
-12446
-12215
-12097
-12066
-12132
-12329
-12618
-12991
-13369
-13581
-13613
-13370
-12855
-12350
-11943
-11806
-11891
-12113
-12391
-12651
-12924
-13298
-13692
-13929
-14072
-13847
-13318
-12794
-12255
-11867
-11896
-12000
-12118
-12336
-12598
-12880
-13266
-13737
-13971
-14014
-13818
-13393
-12955
-12556
-12407
-12475
-12493
-12538
-12547
-12556
-12741
-13142
-13516
-13708
-13761
-13507
-13149
-12875
-12644
-12513
-12498
-12481
-12363
-12350
-12413
-12587
-12967
-13281
-13417
-13415
-13245
-13051
-12992
-12908
-12898
-12905
-12807
-12763
-12703
-12613
-12666
-12818
-12871
-12776
-12666
-12476
-12320
-12373
-12477
-12662
-12825
-12900
-12936
-12949
-12998
-13085
-13079
-12986
-12840
-12581
-12329
-12208
-12216
-12262
-12333
-12412
-12405
-12507
-12685
-12857
-13090
-13213
-13256
-13139
-12914
-12766
-12694
-12599
-12507
-12454
-12319
-12218
-12285
-12451
-12632
-12790
-12975
-13010
-12952
-12935
-12792
-12741
-12641
-12508
-12394
-12237
-12239
-12288
-12427
-12644
-12824
-12978
-13027
-13058
-13047
-12927
-12836
-12629
-12454
-12306
-12219
-12341
-12497
-12696
-12861
-13055
-13077
-13073
-13064
-12980
-12939
-12741
-12604
-12367
-12255
-12239
-12320
-12542
-12672
-12847
-12891
-12904
-12820
-12806
-12775
-12696
-12619
-12454
-12350
-12194
-12226
-12377
-12552
-12674
-12839
-12931
-12835
-12868
-12920
-12913
-12822
-12815
-12641
-12535
-12488
-12474
-12609
-12617
-12725
-12776
-12760
-12731
-12754
-12752
-12819
-12783
-12680
-12677
-12602
-12586
-12730
-12892
-12906
-12903
-12897
-12754
-12656
-12649
-12632
-12648
-12660
-12659
-12616
-12741
-12818
-12931
-13069
-13148
-13092
-13034
-13018
-12915
-12938
-12964
-12982
-12868
-12788
-12721
-12666
-12671
-12664
-12689
-12585
-12508
-12560
-12550
-12670
-12860
-13000
-13103
-13220
-13200
-13160
-13157
-13013
-12916
-12792
-12617
-12552
-12580
-12651
-12863
-13028
-13258
-13356
-13340
-13324
-13236
-13081
-12886
-12803
-12553
-12385
-12375
-12420
-12568
-12844
-13113
-13347
-13481
-13472
-13527
-13422
-13203
-12992
-12764
-12521
-12383
-12425
-12594
-12783
-13090
-13397
-13587
-13707
-13646
-13560
-13355
-13087
-12863
-12645
-12414
-12345
-12486
-12665
-12983
-13371
-13616
-13775
-13849
-13722
-13560
-13306
-12905
-12640
-12479
-12314
-12354
-12600
-12796
-13074
-13375
-13559
-13609
-13518
-13422
-13186
-12940
-12748
-12599
-12499
-12540
-12679
-12835
-13071
-13263
-13418
-13433
-13346
-13225
-13031
-12840
-12722
-12601
-12575
-12646
-12732
-12927
-13116
-13255
-13368
-13392
-13325
-13173
-13002
-12880
-12762
-12771
-12833
-12862
-12997
-13163
-13266
-13426
-13467
-13356
-13233
-13011
-12799
-12621
-12550
-12550
-12646
-12797
-12944
-13116
-13254
-13364
-13381
-13346
-13194
-12943
-12779
-12610
-12433
-12463
-12505
-12623
-12831
-12992
-13221
-13409
-13392
-13417
-13418
-13221
-13117
-12992
-12787
-12729
-12780
-12800
-12912
-13029
-13127
-13229
-13287
-13259
-13165
-13019
-12854
-12683
-12564
-12547
-12550
-12651
-12771
-12907
-13047
-13185
-13235
-13212
-13164
-13061
-12913
-12723
-12571
-12533
-12506
-12587
-12778
-12867
-12936
-13061
-13089
-13102
-13134
-13029
-12915
-12745
-12625
-12619
-12616
-12671
-12862
-13025
-13122
-13202
-13269
-13228
-13239
-13080
-12925
-12857
-12651
-12633
-12624
-12699
-12769
-12916
-12979
-13034
-13087
-13026
-13002
-12922
-12783
-12750
-12671
-12563
-12650
-12668
-12778
-12911
-12969
-12995
-13104
-13111
-13091
-13120
-13059
-13006
-12906
-12936
-12917
-12922
-12986
-13009
-13079
-13140
-13175
-13164
-13205
-13146
-13118
-13082
-12932
-12860
-12879
-12860
-12855
-12921
-12892
-12962
-12966
-12983
-13041
-13026
-13003
-12989
-12972
-12867
-12842
-12848
-12795
-12808
-12885
-12866
-12889
-12931
-12933
-12970
-12986
-12972
-12988
-12957
-12895
-12864
-12818
-12799
-12798
-12818
-12786
-12772
-12793
-12790
-12799
-12829
-12844
-12856
-12837
-12845
-12848
-12858
-12902
-12870
-12918
-12913
-12880
-12858
-12848
-12868
-12767
-12816
-12821
-12694
-12724
-12732
-12721
-12728
-12820
-12775
-12756
-12826
-12713
-12828
-12824
-12762
-12813
-12783
-12770
-12715
-12744
-12653
-12643
-12593
-12512
-12614
-12551
-12624
-12708
-12766
-12746
-12814
-12871
-12699
-12781
-12754
-12659
-12663
-12667
-12624
-12625
-12681
-12662
-12698
-12792
-12778
-12774
-12766
-12786
-12784
-12714
-12764
-12721
-12689
-12632
-12692
-12755
-12734
-12776
-12905
-12919
-12869
-12934
-12935
-12938
-12924
-12878
-12849
-12772
-12634
-12647
-12608
-12556
-12524
-12608
-12698
-12728
-12790
-12828
-12992
-12974
-12997
-13023
-12934
-12899
-12803
-12792
-12765
-12768
-12720
-12820
-12918
-12867
-12932
-12988
-12966
-12960
-12949
-12847
-12805
-12768
-12732
-12749
-12790
-12746
-12846
-12897
-12994
-12997
-13038
-13085
-13098
-13062
-13019
-13074
-13022
-13011
-12991
-12994
-12935
-13040
-13033
-13053
-13089
-13136
-13060
-13129
-13111
-13084
-13019
-13026
-13021
-12914
-12956
-12937
-13000
-12888
-12999
-12956
-12989
-12989
-12990
-13041
-13000
-13054
-13081
-13026
-13034
-12957
-13005
-12980
-12962
-13023
-12958
-13052
-12997
-13031
-12928
-12983
-12937
-12871
-12935
-12901
-12914
-12907
-13007
-12987
-13016
-13065
-13008
-13069
-13032
-13001
-13017
-13042
-13037
-12983
-13005
-12950
-12986
-12916
-12937
-12999
-12988
-12962
-13007
-13102
-12926
-12983
-13009
-12955
-12950
-12984
-12963
-12911
-12973
-12927
-12972
-12990
-13013
-13051
-13048
-12980
-13023
-12996
-12929
-12937
-12901
-12901
-12851
-12893
-12846
-12756
-12797
-12786
-12775
-12767
-12761
-12744
-12713
-12821
-12840
-12870
-12888
-12896
-12916
-12909
-12949
-12911
-12848
-12815
-12737
-12691
-12663
-12620
-12709
-12686
-12774
-12833
-12775
-12816
-12802
-12759
-12751
-12719
-12646
-12618
-12608
-12623
-12657
-12670
-12682
-12766
-12781
-12831
-12874
-12782
-12785
-12736
-12621
-12619
-12614
-12640
-12670
-12728
-12784
-12806
-12871
-12931
-12917
-12845
-12795
-12772
-12648
-12551
-12561
-12459
-12494
-12505
-12509
-12579
-12620
-12720
-12726
-12741
-12716
-12690
-12669
-12609
-12585
-12532
-12499
-12468
-12498
-12554
-12528
-12629
-12684
-12649
-12716
-12676
-12639
-12644
-12560
-12546
-12572
-12509
-12533
-12628
-12652
-12722
-12803
-12840
-12880
-12852
-12809
-12766
-12666
-12554
-12527
-12458
-12381
-12408
-12384
-12464
-12483
-12542
-12580
-12603
-12649
-12636
-12616
-12504
-12497
-12433
-12453
-12458
-12466
-12508
-12547
-12609
-12655
-12689
-12667
-12678
-12632
-12616
-12542
-12468
-12487
-12444
-12417
-12514
-12518
-12609
-12664
-12679
-12769
-12661
-12700
-12645
-12617
-12595
-12552
-12544
-12526
-12627
-12568
-12652
-12618
-12653
-12715
-12596
-12623
-12547
-12527
-12521
-12516
-12533
-12536
-12581
-12610
-12713
-12708
-12794
-12783
-12736
-12777
-12683
-12687
-12623
-12659
-12614
-12595
-12679
-12660
-12754
-12787
-12835
-12869
-12754
-12757
-12711
-12591
-12570
-12540
-12513
-12517
-12482
-12517
-12588
-12628
-12628
-12669
-12682
-12625
-12646
-12544
-12536
-12502
-12471
-12451
-12495
-12506
-12507
-12654
-12652
-12641
-12692
-12670
-12609
-12686
-12633
-12558
-12550
-12578
-12549
-12590
-12664
-12593
-12643
-12736
-12721
-12729
-12729
-12695
-12747
-12696
-12742
-12775
-12708
-12748
-12804
-12814
-12809
-12830
-12851
-12768
-12792
-12801
-12739
-12731
-12713
-12702
-12685
-12780
-12754
-12758
-12818
-12824
-12773
-12905
-12810
-12722
-12771
-12769
-12731
-12694
-12781
-12677
-12704
-12780
-12841
-12788
-12888
-12870
-12877
-12889
-12860
-12843
-12856
-12858
-12785
-12838
-12732
-12773
-12826
-12794
-12830
-12843
-12841
-12868
-12837
-12946
-12931
-12859
-12864
-12914
-12922
-12895
-12913
-12954
-12911
-12909
-12986
-12924
-12958
-12853
-12933
-12963
-12959
-12993
-12918
-13032
-12962
-13023
-13042
-12978
-13033
-12940
-12961
-12951
-12974
-13007
-12982
-13007
-13050
-13043
-13010
-13041
-12988
-12958
-12896
-12914
-12932
-12915
-12908
-13006
-13037
-12999
-13025
-13072
-13088
-12996
-13063
-13035
-13002
-12953
-12995
-12959
-12971
-13067
-13033
-13124
-13098
-13178
-13205
-13097
-13139
-13074
-13002
-12962
-12969
-12928
-12903
-12981
-12961
-13050
-13058
-13044
-13144
-13099
-13082
-13104
-13037
-13060
-13032
-12953
-13000
-13073
-13016
-13140
-13166
-13139
-13179
-13197
-13199
-13160
-13149
-13109
-13093
-13042
-13106
-13116
-13068
-13158
-13217
-13220
-13331
-13292
-13304
-13234
-13262
-13246
-13210
-13162
-13167
-13156
-13069
-13177
-13130
-13086
-13195
-13183
-13080
-13267
-13114
-13128
-13089
-13095
-13086
-13060
-13097
-13053
-13182
-13110
-13133
-13187
-13222
-13154
-13115
-13131
-13157
-13022
-13108
-13100
-13027
-13074
-13065
-13176
-13121
-13145
-13222
-13146
-13163
-13133
-13044
-12979
-12969
-12955
-12905
-13068
-13074
-13004
-13093
-13154
-12995
-13073
-13101
-12969
-12974
-13017
-12969
-12885
-13031
-12968
-12928
-13074
-13048
-13043
-13131
-13079
-13007
-13002
-13006
-12933
-12918
-12855
-12916
-12918
-12891
-12977
-12976
-12990
-12991
-13028
-12906
-12977
-12979
-12832
-12839
-12884
-12810
-12747
-12852
-12833
-12791
-12838
-12864
-12808
-12817
-12751
-12696
-12688
-12627
-12591
-12597
-12610
-12570
-12644
-12651
-12708
-12697
-12685
-12798
-12736
-12723
-12691
-12622
-12592
-12598
-12693
-12626
-12631
-12787
-12711
-12734
-12820
-12774
-12698
-12746
-12703
-12559
-12624
-12621
-12456
-12535
-12603
-12496
-12541
-12632
-12614
-12548
-12636
-12554
-12496
-12542
-12499
-12486
-12513
-12497
-12478
-12554
-12520
-12609
-12608
-12554
-12652
-12539
-12543
-12601
-12612
-12483
-12509
-12548
-12422
-12517
-12510
-12498
-12526
-12556
-12522
-12555
-12605
-12572
-12519
-12590
-12509
-12447
-12637
-12541
-12512
-12590
-12584
-12589
-12599
-12616
-12639
-12616
-12573
-12586
-12600
-12583
-12529
-12485
-12455
-12580
-12520
-12448
-12554
-12528
-12476
-12448
-12588
-12468
-12397
-12484
-12421
-12389
-12405
-12465
-12388
-12426
-12401
-12412
-12496
-12436
-12414
-12392
-12465
-12375
-12397
-12410
-12344
-12373
-12381
-12416
-12358
-12407
-12387
-12421
-12391
-12401
-12446
-12376
-12420
-12408
-12430
-12388
-12463
-12511
-12416
-12496
-12532
-12435
-12431
-12506
-12414
-12398
-12503
-12413
-12340
-12433
-12418
-12404
-12442
-12448
-12464
-12460
-12491
-12530
-12506
-12571
-12604
-12604
-12649
-12644
-12653
-12606
-12663
-12572
-12554
-12658
-12586
-12582
-12638
-12584
-12544
-12573
-12533
-12509
-12535
-12507
-12490
-12509
-12485
-12449
-12495
-12507
-12440
-12563
-12524
-12508
-12581
-12545
-12605
-12644
-12569
-12618
-12629
-12584
-12640
-12723
-12585
-12639
-12762
-12572
-12685
-12699
-12688
-12751
-12740
-12820
-12851
-12847
-12871
-12863
-12882
-12833
-12854
-12862
-12860
-12846
-12834
-12864
-12771
-12854
-12867
-12798
-12903
-12868
-12859
-12896
-12957
-12936
-12996
-13048
-13035
-13147
-12964
-13124
-13062
-13065
-13014
-13032
-13047
-12914
-13036
-12900
-12959
-12892
-12971
-12943
-12901
-13004
-12924
-12957
-12992
-12916
-13020
-12953
-12992
-12998
-13017
-13010
-12980
-13103
-13012
-13047
-13035
-13081
-12967
-13106
-13077
-12997
-13073
-13009
-13074
-13088
-13077
-13074
-13112
-13065
-13136
-13120
-13070
-13133
-13141
-13091
-13093
-13164
-13093
-13059
-13126
-13100
-13065
-13105
-13107
-13110
-13125
-13073
-13124
-13156
-13123
-13134
-13180
-13152
-13140
-13212
-13168
-13166
-13219
-13206
-13159
-13134
-13167
-13157
-13152
-13159
-13123
-13090
-13098
-13091
-13105
-13105
-13088
-13158
-13098
-13135
-13158
-13143
-13161
-13106
-13195
-13192
-13170
-13231
-13182
-13225
-13250
-13214
-13255
-13265
-13171
-13135
-13220
-13094
-13098
-13183
-13133
-13100
-13133
-13170
-13115
-13132
-13145
-13144
-13089
-13065
-13067
-13028
-12999
-12962
-12992
-13004
-12976
-13015
-13024
-13010
-13072
-13024
-13015
-13014
-12991
-13015
-13014
-12970
-12972
-12991
-12938
-13008
-13054
-13025
-13009
-13042
-13007
-13010
-13013
-13002
-12937
-12937
-12917
-12920
-12966
-12951
-12944
-12948
-12952
-12932
-12976
-12951
-12909
-12882
-12887
-12821
-12851
-12788
-12786
-12804
-12778
-12797
-12822
-12740
-12845
-12868
-12812
-12836
-12804
-12872
-12761
-12861
-12908
-12875
-12895
-12963
-12858
-12885
-12856
-12872
-12777
-12811
-12780
-12708
-12818
-12624
-12811
-12797
-12780
-12785
-12792
-12792
-12831
-12791
-12837
-12785
-12708
-12746
-12757
-12765
-12774
-12858
-12856
-12946
-12799
-12862
-12851
-12903
-12793
-12833
-12883
-12749
-12844
-12771
-12793
-12829
-12831
-12840
-12877
-12881
-12871
-12865
-12882
-12849
-12840
-12796
-12846
-12819
-12870
-12812
-12846
-12853
-12804
-12881
-12860
-12876
-12775
-12881
-12804
-12790
-12793
-12858
-12877
-12820
-12897
-12895
-12862
-12876
-12892
-12849
-12861
-12791
-12843
-12812
-12783
-12819
-12803
-12717
-12726
-12772
-12758
-12690
-12755
-12775
-12733
-12770
-12748
-12753
-12681
-12745
-12741
-12743
-12757
-12859
-12874
-12913
-12921
-12955
-12964
-12904
-12944
-12893
-12889
-12844
-12915
-12905
-12844
-12877
-12891
-12887
-12871
-12897
-12928
-12856
-12899
-12845
-12806
-12776
-12780
-12825
-12790
-12781
-12831
-12835
-12824
-12886
-12927
-12917
-12810
-12912
-12881
-12910
-12873
-12905
-12906
-12839
-12886
-12882
-12862
-12819
-12840
-12831
-12864
-12743
-12849
-12785
-12806
-12795
-12817
-12867
-12795
-12873
-12786
-12858
-12782
-12899
-12810
-12849
-12828
-12781
-12864
-12743
-12834
-12739
-12848
-12818
-12861
-12863
-12846
-12870
-12789
-12851
-12773
-12817
-12811
-12729
-12824
-12739
-12781
-12832
-12759
-12838
-12791
-12851
-12786
-12887
-12834
-12778
-12826
-12774
-12751
-12667
-12764
-12699
-12743
-12755
-12834
-12725
-12711
-12748
-12704
-12753
-12674
-12755
-12638
-12668
-12725
-12695
-12758
-12757
-12773
-12809
-12789
-12772
-12843
-12801
-12787
-12828
-12785
-12814
-12727
-12781
-12672
-12733
-12796
-12669
-12772
-12645
-12776
-12683
-12657
-12719
-12664
-12681
-12672
-12699
-12706
-12658
-12722
-12773
-12736
-12730
-12741
-12796
-12651
-12762
-12734
-12745
-12688
-12685
-12719
-12655
-12708
-12714
-12734
-12611
-12711
-12637
-12609
-12617
-12604
-12598
-12635
-12629
-12585
-12687
-12585
-12675
-12683
-12631
-12662
-12683
-12665
-12644
-12696
-12677
-12615
-12656
-12629
-12609
-12605
-12564
-12592
-12566
-12546
-12578
-12620
-12470
-12564
-12556
-12482
-12525
-12584
-12526
-12476
-12565
-12420
-12488
-12528
-12483
-12493
-12536
-12487
-12493
-12577
-12486
-12512
-12536
-12474
-12509
-12501
-12432
-12491
-12494
-12389
-12487
-12486
-12386
-12469
-12477
-12425
-12470
-12500
-12438
-12441
-12522
-12404
-12444
-12561
-12464
-12477
-12563
-12556
-12520
-12612
-12549
-12565
-12602
-12547
-12524
-12606
-12558
-12535
-12599
-12511
-12596
-12619
-12575
-12576
-12656
-12568
-12592
-12693
-12597
-12594
-12690
-12676
-12671
-12724
-12713
-12746
-12766
-12742
-12787
-12818
-12703
-12697
-12721
-12679
-12616
-12677
-12613
-12593
-12672
-12649
-12641
-12663
-12720
-12681
-12724
-12693
-12724
-12696
-12685
-12758
-12784
-12734
-12734
-12843
-12802
-12799
-12815
-12819
-12824
-12777
-12822
-12833
-12776
-12807
-12817
-12812
-12744
-12810
-12756
-12812
-12833
-12763
-12787
-12821
-12788
-12754
-12865
-12772
-12804
-12800
-12837
-12851
-12888
-12911
-12890
-12906
-12896
-12942
-12950
-12950
-12923
-12958
-12941
-12951
-12922
-12903
-12949
-12942
-12954
-12983
-13029
-12991
-12945
-13036
-12966
-12931
-12987
-12953
-12922
-12962
-12996
-12932
-12914
-12910
-12945
-12928
-12922
-12916
-12903
-12860
-12844
-12879
-12873
-12904
-12915
-12930
-12927
-12960
-13001
-13002
-12991
-13017
-13031
-12977
-12979
-12972
-12976
-12977
-12948
-12946
-12991
-12939
-12897
-12966
-12977
-12944
-12960
-13023
-12870
-12937
-12975
-12876
-12936
-12941
-12922
-12961
-12985
-12909
-13009
-13004
-12928
-12971
-13034
-12981
-12964
-13034
-12987
-12964
-13003
-13021
-13028
-13014
-12994
-13045
-13037
-12978
-12984
-12988
-12867
-12875
-12966
-12895
-12876
-12914
-12843
-12836
-12915
-12907
-12903
-12925
-12925
-12935
-12967
-12916
-12884
-12927
-12910
-12883
-12889
-12887
-12849
-12848
-12884
-12837
-12800
-12834
-12836
-12803
-12814
-12833
-12838
-12851
-12848
-12886
-12907
-12911
-12957
-12942
-12924
-12919
-12899
-12877
-12911
-12910
-12871
-12937
-12875
-12873
-12865
-12908
-12875
-12879
-12892
-12885
-12945
-12899
-12935
-12890
-12916
-12848
-12870
-12853
-12887
-12851
-12870
-12897
-12883
-12882
-12885
-12984
-12912
-12941
-12944
-12973
-12873
-12958
-12927
-12909
-12894
-12930
-12899
-12831
-12935
-12866
-12903
-12904
-12933
-12892
-12869
-12946
-12971
-12933
-12956
-12943
-13001
-12987
-13022
-12994
-13014
-12983
-13018
-13040
-13034
-13062
-12992
-13123
-13033
-13065
-13036
-13077
-12945
-12956
-12980
-12950
-12951
-12896
-12984
-12888
-12946
-12893
-12983
-12888
-12922
-12987
-12912
-12969
-12858
-12936
-12824
-12902
-12904
-12860
-12891
-12907
-12906
-12767
-12912
-12803
-12794
-12742
-12780
-12805
-12743
-12802
-12790
-12785
-12761
-12859
-12842
-12829
-12874
-12898
-12877
-12851
-12910
-12906
-12868
-12873
-12838
-12847
-12779
-12818
-12766
-12790
-12787
-12758
-12788
-12759
-12759
-12756
-12812
-12786
-12814
-12805
-12838
-12819
-12861
-12847
-12854
-12860
-12889
-12901
-12842
-12871
-12898
-12808
-12790
-12822
-12760
-12827
-12769
-12817
-12774
-12804
-12828
-12861
-12899
-12878
-12929
-12915
-12929
-12914
-12993
-12944
-12926
-12919
-12956
-12917
-12974
-12921
-12933
-12949
-12905
-12966
-12911
-12942
-12833
-12929
-12848
-12887
-12892
-12863
-12857
-12900
-12979
-12853
-12994
-12895
-12893
-12929
-12919
-12921
-12906
-12968
-12848
-12951
-12995
-12976
-13007
-12999
-13037
-12988
-13008
-13025
-12969
-12912
-12949
-12896
-12929
-12904
-12892
-12867
-12882
-12879
-12844
-12899
-12861
-12912
-12793
-12900
-12879
-12867
-12900
-12894
-12940
-12890
-13035
-12949
-12997
-12997
-12947
-12978
-12924
-13005
-12880
-12963
-12981
-12902
-12938
-12900
-12881
-12871
-12922
-12906
-12927
-12883
-12932
-12866
-12883
-12945
-12935
-12948
-12943
-13029
-12962
-13041
-13074
-13018
-13035
-13056
-13008
-12984
-13026
-12993
-12985
-12969
-12987
-12945
-12915
-12960
-12873
-12930
-12905
-12872
-12951
-12916
-12952
-12906
-12973
-12914
-12914
-12947
-12937
-12947
-12884
-12944
-12803
-12841
-12821
-12724
-12787
-12742
-12673
-12718
-12702
-12668
-12719
-12702
-12738
-12769
-12781
-12791
-12853
-12804
-12837
-12877
-12807
-12844
-12842
-12769
-12763
-12796
-12753
-12761
-12756
-12761
-12728
-12724
-12764
-12696
-12742
-12732
-12686
-12710
-12686
-12673
-12646
-12704
-12665
-12667
-12723
-12677
-12705
-12698
-12740
-12755
-12734
-12791
-12804
-12753
-12784
-12804
-12788
-12848
-12764
-12778
-12747
-12707
-12741
-12699
-12743
-12737
-12744
-12722
-12735
-12703
-12702
-12691
-12676
-12691
-12733
-12733
-12740
-12792
-12788
-12809
-12810
-12849
-12860
-12859
-12823
-12898
-12845
-12860
-12857
-12851
-12834
-12754
-12832
-12823
-12803
-12784
-12851
-12871
-12835
-12817
-12857
-12812
-12849
-12823
-12805
-12822
-12781
-12852
-12798
-12821
-12818
-12762
-12795
-12807
-12731
-12765
-12736
-12693
-12730
-12678
-12714
-12684
-12644
-12682
-12665
-12654
-12627
-12661
-12649
-12639
-12712
-12642
-12698
-12655
-12644
-12688
-12650
-12699
-12657
-12670
-12611
-12618
-12601
-12572
-12599
-12584
-12592
-12577
-12616
-12633
-12598
-12575
-12623
-12636
-12643
-12648
-12666
-12650
-12594
-12609
-12652
-12594
-12621
-12654
-12616
-12698
-12665
-12710
-12633
-12655
-12673
-12637
-12644
-12590
-12713
-12555
-12659
-12612
-12607
-12640
-12544
-12630
-12568
-12676
-12560
-12662
-12630
-12598
-12649
-12593
-12687
-12608
-12665
-12637
-12647
-12665
-12639
-12694
-12607
-12649
-12665
-12683
-12700
-12686
-12766
-12709
-12806
-12768
-12777
-12753
-12748
-12798
-12744
-12769
-12687
-12725
-12743
-12770
-12729
-12767
-12710
-12678
-12750
-12720
-12755
-12755
-12800
-12784
-12841
-12851
-12864
-12909
-12871
-12900
-12900
-12917
-12914
-12889
-12907
-12871
-12878
-12856
-12817
-12788
-12749
-12762
-12741
-12762
-12759
-12799
-12775
-12829
-12854
-12860
-12926
-12955
-12947
-12960
-13021
-12987
-13021
-13029
-13036
-13056
-13056
-13011
-13064
-13009
-13037
-13003
-13020
-13063
-12988
-13075
-13027
-13151
-13078
-13088
-13138
-13070
-13157
-13068
-13157
-13094
-13072
-13135
-13025
-13088
-13047
-13028
-12987
-12994
-13033
-12938
-12994
-12927
-12933
-12911
-12902
-12945
-12913
-13037
-12916
-13077
-13002
-12967
-13060
-12939
-13102
-12964
-13026
-13011
-12958
-12999
-12952
-13062
-12954
-13025
-13102
-13043
-13094
-13059
-13084
-13064
-13075
-13039
-13084
-13097
-13051
-13097
-13041
-13057
-13010
-13035
-13029
-13027
-13020
-13024
-13067
-13029
-13053
-13036
-13015
-13003
-13009
-13008
-12988
-12996
-13018
-12980
-12956
-12977
-12933
-12889
-12924
-12887
-12902
-12872
-12851
-12919
-12850
-12895
-12879
-12887
-12908
-12875
-12963
-12930
-12925
-12955
-12959
-12994
-12941
-12992
-13020
-12977
-12966
-13017
-13000
-12980
-13027
-13007
-13016
-12998
-13043
-13028
-13054
-12968
-12958
-12973
-12927
-12955
-12921
-12919
-12953
-12970
-12976
-13020
-12905
-12981
-12971
-12948
-12965
-12946
-12999
-12939
-12950
-12984
-12965
-12996
-13005
-13045
-13031
-12992
-13026
-12936
-12965
-12883
-12939
-12918
-12897
-12914
-12909
-12945
-12875
-12952
-12883
-12901
-12831
-12871
-12858
-12775
-12822
-12821
-12854
-12747
-12816
-12811
-12805
-12777
-12791
-12867
-12764
-12815
-12807
-12819
-12793
-12832
-12855
-12843
-12889
-12820
-12896
-12910
-12893
-12947
-12962
-12920
-12886
-12919
-12891
-12886
-12886
-12850
-12900
-12844
-12793
-12839
-12814
-12773
-12788
-12774
-12759
-12782
-12730
-12740
-12772
-12798
-12763
-12801
-12876
-12817
-12834
-12855
-12836
-12830
-12908
-12843
-12848
-12934
-12886
-12929
-12912
-12895
-12861
-12898
-12901
-12910
-12899
-12846
-12905
-12823
-12836
-12848
-12862
-12874
-12860
-12868
-12850
-12882
-12863
-12877
-12907
-12892
-12875
-12902
-12930
-12902
-12920
-12936
-12947
-12942
-12934
-12980
-12937
-12970
-12982
-13016
-13003
-12998
-13036
-12996
-13037
-13040
-13069
-13067
-13037
-13042
-13038
-13045
-13060
-13073
-13080
-13066
-13078
-13133
-13090
-13057
-13104
-13037
-13055
-13050
-13056
-13038
-13028
-13067
-13054
-13102
-13038
-13085
-13060
-13067
-13086
-13077
-13100
-13102
-13147
-13057
-13136
-13092
-13023
-13052
-13045
-12979
-12938
-13025
-12928
-12895
-12948
-12869
-12880
-12893
-12840
-12831
-12855
-12852
-12753
-12858
-12771
-12816
-12824
-12839
-12853
-12790
-12915
-12784
-12891
-12845
-12857
-12920
-12895
-12931
-12887
-12900
-12899
-12884
-12906
-12884
-12877
-12905
-12870
-12965
-12945
-12962
-13023
-12999
-12962
-12979
-13022
-12902
-12935
-12969
-12904
-12890
-12928
-12914
-12848
-12889
-12867
-12893
-12830
-12833
-12879
-12828
-12939
-12907
-12918
-12931
-12878
-12949
-12931
-12999
-12939
-12947
-12995
-12948
-12991
-12961
-13001
-12964
-13029
-13062
-12984
-13029
-13029
-12917
-12963
-13004
-13012
-13012
-12966
-13024
-13020
-13011
-13022
-13035
-13013
-13001
-12983
-13034
-12994
-13000
-13020
-13013
-12998
-12979
-13008
-13001
-13001
-13051
-13011
-13014
-13045
-12986
-13098
-13024
-13114
-13031
-13071
-13093
-13016
-13063
-12964
-13063
-12964
-13043
-12984
-12982
-12964
-12915
-12970
-12869
-12960
-12952
-13001
-12949
-12945
-12999
-12890
-12936
-12903
-12902
-12916
-12887
-12943
-12903
-12921
-12884
-12901
-12919
-12882
-12903
-12849
-12887
-12843
-12887
-12861
-12811
-12888
-12814
-12812
-12798
-12785
-12791
-12753
-12787
-12812
-12790
-12777
-12809
-12821
-12738
-12786
-12794
-12787
-12786
-12753
-12827
-12822
-12787
-12813
-12892
-12851
-12845
-12895
-12902
-12860
-12835
-12928
-12916
-12840
-12844
-12818
-12823
-12763
-12757
-12776
-12701
-12702
-12677
-12682
-12659
-12657
-12680
-12648
-12665
-12700
-12625
-12668
-12617
-12643
-12612
-12629
-12657
-12524
-12676
-12546
-12633
-12601
-12599
-12669
-12558
-12657
-12570
-12637
-12600
-12573
-12606
-12528
-12556
-12483
-12442
-12412
-12349
-12364
-12349
-12353
-12370
-12363
-12358
-12451
-12420
-12472
-12465
-12434
-12464
-12386
-12491
-12432
-12476
-12394
-12459
-12510
-12450
-12563
-12519
-12584
-12528
-12556
-12565
-12560
-12563
-12503
-12552
-12566
-12607
-12558
-12581
-12572
-12474
-12533
-12444
-12522
-12504
-12491
-12548
-12450
-12491
-12403
-12432
-12367
-12371
-12443
-12351
-12449
-12419
-12369
-12455
-12437
-12460
-12485
-12482
-12500
-12497
-12525
-12571
-12587
-12585
-12582
-12598
-12640
-12642
-12684
-12689
-12701
-12720
-12687
-12716
-12713
-12756
-12731
-12697
-12726
-12709
-12699
-12681
-12668
-12674
-12645
-12627
-12657
-12615
-12638
-12665
-12642
-12678
-12664
-12723
-12739
-12774
-12817
-12797
-12841
-12799
-12836
-12812
-12855
-12826
-12809
-12821
-12808
-12881
-12806
-12883
-12787
-12807
-12879
-12753
-12831
-12745
-12819
-12806
-12801
-12869
-12720
-12850
-12755
-12843
-12811
-12807
-12874
-12735
-12842
-12764
-12860
-12814
-12848
-12888
-12824
-12870
-12811
-12856
-12808
-12819
-12828
-12864
-12904
-12872
-12912
-12879
-12864
-12897
-12884
-12895
-12912
-12894
-12880
-12885
-12910
-12892
-12937
-12930
-12961
-12954
-12953
-12984
-12943
-12951
-12936
-12999
-12962
-13007
-13022
-13020
-13091
-13072
-13059
-13081
-13093
-13094
-13135
-13106
-13144
-13166
-13169
-13169
-13137
-13143
-13135
-13138
-13199
-13162
-13178
-13170
-13132
-13151
-13115
-13201
-13109
-13235
-13198
-13165
-13222
-13113
-13233
-13127
-13218
-13145
-13180
-13148
-13054
-13150
-12985
-13152
-13018
-13031
-13035
-12972
-13039
-12936
-13066
-12949
-13014
-12972
-13004
-13006
-12928
-13038
-12997
-13080
-13007
-13089
-13109
-13059
-13083
-13125
-13105
-13054
-13078
-13006
-12989
-12942
-12951
-12933
-12916
-12900
-12916
-12916
-12904
-12969
-12911
-12925
-12992
-12916
-12877
-12953
-12889
-12825
-12886
-12864
-12863
-12862
-12847
-12892
-12837
-12820
-12894
-12880
-12843
-12924
-12896
-12846
-12880
-12886
-12878
-12858
-12891
-12845
-12880
-12861
-12867
-12889
-12897
-12939
-12922
-12975
-12940
-12960
-12970
-12958
-12958
-12989
-13010
-12999
-12989
-12959
-13008
-12968
-12980
-12997
-12977
-12934
-12898
-12944
-12866
-12864
-12917
-12923
-12926
-12934
-12966
-12938
-12935
-12916
-12939
-12910
-12893
-12946
-12927
-12911
-12897
-12946
-12932
-12941
-12944
-12940
-12981
-12941
-12938
-12957
-12975
-12935
-12921
-12966
-12932
-12926
-12937
-12950
-12888
-12866
-12893
-12816
-12807
-12772
-12770
-12772
-12758
-12750
-12746
-12729
-12735
-12793
-12789
-12828
-12823
-12820
-12840
-12801
-12796
-12788
-12780
-12783
-12749
-12770
-12776
-12762
-12758
-12738
-12736
-12732
-12712
-12702
-12660
-12674
-12676
-12670
-12744
-12696
-12718
-12729
-12740
-12756
-12743
-12737
-12719
-12763
-12746
-12727
-12747
-12712
-12695
-12760
-12740
-12729
-12748
-12759
-12759
-12785
-12759
-12723
-12754
-12750
-12740
-12719
-12731
-12734
-12725
-12719
-12728
-12714
-12697
-12697
-12753
-12755
-12732
-12793
-12791
-12796
-12861
-12903
-12879
-12894
-12929
-12890
-12929
-12938
-12922
-12950
-12912
-12894
-12864
-12866
-12860
-12850
-12801
-12787
-12784
-12794
-12831
-12795
-12827
-12815
-12817
-12840
