03120300.PTO
MINE
2012/03/12 03:00:49.2300
100.0000 m/s  
6671 muestras
143
161
191
225
237
218
211
192
197
208
220
221
226
216
229
231
242
219
208
209
196
189
177
173
169
185
203
212
202
217
211
218
216
225
218
208
190
178
194
224
241
249
239
214
189
175
184
197
218
240
236
233
214
198
191
153
159
142
175
205
219
208
191
193
211
195
180
166
173
183
171
164
191
229
259
274
243
205
175
147
139
137
136
147
154
206
225
241
263
275
265
235
199
186
173
154
154
160
179
198
221
228
205
177
181
187
190
168
171
178
193
184
195
174
166
163
192
202
219
219
216
204
171
156
154
181
204
213
219
223
195
194
197
209
219
232
219
222
205
197
165
162
171
181
193
209
227
249
249
237
206
199
194
189
187
165
166
154
179
189
194
186
203
209
223
191
157
152
176
196
181
149
144
140
151
169
183
182
197
239
255
255
221
192
182
187
204
211
203
209
188
181
185
189
208
215
234
217
196
170
167
167
187
192
188
181
177
183
201
215
213
201
189
201
214
199
199
163
159
162
170
191
198
208
212
198
201
177
165
195
225
254
281
234
194
177
183
187
171
163
170
194
227
234
209
181
183
182
200
219
211
181
163
135
129
150
205
220
238
253
277
294
267
215
160
117
124
139
159
161
175
179
175
173
143
136
149
206
259
253
228
204
231
258
273
284
260
228
215
201
159
143
181
201
176
163
173
175
206
260
287
266
243
224
234
233
227
215
210
220
239
242
227
196
193
185
184
165
159
183
206
216
217
213
206
213
227
233
199
188
177
175
184
206
200
192
167
175
193
205
195
197
191
186
191
194
179
159
163
172
191
236
265
241
209
195
197
186
192
219
203
166
154
159
164
159
185
211
207
190
194
184
174
183
215
214
203
206
225
241
217
202
198
189
196
215
223
201
205
199
159
151
165
190
189
189
218
224
219
199
183
186
214
205
177
171
202
218
221
211
223
226
241
223
199
179
169
189
213
233
238
260
272
257
219
160
123
123
149
210
238
258
258
269
276
252
215
187
178
171
163
165
197
156
107
65
61
73
101
145
184
195
195
179
167
179
187
184
197
195
198
191
201
195
185
173
179
145
142
169
203
238
251
239
213
200
215
227
215
220
227
237
227
239
248
260
231
195
138
123
149
219
249
239
216
199
189
169
159
174
199
237
265
260
231
217
209
173
167
195
228
237
239
236
225
200
199
211
189
163
168
221
232
229
219
209
197
191
161
149
125
150
165
184
187
209
231
267
233
201
158
164
193
196
169
140
129
146
181
218
209
175
159
167
172
185
221
236
236
225
206
187
176
181
203
203
203
197
235
257
218
169
150
165
179
179
159
164
177
224
230
213
211
232
212
184
180
200
224
234
223
181
144
163
202
233
237
223
194
157
149
169
174
161
180
196
195
157
177
230
260
250
254
209
163
143
185
186
159
159
179
202
224
241
230
192
132
121
145
163
179
211
233
231
201
195
205
181
175
179
192
246
269
264
225
187
182
195
222
267
272
248
239
236
217
193
204
221
232
220
200
191
197
181
171
190
252
259
243
216
210
189
196
211
218
205
188
153
148
186
241
260
209
161
137
135
120
140
173
191
149
124
109
141
193
237
235
196
178
175
149
144
163
195
187
175
181
172
142
145
172
193
222
232
237
260
266
239
205
190
193
178
150
142
135
177
227
265
290
301
295
304
283
271
257
275
266
278
276
248
201
171
185
195
198
193
177
173
140
138
147
166
149
75
17
0
26
55
72
51
-2
-47
21
160
307
411
445
391
321
280
273
299
358
439
493
464
380
296
277
321
379
461
497
423
345
271
215
157
111
65
-27
-130
-193
-167
-123
-110
-137
-165
-237
-269
-223
-146
-85
-31
50
117
146
170
230
301
372
444
513
552
527
494
483
467
513
587
672
714
700
615
506
408
332
271
221
181
113
1
-152
-286
-345
-312
-280
-255
-233
-200
-173
-128
-55
23
100
188
261
287
252
206
164
163
217
323
439
507
545
528
506
454
379
334
342
347
299
201
79
-48
-120
-104
-13
50
106
137
126
59
-46
-125
-131
-68
19
97
171
239
347
499
606
632
563
487
438
433
451
475
479
455
389
304
248
252
307
383
421
403
327
210
108
15
-57
-95
-103
-119
-128
-135
-138
-155
-154
-111
-13
91
147
153
156
168
209
259
352
469
541
540
485
422
407
437
478
531
536
489
403
318
259
231
187
142
100
99
68
41
9
-11
-69
-91
-49
55
136
140
81
24
-1
19
53
117
197
272
306
273
213
151
130
169
233
275
291
257
211
205
225
227
195
115
9
-55
16
185
346
420
390
317
248
231
235
272
292
259
198
183
148
174
251
358
394
387
394
403
394
345
263
189
142
138
161
228
269
239
165
105
62
9
7
-2
56
117
159
125
87
47
85
151
231
251
228
232
335
416
417
375
339
289
221
215
241
290
289
270
245
257
269
283
257
247
217
180
112
37
-26
-43
-62
-65
-27
45
113
135
147
170
185
182
154
97
52
27
67
145
235
339
425
449
418
313
259
219
192
173
176
172
165
181
186
179
169
191
223
225
186
132
94
75
49
31
21
53
70
93
121
155
206
283
358
415
469
495
456
363
287
225
184
154
156
202
273
292
266
239
263
283
276
254
230
193
184
161
112
63
49
89
156
224
249
249
217
200
170
155
130
106
81
100
77
58
97
188
252
317
364
421
419
385
325
245
172
145
126
130
147
155
167
197
263
306
314
277
235
208
192
148
107
89
99
89
59
39
7
35
135
247
319
337
308
241
179
167
168
175
206
223
190
180
184
239
319
415
410
309
221
209
189
120
45
26
42
63
53
73
77
93
115
148
176
177
143
107
89
82
112
137
179
214
285
317
347
376
387
380
350
318
286
256
226
176
156
174
194
217
253
297
298
249
174
129
141
148
109
83
103
126
161
231
313
368
369
364
342
305
254
189
108
88
77
78
83
64
74
114
203
241
246
226
197
134
135
204
288
285
225
121
44
35
119
198
219
152
94
87
131
209
273
293
267
254
235
153
81
151
273
297
275
277
250
195
174
229
228
147
103
97
105
100
117
135
142
137
144
141
130
121
162
195
181
178
263
327
308
282
291
301
309
327
351
334
275
248
236
230
183
162
173
232
281
296
251
228
182
200
234
233
154
63
3
7
41
60
31
11
47
133
196
213
238
239
241
223
215
202
213
266
328
349
325
263
218
189
212
263
255
214
180
160
138
151
207
248
249
245
249
262
231
225
231
233
219
231
245
269
247
213
176
177
161
164
177
197
211
207
203
198
202
193
188
188
196
189
177
150
121
84
71
126
155
145
131
115
139
165
168
149
123
125
192
205
259
235
214
250
268
277
247
207
182
146
134
188
136
191
230
281
300
332
357
331
277
226
189
123
123
175
219
181
149
120
139
165
179
213
259
236
149
87
91
102
53
55
113
158
238
258
223
185
184
203
270
271
277
254
206
226
196
213
236
241
278
268
246
265
239
225
230
124
166
116
75
66
89
115
168
211
247
253
220
194
177
194
179
141
128
125
130
123
157
182
173
158
155
200
235
174
199
193
151
157
172
202
209
231
246
247
213
241
237
221
213
217
253
273
221
206
181
193
219
198
240
289
230
265
221
209
203
210
207
179
153
128
101
72
115
151
177
166
148
136
175
173
133
144
159
184
204
230
259
269
197
230
230
257
299
288
267
248
227
229
212
216
238
195
131
83
72
175
239
253
250
233
218
199
123
131
119
103
155
175
189
201
211
199
233
249
237
179
161
195
211
231
256
277
278
285
263
225
243
251
237
245
241
249
220
129
117
98
114
123
128
177
211
213
207
179
159
185
143
149
145
149
177
170
188
199
205
219
240
195
234
187
188
156
130
143
187
203
222
218
237
277
250
211
221
196
186
152
145
132
153
170
187
213
215
164
130
144
164
159
157
183
153
147
155
138
153
193
207
189
143
155
203
185
201
190
225
261
237
181
157
141
173
167
193
232
198
270
287
279
274
282
271
249
235
197
176
111
165
195
226
183
141
129
163
180
158
169
205
202
167
166
200
234
153
136
119
116
155
196
218
247
227
198
174
150
187
202
167
177
170
229
247
216
213
198
194
227
208
257
315
246
268
212
187
160
166
196
253
293
306
280
197
135
89
95
84
115
155
175
138
125
181
272
291
244
198
209
235
187
204
177
112
92
87
140
210
237
219
197
180
207
184
188
213
191
186
162
173
211
224
220
219
152
163
203
181
229
226
183
149
153
148
183
187
247
259
267
269
271
247
241
185
164
163
126
73
86
81
91
107
191
224
220
148
141
164
189
191
155
149
164
185
195
162
146
198
201
271
261
263
275
245
239
287
286
251
165
133
214
241
270
300
298
309
309
291
253
218
188
203
181
153
171
189
192
197
225
218
224
208
212
250
252
189
106
70
77
93
107
185
241
264
216
149
106
117
167
230
196
195
231
260
305
229
163
151
139
191
203
205
233
256
246
259
172
190
199
205
172
138
131
143
161
172
215
203
227
247
268
233
191
112
89
132
171
199
247
245
185
142
183
199
154
189
248
252
225
148
89
87
115
176
240
240
256
245
226
287
273
259
223
184
192
195
187
193
147
177
201
160
222
221
241
254
255
182
141
141
201
232
213
177
163
182
184
203
239
255
222
154
169
170
169
161
147
215
265
236
211
161
151
183
182
186
195
196
156
124
98
148
126
124
117
139
233
284
281
281
232
187
183
135
186
263
289
321
270
201
149
130
128
148
166
183
164
172
225
233
199
172
151
124
127
100
47
91
163
204
198
201
227
249
182
199
203
221
237
248
243
223
184
170
157
183
236
232
238
220
190
207
171
147
180
189
187
173
178
244
191
143
155
151
153
163
169
157
185
214
241
199
171
194
216
201
161
155
171
199
151
103
127
165
171
183
209
235
218
209
208
183
149
146
139
173
143
130
142
167
214
280
256
249
180
157
181
163
185
211
203
211
217
213
241
181
201
197
193
190
195
178
175
163
153
169
159
200
271
284
247
204
205
214
235
223
221
242
271
228
195
229
261
220
191
173
184
203
217
247
228
188
147
135
144
189
228
209
201
214
259
269
256
219
214
208
211
208
222
211
206
205
227
229
253
241
182
116
112
150
179
192
184
138
112
135
147
145
127
153
182
211
227
219
213
205
209
241
249
219
189
169
169
151
162
199
227
257
276
281
260
225
201
174
175
207
245
244
237
216
212
199
201
215
223
220
196
172
165
155
169
185
177
161
167
190
195
200
206
211
182
172
153
149
156
194
215
204
170
165
156
166
197
215
221
218
225
255
247
220
211
212
213
218
237
231
232
223
196
167
142
175
212
209
194
169
148
130
135
149
167
178
223
223
210
215
235
251
270
265
219
191
186
180
167
169
189
224
235
251
255
282
266
243
195
158
165
186
186
193
203
220
230
223
224
227
213
182
163
171
180
182
175
156
167
184
195
180
175
176
179
168
191
213
223
223
228
213
185
161
135
156
195
236
257
241
220
205
193
193
181
193
219
217
223
231
234
255
252
251
240
238
237
226
210
202
219
251
260
232
195
157
179
198
215
195
178
166
175
189
176
171
183
183
155
141
147
150
168
179
156
155
155
181
213
239
223
203
179
191
182
191
191
185
175
193
212
252
248
212
147
112
109
123
132
139
130
124
146
183
220
239
227
219
217
202
193
192
220
224
206
169
177
166
190
222
251
242
225
213
187
159
154
162
171
203
223
270
273
304
317
321
301
283
253
235
205
204
221
231
225
225
240
242
193
147
137
151
159
161
165
168
180
163
159
145
135
123
125
133
136
149
183
192
189
193
186
195
212
221
216
206
191
169
164
167
201
214
224
242
229
218
213
216
203
207
191
194
183
192
199
217
197
174
157
167
178
198
215
217
207
192
191
179
187
191
209
185
157
126
130
143
175
167
173
169
177
178
184
183
199
200
200
179
170
166
173
179
178
180
157
171
212
235
231
212
197
209
216
235
213
210
209
202
198
195
209
205
179
160
167
189
206
196
213
225
228
232
230
227
213
206
201
197
200
225
262
264
247
227
199
175
169
162
183
197
208
214
211
223
197
193
205
215
205
219
191
184
172
167
141
124
121
137
175
203
246
309
377
401
336
244
193
193
209
189
201
204
199
169
185
199
182
125
145
183
210
199
203
211
187
135
108
129
193
253
281
294
316
323
253
192
187
209
189
185
180
203
191
176
138
135
138
143
154
186
187
162
135
163
219
286
314
261
181
117
98
119
160
184
209
242
262
242
224
193
177
185
197
209
195
181
187
177
174
183
197
219
231
248
229
205
183
171
182
216
237
232
215
234
215
181
139
160
182
185
188
219
233
185
115
115
141
162
191
207
210
201
210
190
151
122
145
161
184
189
200
211
233
241
268
256
237
203
201
211
262
267
231
206
187
197
243
271
283
256
229
233
217
216
180
161
164
174
175
184
159
135
124
131
132
122
115
110
119
133
165
180
188
172
149
171
204
228
228
203
183
171
184
211
238
267
303
283
269
265
253
241
233
224
225
217
201
197
205
226
199
180
185
209
230
225
232
252
252
237
202
162
135
147
155
196
236
238
214
175
163
170
180
192
187
191
182
148
141
127
137
163
207
228
209
189
203
211
200
193
195
206
203
186
178
185
201
208
221
203
185
171
159
173
157
165
184
208
215
209
185
199
199
194
189
232
271
257
216
211
226
211
159
117
101
128
179
205
201
186
191
199
217
209
188
191
196
202
203
183
167
180
188
193
174
153
157
203
248
248
238
231
217
201
176
199
217
247
239
226
207
183
149
158
160
177
188
218
241
265
254
215
191
160
163
183
221
218
221
229
226
211
211
215
225
232
256
253
241
214
203
193
188
186
190
184
182
176
199
221
223
209
184
169
180
206
207
197
192
198
211
223
199
207
196
197
203
207
214
202
177
182
193
205
183
166
186
193
206
211
208
201
191
169
143
146
177
177
187
190
209
217
221
211
200
191
207
199
197
190
200
198
190
191
184
184
175
176
189
183
173
170
185
215
196
175
183
203
213
231
227
198
174
173
175
184
202
205
196
193
187
189
209
217
208
204
197
171
183
198
228
235
246
238
219
207
187
179
181
189
205
214
207
196
181
174
184
189
213
249
268
238
170
155
185
221
204
181
176
196
205
211
205
224
225
222
214
187
167
167
186
189
199
203
189
178
203
233
249
233
231
224
209
190
185
205
249
256
245
231
219
209
200
179
183
203
221
219
198
175
168
173
195
217
204
170
149
166
182
190
181
174
173
188
207
216
203
192
205
251
261
234
207
209
215
201
189
150
150
185
219
219
202
197
207
222
243
229
224
209
216
231
239
199
139
140
172
192
205
223
251
260
219
187
193
221
207
166
173
226
243
212
157
144
140
130
123
123
129
153
178
172
165
141
135
159
192
201
212
209
198
189
197
184
178
184
189
177
179
191
214
199
189
183
190
202
212
213
211
190
180
199
227
238
209
200
195
215
213
201
192
194
191
187
184
180
155
170
208
257
256
217
206
198
171
151
155
176
194
212
223
223
201
172
154
179
213
199
192
195
202
181
155
172
215
249
239
204
175
167
169
193
180
181
207
231
199
170
177
206
195
187
165
160
160
207
211
192
177
228
255
225
197
193
197
193
198
203
218
228
245
221
191
173
175
168
192
205
227
242
237
204
177
177
193
211
223
213
201
215
212
206
203
199
179
180
178
201
211
216
207
201
195
194
189
189
167
159
182
213
217
227
265
278
241
182
170
156
139
132
153
197
217
190
171
176
186
195
214
231
228
199
187
182
202
243
261
215
199
192
184
184
207
215
171
160
182
203
209
213
217
201
181
197
206
217
204
225
219
215
223
223
209
199
223
206
160
159
195
215
202
194
225
213
177
173
177
165
156
182
210
222
234
227
191
154
168
184
173
150
151
147
147
182
204
192
164
166
193
223
224
231
230
207
169
149
131
136
149
190
233
247
247
247
218
211
217
219
211
195
203
211
220
203
200
179
172
170
181
187
213
225
227
199
184
175
175
177
183
201
191
171
159
155
138
165
184
195
192
201
201
193
173
186
186
194
193
187
184
175
184
186
187
194
201
219
235
231
213
178
153
138
135
147
163
169
185
211
230
233
223
207
194
181
159
156
183
207
207
195
178
163
172
199
191
189
188
182
189
212
219
211
197
190
167
175
185
203
220
254
253
263
251
219
201
210
234
232
223
218
203
183
182
185
179
177
205
235
226
190
174
175
189
189
201
204
212
207
225
230
243
238
237
224
199
182
184
153
155
186
233
257
245
233
227
247
256
256
252
274
264
256
243
221
191
190
199
218
224
221
231
210
213
192
178
152
177
196
227
223
213
211
199
170
149
141
173
191
205
208
192
188
203
205
192
178
189
193
199
206
192
181
196
201
191
186
189
191
179
163
173
202
211
232
244
265
249
213
181
169
151
152
171
187
197
197
195
175
170
174
187
179
184
190
195
175
174
188
211
209
198
167
144
118
121
154
206
224
217
199
195
205
197
207
193
197
196
193
187
209
227
235
229
223
189
171
179
184
179
160
145
165
183
193
194
193
213
214
228
225
211
194
192
179
157
159
187
201
222
219
225
217
203
194
195
206
210
211
186
172
184
199
209
213
196
202
203
195
184
205
187
177
171
178
166
175
181
182
179
189
185
194
209
221
225
217
213
212
228
222
213
197
193
192
193
201
199
208
211
214
211
213
199
187
160
141
147
138
145
181
219
249
261
239
218
198
190
184
181
198
193
197
209
227
226
227
209
179
154
154
154
168
170
171
158
172
219
252
281
280
250
223
209
195
190
189
197
185
185
183
193
204
209
192
172
161
169
179
179
194
223
241
245
227
197
166
150
141
132
140
164
185
197
205
187
183
195
217
241
260
253
246
219
196
167
169
179
175
178
198
204
213
231
221
199
177
188
192
215
227
226
213
213
212
205
206
228
233
247
239
222
198
179
162
154
164
180
186
183
175
163
154
169
198
216
231
216
207
193
179
143
138
159
196
214
234
229
207
190
187
203
203
217
224
217
199
199
188
206
220
246
256
257
245
205
177
165
167
173
164
177
211
239
237
214
177
166
176
196
210
216
213
191
188
196
219
233
223
197
199
175
187
197
226
215
223
196
183
172
165
159
169
178
167
169
173
197
191
179
178
190
205
226
222
205
191
188
195
213
223
223
215
198
185
172
165
195
227
243
227
205
181
153
163
175
188
187
188
197
213
217
215
191
208
195
190
181
182
196
207
209
209
196
174
167
163
188
180
185
189
194
181
195
187
183
171
185
197
220
219
224
223
223
207
198
211
205
196
175
181
197
218
219
219
214
201
199
205
211
199
211
210
198
178
164
178
226
233
235
217
206
187
187
187
204
211
220
183
165
167
178
191
209
204
191
165
171
173
193
192
195
193
204
212
211
211
213
212
230
241
241
219
189
167
150
153
162
177
196
208
196
199
194
216
207
212
199
191
188
187
198
199
201
199
192
205
215
203
182
167
161
151
163
172
164
173
184
195
209
203
209
204
205
199
208
212
199
179
163
161
179
199
187
171
137
129
137
183
210
241
243
247
239
234
229
213
214
227
227
238
234
215
190
171
161
171
181
187
210
227
223
199
187
173
177
192
209
216
228
227
223
202
189
183
179
189
195
181
170
166
165
185
183
189
182
197
208
230
229
217
198
196
190
222
241
276
277
254
208
175
150
147
161
184
177
165
169
162
180
203
221
228
232
233
207
190
185
199
210
213
208
187
178
157
159
172
203
202
185
185
190
212
224
239
229
235
221
217
199
205
201
211
198
199
203
217
221
222
215
203
187
165
159
163
187
217
251
245
242
215
199
183
179
194
202
225
241
251
240
204
169
141
135
155
189
221
233
221
219
205
198
194
209
231
251
252
249
239
209
185
165
174
165
167
149
155
170
179
203
221
212
220
224
235
225
210
195
178
166
164
175
175
186
194
175
155
151
143
169
185
188
177
190
189
177
186
222
231
231
224
193
185
168
180
181
215
223
205
171
175
174
211
219
223
217
198
183
154
147
155
178
200
196
199
192
189
196
209
212
219
224
221
238
227
197
175
176
169
187
179
172
170
196
225
243
228
209
188
183
183
183
183
208
213
193
189
193
213
208
209
191
183
173
171
172
185
174
192
205
223
219
219
203
204
171
161
147
147
169
200
221
241
239
224
214
205
214
209
211
198
180
169
199
192
177
161
165
168
196
218
258
257
250
225
192
172
174
189
200
224
232
229
205
179
159
169
172
167
141
161
179
209
212
221
243
241
217
192
183
203
213
206
215
217
207
207
213
227
253
242
235
206
204
193
188
182
197
169
152
143
187
237
261
251
216
199
209
197
201
212
214
203
197
197
189
184
172
169
163
176
185
196
205
208
193
199
208
209
200
201
199
199
177
162
167
203
223
213
195
180
177
177
175
170
189
211
233
210
199
208
222
209
198
205
190
184
184
195
188
179
165
167
177
190
193
218
225
221
208
202
203
205
201
214
207
215
223
217
201
175
161
176
188
197
199
197
195
181
167
173
189
204
237
245
223
179
182
191
215
211
207
188
191
196
192
193
199
195
181
186
187
192
177
181
173
197
217
232
221
200
179
163
155
169
193
229
234
233
236
223
204
223
229
224
185
148
133
136
150
157
179
201
232
222
211
188
187
163
151
157
175
180
198
212
221
198
179
149
143
154
177
198
218
241
235
245
242
217
191
191
181
184
175
205
227
234
199
160
137
139
161
196
237
227
229
233
221
195
169
146
161
193
212
205
199
211
223
210
190
149
137
155
195
229
241
235
245
233
211
199
191
188
181
183
194
215
225
224
201
199
195
185
181
204
212
217
213
217
239
260
251
218
183
172
148
146
153
176
204
203
207
205
214
211
193
199
220
209
200
189
187
208
218
221
220
206
200
194
188
187
173
163
169
178
163
175
191
199
187
205
204
202
195
201
188
198
209
233
220
201
165
159
173
200
221
224
223
197
199
197
192
200
225
243
248
232
207
189
180
176
186
201
204
189
171
171
181
173
177
211
243
256
245
233
201
180
185
220
252
271
263
243
221
200
160
155
165
172
169
167
171
175
170
155
138
148
172
201
207
201
198
210
233
218
201
194
209
213
200
191
204
210
217
205
188
161
151
137
159
200
236
259
238
201
161
146
149
167
202
223
213
191
176
184
187
216
242
255
244
232
208
199
185
170
157
185
224
225
201
164
155
181
199
191
196
192
221
207
209
202
217
205
186
136
116
131
182
213
245
256
233
166
116
152
199
219
225
229
224
221
215
230
251
236
199
179
171
176
181
174
165
163
175
202
185
169
183
199
212
211
221
233
229
201
163
163
189
203
227
245
247
229
209
186
181
175
193
222
247
254
228
205
180
162
143
179
219
245
223
175
148
155
187
207
203
215
232
219
175
169
178
202
207
203
193
181
181
195
229
237
233
202
171
155
157
191
221
251
265
264
250
225
205
190
191
213
211
201
197
192
198
207
200
200
187
193
196
180
157
173
195
216
217
232
228
233
229
228
223
205
183
159
171
184
185
187
204
228
229
208
186
189
225
219
195
181
173
158
181
209
226
222
196
161
138
135
154
163
197
239
252
253
233
200
185
157
152
161
192
219
233
228
229
226
205
192
188
181
174
175
175
185
193
203
189
176
187
198
190
205
199
190
184
191
208
216
222
199
189
172
181
182
201
211
221
216
205
176
165
162
185
209
234
234
203
177
175
177
203
222
216
193
162
163
176
200
188
176
175
208
224
228
225
237
244
238
211
177
171
195
197
185
165
157
154
175
191
175
144
134
162
207
229
221
179
176
188
191
225
236
249
244
228
206
197
206
226
231
200
169
144
160
189
233
252
241
205
181
180
211
218
208
185
172
166
173
196
210
204
189
168
178
187
223
255
275
268
217
180
163
178
188
189
182
179
201
225
202
190
184
195
204
215
224
222
219
198
197
229
252
232
209
167
138
123
129
143
177
221
261
259
242
227
204
187
164
144
159
173
189
184
173
181
203
195
167
147
161
176
204
211
213
230
221
205
187
191
205
221
208
179
169
186
185
150
121
111
135
179
213
220
205
194
195
181
192
203
219
223
226
216
207
183
174
160
163
163
146
132
151
179
201
220
233
244
247
257
229
183
150
158
179
208
206
184
141
138
134
160
185
219
243
256
230
188
181
221
240
235
189
161
170
179
196
189
192
196
197
188
194
195
219
234
242
227
201
177
176
165
169
163
185
217
231
219
209
201
195
194
210
242
223
191
181
191
217
217
211
208
197
216
235
240
214
161
157
177
199
218
230
221
231
229
238
217
207
191
165
142
145
161
216
259
267
216
192
173
177
175
146
136
183
237
288
279
242
214
174
136
144
156
180
176
182
168
148
148
152
172
203
227
231
227
219
209
196
193
200
211
212
195
182
194
201
200
214
221
202
163
147
152
203
230
227
198
195
201
185
180
192
197
179
167
160
187
199
215
216
202
184
179
203
236
227
198
183
184
173
181
187
212
220
221
221
212
211
207
214
231
244
244
241
224
196
157
149
173
217
249
274
259
245
203
175
152
171
205
227
212
193
193
196
187
180
219
262
285
230
192
188
197
168
145
166
212
224
207
182
183
176
196
221
241
229
189
150
151
161
177
201
203
210
211
233
213
192
165
171
194
217
233
229
224
201
185
163
147
154
187
207
210
184
175
165
155
164
197
192
204
193
183
163
159
174
207
216
221
173
157
149
177
201
233
235
209
179
187
196
212
213
195
174
158
182
215
262
256
227
190
179
180
178
175
182
153
158
188
220
233
234
234
245
216
175
153
180
206
188
155
150
161
173
192
206
214
201
202
217
237
237
232
225
209
190
169
180
205
201
208
209
212
211
213
221
197
217
226
251
239
223
201
215
205
199
171
175
173
177
184
216
224
238
245
227
204
198
202
197
189
183
192
224
245
241
240
228
219
178
169
168
189
194
197
210
207
205
205
180
161
148
169
197
195
201
192
202
216
238
246
257
232
205
189
172
160
175
185
184
194
221
234
232
199
171
153
149
138
143
175
204
208
200
212
215
209
184
177
180
190
219
236
235
233
217
188
150
120
98
108
145
206
253
271
270
240
193
171
171
183
195
201
231
251
243
191
164
145
150
152
147
165
192
204
206
207
234
243
215
193
229
253
255
216
197
192
185
175
161
175
196
218
222
207
191
180
177
166
159
178
198
224
236
236
233
215
218
213
212
193
171
163
177
189
207
189
165
159
190
221
217
197
196
222
244
223
212
211
207
193
193
193
194
205
216
213
220
232
232
217
205
209
225
233
229
201
177
139
113
120
143
169
197
229
243
225
214
219
214
188
180
173
187
178
169
147
152
175
200
209
213
229
223
197
155
134
140
160
178
211
257
272
257
224
205
175
170
163
161
175
199
229
235
235
220
195
191
196
181
170
166
175
188
202
221
228
216
204
198
181
153
138
157
177
210
212
214
225
214
199
202
198
211
202
213
196
195
217
201
194
182
195
203
219
234
224
187
177
172
191
191
202
198
202
200
218
238
247
218
195
182
174
169
156
149
141
156
184
198
213
234
238
229
207
194
182
182
195
220
200
182
189
222
238
242
217
209
215
214
224
198
182
179
203
198
175
163
178
170
176
177
186
194
203
192
167
144
157
163
189
207
223
230
232
225
200
179
168
159
151
153
155
142
162
181
208
217
232
223
215
195
201
205
213
226
229
224
221
208
215
217
196
192
206
209
195
181
183
183
181
159
175
197
206
204
204
213
201
159
154
172
187
204
224
237
205
183
159
165
195
223
227
228
219
208
155
131
130
155
173
202
227
235
225
229
215
219
221
203
181
163
149
168
178
191
200
212
224
222
220
193
169
157
170
171
149
148
182
205
221
235
244
244
241
239
225
206
186
175
185
201
202
217
231
241
209
160
136
137
170
201
209
229
241
233
196
188
195
217
242
247
237
211
169
147
135
130
139
155
191
220
244
263
275
279
271
249
219
167
143
141
158
178
206
235
245
251
269
249
215
215
210
218
201
182
152
143
143
175
190
203
195
197
197
205
193
172
158
166
179
194
209
219
221
241
230
210
175
151
159
175
195
225
245
251
236
209
189
144
148
182
190
187
182
175
179
186
213
207
205
196
187
153
137
157
173
182
184
192
199
185
181
181
191
215
231
236
228
225
218
205
229
255
256
230
211
200
192
186
183
179
183
201
237
223
199
192
199
209
218
233
231
185
167
181
199
220
233
229
197
160
135
171
197
217
223
242
235
229
231
229
186
144
136
140
138
153
185
224
234
238
230
207
181
198
207
196
174
161
170
190
218
241
223
189
157
156
173
175
189
195
181
168
179
212
211
203
214
225
235
224
219
232
233
228
201
206
195
195
184
200
189
166
169
181
170
186
214
244
222
207
200
219
213
227
216
201
203
210
199
147
120
143
174
187
197
210
210
193
193
205
203
191
202
215
209
229
269
248
197
182
203
184
154
148
164
163
146
168
220
239
214
208
202
175
145
148
169
165
189
236
258
245
216
209
188
194
201
217
193
182
203
211
191
215
238
239
217
206
221
189
171
147
165
169
176
203
208
165
169
195
188
172
191
229
220
179
191
198
176
161
190
227
211
191
200
195
163
165
199
223
206
200
222
220
175
173
171
150
139
169
192
194
189
221
215
179
174
201
206
195
202
216
195
163
177
165
151
144
182
199
190
219
295
289
226
214
238
215
145
142
153
134
125
193
229
235
235
270
264
220
187
220
227
219
228
252
219
170
195
238
235
233
231
202
113
52
89
157
212
219
247
230
193
193
200
203
205
177
157
129
123
145
182
206
197
198
188
191
175
127
97
135
202
231
208
207
199
190
181
200
195
198
210
231
226
234
242
234
206
195
215
248
263
263
242
197
141
136
171
176
191
231
272
248
203
184
183
170
180
193
186
181
190
207
191
173
182
183
172
176
194
191
189
192
179
181
182
178
159
157
178
239
267
265
251
226
172
140
150
171
177
205
252
265
243
243
256
214
180
159
185
173
173
207
225
186
195
223
227
197
205
217
192
150
190
228
206
167
189
200
158
140
200
246
229
237
270
237
160
150
176
180
185
232
258
235
209
203
178
147
135
165
163
167
194
229
224
191
197
226
217
215
235
221
174
137
162
195
219
239
258
236
216
216
207
179
163
176
