03120616.PTO
MINE
2012/03/12 06:16:40.4400
100.0000 m/s  
7695 muestras
256
245
229
229
223
225
223
206
194
195
214
239
249
232
219
223
228
251
265
248
251
248
237
211
198
221
225
220
221
214
225
235
225
193
183
185
184
201
202
217
213
207
207
209
215
237
235
233
211
189
183
205
226
225
206
199
191
198
218
215
229
239
246
244
233
229
232
241
254
260
242
206
191
188
200
197
194
211
235
246
258
291
301
283
254
233
208
209
220
223
210
205
202
219
211
199
201
213
231
235
219
219
221
225
244
252
248
223
194
165
172
207
250
255
252
230
214
199
207
203
207
215
227
231
226
215
211
228
253
260
252
241
236
235
215
209
180
182
193
203
208
235
250
251
252
265
222
177
156
185
229
256
259
239
231
229
229
222
243
248
271
249
234
209
183
181
174
181
193
192
195
215
240
256
255
239
215
212
224
243
246
260
237
231
223
226
225
247
257
247
214
198
187
181
184
187
177
208
217
219
239
261
267
257
235
221
195
188
203
226
241
241
248
249
239
233
237
239
241
229
223
211
216
226
241
233
225
237
247
232
211
213
213
209
183
191
201
228
238
243
247
259
248
223
215
215
217
225
223
217
222
242
255
241
219
202
207
209
228
236
221
220
225
218
219
236
235
233
235
239
230
236
237
239
240
246
237
237
233
231
231
243
247
234
241
223
196
199
215
230
219
207
195
201
221
241
229
220
233
236
244
244
231
219
209
195
175
177
206
225
236
229
204
195
204
209
215
218
232
251
244
223
191
198
217
242
245
229
229
219
200
200
189
211
221
233
219
202
177
180
194
241
273
285
277
248
208
180
183
196
218
242
269
245
253
247
229
205
197
192
205
211
227
238
257
249
231
221
231
253
273
277
262
239
213
193
191
204
207
203
203
245
267
267
241
221
201
200
199
199
206
224
237
252
261
259
243
213
190
182
192
219
255
263
273
255
242
241
249
235
223
227
251
249
230
204
183
195
237
258
239
221
206
219
211
236
260
279
277
251
217
217
205
207
216
226
212
214
210
217
216
221
231
241
236
246
247
244
241
227
208
201
215
226
245
249
240
227
245
240
237
235
239
254
257
261
247
221
205
206
244
272
273
249
226
224
201
205
211
210
197
193
205
250
285
303
284
260
249
235
222
212
225
237
252
245
238
229
234
214
206
190
192
208
245
263
261
229
213
207
228
247
242
227
216
206
204
216
228
215
223
230
233
243
232
223
213
216
228
243
245
235
213
215
222
227
220
211
217
209
223
237
251
243
233
219
205
205
226
242
248
220
210
194
222
236
227
197
201
201
201
193
183
183
200
225
243
262
260
247
226
183
148
160
192
221
222
226
236
232
225
218
217
210
212
219
221
228
241
238
240
223
223
208
220
213
207
205
230
249
261
251
243
225
216
211
229
246
239
216
196
191
195
195
187
183
190
225
268
294
303
291
257
217
195
183
175
197
219
235
241
239
233
249
227
209
185
185
202
201
212
224
236
239
248
245
224
200
187
176
177
182
206
225
241
247
233
217
213
236
248
255
231
217
208
216
225
245
245
239
209
221
227
248
233
229
210
206
203
211
220
234
255
252
253
238
223
222
230
230
240
233
243
237
243
243
240
227
219
201
207
231
240
248
235
232
194
186
201
209
221
239
238
245
253
262
247
232
217
208
212
225
236
226
214
202
197
200
211
223
217
219
213
197
199
215
227
222
208
216
223
237
230
235
236
246
251
258
255
227
215
204
210
207
205
198
203
225
242
239
237
244
234
225
230
253
264
265
256
229
204
197
186
186
195
207
202
202
225
237
241
212
193
200
225
239
233
219
221
193
196
197
216
239
235
230
218
220
224
223
207
195
185
189
211
237
259
262
272
263
249
241
211
207
199
199
197
188
187
199
224
249
266
288
290
283
237
225
230
227
229
221
215
220
220
220
205
205
213
215
218
227
238
251
255
255
239
234
230
237
219
221
221
241
249
251
226
211
205
209
202
215
210
230
235
246
238
251
250
247
243
247
255
245
228
203
186
195
231
249
256
267
261
245
227
203
194
190
209
201
197
204
213
231
250
263
287
275
255
224
198
199
199
203
203
215
206
220
231
233
230
226
217
219
239
247
244
251
239
220
225
238
249
223
211
220
226
229
239
241
245
249
247
240
237
227
194
184
202
231
249
248
232
213
224
233
241
245
244
227
219
217
210
217
224
223
208
191
197
220
233
235
225
223
231
245
246
270
281
278
263
224
196
175
194
211
218
203
213
212
245
265
275
251
229
227
239
233
233
229
233
243
255
261
258
231
201
201
207
204
195
184
186
203
218
239
251
258
279
271
244
211
181
182
193
191
180
182
198
226
248
268
275
269
257
238
215
205
224
228
231
206
183
178
207
239
247
239
228
216
219
238
243
227
207
201
190
195
207
224
237
245
243
250
246
230
209
199
200
198
216
230
227
217
189
197
201
224
223
206
203
218
235
211
209
220
247
265
256
205
168
151
155
179
199
238
247
259
265
255
226
201
188
211
235
255
267
286
282
245
199
180
176
205
231
256
247
236
219
206
193
203
221
263
290
290
243
181
158
159
183
196
224
255
289
289
242
180
156
157
193
227
247
267
245
213
189
179
169
153
181
257
315
345
295
253
207
192
162
147
157
203
258
303
316
270
199
159
157
163
206
258
278
278
250
212
179
169
180
195
226
276
300
275
220
183
185
214
215
201
182
202
246
287
285
264
191
176
182
192
217
241
251
258
259
261
242
241
245
229
214
185
169
179
196
232
254
273
283
244
189
157
165
199
241
258
237
214
208
195
191
198
238
283
304
291
261
239
218
167
152
166
215
261
288
289
272
261
239
192
176
191
222
249
256
277
273
255
220
173
147
156
170
200
237
275
292
269
227
196
182
191
220
245
267
270
269
239
212
167
143
159
201
248
268
268
241
213
215
195
204
234
262
282
278
260
229
219
222
207
216
215
220
210
213
217
223
245
235
215
196
185
202
203
221
254
270
279
275
265
246
228
217
235
261
287
273
235
196
177
186
202
206
205
197
193
193
207
193
179
177
225
261
273
261
257
227
208
216
226
243
259
258
260
240
239
187
150
121
135
181
231
255
243
249
223
211
190
184
195
217
228
254
248
243
218
185
170
196
227
249
257
272
260
231
199
151
146
175
209
245
276
272
250
223
200
192
203
201
209
215
234
233
237
251
262
244
249
255
235
212
197
199
204
209
218
209
204
207
209
236
258
267
255
241
215
197
187
199
221
232
241
244
238
249
239
228
216
214
221
224
225
219
224
215
215
198
193
207
232
255
268
247
225
208
199
179
187
198
209
234
229
241
233
242
254
259
264
273
249
244
244
265
250
239
219
187
175
201
219
245
263
260
258
231
200
153
147
166
195
230
266
278
267
237
217
215
246
267
257
247
237
229
234
232
230
216
218
242
243
245
241
227
213
211
218
213
201
205
198
187
169
175
198
234
249
259
243
231
214
212
226
241
231
219
217
210
227
236
239
244
247
239
247
210
212
204
209
217
215
214
229
239
249
231
211
181
184
199
209
219
219
236
238
227
222
228
250
267
258
249
235
237
210
181
171
181
189
216
234
246
253
255
265
260
253
222
203
205
209
212
231
245
259
260
257
223
207
205
221
230
229
231
224
237
251
252
259
268
254
236
217
216
204
218
217
207
216
257
289
297
273
254
237
236
234
211
204
197
200
194
189
197
203
224
231
214
221
233
259
259
228
222
223
229
240
232
229
237
237
224
216
204
200
209
222
228
231
217
192
193
196
216
228
242
235
226
222
231
227
243
245
239
231
217
209
195
183
191
202
205
211
213
224
249
279
265
248
236
229
225
235
251
244
225
197
169
170
197
213
231
241
251
246
226
209
201
199
210
215
218
220
231
234
233
222
227
224
225
213
214
204
215
215
223
218
221
216
219
208
213
211
205
227
243
256
255
255
243
206
183
203
232
261
259
252
225
203
211
213
218
207
205
209
221
237
245
247
235
200
188
193
220
242
264
242
220
195
209
198
217
226
221
208
194
187
197
218
239
262
258
267
271
253
220
201
192
204
232
253
249
234
205
197
207
237
273
289
283
251
231
221
215
217
230
243
234
228
231
227
221
229
232
231
231
233
220
220
225
233
242
250
247
243
233
233
226
217
225
236
238
244
239
231
215
208
201
197
194
184
189
211
228
261
268
271
262
260
242
216
205
205
208
201
215
225
224
239
245
251
254
231
215
201
218
236
234
229
217
203
188
195
225
251
268
251
222
209
204
202
204
197
201
210
197
216
210
213
211
211
193
189
204
244
246
245
230
203
195
192
212
221
236
247
249
243
215
207
233
239
252
255
244
233
217
234
229
223
238
238
242
221
215
196
175
171
180
187
198
207
234
253
271
269
245
214
207
221
229
223
206
216
232
233
238
235
217
193
176
170
183
220
243
268
275
273
256
234
208
196
225
245
253
252
243
220
210
218
215
203
205
221
245
237
223
207
195
194
227
238
236
222
205
207
214
230
225
233
229
237
238
246
250
255
242
248
243
242
242
229
211
211
215
223
229
223
227
239
284
286
259
241
229
216
224
239
230
230
244
248
241
233
193
178
180
198
217
244
251
239
252
258
248
237
231
227
228
228
232
211
204
211
219
243
241
237
209
201
217
233
231
232
228
230
245
232
202
191
208
223
238
232
208
174
181
198
220
242
237
223
197
182
159
164
171
203
214
229
238
226
214
215
206
221
231
236
246
251
247
247
238
240
221
219
225
237
230
238
274
264
241
217
193
195
195
208
213
224
234
234
236
227
220
210
197
197
192
215
249
249
227
209
205
198
177
145
138
170
219
255
277
282
252
225
203
198
190
210
245
255
245
236
238
245
253
268
257
241
239
235
229
209
209
217
224
212
203
190
199
216
239
235
235
225
242
234
215
187
203
205
231
235
230
218
216
214
225
232
219
201
185
195
194
219
235
257
250
241
219
207
211
229
233
241
235
232
199
180
172
185
207
221
225
219
221
236
225
207
202
173
172
179
225
265
279
257
235
221
224
225
251
254
262
256
240
236
225
224
233
229
242
243
235
213
190
187
195
213
241
249
258
239
228
209
208
210
212
201
207
215
227
234
249
268
271
255
234
220
202
181
184
201
204
215
256
287
285
268
269
244
212
201
207
221
221
229
227
241
219
201
203
223
247
269
255
252
238
238
239
228
217
243
245
247
237
220
192
197
223
239
247
239
247
237
233
236
234
229
234
229
225
207
215
225
238
233
217
202
192
195
203
221
232
255
265
248
209
185
179
206
217
252
260
248
222
229
223
208
191
205
227
239
218
198
183
195
212
247
253
249
253
256
259
235
233
230
218
187
177
179
191
199
225
250
280
283
240
201
214
197
198
179
183
206
228
250
243
262
263
266
254
248
229
234
222
215
195
183
185
195
202
214
219
225
227
247
247
241
233
220
209
193
197
223
264
282
269
239
234
206
198
204
236
241
238
223
226
214
225
230
257
283
276
273
253
252
215
209
213
233
235
221
197
166
171
181
175
169
165
172
196
200
215
218
227
230
247
253
257
245
245
225
243
240
245
245
244
255
268
256
236
230
229
213
215
214
223
226
229
233
261
286
285
263
233
223
210
214
230
232
235
249
244
248
251
267
280
283
270
220
191
178
180
181
201
209
187
193
217
231
227
206
201
197
204
191
179
199
219
230
238
233
233
247
255
270
247
241
213
177
166
180
221
264
285
280
249
206
187
178
154
158
156
180
207
234
246
255
250
247
260
284
277
249
220
229
227
221
232
232
213
209
207
199
213
240
247
245
239
227
219
211
215
204
197
188
197
232
244
233
223
208
186
189
201
229
219
222
240
236
194
170
143
145
149
182
235
291
325
325
324
277
208
156
166
219
275
285
276
250
252
264
266
264
257
269
281
264
214
163
155
165
186
175
147
135
145
131
137
169
219
244
235
187
129
133
187
272
286
261
238
235
242
261
253
233
247
258
254
232
224
238
276
297
283
259
304
331
338
293
292
301
307
243
150
65
63
131
212
265
287
279
239
195
171
151
137
159
240
285
277
249
244
262
231
179
145
163
199
225
225
231
241
266
295
290
259
259
298
328
330
291
257
221
207
164
118
71
75
131
242
336
368
330
291
245
179
95
66
81
131
143
159
173
207
242
253
288
319
318
272
225
195
218
235
239
223
209
232
221
209
226
245
228
181
166
158
197
259
291
280
254
238
193
174
211
293
317
308
255
213
171
228
317
363
286
172
100
66
94
195
300
328
303
291
285
247
212
175
155
143
169
202
251
246
278
293
293
267
227
205
179
186
213
220
228
265
325
338
283
232
215
213
200
180
155
134
154
200
228
233
221
221
245
253
231
181
158
160
185
185
175
157
163
189
232
238
251
248
238
231
212
189
214
247
257
206
192
224
258
255
249
260
263
253
249
263
264
246
241
263
283
268
246
246
232
213
206
198
153
156
197
240
259
274
297
283
261
222
196
177
171
191
205
193
177
170
159
178
248
314
301
241
227
246
257
215
191
221
279
308
310
292
249
199
149
84
63
127
184
223
258
294
273
213
192
245
319
354
313
261
227
251
285
292
258
205
174
165
184
217
223
208
211
233
256
239
217
220
223
227
216
204
198
198
199
206
247
287
295
310
283
245
217
188
157
111
117
175
230
241
211
179
172
210
243
254
266
281
281
283
293
291
247
189
161
190
227
241
235
236
239
234
233
260
279
265
268
259
249
223
222
228
253
275
281
264
253
239
218
216
197
166
133
150
184
195
217
248
247
223
221
223
207
219
226
211
199
209
238
253
249
238
231
207
202
230
267
274
242
225
253
251
219
203
228
243
220
207
208
201
198
204
225
255
251
213
187
183
191
194
212
215
207
189
170
155
165
203
207
203
219
252
252
237
209
228
244
267
258
251
234
225
223
243
265
240
233
202
166
167
194
201
212
230
242
223
180
155
190
262
345
351
297
223
189
197
216
211
197
195
213
238
248
273
258
230
192
183
182
196
193
193
223
258
280
267
253
243
211
193
197
227
247
219
187
151
161
168
189
220
228
201
181
175
187
199
233
272
285
282
277
264
253
251
226
208
202
221
233
221
208
225
231
251
253
237
230
244
231
239
251
264
262
194
135
139
185
251
253
248
248
236
230
217
197
191
206
246
257
252
254
257
273
284
286
290
269
243
209
187
167
157
161
186
190
170
174
193
214
229
231
227
225
251
253
250
235
249
224
219
223
243
254
245
205
183
193
228
243
221
201
189
201
183
174
154
174
201
203
202
201
228
261
268
258
212
175
162
193
230
247
231
212
201
189
176
172
199
239
263
281
288
305
282
258
242
243
255
265
278
270
241
195
189
198
199
192
185
190
205
228
259
263
239
224
220
251
248
239
220
241
255
265
281
281
247
217
200
189
190
211
213
180
173
195
223
233
219
223
233
255
260
265
281
291
275
236
195
156
160
179
205
245
272
265
204
189
223
247
227
210
219
227
223
225
227
241
239
203
200
215
220
244
250
237
208
218
219
234
235
224
211
230
255
274
270
230
195
161
147
174
204
226
219
197
175
194
231
269
276
249
210
205
238
263
228
195
187
209
217
226
221
238
255
272
246
246
247
239
230
227
220
217
225
227
236
253
282
280
280
268
255
221
210
211
206
189
190
176
176
192
201
212
212
217
231
242
272
245
227
193
177
197
237
241
219
217
222
213
173
155
169
223
258
269
257
241
229
201
191
221
257
249
236
224
215
195
209
226
250
244
233
247
251
243
225
213
227
235
259
253
257
227
205
195
185
213
245
265
233
201
200
189
184
197
194
199
231
259
264
249
229
223
207
205
196
208
212
205
183
166
199
239
248
227
207
201
215
218
247
269
263
246
231
221
200
202
239
257
251
216
193
203
227
261
279
265
243
226
220
214
194
209
208
214
212
240
257
239
217
229
248
278
303
327
298
249
177
153
167
181
181
190
207
221
205
197
209
211
225
233
247
247
261
243
222
211
232
237
235
219
198
183
177
175
160
172
203
230
225
209
203
227
247
267
239
232
228
227
204
189
183
207
217
224
205
220
255
283
265
249
253
266
261
216
178
175
208
214
211
204
222
234
257
253
222
214
243
243
234
242
264
261
249
229
197
168
189
226
249
231
208
193
192
221
248
275
260
223
199
201
187
197
196
218
223
200
185
184
204
215
226
236
250
248
254
242
239
209
238
254
267
215
191
191
205
227
257
253
243
255
259
254
237
225
207
200
195
190
222
246
259
251
249
239
234
253
262
256
245
226
199
169
171
194
234
237
234
223
225
240
278
309
299
247
209
205
220
218
224
229
233
252
275
277
258
233
216
209
230
243
241
236
211
197
185
204
215
208
199
239
272
265
236
232
208
196
209
230
225
185
200
248
246
229
217
210
213
206
225
223
223
252
277
234
163
157
219
231
214
239
270
255
212
213
230
227
231
242
232
210
217
235
211
189
211
257
267
249
249
250
192
161
175
207
193
207
261
281
224
210
222
228
211
215
227
199
179
177
211
215
219
230
230
200
201
232
259
224
198
200
205
209
226
259
265
250
242
233
221
218
239
243
217
215
238
239
241
261
289
273
249
235
221
188
186
235
265
246
234
237
251
248
242
233
224
216
242
269
285
286
274
233
205
188
207
211
235
259
260
246
239
207
198
179
179
191
211
220
221
233
229
211
214
234
232
243
233
197
169
173
195
221
213
201
189
191
202
201
209
238
269
276
271
250
221
219
221
209
226
219
203
180
195
220
219
198
199
195
222
252
261
229
221
225
237
243
255
251
223
206
210
212
201
198
217
235
235
224
212
209
215
235
243
249
230
212
203
193
207
235
233
217
225
205
169
159
176
193
206
235
257
253
257
246
228
197
199
214
218
225
245
274
259
243
230
245
237
205
172
174
179
196
215
251
264
281
271
263
219
199
221
235
217
201
201
220
225
251
254
224
201
221
253
248
205
175
178
192
202
234
273
272
281
269
227
187
183
205
210
216
223
233
229
207
178
203
247
281
291
270
254
243
241
239
190
177
187
230
260
278
267
250
239
234
221
202
213
214
191
163
161
182
200
227
235
217
202
210
255
280
267
249
227
195
194
221
263
244
220
218
219
219
240
265
257
239
237
196
157
169
222
263
254
249
240
241
225
213
175
171
213
256
259
235
234
270
275
242
229
228
226
217
233
219
183
164
195
196
191
209
259
249
240
243
249
227
191
207
216
207
199
223
212
227
239
259
234
200
206
245
247
252
252
264
223
190
175
166
173
219
254
262
280
279
259
209
181
179
207
221
217
207
205
225
232
225
213
203
210
218
222
215
215
215
221
211
211
205
203
192
190
193
194
202
213
229
229
235
247
250
224
203
199
227
201
192
202
220
240
259
267
263
249
247
224
195
187
215
242
269
288
280
249
212
208
231
234
206
197
202
218
217
221
197
176
187
218
260
273
283
276
235
185
170
188
208
204
195
204
236
253
255
221
206
193
194
215
217
201
200
194
201
207
235
241
253
253
227
211
195
209
219
235
244
227
210
223
215
219
218
215
210
209
213
210
213
222
213
207
231
253
263
246
245
237
222
203
206
200
218
226
251
273
285
245
219
195
201
227
247
245
235
218
196
182
194
237
236
221
213
228
239
264
278
265
241
226
210
212
212
222
227
226
224
208
219
227
219
235
234
214
197
198
199
205
202
201
217
244
273
281
275
267
275
257
235
219
217
198
191
197
216
243
261
251
222
209
191
201
209
238
249
255
230
204
203
228
241
254
263
271
268
258
245
215
203
190
177
183
211
223
228
229
237
224
219
230
239
244
243
258
251
247
246
239
221
206
178
173
211
252
279
274
251
246
239
235
215
200
194
207
226
241
233
231
219
225
220
221
220
239
253
272
260
229
207
225
247
254
263
246
232
221
220
217
227
232
241
218
209
185
177
187
209
221
259
295
293
268
245
234
209
202
199
183
182
217
232
235
236
255
267
260
229
209
209
215
227
208
207
214
226
207
175
152
175
229
262
265
247
227
231
233
229
206
188
192
202
215
241
240
231
216
206
193
186
200
227
232
243
247
237
251
257
252
256
230
209
208
217
243
262
271
259
235
220
210
201
219
230
223
224
220
245
236
234
219
221
209
215
212
209
212
211
214
232
235
236
232
233
236
241
235
227
205
185
187
186
211
228
241
245
237
222
211
191
197
171
152
149
191
219
241
243
248
250
233
209
200
198
220
224
227
227
227
239
240
227
216
231
266
286
287
273
247
213
201
201
215
241
252
258
254
245
210
193
201
212
219
213
201
178
156
174
197
221
231
225
216
185
180
179
200
231
245
239
235
211
219
231
245
241
239
239
237
243
230
234
219
217
199
192
180
215
242
272
273
255
230
215
199
181
183
201
224
227
234
238
246
259
269
269
255
223
195
193
224
240
242
233
243
257
277
283
269
260
255
239
240
233
233
228
232
237
254
259
252
229
200
181
177
179
191
223
236
251
265
262
241
224
207
197
197
207
203
218
229
237
251
258
268
255
251
219
181
167
170
176
207
230
255
249
235
207
184
197
203
214
213
231
247
253
251
237
211
215
220
225
218
197
199
209
211
208
194
197
201
213
226
242
243
236
220
211
196
199
221
232
237
229
225
225
264
287
276
235
206
189
197
208
209
217
218
223
229
237
255
257
247
237
215
204
196
217
230
259
256
247
225
225
224
227
228
227
213
216
246
253
250
227
213
199
189
189
215
232
249
219
216
216
245
243
242
213
199
191
199
214
227
241
256
247
244
243
235
238
249
253
230
202
193
213
238
256
249
254
254
241
218
207
203
216
230
253
254
255
254
237
216
223
225
229
239
241
223
201
199
201
224
231
233
219
207
195
193
205
239
255
267
229
211
198
211
225
203
187
200
212
231
233
235
227
230
229
220
227
245
253
235
211
188
181
171
188
213
239
283
279
273
245
233
209
204
196
204
213
227
247
245
237
227
221
233
223
213
212
238
252
247
231
204
188
186
200
219
247
258
258
234
209
203
198
205
225
220
236
246
266
249
232
211
195
197
219
220
230
241
253
252
239
246
252
265
254
245
225
207
183
172
176
211
220
237
246
245
238
227
221
217
224
225
216
195
197
200
207
205
194
173
157
162
191
237
272
263
245
231
223
209
219
239
222
210
204
214
227
213
197
203
214
221
220
221
227
212
209
211
217
245
268
284
264
246
210
179
153
177
227
263
281
271
235
203
195
191
214
233
220
200
203
217
239
250
256
242
219
217
207
205
226
245
257
268
268
236
207
208
198
204
194
209
232
262
263
236
205
191
173
180
197
223
242
256
239
218
219
248
268
271
252
227
206
197
213
223
249
280
309
283
262
223
208
209
228
207
209
224
235
248
244
248
244
235
222
213
207
203
206
214
212
214
223
229
224
217
226
239
243
231
220
201
199
189
177
177
204
219
241
258
251
221
191
181
200
209
213
227
233
231
246
244
249
246
233
209
201
195
207
205
222
236
259
268
263
231
209
183
188
197
187
177
168
185
220
251
262
261
261
236
223
223
213
219
241
241
244
248
239
231
217
211
205
217
230
228
227
219
218
220
243
251
246
234
231
212
193
176
204
232
260
269
255
245
252
248
235
228
193
171
160
171
184
212
227
247
250
266
251
248
252
251
229
205
189
188
207
219
233
231
232
240
255
220
190
161
178
185
211
223
246
247
257
259
276
274
290
289
273
229
193
167
174
186
209
232
236
247
245
248
249
241
214
214
216
213
222
228
220
213
231
257
260
250
221
194
172
165
161
173
199
238
277
284
265
245
219
207
187
172
188
217
249
251
238
224
236
260
269
272
241
221
215
215
201
185
177
182
183
207
233
265
275
280
262
231
197
189
184
211
236
260
281
284
281
256
241
232
212
212
214
201
179
157
154
167
197
231
253
257
263
253
242
252
250
238
223
202
168
155
165
212
245
271
281
283
264
241
203
181
186
195
199
216
219
204
199
216
217
223
223
227
227
236
250
253
245
249
250
246
231
224
227
225
218
202
213
225
225
211
202
194
214
227
234
235
243
263
239
211
201
197
201
218
231
233
236
231
212
206
207
217
212
219
201
180
194
217
246
255
254
231
220
216
219
207
208
209
212
215
238
259
269
255
244
199
190
170
171
189
212
225
235
251
235
234
229
229
231
239
259
263
255
239
223
202
205
195
175
167
182
242
289
306
307
284
242
206
183
175
201
206
221
228
225
210
225
245
259
251
238
213
181
158
171
174
217
259
283
282
273
264
253
234
202
187
187
227
242
243
232
211
202
214
225
241
236
231
221
230
233
245
235
228
234
237
241
244
241
226
212
191
165
155
168
199
235
243
215
196
192
200
219
259
261
256
255
263
263
250
236
213
192
176
173
179
187
210
224
224
209
208
229
243
255
258
254
256
244
257
256
249
243
243
231
228
227
233
223
214
220
217
210
201
208
211
228
221
222
203
215
221
227
233
247
247
236
223
211
224
246
243
233
215
202
189
181
219
242
262
259
239
208
199
176
155
141
186
223
242
246
247
242
235
219
207
222
235
238
244
247
245
239
223
212
198
214
223
239
251
264
272
279
282
266
235
209
177
178
203
218
209
217
235
232
219
205
203
194
195
203
220
217
215
205
191
173
184
195
210
248
273
264
246
233
225
233
242
255
250
256
261
278
271
271
253
252
228
205
193
217
237
251
231
216
194
191
197
210
193
181
179
174
206
229
235
224
215
215
209
187
200
212
240
261
245
223
203
181
184
181
198
227
269
305
294
274
268
265
260
253
253
268
251
260
243
253
251
228
185
184
199
214
204
213
197
189
171
175
171
174
165
164
191
194
193
199
244
291
306
313
297
297
298
266
235
237
259
267
269
267
267
265
240
232
228
245
265
281
269
259
237
236
222
218
220
229
240
223
198
196
197
201
213
227
221
215
204
188
175
168
187
212
236
259
247
209
189
185
217
225
227
219
215
212
202
198
218
227
237
232
215
197
197
213
237
247
242
225
223
245
248
256
234
199
167
171
195
209
241
258
255
225
207
233
252
263
265
228
203
199
211
209
237
246
250
241
249
248
251
250
237
239
218
198
186
193
214
228
242
264
265
251
209
201
201
228
242
251
250
249
237
229
227
236
228
217
202
175
157
150
174
207
227
221
218
201
204
207
211
223
237
253
266
256
228
201
210
216
225
219
225
213
206
199
195
198
218
244
252
249
218
210
207
216
209
213
224
235
218
227
214
216
217
232
225
223
219
183
161
177
203
228
248
272
272
259
250
233
218
197
180
168
165
188
207
225
216
201
197
223
231
244
251
253
235
232
239
228
217
207
215
233
244
246
224
209
225
244
253
246
234
219
234
249
251
245
220
189
183
193
223
240
245
242
232
217
208
212
209
199
208
220
248
263
248
227
221
223
223
219
217
222
238
256
242
225
223
199
180
192
220
267
274
251
205
197
203
222
228
210
203
205
236
265
271
248
243
232
236
225
226
219
231
227
237
242
240
203
181
179
200
211
223
225
230
235
247
264
255
247
222
220
193
175
166
183
223
221
216
211
205
203
197
191
183
191
195
216
233
252
257
251
261
252
233
220
221
207
218
223
240
251
236
219
193
183
197
201
242
254
275
297
294
279
242
223
227
223
208
204
217
232
234
232
235
263
264
263
239
238
243
265
237
215
183
190
211
235
257
261
241
209
185
183
195
201
208
211
223
234
231
220
223
201
181
183
201
221
220
219
209
200
199
211
218
242
243
234
229
239
234
227
210
209
193
189
195
216
225
245
233
233
227
220
207
213
225
259
259
253
243
217
205
195
203
230
259
261
268
242
226
219
230
233
209
195
199
212
231
254
268
258
244
254
245
244
237
251
247
241
230
234
234
245
216
221
221
229
222
211
191
185
199
219
236
230
225
207
209
225
229
233
225
214
221
240
272
281
284
268
229
201
179
195
227
261
267
249
225
212
223
237
248
229
219
219
238
231
225
216
213
218
220
214
195
196
210
219
217
215
208
215
211
215
221
235
256
257
255
239
221
206
217
230
235
243
251
227
214
200
193
195
206
207
200
201
209
214
234
248
248
267
269
264
242
217
215
238
240
262
266
267
249
237
211
201
200
197
202
219
221
219
232
258
262
260
248
225
205
196
191
193
204
212
230
240
242
225
213
212
221
222
223
217
199
214
226
224
219
204
191
205
217
228
230
234
230
225
209
207
197
203
202
205
194
213
215
243
251
259
253
237
232
235
239
241
217
188
161
158
181
202
209
211
229
259
283
258
215
187
176
178
189
205
217
213
223
224
224
241
237
236
226
207
189
189
219
223
212
215
231
251
252
269
255
245
218
178
161
167
189
224
245
255
241
226
233
242
251
263
249
222
210
199
205
209
234
239
251
225
204
191
185
201
197
203
203
227
248
267
242
213
199
209
193
205
211
211
206
223
238
257
255
256
236
224
230
231
228
240
256
245
229
195
193
199
225
224
225
224
217
220
246
259
253
237
223
216
224
217
208
203
207
220
217
220
232
245
246
238
223
215
207
210
196
215
233
231
216
208
201
208
231
255
253
241
239
234
251
257
230
208
211
218
234
244
239
232
215
203
218
243
276
296
285
236
225
212
223
221
238
237
230
215
202
188
171
177
200
217
219
203
195
195
195
207
220
222
235
254
255
251
231
228
233
240
246
220
219
209
212
208
227
241
235
215
209
208
228
250
244
235
231
215
193
185
202
225
229
213
194
195
199
211
208
224
225
215
206
209
215
233
231
209
180
188
203
221
220
221
217
246
265
289
285
271
274
259
254
236
227
206
212
220
225
221
233
233
237
225
221
227
232
235
202
199
206
211
224
239
238
245
237
249
256
257
231
220
209
223
220
226
228
227
212
216
223
246
243
242
230
215
211
231
259
279
283
266
239
229
227
241
262
253
242
233
230
225
236
247
260
238
229
221
217
246
287
303
282
247
205
198
205
219
215
233
232
214
196
201
201
201
183
189
183
179
182
187
201
237
255
247
242
237
243
223
206
181
178
186
205
223
245
252
251
237
229
209
213
211
209
199
217
230
225
215
217
229
238
246
244
232
222
209
193
196
198
209
223
239
238
230
217
215
193
207
220
237
237
242
233
221
229
216
210
199
224
238
238
224
207
209
212
212
220
220
239
238
240
243
246
226
229
211
204
191
197
207
211
222
232
258
272
259
217
195
200
203
217
224
238
217
201
201
207
209
219
220
226
229
237
222
218
209
211
205
213
204
211
221
234
240
248
243
224
212
224
234
236
249
241
239
231
231
218
207
199
183
191
211
227
251
250
239
206
200
215
237
252
244
229
216
207
200
197
211
241
263
243
229
222
215
230
245
243
235
229
203
211
215
221
201
199
199
216
218
223
217
217
221
226
233
243
249
234
226
225
231
232
242
240
245
225
207
192
193
191
209
227
249
243
232
219
225
227
231
233
209
194
195
221
246
257
259
235
219
214
206
200
199
209
199
205
207
206
223
264
291
294
281
262
247
249
250
217
204
217
227
241
253
257
243
238
231
214
193
193
219
223
229
215
211
228
247
247
239
225
209
209
221
237
226
222
203
199
198
226
235
255
259
263
236
207
194
188
187
208
218
226
233
233
227
216
206
199
210
225
232
238
229
239
235
226
231
216
209
206
224
227
219
217
225
248
250
230
214
201
198
204
209
230
230
224
201
193
197
226
233
241
260
265
255
217
196
186
197
213
216
216
225
262
278
279
264
225
221
232
255
266
247
225
220
216
223
210
192
189
190
214
233
244
243
243
234
233
253
275
274
263
239
207
173
161
143
173
218
265
265
245
225
213
215
233
244
222
209
218
220
223
253
255
251
236
233
215
224
219
234
227
243
235
244
243
244
227
222
248
259
254
249
231
222
216
217
226
241
265
253
243
211
219
222
241
252
237
230
235
223
204
217
230
263
261
244
220
208
206
208
201
219
203
199
202
234
223
208
174
178
197
234
244
254
242
227
205
198
193
194
201
210
215
202
224
223
217
209
225
225
237
237
223
212
207
214
219
234
243
225
207
218
223
229
215
210
215
213
203
203
223
262
270
240
212
221
231
231
214
207
203
224
221
218
227
233
233
235
255
241
219
191
203
207
229
246
254
247
231
212
218
229
250
243
234
201
187
208
241
252
249
242
219
196
184
186
181
191
201
233
272
277
254
227
208
219
233
236
240
230
219
219
214
200
180
165
169
163
163
150
160
175
183
173
182
188
186
202
216
201
199
204
241
278
289
281
262
255
268
248
218
197
198
219
231
219
184
169
177
220
217
224
215
220
226
237
237
260
269
249
223
198
180
185
215
263
271
258
263
250
253
227
186
175
199
213
221
231
269
281
265
237
207
185
187
199
185
199
218
240
249
251
242
228
207
215
214
215
215
219
221
235
235
242
215
204
191
193
202
226
245
256
253
235
225
218
216
209
200
204
210
217
227
237
251
233
227
231
236
239
252
253
239
205
189
212
228
249
269
277
252
249
231
235
227
208
198
210
220
225
199
199
189
216
235
259
248
245
236
220
225
249
267
267
241
225
203
203
221
226
232
227
239
247
238
214
201
184
195
211
214
195
189
223
275
270
234
236
258
262
252
265
267
277
267
267
251
217
210
230
247
252
246
247
249
252
244
230
208
191
209
238
243
237
228
204
188
182
211
217
227
221
239
239
268
262
221
173
169
198
237
233
225
236
235
226
219
239
263
255
241
235
221
227
205
199
181
201
232
255
243
217
175
162
177
197
229
249
256
235
207
198
215
229
253
250
239
223
241
237
241
233
247
241
227
201
175
161
181
213
234
247
242
239
223
214
209
205
212
227
267
275
254
223
204
196
193
202
217
229
244
272
277
257
224
211
210
207
210
205
203
200
211
227
221
207
203
195
211
217
241
258
257
242
256
271
265
235
226
210
233
248
264
257
250
251
220
193
185
193
183
197
227
260
260
244
211
195
206
212
227
217
219
235
238
220
219
219
241
233
218
219
211
195
168
163
165
182
215
219
212
202
205
213
210
211
214
244
273
280
285
272
248
214
197
208
220
237
246
236
226
220
215
223
227
251
243
249
247
243
217
222
229
241
248
263
262
258
255
223
198
200
220
212
210
204
205
207
203
181
175
190
196
211
232
236
223
235
255
259
232
196
171
169
193
237
249
244
228
199
187
161
171
209
219
235
229
249
267
271
252
217
184
179
199
225
243
261
274
246
237
221
231
222
227
215
227
208
215
207
206
205
219
225
247
243
251
249
262
270
294
285
242
213
205
208
189
198
216
217
216
227
239
241
247
243
223
201
205
196
202
218
230
222
223
235
253
256
253
216
194
186
206
226
244
247
255
252
234
213
195
186
190
199
221
230
230
213
202
209
223
227
234
247
251
244
217
209
213
223
228
245
229
221
207
208
206
215
218
227
233
233
231
221
235
243
245
231
232
214
207
196
204
216
229
