03120725.PTO
ABLN
2012/03/12 07:25:49.5399
100.0000 m/s  
6730 muestras
-9416
-9419
-9447
-9461
-9474
-9452
-9408
-9422
-9412
-9407
-9439
-9424
-9434
-9409
-9376
-9390
-9390
-9372
-9363
-9366
-9355
-9358
-9384
-9378
-9392
-9405
-9384
-9388
-9418
-9448
-9420
-9418
-9424
-9420
-9481
-9400
-9443
-9509
-9407
-9467
-9458
-9418
-9431
-9357
-9391
-9424
-9361
-9428
-9443
-9389
-9445
-9374
-9395
-9392
-9323
-9399
-9349
-9366
-9362
-9338
-9372
-9376
-9410
-9461
-9468
-9466
-9464
-9436
-9483
-9450
-9440
-9450
-9418
-9405
-9389
-9391
-9365
-9373
-9431
-9440
-9440
-9450
-9433
-9423
-9375
-9382
-9387
-9370
-9362
-9361
-9409
-9430
-9450
-9469
-9464
-9497
-9466
-9452
-9496
-9469
-9459
-9415
-9426
-9417
-9408
-9449
-9414
-9400
-9427
-9435
-9434
-9415
-9432
-9465
-9462
-9474
-9453
-9442
-9377
-9398
-9419
-9403
-9394
-9390
-9392
-9372
-9402
-9394
-9450
-9448
-9454
-9453
-9452
-9472
-9481
-9450
-9460
-9430
-9412
-9465
-9444
-9447
-9421
-9443
-9409
-9411
-9421
-9428
-9394
-9379
-9396
-9394
-9384
-9392
-9390
-9402
-9393
-9382
-9438
-9401
-9450
-9437
-9447
-9446
-9454
-9471
-9470
-9433
-9411
-9429
-9400
-9382
-9411
-9455
-9440
-9459
-9442
-9470
-9437
-9415
-9400
-9390
-9396
-9404
-9393
-9390
-9396
-9383
-9426
-9409
-9403
-9399
-9418
-9444
-9441
-9457
-9466
-9467
-9477
-9466
-9462
-9463
-9451
-9417
-9412
-9410
-9435
-9434
-9408
-9424
-9422
-9432
-9426
-9424
-9441
-9439
-9472
-9465
-9409
-9440
-9429
-9449
-9460
-9454
-9473
-9478
-9450
-9437
-9455
-9401
-9372
-9357
-9364
-9375
-9388
-9410
-9438
-9459
-9460
-9458
-9478
-9465
-9455
-9469
-9461
-9453
-9443
-9463
-9467
-9469
-9464
-9446
-9429
-9402
-9382
-9383
-9381
-9390
-9422
-9429
-9445
-9487
-9490
-9480
-9469
-9459
-9478
-9486
-9444
-9429
-9448
-9440
-9456
-9462
-9448
-9432
-9420
-9428
-9436
-9427
-9459
-9488
-9498
-9459
-9465
-9434
-9411
-9423
-9387
-9409
-9379
-9373
-9360
-9412
-9422
-9462
-9491
-9456
-9512
-9497
-9471
-9454
-9437
-9427
-9420
-9414
-9444
-9450
-9447
-9459
-9446
-9450
-9447
-9445
-9425
-9457
-9428
-9428
-9453
-9451
-9458
-9447
-9484
-9468
-9513
-9500
-9465
-9435
-9411
-9409
-9417
-9412
-9405
-9397
-9372
-9402
-9415
-9426
-9402
-9448
-9479
-9483
-9455
-9448
-9456
-9459
-9467
-9457
-9481
-9457
-9495
-9477
-9485
-9490
-9417
-9425
-9392
-9359
-9386
-9382
-9411
-9414
-9379
-9441
-9457
-9456
-9463
-9455
-9421
-9418
-9421
-9411
-9408
-9419
-9468
-9449
-9472
-9424
-9412
-9393
-9402
-9424
-9389
-9426
-9423
-9419
-9418
-9440
-9433
-9422
-9431
-9415
-9414
-9447
-9433
-9437
-9434
-9465
-9460
-9408
-9419
-9377
-9385
-9388
-9363
-9378
-9352
-9393
-9443
-9396
-9421
-9407
-9441
-9441
-9427
-9445
-9415
-9422
-9400
-9447
-9406
-9385
-9390
-9392
-9433
-9441
-9439
-9495
-9469
-9429
-9487
-9382
-9386
-9345
-9367
-9356
-9289
-9351
-9338
-9327
-9342
-9373
-9382
-9423
-9436
-9482
-9457
-9433
-9437
-9432
-9418
-9410
-9402
-9408
-9388
-9369
-9424
-9416
-9439
-9441
-9405
-9413
-9400
-9381
-9422
-9388
-9378
-9402
-9413
-9429
-9441
-9413
-9403
-9395
-9396
-9417
-9389
-9412
-9422
-9426
-9451
-9467
-9465
-9438
-9410
-9433
-9406
-9415
-9434
-9424
-9431
-9414
-9400
-9428
-9431
-9424
-9426
-9416
-9417
-9385
-9395
-9369
-9370
-9388
-9397
-9404
-9394
-9409
-9426
-9426
-9414
-9423
-9432
-9410
-9415
-9423
-9439
-9453
-9448
-9463
-9457
-9447
-9443
-9449
-9449
-9429
-9371
-9340
-9284
-9233
-9204
-9152
-9095
-9093
-9073
-9077
-9171
-9243
-9375
-9450
-9548
-9614
-9690
-9810
-9904
-10045
-10191
-10412
-10606
-10856
-11067
-11173
-11156
-10942
-10606
-10188
-9833
-9480
-9114
-8762
-8437
-8249
-8102
-7927
-7687
-7325
-7014
-6795
-6695
-6659
-6699
-6750
-6897
-7272
-7724
-8146
-8400
-8587
-8833
-9267
-9893
-10626
-11295
-11756
-12046
-12256
-12325
-12382
-12334
-12306
-12380
-12295
-12151
-11974
-11945
-11941
-11847
-11604
-11283
-10910
-10521
-10124
-9606
-8927
-8064
-7043
-6004
-5044
-4401
-4400
-4797
-5632
-6761
-7858
-8769
-9408
-9575
-9305
-8704
-7976
-7489
-7477
-8023
-8762
-9705
-10744
-11603
-12160
-12339
-12192
-11990
-11821
-11723
-11675
-11584
-11458
-11147
-10639
-9991
-9473
-9286
-9546
-10079
-10740
-11306
-11436
-11034
-10003
-8688
-7350
-6315
-5835
-5895
-6425
-7103
-7804
-8418
-8701
-8523
-8172
-7840
-7807
-8124
-8434
-8860
-9160
-9289
-9377
-9309
-9238
-9199
-9397
-9944
-10609
-11229
-11639
-11596
-11137
-10492
-9864
-9499
-9536
-10043
-10776
-11361
-11724
-11758
-11410
-10848
-10238
-9828
-9792
-9967
-10277
-10403
-10223
-9843
-9196
-8464
-7654
-6885
-6354
-6229
-6577
-7300
-8161
-8920
-9298
-9291
-9029
-8909
-9008
-9373
-10054
-10617
-10949
-10776
-10181
-9420
-8890
-8550
-8316
-8321
-8556
-8960
-9444
-9901
-10198
-10262
-10088
-9680
-9327
-9104
-9099
-9333
-9411
-9491
-9183
-8803
-8662
-8725
-9323
-10149
-10955
-11496
-11395
-11038
-10498
-9775
-9038
-8289
-7896
-7860
-8079
-8531
-9206
-9866
-10237
-10219
-10102
-9961
-9735
-9647
-9728
-9638
-9475
-9204
-8844
-8526
-8305
-8438
-8865
-9469
-10129
-10705
-11029
-11183
-10981
-10543
-9909
-9279
-8905
-8942
-9465
-9982
-10460
-10710
-10585
-10311
-9871
-9528
-9294
-9155
-9230
-9055
-8716
-8036
-7185
-6714
-6536
-6685
-6918
-7243
-7876
-8509
-9131
-9693
-9950
-9886
-9289
-8568
-8038
-7955
-8478
-9324
-10440
-11321
-11748
-11777
-11640
-11658
-11640
-11566
-11367
-10951
-10412
-9772
-9259
-8968
-8806
-8878
-9046
-9333
-9827
-10478
-10930
-10891
-10535
-9809
-8864
-7800
-7072
-6745
-6813
-7310
-8011
-8737
-9260
-9751
-10185
-10433
-10389
-9903
-9076
-8463
-8064
-8000
-7993
-8043
-8325
-8837
-9694
-10409
-10964
-11299
-11208
-10841
-10318
-9670
-9163
-8713
-8532
-8715
-9150
-9820
-10605
-11423
-12052
-12157
-11599
-10603
-9613
-8831
-8236
-7708
-7358
-7334
-7228
-7287
-7703
-8436
-9301
-9950
-10396
-10470
-10147
-9662
-9117
-8627
-8119
-7835
-7887
-8252
-9072
-10087
-10957
-11535
-11943
-11987
-11423
-10529
-9737
-8959
-8415
-8266
-8256
-8301
-8617
-9176
-9925
-10769
-11372
-11565
-11360
-11168
-10703
-9970
-9189
-8479
-7849
-7303
-7010
-6993
-7183
-7736
-8683
-9662
-10458
-10916
-10917
-10261
-9195
-7916
-7000
-6649
-6927
-7782
-8694
-9546
-10316
-10758
-10976
-11039
-10934
-11044
-11141
-11049
-10697
-10139
-9518
-8987
-8671
-8699
-9155
-9944
-10660
-11075
-11229
-10967
-10394
-9833
-9146
-8353
-7803
-7695
-7789
-7989
-8562
-9067
-9400
-9518
-9646
-9759
-9639
-9437
-9142
-8980
-8826
-8522
-8270
-8164
-8332
-8965
-9864
-10589
-10971
-11051
-10970
-10788
-10297
-9691
-9099
-8395
-7865
-7766
-8149
-8875
-9760
-10825
-11666
-11909
-11694
-11212
-10578
-9967
-9429
-8894
-8528
-8222
-7844
-7580
-7507
-7848
-8704
-9691
-10508
-10775
-10619
-10189
-9284
-8318
-7466
-6745
-6508
-6927
-7842
-9007
-10072
-10865
-11482
-11767
-11618
-11250
-10930
-10671
-10254
-9610
-8999
-8530
-8271
-8418
-8851
-9508
-10092
-10482
-10828
-11078
-11133
-10774
-10093
-8951
-7851
-7178
-6797
-6922
-7423
-8300
-9354
-10246
-10854
-11045
-10850
-10433
-9793
-9211
-8903
-8712
-8511
-8410
-8350
-8326
-8460
-8825
-9456
-10116
-10776
-11391
-11612
-11277
-10540
-9492
-8484
-7828
-7762
-8101
-8556
-9109
-9765
-10437
-10984
-11267
-11212
-10840
-10264
-9722
-9135
-8593
-8180
-7882
-7691
-7831
-8211
-8748
-9510
-10242
-10781
-11016
-10942
-10513
-9759
-8888
-8037
-7299
-6936
-6985
-7494
-8343
-9250
-10185
-10938
-11336
-11408
-11129
-10584
-9906
-9221
-8667
-8186
-7945
-7899
-8115
-8634
-9214
-10033
-10924
-11737
-12143
-11982
-11400
-10466
-9383
-8366
-7685
-7406
-7552
-8119
-8944
-9755
-10365
-10689
-10702
-10459
-10000
-9478
-8923
-8246
-7696
-7331
-7241
-7437
-7811
-8347
-9044
-9816
-10593
-11213
-11541
-11576
-11098
-10350
-9561
-8910
-8510
-8385
-8576
-9035
-9688
-10386
-11005
-11334
-11295
-11011
-10483
-9842
-9213
-8572
-7986
-7578
-7537
-7908
-8612
-9523
-10426
-11000
-11237
-11147
-10709
-10039
-9221
-8409
-7584
-7011
-6830
-6917
-7401
-8128
-9045
-9986
-10698
-11183
-11299
-11112
-10656
-9993
-9286
-8601
-8176
-8018
-8105
-8506
-9008
-9654
-10351
-10938
-11385
-11536
-11400
-10962
-10162
-9263
-8412
-7723
-7427
-7489
-8054
-8879
-9756
-10538
-11029
-11269
-11193
-10897
-10413
-9745
-9039
-8303
-7713
-7484
-7561
-8014
-8645
-9385
-10104
-10634
-10856
-10860
-10574
-10013
-9442
-8882
-8426
-8048
-7889
-7902
-8158
-8661
-9363
-10163
-10958
-11465
-11548
-11225
-10496
-9630
-8785
-8213
-7814
-7750
-8071
-8528
-9081
-9546
-9992
-10380
-10675
-10877
-10795
-10428
-9835
-9170
-8562
-8071
-7867
-8063
-8373
-8952
-9554
-10127
-10757
-10991
-11025
-10733
-10071
-9367
-8578
-7950
-7580
-7352
-7553
-7987
-8672
-9412
-10209
-10779
-11118
-11243
-10938
-10434
-9663
-8980
-8351
-7932
-7801
-7995
-8579
-9398
-10132
-10709
-11198
-11458
-11395
-11021
-10410
-9680
-8891
-8238
-7905
-7851
-8047
-8471
-9023
-9527
-9965
-10233
-10352
-10254
-10052
-9678
-9271
-8879
-8540
-8136
-7777
-7893
-8386
-9216
-10024
-10777
-11152
-11135
-10912
-10404
-9876
-9283
-8723
-8223
-7970
-8133
-8447
-8899
-9434
-10117
-10590
-10908
-11038
-10921
-10682
-10160
-9671
-9044
-8424
-7953
-7714
-7807
-8055
-8540
-9183
-9740
-10276
-10639
-10761
-10641
-10213
-9627
-8942
-8422
-8191
-8205
-8570
-9106
-9544
-9901
-10009
-9931
-9846
-9811
-9766
-9600
-9311
-8964
-8658
-8488
-8516
-8715
-9067
-9574
-10139
-10650
-10938
-11075
-11034
-10685
-10174
-9369
-8636
-8116
-7935
-8221
-8679
-9311
-9809
-10185
-10478
-10528
-10382
-10103
-9730
-9162
-8617
-8124
-7778
-7664
-7818
-8256
-8783
-9341
-9768
-10070
-10280
-10370
-10266
-10028
-9596
-9155
-8699
-8376
-8386
-8602
-9092
-9706
-10351
-10887
-11282
-11286
-11053
-10650
-10228
-9814
-9209
-8675
-8156
-7927
-8018
-8307
-8823
-9278
-9735
-10109
-10308
-10332
-9991
-9594
-9061
-8567
-8160
-7923
-8109
-8439
-8830
-9198
-9495
-9720
-9912
-10048
-10262
-10328
-10278
-9956
-9551
-9187
-8823
-8741
-8802
-9017
-9351
-9839
-10174
-10340
-10351
-10151
-9828
-9497
-9093
-8717
-8548
-8510
-8780
-9253
-9776
-10251
-10553
-10723
-10669
-10484
-10183
-9806
-9382
-8856
-8481
-8213
-8121
-8226
-8490
-8892
-9266
-9550
-9917
-10176
-10269
-10181
-9818
-9393
-8951
-8605
-8452
-8478
-8724
-9126
-9440
-9730
-9894
-9999
-10107
-10042
-9957
-9779
-9469
-9202
-8894
-8761
-8754
-8898
-9190
-9479
-9910
-10178
-10294
-10312
-10146
-9940
-9687
-9334
-8991
-8677
-8627
-8730
-8951
-9224
-9447
-9681
-9779
-9874
-9891
-9844
-9767
-9596
-9366
-9247
-9130
-9144
-9147
-9133
-9316
-9504
-9798
-9962
-10049
-10075
-9893
-9709
-9558
-9373
-9228
-9026
-8875
-8898
-8992
-9157
-9374
-9652
-9844
-9964
-9995
-9905
-9781
-9565
-9354
-9192
-9030
-8946
-8953
-9012
-9072
-9146
-9301
-9552
-9817
-9952
-9933
-9763
-9504
-9253
-9020
-8841
-8740
-8774
-8926
-9138
-9446
-9761
-10048
-10243
-10268
-10222
-10073
-9842
-9510
-9168
-8956
-8804
-8742
-8754
-8864
-9044
-9250
-9537
-9759
-9846
-9840
-9735
-9573
-9450
-9389
-9362
-9277
-9169
-9109
-9147
-9344
-9542
-9709
-9771
-9686
-9525
-9331
-9147
-9049
-9035
-9059
-9089
-9131
-9213
-9321
-9472
-9647
-9823
-9926
-9925
-9850
-9774
-9627
-9507
-9401
-9326
-9277
-9282
-9336
-9374
-9452
-9461
-9471
-9462
-9459
-9425
-9332
-9200
-9100
-9015
-8990
-8991
-9127
-9309
-9506
-9807
-9963
-10103
-10019
-9866
-9626
-9351
-9174
-8982
-8920
-8914
-8908
-8952
-9062
-9193
-9358
-9482
-9633
-9674
-9650
-9549
-9367
-9216
-9090
-9059
-9085
-9193
-9358
-9533
-9682
-9837
-9959
-10021
-9964
-9871
-9712
-9519
-9389
-9254
-9126
-9061
-9047
-9096
-9218
-9429
-9682
-9816
-9905
-9881
-9734
-9558
-9303
-9070
-8940
-8842
-8898
-9024
-9220
-9456
-9672
-9855
-9890
-9838
-9724
-9614
-9492
-9369
-9247
-9133
-9088
-9133
-9223
-9334
-9464
-9605
-9727
-9812
-9792
-9783
-9677
-9454
-9233
-9009
-8840
-8716
-8786
-8901
-9122
-9392
-9580
-9792
-9886
-9964
-9994
-9912
-9833
-9694
-9534
-9352
-9178
-9067
-9039
-9084
-9187
-9309
-9447
-9578
-9648
-9743
-9743
-9710
-9625
-9511
-9394
-9270
-9266
-9231
-9261
-9326
-9401
-9497
-9499
-9476
-9373
-9247
-9159
-9114
-9123
-9185
-9268
-9324
-9381
-9465
-9556
-9656
-9732
-9749
-9726
-9691
-9642
-9561
-9510
-9469
-9458
-9431
-9396
-9436
-9485
-9555
-9610
-9611
-9602
-9563
-9483
-9360
-9252
-9178
-9107
-9104
-9135
-9228
-9346
-9449
-9647
-9799
-9928
-9937
-9901
-9795
-9583
-9457
-9280
-9193
-9138
-9126
-9171
-9176
-9184
-9279
-9351
-9424
-9498
-9556
-9591
-9523
-9475
-9380
-9372
-9362
-9397
-9455
-9492
-9514
-9499
-9489
-9435
-9399
-9319
-9272
-9252
-9281
-9307
-9318
-9349
-9368
-9397
-9463
-9528
-9597
-9647
-9645
-9629
-9567
-9514
-9436
-9386
-9340
-9338
-9350
-9360
-9363
-9380
-9416
-9444
-9501
-9430
-9388
-9370
-9341
-9350
-9394
-9427
-9487
-9537
-9554
-9622
-9623
-9701
-9715
-9669
-9650
-9603
-9572
-9458
-9414
-9310
-9209
-9104
-9058
-9077
-9096
-9291
-9342
-9443
-9576
-9590
-9619
-9568
-9489
-9462
-9405
-9379
-9339
-9329
-9301
-9274
-9307
-9292
-9405
-9443
-9519
-9581
-9548
-9586
-9531
-9504
-9511
-9469
-9511
-9539
-9514
-9551
-9517
-9527
-9509
-9490
-9528
-9474
-9389
-9308
-9248
-9201
-9235
-9224
-9298
-9358
-9404
-9518
-9553
-9525
-9505
-9442
-9335
-9308
-9276
-9305
-9297
-9328
-9354
-9344
-9442
-9510
-9554
-9666
-9667
-9640
-9584
-9500
-9482
-9411
-9361
-9346
-9355
-9353
-9414
-9454
-9528
-9546
-9561
-9551
-9514
-9493
-9414
-9396
-9362
-9348
-9267
-9251
-9266
-9245
-9308
-9340
-9315
-9353
-9333
-9309
-9355
-9321
-9354
-9387
-9394
-9438
-9400
-9492
-9448
-9454
-9577
-9523
-9564
-9476
-9392
-9353
-9281
-9311
-9358
-9359
-9462
-9462
-9496
-9516
-9463
-9503
-9493
-9525
-9529
-9540
-9484
-9475
-9367
-9415
-9402
-9370
-9468
-9420
-9485
-9456
-9390
-9376
-9344
-9284
-9283
-9206
-9220
-9156
-9243
-9312
-9304
-9429
-9444
-9567
-9561
-9632
-9577
-9520
-9515
-9401
-9372
-9319
-9269
-9298
-9310
-9340
-9379
-9365
-9455
-9413
-9466
-9527
-9464
-9555
-9508
-9449
-9473
-9428
-9450
-9449
-9430
-9456
-9425
-9457
-9458
-9421
-9426
-9376
-9399
-9375
-9412
-9474
-9447
-9458
-9457
-9482
-9483
-9480
-9468
-9445
-9423
-9394
-9408
-9448
-9477
-9457
-9448
-9442
-9429
-9429
-9384
-9427
-9445
-9451
-9532
-9550
-9596
-9509
-9484
-9450
-9355
-9409
-9308
-9315
-9324
-9348
-9404
-9406
-9427
-9356
-9393
-9361
-9332
-9371
-9351
-9386
-9386
-9363
-9422
-9413
-9458
-9491
-9491
-9604
-9546
-9566
-9572
-9474
-9498
-9414
-9385
-9396
-9392
-9386
-9403
-9412
-9474
-9536
-9547
-9564
-9510
-9506
-9458
-9424
-9344
-9307
-9283
-9319
-9314
-9313
-9377
-9448
-9538
-9563
-9611
-9572
-9555
-9414
-9348
-9267
-9185
-9193
-9194
-9256
-9337
-9454
-9501
-9533
-9559
-9551
-9517
-9509
-9499
-9459
-9429
-9399
-9357
-9345
-9359
-9377
-9424
-9479
-9516
-9543
-9513
-9518
-9512
-9506
-9457
-9416
-9391
-9364
-9388
-9351
-9412
-9489
-9516
-9550
-9537
-9539
-9489
-9444
-9395
-9332
-9337
-9288
-9256
-9250
-9275
-9286
-9348
-9378
-9453
-9534
-9574
-9542
-9453
-9423
-9399
-9389
-9388
-9412
-9380
-9445
-9467
-9557
-9552
-9554
-9551
-9535
-9521
-9425
-9436
-9385
-9388
-9348
-9340
-9361
-9346
-9368
-9388
-9392
-9418
-9384
-9424
-9414
-9354
-9328
-9319
-9321
-9312
-9365
-9380
-9465
-9460
-9504
-9503
-9509
-9526
-9499
-9545
-9509
-9480
-9463
-9429
-9420
-9453
-9478
-9540
-9546
-9522
-9575
-9537
-9517
-9505
-9446
-9443
-9383
-9363
-9276
-9263
-9309
-9336
-9349
-9448
-9483
-9523
-9578
-9556
-9584
-9527
-9481
-9399
-9400
-9292
-9275
-9256
-9315
-9365
-9389
-9463
-9441
-9494
-9496
-9493
-9489
-9429
-9407
-9429
-9392
-9394
-9395
-9460
-9418
-9432
-9450
-9504
-9528
-9502
-9531
-9486
-9473
-9431
-9375
-9360
-9305
-9278
-9345
-9355
-9406
-9439
-9457
-9469
-9462
-9427
-9404
-9366
-9366
-9323
-9318
-9309
-9353
-9396
-9409
-9480
-9438
-9509
-9459
-9447
-9488
-9429
-9397
-9365
-9328
-9344
-9401
-9506
-9522
-9548
-9631
-9591
-9582
-9548
-9538
-9465
-9416
-9420
-9385
-9376
-9349
-9362
-9389
-9367
-9375
-9402
-9431
-9423
-9419
-9411
-9380
-9371
-9318
-9295
-9286
-9285
-9268
-9410
-9422
-9406
-9496
-9427
-9461
-9450
-9427
-9430
-9417
-9417
-9375
-9306
-9376
-9405
-9479
-9491
-9461
-9559
-9489
-9478
-9479
-9478
-9439
-9471
-9480
-9511
-9496
-9443
-9504
-9518
-9517
-9514
-9481
-9463
-9443
-9373
-9398
-9325
-9301
-9277
-9270
-9282
-9294
-9330
-9386
-9396
-9386
-9431
-9399
-9456
-9410
-9366
-9390
-9360
-9376
-9385
-9443
-9476
-9451
-9489
-9524
-9554
-9548
-9548
-9543
-9495
-9468
-9460
-9406
-9429
-9401
-9403
-9464
-9449
-9453
-9492
-9462
-9448
-9448
-9394
-9434
-9377
-9390
-9402
-9418
-9445
-9445
-9462
-9480
-9394
-9421
-9371
-9386
-9401
-9439
-9402
-9376
-9404
-9341
-9418
-9314
-9381
-9301
-9423
-9300
-9403
-9400
-9517
-9518
-9385
-9535
-9366
-9557
-9437
-9517
-9508
-9567
-9542
-9522
-9500
-9490
-9485
-9404
-9441
-9387
-9453
-9437
-9458
-9423
-9427
-9436
-9485
-9430
-9477
-9447
-9411
-9432
-9422
-9411
-9419
-9438
-9417
-9461
-9481
-9471
-9446
-9478
-9488
-9486
-9458
-9473
-9381
-9405
-9382
-9412
-9427
-9437
-9478
-9449
-9458
-9447
-9441
-9412
-9457
-9410
-9466
-9441
-9433
-9424
-9405
-9340
-9360
-9337
-9384
-9449
-9389
-9441
-9357
-9407
-9386
-9388
-9432
-9432
-9462
-9445
-9455
-9484
-9452
-9438
-9433
-9464
-9392
-9462
-9453
-9409
-9476
-9412
-9464
-9454
-9449
-9439
-9453
-9431
-9473
-9428
-9452
-9412
-9361
-9429
-9397
-9453
-9414
-9417
-9409
-9356
-9407
-9437
-9439
-9462
-9412
-9411
-9409
-9378
-9371
-9347
-9350
-9390
-9420
-9474
-9492
-9522
-9545
-9487
-9522
-9487
-9469
-9469
-9418
-9437
-9444
-9438
-9452
-9459
-9419
-9417
-9428
-9435
-9474
-9433
-9404
-9386
-9320
-9398
-9341
-9407
-9469
-9406
-9487
-9451
-9499
-9480
-9486
-9456
-9457
-9353
-9343
-9362
-9295
-9332
-9296
-9382
-9363
-9421
-9403
-9390
-9394
-9372
-9389
-9348
-9386
-9391
-9355
-9397
-9365
-9378
-9406
-9404
-9451
-9425
-9461
-9450
-9446
-9453
-9431
-9397
-9437
-9406
-9448
-9480
-9406
-9506
-9421
-9407
-9398
-9338
-9402
-9374
-9377
-9399
-9347
-9374
-9430
-9368
-9451
-9387
-9386
-9444
-9396
-9443
-9375
-9329
-9412
-9361
-9282
-9444
-9379
-9435
-9486
-9423
-9476
-9472
-9511
-9453
-9505
-9493
-9425
-9456
-9381
-9378
-9413
-9403
-9443
-9461
-9428
-9412
-9420
-9450
-9448
-9490
-9466
-9430
-9465
-9394
-9447
-9422
-9400
-9449
-9417
-9524
-9499
-9462
-9542
-9480
-9518
-9503
-9472
-9489
-9406
-9437
-9429
-9391
-9376
-9351
-9371
-9460
-9441
-9450
-9520
-9441
-9495
-9501
-9459
-9527
-9448
-9449
-9461
-9453
-9482
-9472
-9470
-9481
-9484
-9446
-9487
-9476
-9485
-9477
-9432
-9415
-9388
-9373
-9352
-9370
-9393
-9438
-9458
-9492
-9528
-9490
-9475
-9462
-9427
-9418
-9429
-9391
-9381
-9374
-9339
-9355
-9367
-9416
-9452
-9482
-9475
-9494
-9485
-9453
-9458
-9433
-9428
-9439
-9458
-9403
-9469
-9496
-9466
-9524
-9513
-9502
-9475
-9446
-9396
-9400
-9386
-9305
-9397
-9325
-9367
-9431
-9347
-9411
-9377
-9397
-9404
-9400
-9424
-9425
-9388
-9407
-9366
-9417
-9443
-9427
-9465
-9463
-9500
-9519
-9553
-9511
-9498
-9453
-9413
-9376
-9357
-9347
-9346
-9308
-9417
-9391
-9439
-9473
-9369
-9472
-9373
-9411
-9411
-9380
-9404
-9384
-9368
-9394
-9407
-9365
-9443
-9421
-9409
-9475
-9468
-9500
-9496
-9504
-9490
-9453
-9471
-9449
-9460
-9399
-9400
-9405
-9382
-9420
-9429
-9453
-9425
-9416
-9440
-9387
-9426
-9400
-9383
-9395
-9382
-9397
-9369
-9409
-9406
-9462
-9448
-9476
-9474
-9464
-9467
-9447
-9391
-9404
-9451
-9410
-9459
-9441
-9486
-9456
-9470
-9474
-9437
-9422
-9425
-9384
-9437
-9405
-9355
-9413
-9326
-9421
-9409
-9428
-9496
-9406
-9465
-9447
-9395
-9461
-9395
-9406
-9410
-9365
-9415
-9456
-9425
-9454
-9462
-9510
-9490
-9443
-9462
-9426
-9407
-9404
-9414
-9360
-9416
-9351
-9419
-9412
-9427
-9492
-9457
-9465
-9431
-9466
-9417
-9413
-9401
-9392
-9355
-9390
-9375
-9413
-9427
-9436
-9474
-9440
-9436
-9416
-9439
-9426
-9449
-9441
-9419
-9394
-9414
-9389
-9387
-9405
-9369
-9415
-9440
-9462
-9465
-9448
-9422
-9418
-9445
-9417
-9423
-9456
-9462
-9470
-9469
-9445
-9457
-9431
-9423
-9435
-9397
-9395
-9343
-9381
-9366
-9374
-9407
-9380
-9429
-9408
-9432
-9448
-9449
-9494
-9452
-9448
-9456
-9428
-9442
-9442
-9450
-9443
-9467
-9468
-9459
-9506
-9510
-9519
-9531
-9488
-9455
-9412
-9375
-9380
-9384
-9411
-9445
-9438
-9456
-9481
-9456
-9458
-9433
-9408
-9410
-9378
-9395
-9371
-9357
-9358
-9355
-9408
-9364
-9386
-9421
-9426
-9472
-9469
-9469
-9459
-9424
-9427
-9444
-9418
-9458
-9449
-9447
-9446
-9426
-9441
-9424
-9430
-9399
-9408
-9401
-9393
-9405
-9409
-9434
-9427
-9414
-9389
-9398
-9428
-9420
-9438
-9454
-9443
-9468
-9442
-9461
-9427
-9374
-9393
-9365
-9419
-9424
-9425
-9445
-9425
-9471
-9465
-9437
-9430
-9390
-9426
-9437
-9423
-9425
-9393
-9409
-9412
-9416
-9426
-9420
-9393
-9414
-9402
-9394
-9430
-9388
-9383
-9374
-9367
-9388
-9383
-9406
-9449
-9450
-9494
-9471
-9450
-9460
-9425
-9397
-9391
-9398
-9394
-9415
-9416
-9457
-9470
-9490
-9492
-9458
-9438
-9408
-9414
-9392
-9365
-9372
-9332
-9353
-9376
-9402
-9465
-9477
-9537
-9516
-9512
-9490
-9478
-9467
-9452
-9470
-9415
-9418
-9379
-9411
-9395
-9365
-9396
-9400
-9484
-9472
-9455
-9471
-9476
-9490
-9478
-9453
-9456
-9392
-9391
-9409
-9428
-9476
-9445
-9498
-9465
-9440
-9436
-9443
-9418
-9392
-9389
-9400
-9426
-9440
-9467
-9476
-9504
-9466
-9486
-9476
-9476
-9450
-9460
-9457
-9427
-9422
-9399
-9421
-9430
-9474
-9466
-9474
-9471
-9435
-9436
-9432
-9452
-9474
-9459
-9445
-9424
-9405
-9423
-9443
-9388
-9420
-9418
-9427
-9470
-9429
-9438
-9418
-9405
-9392
-9386
-9404
-9427
-9399
-9411
-9393
-9396
-9401
-9406
-9463
-9455
-9488
-9493
-9521
-9498
-9444
-9456
-9417
-9438
-9437
-9424
-9479
-9430
-9467
-9455
-9451
-9467
-9433
-9431
-9389
-9424
-9416
-9408
-9431
-9453
-9455
-9495
-9488
-9488
-9475
-9453
-9454
-9398
-9399
-9397
-9405
-9419
-9398
-9400
-9408
-9415
-9448
-9450
-9480
-9467
-9448
-9400
-9376
-9409
-9419
-9457
-9430
-9412
-9450
-9400
-9416
-9399
-9374
-9458
-9395
-9466
-9481
-9420
-9468
-9445
-9444
-9461
-9419
-9427
-9393
-9376
-9420
-9394
-9464
-9468
-9476
-9488
-9414
-9409
-9400
-9367
-9413
-9391
-9363
-9376
-9339
-9355
-9385
-9418
-9420
-9422
-9427
-9427
-9459
-9463
-9423
-9445
-9427
-9439
-9441
-9392
-9405
-9414
-9421
-9409
-9425
-9435
-9445
-9423
-9405
-9395
-9356
-9354
-9407
-9375
-9390
-9410
-9405
-9465
-9435
-9442
-9413
-9387
-9382
-9365
-9396
-9417
-9403
-9408
-9407
-9416
-9434
-9420
-9452
-9427
-9427
-9464
-9439
-9408
-9396
-9389
-9431
-9427
-9440
-9454
-9399
-9402
-9419
-9444
-9422
-9411
-9421
-9442
-9428
-9409
-9410
-9424
-9423
-9396
-9391
-9403
-9401
-9396
-9430
-9418
-9443
-9466
-9523
-9505
-9485
-9486
-9439
-9438
-9404
-9408
-9429
-9418
-9424
-9379
-9359
-9377
-9350
-9411
-9427
-9442
-9482
-9474
-9472
-9482
-9445
-9447
-9448
-9417
-9437
-9441
-9469
-9488
-9464
-9428
-9434
-9415
-9444
-9430
-9409
-9390
-9383
-9417
-9438
-9442
-9421
-9429
-9398
-9404
-9389
-9401
-9381
-9395
-9393
-9384
-9423
-9454
-9472
-9472
-9489
-9426
-9437
-9400
-9398
-9420
-9403
-9440
-9409
-9433
-9458
-9462
-9476
-9442
-9449
-9451
-9450
-9436
-9429
-9390
-9402
-9426
-9413
-9436
-9409
-9424
-9435
-9444
-9432
-9426
-9442
-9439
-9430
-9468
-9461
-9466
-9454
-9446
-9442
-9394
-9440
-9426
-9449
-9453
-9431
-9471
-9444
-9458
-9457
-9407
-9425
-9394
-9401
-9400
-9409
-9411
-9435
-9448
-9438
-9433
-9426
-9446
-9421
-9436
-9435
-9444
-9434
-9426
-9402
-9457
-9448
-9482
-9486
-9444
-9451
-9405
-9418
-9406
-9437
-9427
-9409
-9398
-9386
-9398
-9436
-9435
-9450
-9488
-9485
-9484
-9462
-9439
-9473
-9468
-9453
-9456
-9414
-9412
-9396
-9389
-9394
-9427
-9439
-9432
-9409
-9404
-9404
-9419
-9414
-9395
-9479
-9478
-9480
-9485
-9433
-9423
-9428
-9442
-9436
-9466
-9453
-9431
-9455
-9429
-9401
-9389
-9403
-9414
-9429
-9428
-9426
-9430
-9449
-9443
-9453
-9441
-9452
-9441
-9415
-9472
-9414
-9437
-9388
-9361
-9370
-9398
-9442
-9403
-9439
-9412
-9456
-9445
-9420
-9468
-9473
-9460
-9475
-9441
-9434
-9440
-9408
-9434
-9416
-9384
-9381
-9381
-9385
-9402
-9416
-9405
-9376
-9394
-9396
-9407
-9411
-9408
-9409
-9416
-9423
-9397
-9398
-9385
-9405
-9430
-9429
-9440
-9412
-9423
-9442
-9443
-9474
-9456
-9453
-9418
-9399
-9387
-9377
-9389
-9374
-9391
-9382
-9375
-9396
-9406
-9387
-9423
-9456
-9439
-9436
-9424
-9423
-9410
-9416
-9441
-9441
-9467
-9467
-9460
-9438
-9395
-9410
-9418
-9397
-9417
-9454
-9437
-9445
-9462
-9437
-9428
-9416
-9398
-9418
-9411
-9397
-9422
-9397
-9437
-9425
-9414
-9438
-9374
-9411
-9385
-9396
-9443
-9409
-9444
-9452
-9424
-9421
-9426
-9421
-9455
-9462
-9451
-9435
-9432
-9454
-9452
-9440
-9421
-9435
-9439
-9432
-9425
-9410
-9368
-9378
-9377
-9376
-9394
-9377
-9387
-9378
-9385
-9400
-9417
-9422
-9448
-9466
-9458
-9444
-9472
-9443
-9427
-9458
-9424
-9467
-9482
-9459
-9454
-9435
-9440
-9431
-9428
-9452
-9433
-9409
-9401
-9403
-9387
-9388
-9392
-9396
-9399
-9380
-9408
-9398
-9397
-9405
-9405
-9417
-9426
-9449
-9444
-9470
-9478
-9490
-9489
-9486
-9467
-9448
-9464
-9440
-9430
-9423
-9434
-9449
-9438
-9452
-9427
-9423
-9427
-9372
-9401
-9405
-9409
-9406
-9469
-9478
-9461
-9448
-9446
-9506
-9468
-9466
-9430
-9420
-9414
-9395
-9388
-9409
-9398
-9449
-9433
-9414
-9448
-9434
-9478
-9482
-9464
-9442
-9425
-9427
-9453
-9424
-9428
-9390
-9418
-9438
-9425
-9449
-9425
-9406
-9419
-9423
-9454
-9461
-9445
-9485
-9472
-9490
-9454
-9440
-9423
-9395
-9397
-9397
-9386
-9417
-9456
-9454
-9453
-9452
-9482
-9470
-9449
-9447
-9463
-9446
-9443
-9466
-9445
-9393
-9377
-9366
-9387
-9383
-9400
-9429
-9433
-9476
-9477
-9474
-9485
-9466
-9430
-9440
-9411
-9421
-9427
-9425
-9436
-9439
-9451
-9445
-9459
-9486
-9495
-9472
-9456
-9443
-9440
-9457
-9441
-9421
-9422
-9387
-9412
-9404
-9385
-9393
-9405
-9419
-9437
-9462
-9456
-9480
-9484
-9516
-9487
-9456
-9454
-9434
-9446
-9413
-9429
-9430
-9452
-9478
-9465
-9493
-9455
-9466
-9481
-9453
-9446
-9403
-9426
-9437
-9405
-9448
-9433
-9422
-9424
-9435
-9427
-9410
-9413
-9402
-9439
-9433
-9404
-9409
-9428
-9420
-9458
-9470
-9477
-9463
-9432
-9408
-9384
-9391
-9410
-9424
-9384
-9416
-9425
-9424
-9441
-9429
-9451
-9432
-9400
-9445
-9452
-9463
-9420
-9399
-9412
-9397
-9400
-9367
-9379
-9370
-9389
-9396
-9408
-9395
-9405
-9417
-9391
-9403
-9413
-9423
-9431
-9437
-9459
-9445
-9400
-9401
-9397
-9393
-9402
-9411
-9389
-9398
-9392
-9395
-9380
-9367
-9364
-9384
-9410
-9419
-9426
-9407
-9449
-9439
-9433
-9446
-9422
-9401
-9409
-9388
-9407
-9396
-9407
-9427
-9397
-9410
-9409
-9417
-9408
-9412
-9402
-9438
-9417
-9387
-9364
-9337
-9365
-9374
-9388
-9404
-9428
-9446
-9459
-9456
-9478
-9465
-9456
-9429
-9398
-9387
-9408
-9395
-9390
-9423
-9402
-9426
-9393
-9377
-9372
-9395
-9420
-9405
-9420
-9408
-9404
-9400
-9402
-9406
-9398
-9406
-9408
-9422
-9415
-9412
-9448
-9466
-9484
-9470
-9471
-9470
-9471
-9438
-9416
-9416
-9406
-9407
-9388
-9393
-9399
-9402
-9414
-9408
-9402
-9444
-9426
-9441
-9425
-9407
-9417
-9415
-9429
-9447
-9453
-9427
-9477
-9462
-9491
-9474
-9457
-9459
-9436
-9436
-9431
-9437
-9437
-9474
-9448
-9462
-9459
-9444
-9464
-9449
-9430
-9440
-9423
-9421
-9423
-9427
-9434
-9443
-9453
-9444
-9453
-9452
-9459
-9460
-9446
-9439
-9447
-9453
-9469
-9450
-9440
-9446
-9452
-9448
-9440
-9439
-9441
-9427
-9423
-9428
-9439
-9458
-9476
-9443
-9419
-9408
-9395
-9390
-9368
-9455
-9441
-9479
-9483
-9442
-9464
-9436
-9449
-9459
-9442
-9441
-9407
-9416
-9449
-9438
-9469
-9447
-9467
-9462
-9451
-9422
-9431
-9410
-9421
-9464
-9455
-9464
-9423
-9428
-9407
-9421
-9420
-9435
-9445
-9405
-9437
-9444
-9409
-9399
-9371
-9378
-9376
-9393
-9433
-9425
-9461
-9462
-9450
-9475
-9467
-9460
-9419
-9414
-9415
-9412
-9449
-9439
-9453
-9449
-9454
-9429
-9438
-9409
-9397
-9423
-9427
-9437
-9413
-9422
-9421
-9419
-9409
-9414
-9409
-9454
-9444
-9438
-9432
-9397
-9400
-9401
-9399
-9379
-9376
-9375
-9408
-9421
-9429
-9465
-9478
-9484
-9444
-9425
-9426
-9411
-9435
-9447
-9455
-9444
-9459
-9464
-9450
-9435
-9438
-9446
-9440
-9434
-9405
-9414
-9420
-9421
-9437
-9446
-9430
-9418
-9409
-9420
-9434
-9414
-9418
-9414
-9389
-9396
-9406
-9391
-9383
-9402
-9419
-9442
-9461
-9443
-9430
-9405
-9390
-9397
-9417
-9410
-9392
-9420
-9435
-9453
-9450
-9479
-9478
-9449
-9456
-9450
-9454
-9441
-9435
-9448
-9450
-9420
-9412
-9392
-9389
-9381
-9404
-9426
-9421
-9440
-9428
-9430
-9415
-9386
-9385
-9397
-9403
-9404
-9374
-9394
-9398
-9436
-9465
-9472
-9485
-9460
-9471
-9448
-9458
-9443
-9434
-9449
-9449
-9462
-9460
-9436
-9429
-9428
-9407
-9404
-9407
-9442
-9441
-9431
-9444
-9456
-9442
-9427
-9424
-9387
-9394
-9387
-9414
-9421
-9405
-9421
-9397
-9421
-9455
-9458
-9442
-9429
-9415
-9400
-9392
-9404
-9427
-9418
-9419
-9446
-9474
-9511
-9499
-9475
-9479
-9458
-9460
-9437
-9422
-9450
-9446
-9446
-9447
-9433
-9443
-9447
-9436
-9443
-9436
-9448
-9427
-9398
-9410
-9409
-9443
-9458
-9463
-9467
-9474
-9456
-9447
-9473
-9463
-9462
-9452
-9425
-9406
-9410
-9404
-9428
-9453
-9446
-9453
-9454
-9441
-9459
-9435
-9407
-9409
-9361
-9382
-9410
-9407
-9418
-9420
-9408
-9443
-9449
-9449
-9443
-9417
-9449
-9455
-9451
-9439
-9425
-9408
-9416
-9410
-9411
-9437
-9449
-9458
-9460
-9458
-9471
-9450
-9437
-9449
-9426
-9413
-9412
-9436
-9429
-9398
-9394
-9409
-9396
-9434
-9453
-9436
-9445
-9423
-9430
-9412
-9413
-9421
-9420
-9433
-9403
-9389
-9357
-9357
-9390
-9409
-9444
-9439
-9430
-9424
-9446
-9426
-9416
-9432
-9410
-9407
-9387
-9402
-9397
-9393
-9446
-9434
-9452
-9462
-9430
-9449
-9449
-9435
-9442
-9402
-9397
-9411
-9369
-9396
-9394
-9398
-9403
-9427
-9471
-9441
-9448
-9450
-9439
-9432
-9431
-9442
-9430
-9424
-9440
-9450
-9453
-9432
-9439
-9444
-9433
-9444
-9434
-9412
-9431
-9423
-9428
-9446
-9429
-9440
-9420
-9439
-9439
-9427
-9426
-9410
-9394
-9401
-9407
-9386
-9389
-9382
-9380
-9422
-9453
-9437
-9442
-9423
-9432
-9420
-9403
-9416
-9412
-9414
-9402
-9416
-9433
-9458
-9444
-9428
-9425
-9415
-9410
-9416
-9406
-9396
-9402
-9421
-9444
-9439
-9440
-9423
-9435
-9402
-9398
-9426
-9414
-9421
-9418
-9422
-9412
-9417
-9424
-9435
-9403
-9398
-9402
-9386
-9400
-9406
-9396
-9413
-9438
-9435
-9429
-9409
-9421
-9401
-9377
-9385
-9387
-9388
-9400
-9413
-9420
-9431
-9437
-9457
-9463
-9434
-9444
-9459
-9455
-9449
-9410
-9389
-9389
-9400
-9428
-9464
-9476
-9465
-9449
-9455
-9456
-9463
-9473
-9453
-9436
-9448
-9458
-9450
-9410
-9395
-9434
-9431
-9439
-9437
-9439
-9437
-9434
-9432
-9418
-9405
-9394
-9419
-9423
-9428
-9456
-9480
-9499
-9479
-9469
-9492
-9468
-9476
-9487
-9486
-9483
-9469
-9471
-9452
-9448
-9459
-9458
-9457
-9459
-9476
-9471
-9454
-9439
-9421
-9414
-9396
-9414
-9403
-9397
-9423
-9412
-9423
-9467
-9479
-9486
-9487
-9441
-9423
-9465
-9440
-9440
-9469
-9476
-9514
-9491
-9499
-9467
-9449
-9424
-9407
-9409
-9407
-9445
-9446
-9465
-9461
-9479
-9454
-9426
-9433
-9432
-9434
-9427
-9408
-9387
-9404
-9402
-9401
-9445
-9457
-9466
-9487
-9460
-9426
-9418
-9379
-9383
-9421
-9399
-9428
-9431
-9426
-9397
-9393
-9412
-9415
-9450
-9445
-9475
-9471
-9460
-9451
-9441
-9435
-9417
-9429
-9409
-9404
-9398
-9398
-9413
-9400
-9415
-9427
-9444
-9465
-9477
-9428
-9411
-9445
-9421
-9436
-9415
-9394
-9412
-9399
-9410
-9426
-9397
-9392
-9421
-9428
-9419
-9440
-9430
-9428
-9456
-9455
-9464
-9439
-9408
-9409
-9422
-9419
-9422
-9437
-9445
-9415
-9396
-9401
-9397
-9399
-9410
-9438
-9421
-9401
-9419
-9446
-9431
-9423
-9400
-9383
-9408
-9409
-9411
-9410
-9400
-9411
-9446
-9458
-9480
-9463
-9467
-9452
-9417
-9451
-9455
-9441
-9440
-9434
-9440
-9410
-9374
-9389
-9355
-9369
-9405
-9430
-9478
-9482
-9483
-9456
-9422
-9425
-9446
-9429
-9425
-9440
-9439
-9472
-9468
-9466
-9441
-9406
-9413
-9412
-9416
-9428
-9422
-9407
-9437
-9434
-9442
-9464
-9476
-9486
-9460
-9440
-9439
-9404
-9399
-9402
-9387
-9411
-9387
-9384
-9362
-9334
-9343
-9374
-9401
-9415
-9440
-9432
-9429
-9426
-9426
-9417
-9413
-9402
-9414
-9447
-9449
-9437
-9412
-9388
-9401
-9441
-9464
-9502
-9468
-9441
-9424
-9406
-9405
-9378
-9398
-9386
-9375
-9372
-9382
-9398
-9399
-9395
-9379
-9381
-9417
-9409
-9390
-9418
-9426
-9437
-9426
-9425
-9431
-9419
-9444
-9440
-9427
-9457
-9460
-9454
-9413
-9381
-9400
-9397
-9408
-9416
-9407
-9411
-9397
-9368
-9391
-9414
-9425
-9433
-9434
-9447
-9418
-9409
-9399
-9427
-9430
-9427
-9425
-9404
-9391
-9367
-9386
-9387
-9411
-9420
-9442
-9400
-9409
-9383
-9390
-9409
-9393
-9416
-9389
-9422
-9447
-9496
-9492
-9477
-9451
-9441
-9398
-9406
-9422
-9373
-9375
-9357
-9366
-9382
-9422
-9438
-9459
-9478
-9467
-9480
-9457
-9440
-9448
-9428
-9434
-9390
-9399
-9447
-9437
-9455
-9439
-9443
-9467
-9468
-9462
-9437
-9415
-9411
-9411
-9429
-9417
-9401
-9419
-9433
-9470
-9475
-9446
-9435
-9404
-9399
-9420
-9438
-9457
-9460
-9436
-9415
-9419
-9434
-9440
-9435
-9465
-9460
-9483
-9482
-9455
-9454
-9428
-9416
-9410
-9414
-9433
-9429
-9440
-9475
-9469
-9479
-9481
-9487
-9462
-9460
-9444
-9453
-9461
-9444
-9450
-9425
-9445
-9442
-9431
-9446
-9454
-9442
-9414
-9401
-9436
-9444
-9466
-9459
-9414
-9415
-9417
-9409
-9439
-9463
-9445
-9459
-9454
-9472
-9466
-9453
-9452
-9429
-9418
-9409
-9448
-9470
-9474
-9480
-9469
-9476
-9440
-9457
-9460
-9468
-9492
-9440
-9430
-9408
-9428
-9434
-9409
-9425
-9416
-9410
-9439
-9442
-9411
-9424
-9455
-9452
-9451
-9438
-9453
-9491
-9478
-9485
-9439
-9422
-9440
-9466
-9516
-9468
-9452
-9456
-9447
-9421
-9403
-9392
-9405
-9415
-9429
-9437
-9435
-9450
-9474
-9509
-9481
-9482
-9452
-9432
-9403
-9375
-9404
-9413
-9381
-9372
-9372
-9431
-9441
-9408
-9426
-9413
-9431
-9402
-9405
-9406
-9405
-9441
-9462
-9447
-9448
-9425
-9392
-9408
-9458
-9432
-9406
-9392
-9353
-9409
-9417
-9421
-9447
-9471
-9490
-9479
-9440
-9450
-9476
-9490
-9474
-9437
-9381
-9360
-9388
-9371
-9406
-9440
-9403
-9368
-9391
-9419
-9415
-9427
-9433
-9413
-9406
-9390
-9420
-9464
-9469
-9447
-9431
-9427
-9395
-9380
-9399
-9405
-9412
-9438
-9425
-9423
-9391
-9386
-9433
-9435
-9459
-9460
-9458
-9443
-9439
-9446
-9412
-9422
-9419
-9403
-9409
-9395
-9386
-9391
-9387
-9411
-9435
-9415
-9404
-9414
-9423
-9459
-9455
-9462
-9478
-9458
-9474
-9442
-9452
-9468
-9434
-9429
-9425
-9429
-9439
-9444
-9447
-9449
-9450
-9452
-9444
-9460
-9418
-9426
-9435
-9400
-9413
-9389
-9388
-9399
-9401
-9425
-9428
-9412
-9422
-9436
-9459
-9460
-9453
-9453
-9435
-9439
-9446
-9423
-9420
-9421
-9424
-9424
-9436
-9433
-9458
-9489
-9484
-9483
-9460
-9446
-9417
-9399
-9379
-9377
-9387
-9393
-9404
-9442
-9415
-9404
-9411
-9405
-9437
-9456
-9484
-9461
-9457
-9441
-9444
-9403
-9385
-9382
-9390
-9418
-9445
-9475
-9481
-9528
-9516
-9499
-9470
-9430
-9393
-9403
-9396
-9393
-9385
-9395
-9422
-9394
-9393
-9374
-9365
-9393
-9378
-9368
-9419
-9394
-9401
-9407
-9377
-9398
-9393
-9385
-9369
-9388
-9417
-9433
-9471
-9442
-9463
-9463
-9433
-9458
-9438
-9412
-9392
-9396
-9380
-9365
-9375
-9386
-9395
-9441
-9419
-9410
-9422
-9415
-9436
-9411
-9403
-9377
-9376
-9380
-9408
-9423
-9386
-9413
-9404
-9406
-9441
-9432
-9455
-9445
-9423
-9402
-9401
-9392
-9385
-9433
-9455
-9484
-9472
-9454
-9438
-9411
-9401
-9405
-9395
-9387
-9382
-9406
-9434
-9410
-9438
-9451
-9468
-9479
-9438
-9407
-9390
-9398
-9414
-9426
-9425
-9441
-9433
-9423
-9455
-9441
-9418
-9419
-9415
-9431
-9439
-9411
-9397
-9392
-9419
-9439
-9413
-9408
-9415
-9451
-9436
-9426
-9449
-9460
-9477
-9459
-9449
-9437
-9438
-9426
-9399
-9428
-9441
-9439
-9438
-9425
-9424
-9410
-9412
-9413
-9422
-9452
-9433
-9433
-9421
-9389
-9403
-9402
-9413
-9421
-9449
-9477
-9449
-9460
-9449
-9462
-9481
-9452
-9469
-9495
-9449
-9464
-9458
-9433
-9459
-9411
-9460
-9450
-9434
-9448
-9390
-9416
-9416
-9419
-9475
-9449
-9451
-9445
-9409
-9445
-9432
-9459
-9477
-9458
-9461
-9411
-9437
-9484
-9462
-9477
-9432
-9415
-9431
-9402
-9431
-9459
-9484
-9509
-9501
-9495
-9454
-9429
-9413
-9404
-9422
-9415
-9436
-9411
-9426
-9426
-9416
-9439
-9414
-9418
-9415
-9370
-9378
-9389
-9398
-9423
-9410
-9461
-9455
-9466
-9479
-9467
-9437
-9421
-9459
-9460
-9464
-9463
-9475
-9446
-9463
-9449
-9454
-9502
-9490
-9503
-9497
-9489
-9491
-9439
-9404
-9404
-9382
-9368
-9368
-9375
-9373
-9394
-9400
-9421
-9378
-9358
-9373
-9371
-9421
-9427
-9445
-9470
-9481
-9459
-9448
-9445
-9461
-9471
-9445
-9437
-9431
-9435
-9444
-9374
-9351
-9362
-9336
-9316
-9315
-9360
-9387
-9418
-9416
-9441
-9414
-9394
-9407
-9409
-9414
-9409
-9400
-9401
-9399
-9388
-9418
-9414
-9429
-9422
-9455
-9447
-9438
-9453
-9485
-9506
-9460
-9430
-9409
-9386
-9386
-9396
-9384
-9383
-9381
-9411
-9397
-9404
-9386
-9392
-9389
-9396
-9399
-9381
-9390
-9403
-9429
-9449
-9473
-9425
-9458
-9440
-9434
-9430
-9443
-9451
-9453
-9509
-9473
-9488
-9466
-9467
-9468
-9451
-9428
-9457
-9444
-9441
-9456
-9429
-9425
-9352
-9380
-9379
-9393
-9385
-9365
-9401
-9429
-9465
-9491
-9464
-9451
-9437
-9434
-9467
-9454
-9461
-9420
-9443
-9468
-9473
-9463
-9481
-9501
-9493
-9516
-9470
-9467
-9486
-9485
-9485
-9455
-9430
-9437
-9434
-9423
-9447
-9417
-9401
-9404
-9432
-9436
-9427
-9495
-9465
-9491
-9480
-9427
-9456
-9431
-9427
-9473
-9423
-9459
-9462
-9410
-9475
-9401
-9422
-9434
-9476
-9498
-9467
-9516
-9467
-9502
-9478
-9441
-9486
-9441
-9413
-9420
-9381
-9411
-9379
-9383
-9436
-9398
-9416
-9417
-9404
-9413
-9372
-9377
-9417
-9408
-9465
-9477
-9481
-9468
-9454
-9460
-9473
-9472
-9460
-9482
-9428
-9439
-9425
-9432
-9417
-9386
-9445
-9395
-9391
-9391
-9368
-9403
-9390
-9407
-9387
-9396
-9393
-9377
-9419
-9434
-9448
-9455
-9443
-9460
-9462
-9431
-9452
-9388
-9430
-9402
-9377
-9415
-9342
-9390
-9395
-9370
-9398
-9365
-9354
-9401
-9368
-9420
-9389
-9405
-9475
-9440
-9524
-9467
-9444
-9466
-9388
-9407
-9392
-9374
-9414
-9414
-9384
-9435
-9413
-9376
-9462
-9411
-9441
-9431
-9367
-9421
-9364
-9342
-9396
-9371
-9379
-9426
-9385
-9458
-9429
-9421
-9451
-9403
-9411
-9372
-9402
-9416
-9415
-9399
-9423
-9387
-9385
-9431
-9420
-9451
-9432
-9398
-9434
-9419
-9421
-9441
-9412
-9419
-9389
-9404
-9401
-9438
-9449
-9478
-9458
-9474
-9462
-9413
-9390
-9334
-9369
-9356
-9405
-9378
-9384
-9380
-9385
-9408
-9418
-9440
-9428
-9423
-9434
-9436
-9420
-9454
-9464
-9457
-9449
-9444
-9438
-9411
-9392
-9431
-9391
-9440
-9440
-9435
-9456
-9442
-9468
-9418
-9436
-9430
-9410
-9424
-9425
-9422
-9419
-9421
-9402
-9417
-9443
-9470
-9487
-9451
-9463
-9427
-9414
-9449
-9467
-9408
-9425
-9439
-9397
-9461
-9445
-9500
-9475
-9449
-9449
-9390
-9431
-9417
-9434
-9466
-9439
-9473
-9496
-9467
-9459
-9415
-9413
-9412
-9411
-9469
-9428
-9487
-9487
-9458
-9458
-9392
-9419
-9438
-9442
-9450
-9433
-9381
-9398
-9378
-9382
-9447
-9481
-9488
-9502
-9481
-9473
-9488
-9446
-9477
-9451
-9421
-9457
-9415
-9404
-9417
-9412
-9426
-9420
-9395
-9405
-9399
-9429
-9462
-9449
-9501
-9453
-9424
-9465
-9427
-9379
-9425
-9370
-9382
-9396
-9391
-9435
-9403
-9392
-9411
-9422
-9385
-9434
-9392
-9446
-9458
-9475
-9530
-9501
-9519
-9512
-9504
-9487
-9414
-9402
-9390
-9363
-9376
-9334
-9376
-9342
-9400
-9388
-9428
-9453
-9434
-9480
-9460
-9441
-9445
-9411
-9355
-9443
-9357
-9406
-9378
-9414
-9447
-9420
-9488
-9431
-9464
-9436
-9439
-9449
-9422
-9435
-9464
-9452
-9491
-9442
-9428
-9421
-9389
-9424
-9405
-9423
-9433
-9415
-9463
-9445
-9393
-9424
-9385
-9430
-9384
-9400
-9411
-9406
-9464
-9425
-9446
-9428
-9437
-9422
-9421
-9418
-9437
-9479
-9461
-9441
-9422
-9416
-9453
-9457
-9454
-9420
-9385
-9432
-9441
-9449
-9430
-9443
-9430
-9419
-9468
-9417
-9405
-9377
-9320
-9373
-9377
-9374
-9387
-9417
-9458
-9501
-9528
-9502
-9476
-9485
-9468
-9437
-9429
-9398
-9394
-9375
-9334
-9356
-9395
-9377
-9439
-9458
-9433
-9469
-9456
-9485
-9448
-9428
-9459
-9436
-9453
-9435
-9476
-9433
-9470
-9467
-9391
-9430
-9386
-9414
-9357
-9372
-9422
-9422
-9452
-9444
-9458
-9443
-9421
-9415
-9406
-9388
-9447
-9436
-9490
-9512
-9505
-9598
-9538
-9540
-9464
-9439
-9479
-9404
-9403
-9414
-9423
-9423
-9422
-9396
-9388
-9440
-9442
-9450
-9487
-9439
-9433
-9389
-9377
-9367
-9353
-9401
-9365
-9409
-9412
-9439
-9498
-9468
-9513
-9509
-9498
-9503
-9476
-9464
-9408
-9440
-9449
-9434
-9482
-9456
-9422
-9426
-9410
-9438
-9439
-9407
-9422
-9416
-9415
-9444
-9470
-9461
-9507
-9514
-9499
-9475
-9449
-9451
-9391
-9358
-9357
-9354
-9403
-9424
-9440
-9474
-9440
-9450
-9454
-9467
-9448
-9424
-9463
-9451
-9417
-9407
-9406
-9411
-9415
-9393
-9381
-9393
-9364
-9396
-9431
-9433
-9477
-9465
-9432
-9397
-9386
-9433
-9441
-9415
-9451
-9436
-9435
-9449
-9420
-9424
-9416
-9420
-9459
-9408
-9406
-9417
-9414
-9422
-9418
-9436
-9411
-9471
-9464
-9443
-9404
-9424
-9431
-9458
-9485
-9430
-9459
-9408
-9449
-9430
-9389
-9407
-9362
-9364
-9360
-9376
-9414
-9425
-9412
-9414
-9410
-9437
-9435
-9436
-9435
-9442
-9421
-9381
-9421
-9365
-9393
-9382
-9397
-9430
-9388
-9434
-9432
-9432
-9460
-9453
-9399
-9425
-9423
-9394
-9387
-9376
-9392
-9390
-9422
-9468
-9452
-9432
-9435
-9395
-9352
-9371
-9355
-9334
-9362
-9388
-9462
-9452
-9405
-9361
-9378
-9416
-9405
-9433
-9430
-9426
-9379
-9370
-9357
-9387
-9417
-9420
-9462
-9455
-9471
-9432
-9391
-9395
-9374
-9391
-9432
-9423
-9403
-9426
-9415
-9364
-9396
-9357
-9391
-9427
-9394
-9417
-9407
-9454
-9474
-9502
-9548
-9543
-9526
-9490
-9480
-9503
-9446
-9429
-9396
-9391
-9401
-9359
-9368
-9410
-9462
-9480
-9498
-9469
-9473
-9446
-9434
-9422
-9433
-9420
-9410
-9416
-9408
-9421
-9427
-9469
-9487
-9511
-9473
-9458
-9445
-9446
-9396
-9381
-9386
-9387
-9384
-9417
-9438
-9437
-9506
-9466
-9512
-9500
-9480
-9473
-9450
-9404
-9374
-9393
-9376
-9377
-9369
-9403
-9422
-9456
-9460
-9500
-9489
-9434
-9440
-9412
-9440
-9438
-9423
-9455
-9445
-9400
-9408
-9451
-9448
-9438
-9429
-9458
-9470
-9448
-9420
-9406
-9397
-9374
-9386
-9407
-9429
-9376
-9379
-9411
-9436
-9472
-9430
-9456
-9470
-9461
-9444
-9454
-9472
-9466
-9467
-9460
-9452
-9425
-9433
-9433
-9422
-9409
-9440
-9423
-9483
-9473
-9452
-9507
-9463
-9441
-9400
-9427
-9446
-9404
-9351
-9391
-9365
-9386
-9406
-9412
-9431
-9434
-9484
-9484
-9487
-9504
-9495
-9431
-9467
-9420
-9393
-9413
-9435
-9407
-9403
-9403
-9450
-9506
-9488
-9488
-9453
-9506
-9445
-9414
-9413
-9380
-9408
-9364
-9372
-9431
-9380
-9424
-9389
-9409
-9457
-9393
-9444
-9429
-9438
-9453
-9440
-9473
-9483
-9443
-9423
-9423
-9479
-9392
-9389
-9393
-9348
-9431
-9426
-9468
-9462
-9480
-9473
-9457
-9492
-9484
-9436
-9452
-9448
-9407
-9373
-9356
-9363
-9339
-9387
-9383
-9425
-9409
-9430
-9453
-9438
-9477
-9427
-9406
-9442
-9420
-9407
-9445
-9378
-9404
-9417
-9395
-9426
-9406
-9413
-9439
-9459
-9495
-9482
-9415
-9444
-9417
-9453
-9481
-9373
-9436
-9384
-9364
-9426
-9364
-9431
