03120616.PTO
MINZ
2012/03/12 06:16:40.4400
100.0000 m/s  
7695 muestras
299
297
293
298
282
272
275
277
267
275
283
304
313
305
309
314
314
325
337
333
336
332
335
324
307
308
315
315
309
301
303
307
292
297
299
307
309
330
359
383
371
371
360
339
338
341
314
308
303
291
283
284
307
325
341
329
331
331
340
324
316
309
305
311
311
304
289
286
294
318
338
367
379
370
359
347
328
317
317
301
300
327
347
355
354
348
338
328
333
329
332
334
345
336
346
339
316
300
304
303
294
294
300
303
302
309
306
291
285
294
304
333
353
370
373
352
344
330
337
333
332
327
351
357
374
367
347
331
323
321
322
325
312
300
316
327
341
353
366
355
356
340
353
347
364
363
341
315
296
291
304
307
321
319
333
325
296
282
295
297
310
317
299
310
315
317
312
321
317
337
339
353
359
351
337
324
314
311
313
312
323
335
337
324
317
329
342
360
367
354
338
330
325
332
349
340
333
316
308
292
279
282
290
305
305
302
305
309
315
303
305
304
291
287
295
310
300
306
321
321
314
319
305
309
289
288
263
272
290
317
317
327
327
338
322
313
311
329
341
337
349
341
335
319
307
307
313
321
321
321
324
340
340
334
320
303
277
283
295
307
318
323
310
307
307
305
287
288
289
277
283
287
271
281
292
320
320
327
334
340
342
345
351
353
351
343
334
333
337
325
321
317
331
328
336
328
319
293
291
297
335
344
353
352
334
317
309
311
309
315
316
344
329
334
345
364
361
352
344
336
325
335
329
323
335
338
325
303
293
289
289
290
312
310
332
337
339
331
334
325
338
332
343
343
340
346
324
318
316
322
320
326
308
315
317
326
328
323
328
336
331
330
315
296
290
296
294
300
318
329
330
334
326
327
318
335
317
310
322
303
283
285
294
312
310
305
305
299
305
305
315
321
336
341
340
334
335
336
345
328
327
321
331
335
317
301
291
295
310
331
317
315
291
300
293
293
287
318
351
373
363
350
339
346
357
338
312
315
332
315
300
289
282
281
297
313
320
319
333
335
320
310
316
334
345
349
342
355
362
352
340
331
322
306
316
325
317
318
326
330
322
316
320
337
340
342
326
319
314
308
309
318
337
351
351
356
336
339
340
342
338
324
309
311
330
329
315
318
335
337
322
308
319
335
333
331
310
329
359
373
360
349
355
374
354
356
324
309
300
295
287
295
290
301
302
310
317
311
320
302
295
297
321
315
345
351
355
345
332
309
309
310
316
317
317
324
342
345
325
317
321
335
339
323
311
302
287
297
303
324
335
331
323
320
331
335
314
314
305
301
296
281
269
277
294
315
318
309
311
314
329
323
315
318
340
361
359
357
373
353
351
337
339
334
327
317
307
301
300
301
298
293
288
300
305
307
310
325
353
363
365
365
361
346
319
303
285
299
319
324
309
288
293
302
305
296
275
293
329
347
336
336
332
338
352
371
375
365
376
365
350
330
327
309
306
294
285
287
293
292
287
296
305
315
320
316
327
323
324
324
324
319
319
327
335
330
302
289
293
297
310
332
335
331
329
321
312
315
336
323
313
316
337
343
344
347
349
342
337
314
295
299
302
323
320
319
317
321
345
355
356
363
343
352
347
352
333
319
321
311
295
282
285
307
325
321
317
313
319
325
315
320
321
330
347
339
322
302
301
287
275
285
297
291
288
294
295
299
302
301
296
301
323
326
337
353
350
336
325
315
319
320
315
311
315
336
333
345
335
328
320
327
323
339
335
334
311
316
335
338
333
326
333
324
320
313
318
323
344
343
337
313
308
288
284
274
275
287
301
306
307
299
287
281
285
307
304
321
325
331
334
343
353
351
339
323
296
294
313
331
331
322
296
293
285
301
310
330
337
332
337
339
347
337
336
329
323
325
309
297
297
297
302
312
321
305
302
298
307
299
315
308
307
311
315
315
308
310
323
333
340
349
338
317
293
293
280
276
285
305
317
322
324
305
303
305
301
293
317
313
321
319
327
339
339
337
345
349
347
359
360
356
350
331
333
336
343
353
365
362
351
340
352
358
363
369
360
355
340
324
308
293
294
308
317
333
327
337
350
346
327
309
302
309
321
325
326
341
342
342
335
326
319
319
340
364
354
344
333
323
322
321
318
306
290
291
301
301
304
295
310
318
316
317
322
343
347
344
329
323
320
337
329
329
316
328
318
320
299
307
318
329
333
334
352
349
333
318
317
319
326
315
314
289
300
305
313
318
340
345
343
330
334
334
324
327
307
312
313
322
315
325
319
339
323
306
279
296
304
306
322
334
348
359
355
337
323
333
349
341
317
309
303
309
316
311
313
313
325
329
335
344
347
357
352
351
322
299
291
290
296
298
303
290
309
326
323
325
318
321
309
310
287
281
287
312
315
315
307
295
290
316
327
330
339
344
342
323
314
325
340
337
330
319
345
340
331
321
325
311
322
312
320
300
301
289
273
274
296
317
328
325
311
302
306
298
303
316
320
307
285
283
301
323
339
345
332
331
351
360
360
357
340
319
302
300
292
293
305
323
312
287
277
277
288
311
341
353
357
345
355
335
307
273
271
277
303
325
349
344
345
324
290
274
277
307
335
361
356
350
319
293
278
271
282
327
354
366
351
334
330
327
306
279
274
277
314
350
353
333
327
322
311
293
296
333
361
365
345
326
329
321
301
280
288
327
341
344
337
359
381
403
373
333
309
296
287
307
316
322
335
367
347
296
257
242
252
292
334
343
350
357
360
367
358
346
330
314
315
325
357
396
419
395
347
304
276
275
293
281
303
329
349
339
313
293
290
311
322
327
338
334
326
332
335
349
348
357
353
346
338
354
369
369
333
309
281
293
309
311
306
304
315
309
294
284
287
311
341
352
350
343
361
352
347
310
295
297
322
310
302
291
315
332
331
315
311
311
307
319
331
338
336
336
334
341
339
331
331
327
327
311
316
318
332
323
295
283
293
307
315
313
327
319
331
344
331
303
290
304
309
303
289
275
292
313
336
346
351
346
341
330
308
303
318
331
317
304
289
301
313
320
318
332
336
365
364
358
345
343
337
337
321
321
327
319
316
300
293
287
293
305
313
311
317
322
315
303
291
294
294
305
315
315
339
364
354
333
326
327
331
338
342
338
323
312
299
285
273
276
290
305
313
321
315
313
283
276
288
308
316
329
324
327
306
312
301
303
314
323
337
342
355
345
346
331
333
331
350
350
339
337
336
311
294
289
277
300
313
324
311
313
303
309
320
325
307
306
310
320
327
341
351
330
301
282
255
269
279
294
313
333
342
345
332
312
303
329
351
358
363
376
371
378
358
341
337
331
343
353
365
363
354
328
316
304
306
334
355
347
329
311
300
305
311
324
306
289
287
293
303
319
320
336
334
335
313
307
307
307
309
321
327
327
317
296
267
271
283
296
305
291
307
319
335
330
313
319
345
339
348
343
330
324
321
347
353
349
340
337
340
337
316
306
293
295
285
292
310
322
313
316
315
318
305
295
296
327
347
367
361
363
353
340
337
324
319
313
330
331
338
332
333
328
321
320
316
318
329
347
355
358
346
344
331
317
304
310
319
317
310
313
315
321
312
304
276
293
294
311
315
319
323
326
313
319
323
332
341
342
345
332
326
320
316
311
307
306
338
353
355
346
335
310
313
307
321
328
341
333
309
303
300
318
324
338
335
331
316
314
294
297
307
319
313
321
328
329
326
341
348
352
358
356
351
349
328
323
335
346
347
351
337
334
343
347
335
331
324
317
319
311
323
319
331
331
319
299
287
279
289
299
307
325
317
324
322
327
316
305
306
316
313
313
304
313
306
308
313
311
300
304
297
316
314
326
335
331
340
337
337
334
332
339
335
319
303
298
307
309
316
315
328
316
339
342
342
332
337
333
327
328
339
344
339
340
340
348
338
340
319
322
331
338
333
333
308
293
279
274
258
262
269
283
298
303
297
307
301
304
310
329
351
357
344
318
304
302
306
295
291
292
304
319
330
323
323
330
321
299
291
301
315
330
331
335
353
352
350
339
326
324
324
334
322
313
304
303
322
319
310
294
310
293
292
293
286
289
313
329
347
324
321
315
329
331
335
344
339
326
327
327
341
347
365
359
347
333
335
326
330
337
333
327
327
322
317
315
321
321
319
317
303
285
262
260
255
290
323
339
326
335
323
307
309
309
321
340
362
353
351
336
315
302
307
311
317
311
327
335
331
327
319
319
310
305
292
313
313
338
359
344
312
299
315
309
287
294
311
324
327
331
337
340
337
347
346
349
357
355
342
323
305
284
289
294
289
275
293
305
315
310
301
307
326
344
345
347
346
350
361
377
372
363
350
342
328
319
324
325
323
309
288
298
299
303
318
328
345
349
345
347
335
325
321
333
317
329
339
353
352
348
345
361
353
345
336
316
318
300
285
269
264
265
273
277
283
295
308
299
299
295
316
328
341
346
340
346
342
320
304
300
315
329
349
351
333
332
320
322
323
329
323
317
308
296
293
298
305
317
337
354
347
341
333
324
296
294
310
325
332
330
314
298
307
308
313
303
319
315
309
293
278
289
291
289
282
292
313
329
335
330
329
343
339
342
343
327
335
330
342
358
347
331
313
308
291
287
279
273
289
313
322
325
325
353
352
357
358
349
348
355
372
370
373
358
345
322
331
315
321
337
349
333
323
317
292
285
279
291
300
297
294
272
270
291
314
342
338
332
326
342
339
333
321
315
318
327
318
302
295
296
292
297
296
281
285
300
319
331
338
333
337
333
338
323
317
310
322
324
325
328
325
302
316
327
325
317
312
299
299
332
345
363
339
317
294
296
303
325
326
349
358
358
352
335
305
282
277
299
333
333
319
318
326
345
330
308
306
295
296
293
282
287
298
301
303
309
319
324
344
335
325
316
319
330
320
328
334
331
323
325
323
344
348
355
341
315
297
307
304
324
305
308
312
312
311
314
323
336
349
354
362
365
358
351
342
329
336
338
337
335
322
319
321
305
283
274
283
290
315
327
339
342
343
347
363
383
403
381
369
355
341
342
344
345
332
336
321
308
301
317
331
349
341
341
311
306
312
316
309
305
308
293
287
289
304
327
349
347
343
331
339
340
310
306
310
311
319
294
289
271
273
285
311
313
309
322
346
348
351
345
341
330
323
316
307
311
314
313
308
308
308
309
326
326
305
307
301
297
288
293
301
294
303
303
306
300
328
341
357
337
339
343
337
334
329
341
367
364
357
350
325
337
347
369
363
359
356
320
314
287
289
309
325
325
311
315
317
328
324
316
305
313
314
330
339
338
324
339
337
345
331
317
292
267
253
269
290
322
342
361
358
335
345
338
343
348
369
363
361
355
362
367
347
323
305
306
300
311
306
319
310
313
317
314
304
321
329
336
327
334
345
364
363
341
319
301
293
287
281
293
298
296
292
290
281
279
306
323
337
330
323
306
305
311
321
315
313
301
299
294
292
297
311
328
329
317
317
336
346
348
309
311
304
334
312
302
309
313
330
334
334
319
315
308
311
307
319
326
334
317
293
283
277
281
267
261
265
276
285
294
290
282
284
296
321
341
357
337
332
342
369
339
315
308
312
313
303
308
319
328
323
311
303
283
266
287
306
327
327
338
343
349
344
321
297
297
324
337
331
310
307
311
321
339
336
332
343
325
313
318
330
328
321
310
313
322
337
318
302
293
282
277
281
277
267
290
327
325
318
309
301
285
276
289
288
309
325
337
349
353
355
373
375
350
311
294
294
295
289
290
303
330
354
365
342
329
331
308
327
350
383
373
347
339
341
357
379
388
381
360
325
311
317
345
366
380
377
367
351
355
349
349
327
314
295
303
325
341
328
309
302
308
300
295
298
328
370
367
352
327
328
353
362
352
351
352
376
375
362
322
273
249
265
311
360
378
366
347
340
367
379
383
369
363
347
313
271
264
293
347
333
264
199
191
220
241
294
349
365
331
283
270
269
289
290
303
298
299
317
338
365
370
363
355
363
381
357
325
321
343
357
343
298
255
253
305
355
393
402
403
361
319
284
287
310
344
367
373
356
320
305
311
314
286
253
277
339
384
375
359
350
343
337
311
275
259
274
275
296
299
296
271
261
271
313
345
376
354
334
299
292
275
256
218
211
255
312
352
369
385
354
319
305
336
319
276
264
309
339
325
307
304
339
359
355
362
374
357
326
296
286
259
278
297
294
283
305
291
281
271
270
259
255
250
267
301
337
359
375
352
335
317
320
353
359
355
327
286
267
294
338
374
366
353
305
276
257
307
352
370
354
325
296
291
293
300
290
271
254
255
275
290
314
315
338
397
432
391
361
346
352
341
365
423
435
401
390
377
362
343
355
346
323
307
310
319
305
282
272
265
259
293
336
357
349
350
360
346
313
296
285
283
281
284
288
288
291
288
290
280
292
301
290
271
286
299
308
308
324
309
311
331
341
343
320
317
349
370
385
407
411
395
366
365
345
329
320
337
345
339
306
311
320
326
327
331
321
290
281
295
288
267
289
303
302
318
351
376
380
365
338
303
288
282
281
275
305
353
409
413
371
331
298
283
275
295
342
373
379
381
376
372
355
361
356
381
394
376
322
279
271
302
329
322
277
237
249
287
328
331
325
329
313
289
268
286
327
337
323
301
309
333
346
331
309
319
361
376
367
334
322
299
288
284
300
321
332
306
290
301
334
364
370
345
315
326
362
353
333
327
307
299
283
301
317
342
354
356
337
317
307
298
303
310
317
327
316
294
296
305
351
373
383
355
317
306
327
319
311
286
286
287
275
275
276
284
323
358
367
361
342
330
309
275
247
266
316
333
325
333
336
325
328
323
327
322
328
316
299
284
272
295
313
323
319
312
330
338
351
348
347
359
380
353
314
302
327
341
345
359
368
344
316
289
263
273
295
330
313
330
360
401
375
350
320
332
326
318
304
312
315
339
351
344
325
311
297
296
295
290
311
309
339
339
321
297
297
316
365
404
394
344
314
319
317
335
338
322
320
339
343
324
305
324
319
306
296
295
285
270
262
272
289
325
333
331
329
335
323
328
332
341
313
303
280
279
281
295
314
297
288
283
298
301
293
281
293
308
319
320
332
338
371
379
367
355
353
325
294
290
311
343
347
328
317
342
383
387
379
375
381
372
342
311
303
308
337
363
365
356
345
341
343
337
311
284
272
264
273
291
311
327
347
349
331
331
341
347
346
320
288
269
279
303
304
303
301
289
289
308
309
301
307
330
338
334
330
329
294
292
292
325
335
327
301
299
304
308
301
274
265
269
290
307
319
315
328
303
284
288
312
327
339
330
326
329
333
339
360
345
329
312
314
320
310
315
330
313
310
316
325
327
311
310
295
291
293
316
312
316
300
309
312
325
314
317
339
349
339
333
342
325
302
307
325
338
343
331
352
347
333
311
301
293
310
311
323
329
335
325
324
324
329
329
311
321
327
341
331
338
319
322
331
357
323
289
274
274
284
309
315
323
296
269
263
283
309
317
321
325
328
331
359
375
367
365
381
378
362
340
348
350
351
351
329
313
301
296
300
309
284
273
261
275
288
288
289
289
281
301
307
332
332
328
303
313
317
331
326
339
326
327
341
348
345
335
344
332
339
329
345
350
345
327
321
308
304
290
291
302
309
297
316
316
309
299
317
315
335
323
326
323
327
340
357
362
351
328
331
339
332
325
310
302
290
307
323
322
315
319
324
329
332
336
338
337
350
338
331
327
344
345
345
331
318
315
323
313
309
303
312
315
325
333
335
321
315
314
334
355
354
365
361
356
340
309
321
306
314
325
336
334
331
321
311
313
322
303
291
292
303
301
311
312
321
325
333
321
319
319
326
320
325
321
305
296
326
344
341
315
291
289
327
355
342
316
289
280
280
289
310
322
319
305
299
326
333
333
343
354
331
315
327
354
363
374
385
401
398
394
381
360
322
292
271
273
277
285
284
283
289
289
261
263
273
309
350
354
362
354
357
352
359
353
325
312
315
315
311
311
313
315
312
335
329
327
319
311
309
327
327
325
288
288
299
322
325
303
286
314
352
358
343
325
309
316
332
346
357
357
348
333
326
311
309
321
327
309
307
331
335
323
303
315
320
335
344
331
314
299
291
295
295
311
303
293
269
266
265
288
300
322
322
342
335
327
340
359
370
379
365
343
334
349
343
338
345
326
311
309
309
307
308
302
294
288
306
304
317
322
321
316
327
332
323
314
315
336
348
361
356
358
356
356
343
347
351
345
348
339
329
317
313
325
322
333
338
318
313
327
335
315
293
289
270
280
308
321
313
302
281
273
271
259
262
273
285
276
282
285
306
317
347
346
338
327
327
323
329
338
339
348
338
324
304
304
321
347
352
352
328
310
286
283
294
291
295
295
309
322
338
362
358
335
324
327
353
333
329
334
329
319
323
340
310
303
324
323
295
286
324
349
328
316
327
338
344
363
371
343
306
324
346
327
318
353
374
359
336
338
327
321
314
333
313
305
316
330
310
299
323
327
310
291
309
332
326
326
347
333
302
315
339
336
306
331
351
323
305
328
329
314
298
304
281
285
325
356
343
311
298
319
311
311
307
307
291
296
314
315
300
305
319
342
337
350
364
364
346
342
318
288
280
289
299
285
299
314
331
321
331
321
329
311
302
293
309
310
329
325
321
328
328
310
290
305
320
320
314
336
341
333
307
308
291
289
302
322
321
321
323
319
315
311
323
338
345
335
345
349
347
347
367
364
353
342
365
373
370
349
325
304
307
323
335
319
297
286
287
297
311
309
315
301
303
323
326
313
310
317
326
336
327
324
307
325
342
351
361
363
343
335
330
321
300
297
322
343
356
361
375
355
340
319
311
317
328
339
351
335
329
321
323
311
309
314
327
333
335
326
305
321
329
324
307
337
359
348
341
341
324
302
286
312
327
326
343
330
315
285
284
287
293
312
342
343
347
327
327
323
314
314
325
324
311
301
315
326
346
353
345
353
345
329
315
291
294
309
326
321
316
307
306
297
279
281
271
266
259
285
287
292
327
359
343
330
347
378
368
352
336
334
331
340
350
329
311
311
320
326
329
309
303
294
304
298
302
287
294
297
287
288
303
305
293
294
315
309
302
327
355
359
349
337
325
309
313
347
355
352
339
336
319
325
339
356
342
331
337
338
314
326
346
340
297
282
289
272
287
339
361
342
339
339
330
316
335
344
334
315
315
317
290
302
321
335
299
288
301
295
271
289
329
341
337
360
359
338
314
325
329
324
316
309
290
270
280
285
291
283
315
331
327
318
341
357
353
342
357
346
320
320
346
345
325
322
333
302
296
314
319
287
287
296
293
290
309
335
350
339
326
325
308
318
317
332
309
299
302
299
276
287
294
299
283
291
291
303
310
323
327
316
314
287
283
278
278
272
306
310
316
307
309
318
326
320
332
315
327
333
353
354
350
347
342
341
323
293
268
280
311
333
341
330
311
301
309
323
343
357
351
335
320
320
321
329
339
332
330
334
323
322
334
351
345
344
346
332
317
314
306
302
300
302
307
331
345
350
346
340
347
347
351
353
325
321
315
320
317
314
305
303
287
283
287
314
329
341
329
327
337
353
357
362
342
331
332
325
317
300
307
319
341
363
370
375
372
369
359
353
355
340
323
320
333
339
345
339
322
313
309
318
317
313
308
305
293
271
269
276
281
292
321
354
343
325
323
319
314
323
335
338
333
323
313
295
274
277
301
321
336
342
342
315
297
295
316
311
323
318
329
336
350
354
348
345
335
333
327
336
336
338
326
313
296
314
359
372
362
329
286
272
273
299
314
329
320
323
323
327
334
324
317
303
287
269
270
263
265
276
298
304
339
368
376
354
341
315
311
324
351
350
355
343
340
349
362
356
341
317
298
288
277
297
306
317
309
327
341
346
342
339
351
339
327
311
306
305
299
300
305
293
298
295
296
301
317
313
322
316
313
301
305
300
304
312
331
323
334
332
343
342
343
337
331
329
332
329
332
329
327
319
309
295
292
302
328
326
334
343
343
340
321
301
288
310
324
335
321
321
303
295
285
285
273
276
294
300
293
284
273
271
292
294
312
331
364
371
378
369
371
369
357
333
327
341
354
355
360
367
375
370
355
353
325
317
305
309
306
308
318
328
331
321
320
319
322
325
337
342
345
346
339
325
304
291
303
307
313
328
343
357
376
365
341
316
306
294
317
324
319
323
311
305
285
273
280
267
253
244
259
288
311
321
320
323
329
324
324
322
325
337
327
325
328
344
363
355
350
345
350
361
347
314
293
294
314
329
326
312
315
318
311
320
303
281
269
254
272
299
317
310
301
299
294
303
318
310
301
290
287
304
315
338
347
368
353
348
325
317
323
334
347
351
343
333
336
329
333
321
316
301
299
302
309
305
311
309
313
302
308
291
301
315
327
329
339
327
332
331
339
350
347
353
334
320
320
323
341
364
345
325
323
333
319
306
300
308
317
330
311
295
299
306
329
334
342
327
317
323
323
323
337
326
322
313
333
310
302
293
313
317
333
340
346
339
337
331
325
324
339
339
328
333
322
337
333
327
316
325
330
339
337
332
316
317
327
333
325
325
316
321
335
349
347
338
345
348
348
346
328
323
323
327
309
298
299
291
303
310
303
301
295
297
288
300
307
312
309
316
323
318
320
321
321
325
319
307
315
328
335
357
336
334
324
321
311
307
324
341
337
330
329
335
334
335
334
321
318
314
323
339
369
382
363
354
356
351
330
315
298
287
293
295
282
296
303
291
280
292
318
336
337
325
299
291
303
314
330
343
339
365
357
347
314
312
323
331
333
320
299
291
313
301
295
299
311
303
294
297
308
314
347
349
348
331
320
307
312
315
317
307
308
309
304
305
326
327
322
325
323
324
322
311
297
305
323
335
337
327
323
314
310
299
289
280
294
297
307
312
333
345
346
330
327
333
353
367
375
361
344
331
319
315
299
301
306
321
335
336
339
335
326
315
303
304
317
318
328
335
341
347
347
349
325
304
313
316
320
337
341
342
346
349
342
353
351
361
360
360
363
357
355
326
306
291
289
291
309
307
312
309
326
315
316
307
314
313
331
333
325
323
332
358
365
375
380
377
343
333
316
297
291
300
299
319
319
320
311
324
333
337
337
335
316
309
306
300
290
285
279
269
281
310
318
333
335
337
325
315
305
322
324
319
309
308
295
288
298
323
340
343
337
345
344
347
351
324
307
297
315
324
327
326
311
303
305
305
304
315
303
305
305
300
311
345
350
349
324
317
321
325
329
327
311
288
286
279
282
291
310
300
307
303
307
305
317
323
317
302
309
313
327
335
336
330
323
317
311
298
285
283
301
329
334
339
345
344
349
355
348
337
330
329
319
332
345
350
348
323
311
309
318
319
312
320
338
332
326
321
322
309
318
329
341
348
341
326
317
317
327
331
335
323
303
318
340
351
346
341
331
330
326
327
315
317
331
325
320
309
309
299
299
302
303
319
327
339
347
343
339
337
346
337
336
325
330
331
323
323
340
357
388
382
350
315
300
294
314
339
336
319
301
299
301
303
303
309
308
319
319
323
314
311
301
307
307
317
324
347
334
332
332
329
309
297
307
319
337
339
352
346
345
331
336
326
308
305
315
331
334
320
333
336
343
343
347
345
331
317
315
309
284
280
275
289
299
301
285
284
293
292
292
292
277
299
305
319
337
361
384
376
359
331
311
293
289
305
318
318
320
299
302
304
301
319
340
356
353
333
326
338
333
340
333
320
325
324
319
327
308
301
293
299
289
295
301
309
298
317
324
335
343
361
340
351
338
322
309
311
317
333
343
331
327
309
317
328
337
342
343
335
333
303
288
306
343
361
357
327
301
289
285
305
291
293
305
316
316
313
326
347
350
352
342
335
336
329
325
326
318
327
338
346
351
345
347
344
339
355
364
351
323
315
305
299
302
305
320
317
315
307
308
304
311
313
333
333
341
323
315
307
328
334
339
337
331
324
308
307
299
314
319
311
315
320
327
326
327
321
314
315
319
328
325
329
311
310
304
326
317
307
307
303
305
303
307
286
289
277
292
279
290
289
298
301
309
315
309
306
307
306
302
302
300
297
297
283
277
295
292
293
276
292
288
305
309
319
316
311
311
315
318
332
335
332
331
314
311
299
297
291
293
293
293
315
331
322
337
352
355
343
327
306
302
297
306
296
301
315
337
339
330
334
344
338
339
341
335
339
337
343
347
365
362
361
345
326
321
337
329
317
307
327
325
340
345
347
347
343
327
315
319
313
319
319
321
315
319
323
329
331
341
344
346
339
345
329
335
328
337
346
340
355
345
338
333
311
296
313
312
308
292
283
286
313
336
352
342
331
310
296
293
300
317
341
354
349
340
329
325
324
335
321
308
301
311
316
326
329
316
305
308
310
319
319
308
309
333
335
334
330
329
349
351
348
355
356
352
347
343
325
319
323
320
325
321
321
308
316
326
345
331
322
315
325
353
355
347
338
345
343
339
303
292
291
315
318
328
319
329
313
318
317
317
310
325
345
345
341
316
296
289
290
277
282
304
307
311
330
351
376
382
393
384
381
379
359
333
324
332
329
326
321
328
330
341
343
368
359
339
326
321
312
293
271
250
234
249
255
269
256
266
268
275
283
306
325
338
336
323
314
314
323
325
324
312
308
313
330
336
333
315
297
275
264
281
302
320
333
321
299
299
307
307
307
323
321
333
334
361
353
343
317
306
315
311
287
275
273
294
322
363
398
387
365
349
336
343
335
311
301
305
319
308
313
323
337
335
338
347
357
371
378
351
350
346
349
353
350
323
312
319
337
362
369
372
331
305
289
320
358
368
359
332
319
294
276
255
259
269
287
310
323
316
327
343
359
348
365
386
394
363
344
295
299
310
317
319
324
333
337
340
331
322
320
319
315
315
331
331
320
314
321
317
324
336
324
324
311
295
278
276
275
285
313
337
342
359
353
343
312
301
311
304
301
315
307
305
302
304
319
319
317
315
328
350
366
365
360
326
315
307
300
291
288
288
287
303
303
309
311
308
299
289
283
319
311
336
351
357
335
317
303
305
321
306
305
311
323
308
308
319
329
325
339
361
362
340
337
330
337
352
359
357
341
353
343
325
308
295
300
298
271
262
275
295
304
325
323
325
319
301
285
297
309
335
323
317
297
288
285
303
291
292
299
313
308
299
301
300
301
297
305
314
318
315
325
337
348
346
349
324
328
329
361
372
374
361
347
327
303
293
290
272
280
297
317
333
341
353
338
329
321
325
307
314
317
322
312
310
305
310
323
314
333
342
348
343
335
323
307
303
298
303
318
337
321
299
286
285
299
319
336
333
327
323
323
317
335
338
334
326
306
289
289
303
316
327
337
347
350
353
354
333
314
319
307
292
290
282
308
308
319
317
334
336
343
357
342
350
359
357
357
321
307
323
331
319
303
281
283
291
307
310
305
308
317
307
299
303
320
335
350
339
310
323
334
323
303
304
286
315
323
320
319
312
303
303
325
330
341
357
376
369
357
341
333
333
344
346
343
349
338
313
318
341
358
369
347
339
337
345
348
322
325
353
357
342
324
320
309
310
323
331
333
347
342
336
314
309
295
290
298
307
319
331
321
321
320
315
311
301
311
317
327
347
365
371
371
362
343
345
343
331
329
337
330
324
313
307
297
310
311
310
316
323
304
299
281
297
305
323
326
333
347
351
349
340
345
333
321
300
292
292
303
309
312
313
310
319
321
326
312
294
289
302
312
323
314
308
323
338
338
323
301
305
317
314
331
337
339
333
335
327
308
293
295
309
330
322
316
311
295
297
294
307
313
321
326
332
319
310
291
297
328
351
344
326
325
309
310
317
321
301
309
307
309
302
309
317
335
333
325
297
288
290
299
325
325
323
330
349
363
368
365
364
343
327
324
315
304
288
287
286
301
311
310
328
336
336
361
341
338
311
311
326
325
315
331
324
321
322
325
320
327
313
296
276
283
303
341
373
389
350
333
330
331
338
339
351
375
377
367
345
337
345
328
324
328
323
319
331
327
321
300
294
283
288
317
322
323
324
328
306
287
287
311
337
367
363
355
357
362
340
334
331
321
322
320
320
330
341
355
353
347
334
315
306
292
300
308
317
317
299
295
314
321
319
314
306
302
305
307
318
322
340
345
355
343
344
351
338
325
313
312
317
307
287
279
275
275
279
295
290
292
289
297
293
300
295
309
317
306
307
324
349
339
328
310
320
304
311
310
312
320
324
318
313
316
311
303
301
297
307
321
347
359
339
333
343
335
315
302
291
310
337
352
333
305
275
276
281
281
269
277
293
298
305
308
308
311
317
323
325
337
341
347
339
336
316
315
315
305
288
283
295
306
312
314
319
307
321
336
328
305
298
304
312
347
339
347
340
350
336
335
340
355
355
357
341
333
320
305
289
289
288
302
311
311
298
285
305
305
299
297
298
280
284
299
322
345
360
366
350
345
335
321
322
339
353
369
356
355
339
327
348
362
351
333
304
293
305
317
311
299
303
307
309
330
337
340
336
343
339
323
313
321
338
353
367
363
355
333
328
323
347
359
359
357
361
357
359
353
353
348
345
327
327
340
334
335
329
317
312
326
335
329
328
330
319
319
301
307
292
299
321
328
317
319
327
323
323
323
309
305
310
299
293
281
279
290
327
352
365
368
373
387
388
398
411
407
395
370
337
320
315
312
307
311
302
294
309
329
333
319
317
306
296
293
296
297
319
326
319
313
329
335
323
312
305
289
314
312
296
287
307
318
337
327
326
331
331
328
311
306
312
316
319
299
303
289
306
298
296
291
308
310
322
311
324
322
319
327
307
305
317
323
316
309
285
274
275
280
279
285
301
301
304
321
324
325
326
327
322
331
335
325
315
313
313
296
301
289
283
278
293
299
314
319
317
311
303
323
321
327
327
320
322
329
336
344
362
365
342
341
341
328
320
313
313
323
319
326
319
319
327
333
328
326
315
309
315
315
313
321
345
352
325
307
301
299
309
309
314
313
319
303
303
298
310
310
318
317
314
326
329
340
330
329
333
341
341
357
355
341
344
339
337
341
339
346
355
356
345
331
328
317
313
328
335
336
319
303
296
291
295
307
318
324
330
327
341
333
327
303
310
282
288
297
325
333
328
323
323
337
363
375
367
345
333
335
329
337
335
345
355
339
334
335
319
315
317
339
363
363
366
353
345
343
340
339
340
329
316
297
300
299
300
303
309
307
308
297
303
321
332
338
335
325
328
325
317
314
313
320
335
325
301
291
288
283
277
300
310
329
344
337
321
311
299
291
296
311
319
323
327
316
305
306
304
317
317
325
309
295
295
303
326
327
320
319
334
322
328
324
341
353
348
328
316
303
311
313
304
311
316
313
307
335
337
342
331
329
309
318
336
339
331
322
309
320
310
323
312
318
331
334
338
335
339
335
338
323
304
293
304
298
317
311
301
293
293
304
307
329
342
345
324
334
341
364
352
340
329
329
341
354
375
383
379
363
338
325
304
315
339
349
342
332
319
308
315
326
317
319
314
303
302
299
303
309
326
344
347
334
329
324
329
325
328
311
324
322
313
309
316
332
341
358
360
369
365
362
323
325
331
323
308
310
301
318
305
298
292
302
327
345
353
369
370
363
350
322
305
299
334
343
347
345
342
309
281
273
257
256
295
317
327
327
335
354
346
345
320
311
323
331
331
335
330
335
340
343
319
320
337
345
349
346
345
344
346
347
328
323
315
302
275
274
283
299
332
337
323
296
283
293
304
321
328
319
321
315
302
299
311
305
314
309
318
315
324
310
301
297
317
321
327
319
301
291
295
300
299
314
322
317
306
317
294
300
303
299
282
281
301
327
346
353
371
368
365
361
349
343
364
355
357
344
333
331
333
315
296
285
301
305
320
313
320
322
324
309
300
303
337
346
341
333
322
317
325
336
330
335
329
320
301
298
297
304
326
334
325
329
332
333
331
340
313
311
313
325
321
333
340
345
347
342
335
331
334
336
325
327
341
341
351
337
320
292
297
310
311
329
317
303
292
303
297
295
299
297
305
329
341
336
329
341
337
334
315
320
312
320
307
297
291
306
335
337
340
337
342
347
360
343
329
324
336
347
357
345
329
327
330
317
297
284
267
263
296
323
335
337
315
308
302
313
324
324
319
302
278
287
307
338
359
365
338
321
303
311
307
308
332
328
340
326
307
300
326
349
355
347
353
332
340
327
312
292
291
300
307
306
311
318
323
316
321
323
330
320
322
334
360
347
329
308
305
327
337
321
285
275
281
306
316
327
332
335
349
342
312
300
308
341
367
373
357
340
323
325
323
317
334
329
323
291
282
281
303
317
319
297
313
333
352
369
373
371
349
330
312
330
350
360
350
342
342
341
330
320
297
295
325
315
305
310
307
305
315
317
326
325
317
310
301
305
313
319
329
329
319
303
323
329
334
321
318
302
307
284
271
270
289
285
285
296
306
316
331
348
350
351
352
357
342
326
317
331
343
327
302
313
309
308
300
311
304
316
319
316
311
321
334
323
325
321
331
310
294
296
300
296
316
305
301
319
335
333
305
273
267
274
294
291
298
303
284
288
297
325
305
304
311
347
354
354
345
335
325
329
334
331
305
301
306
316
313
330
341
334
327
331
323
297
297
327
339
331
317
313
291
282
291
296
299
319
348
351
341
329
326
331
323
320
315
311
298
317
339
345
329
321
326
337
345
370
361
334
315
310
296
297
314
329
323
331
335
353
357
353
345
333
335
329
331
303
283
280
313
335
355
361
368
329
318
307
318
313
328
333
331
344
357
335
320
323
333
349
355
357
334
336
337
327
338
338
342
353
339
336
309
276
278
285
286
293
311
322
339
338
330
332
331
331
335
320
323
329
352
357
350
332
317
302
307
326
338
345
355
338
328
310
285
283
285
307
310
305
317
331
331
331
325
323
331
339
351
364
348
348
335
327
331
326
337
338
347
345
348
330
309
277
294
317
334
348
355
339
328
303
293
295
299
303
302
284
270
276
284
298
297
295
298
322
333
334
331
345
345
346
338
321
303
296
300
309
291
294
293
306
321
336
344
338
336
335
331
339
344
337
339
339
351
333
328
323
343
365
376
394
373
362
357
326
303
301
305
321
317
325
320
347
359
363
346
332
330
326
317
297
278
289
323
341
327
313
300
303
307
306
290
296
308
297
273
259
243
251
287
305
319
315
337
355
354
347
333
307
303
311
339
342
346
336
331
299
297
307
332
329
319
329
349
363
371
385
354
319
309
327
326
333
351
353
347
334
311
299
297
301
307
306
325
320
321
293
288
298
312
317
323
323
331
323
337
348
360
352
350
357
350
349
353
347
341
349
363
353
335
329
309
296
297
289
294
293
300
311
317
316
295
293
303
299
310
324
333
331
339
343
344
340
352
339
327
304
305
298
309
306
310
318
345
349
372
364
342
316
299
293
287
305
321
316
305
301
299
313
314
