03130720.PTO
MINE
2012/03/13 07:20:12.9399
100.0000 m/s  
7172 muestras
375
295
239
195
154
108
95
124
180
225
220
188
159
142
128
128
169
210
189
148
150
179
230
280
315
296
237
195
213
241
259
246
197
155
160
169
146
124
175
213
176
128
120
172
215
269
271
230
176
126
100
137
189
244
265
296
282
289
254
191
131
100
123
191
265
267
244
206
153
89
99
162
243
211
193
209
274
294
244
156
66
32
64
137
227
283
287
256
206
173
169
235
304
341
329
286
221
190
162
164
155
133
97
98
172
256
283
268
198
164
155
141
119
105
150
217
282
299
301
303
320
286
217
117
37
29
133
241
312
293
259
219
177
164
150
125
63
79
178
290
322
308
256
189
119
87
94
127
152
184
225
304
380
424
374
253
130
116
148
159
157
165
172
179
177
185
211
228
271
263
209
126
76
112
219
313
369
337
250
161
145
189
232
229
227
224
221
193
177
150
149
187
232
249
196
167
160
182
199
205
177
152
136
165
223
304
350
327
249
187
176
185
167
159
192
206
217
243
290
273
249
196
159
157
198
210
174
120
145
189
235
252
233
171
115
133
205
252
217
174
169
203
271
350
375
360
301
265
213
148
118
157
210
220
173
97
11
-11
65
160
249
324
344
301
259
226
243
236
232
182
185
199
243
269
285
243
182
150
169
232
271
269
200
122
103
135
179
218
214
199
192
207
207
215
211
206
147
83
59
133
240
302
285
227
185
196
231
261
254
209
161
136
148
211
273
267
195
138
123
112
139
168
216
227
213
136
51
21
74
162
243
283
305
309
290
271
234
219
220
264
273
232
153
120
140
235
297
290
199
125
97
110
123
153
204
262
271
228
174
127
135
158
189
209
238
296
348
353
301
223
167
201
233
199
159
163
200
227
191
131
95
76
37
41
70
131
196
253
282
290
309
338
335
298
196
153
156
220
253
245
217
227
263
287
241
167
144
141
154
117
94
131
182
194
230
263
279
263
241
179
171
177
207
228
218
199
145
123
152
193
208
208
186
192
199
238
263
256
195
133
71
75
82
95
151
250
296
293
254
211
169
132
100
114
174
235
294
303
306
284
249
204
177
173
210
234
256
261
237
139
42
8
22
69
138
221
276
283
263
265
273
282
243
195
146
139
164
259
326
324
252
189
153
172
162
167
174
210
245
229
182
113
85
111
185
231
229
190
195
213
232
184
115
79
99
157
233
309
363
346
295
231
191
194
212
231
184
159
201
277
308
289
208
144
111
113
163
247
285
253
192
184
213
225
187
139
121
136
149
177
239
335
381
339
257
159
125
131
169
176
182
197
213
199
171
142
145
153
160
146
152
183
234
307
336
312
213
131
127
186
215
224
196
188
182
213
240
267
270
242
237
246
246
204
157
163
185
196
180
155
181
215
241
239
229
205
193
178
188
199
251
266
259
251
257
228
194
175
175
202
231
245
235
191
157
166
163
145
113
123
170
239
233
192
130
106
123
182
238
301
348
385
344
249
201
219
253
258
234
170
150
183
218
204
149
105
107
105
107
79
127
213
261
250
199
167
177
205
233
238
258
276
293
283
227
159
105
120
170
222
277
321
316
249
164
128
149
198
220
173
95
62
95
199
284
291
220
165
135
125
142
192
234
247
291
292
264
203
173
175
211
233
207
179
182
196
197
168
149
157
185
206
191
192
181
206
241
307
341
315
250
211
210
220
188
160
147
202
279
305
283
217
142
92
121
189
211
183
164
147
156
154
191
235
263
267
250
229
218
211
243
271
250
203
167
158
156
169
171
187
215
241
231
239
247
264
221
155
69
59
99
183
219
218
204
195
180
171
201
227
217
186
167
171
215
252
260
225
205
213
241
244
258
267
257
174
118
105
139
141
159
193
238
242
211
167
120
122
133
163
199
233
225
248
230
225
213
222
246
232
187
177
213
261
227
186
129
117
122
120
171
254
310
271
190
113
86
122
159
154
139
151
195
226
242
251
247
249
239
200
181
222
303
351
329
248
170
109
64
47
73
151
201
211
207
212
197
197
199
230
260
277
271
259
223
202
191
174
177
198
251
266
257
250
273
262
214
138
109
107
141
172
199
183
148
146
188
255
263
179
53
6
31
127
254
344
337
285
211
170
165
169
149
145
155
228
290
331
283
207
165
184
187
158
107
87
145
227
284
273
227
163
129
105
146
228
306
331
322
274
253
262
279
275
239
202
171
187
225
238
204
158
128
173
211
222
161
101
79
104
165
247
273
267
235
224
195
179
145
145
173
239
284
298
257
215
188
197
235
230
227
198
193
207
214
176
95
54
57
111
192
242
253
224
174
138
148
199
235
267
267
225
155
111
105
154
192
236
259
278
262
222
137
99
122
170
195
221
226
218
216
203
193
196
231
247
241
167
135
142
221
301
350
339
303
242
201
162
148
162
207
248
249
223
187
167
131
117
122
162
179
176
163
159
161
163
159
140
153
170
219
275
311
324
315
275
229
233
252
247
254
253
207
124
101
134
190
209
251
300
303
211
112
56
84
109
155
208
284
324
330
272
215
213
246
286
289
277
233
179
127
149
169
174
149
139
152
187
200
217
195
162
139
173
219
214
166
129
130
134
165
245
300
293
261
228
232
256
303
323
320
273
201
153
143
131
111
91
111
172
244
282
267
216
158
94
61
73
129
197
271
309
284
261
240
237
250
283
287
274
242
235
207
193
203
203
159
113
83
59
79
138
221
237
229
192
183
187
187
168
168
179
204
251
301
333
324
287
215
143
141
209
247
259
243
233
226
201
174
151
113
82
79
128
169
231
253
256
229
205
165
117
110
160
223
244
256
243
224
184
198
265
307
278
243
215
170
146
182
209
201
175
167
154
175
206
230
213
161
141
161
198
200
201
190
193
200
284
323
313
281
283
260
179
93
82
87
73
76
110
146
114
84
55
59
86
175
253
278
267
253
209
150
144
236
312
349
320
279
220
208
245
291
285
284
291
291
285
259
240
212
206
205
199
162
109
75
125
193
237
238
221
176
178
192
224
215
232
274
323
336
294
252
227
196
169
143
165
197
233
243
203
145
81
75
126
203
285
315
308
271
207
131
119
171
244
242
195
125
117
158
208
199
190
159
167
200
269
285
292
298
296
225
171
165
204
193
134
61
27
51
133
204
210
182
197
243
248
243
229
227
221
212
215
201
211
256
277
246
160
125
162
217
210
205
219
216
207
206
223
210
211
191
135
71
89
182
298
345
334
288
213
171
191
259
287
272
231
155
62
47
80
187
267
323
295
203
121
116
120
96
82
139
218
266
285
265
259
287
288
209
127
153
229
220
159
135
184
251
279
224
127
78
159
236
214
153
167
195
177
138
160
165
157
166
174
159
190
269
294
260
197
181
181
213
236
251
241
251
247
269
258
234
196
189
175
178
204
236
215
172
124
95
59
73
163
247
266
193
158
185
233
270
266
248
202
178
184
241
319
374
335
218
113
77
90
71
85
156
212
214
211
219
206
175
177
223
265
268
246
261
272
249
207
177
190
235
263
282
268
234
196
166
149
156
172
145
151
170
212
206
183
135
100
55
37
83
199
305
347
296
211
175
214
250
214
167
183
265
317
337
333
309
245
189
154
127
121
110
93
135
190
199
153
97
105
152
245
331
347
298
215
136
109
125
147
153
195
237
313
339
314
265
205
151
137
141
183
223
235
251
268
266
194
98
42
79
136
188
179
159
149
171
239
327
329
275
211
203
191
214
278
345
319
235
165
143
150
153
170
204
233
191
147
128
161
163
155
155
192
221
260
261
221
139
125
185
245
281
258
216
194
224
299
352
344
280
180
127
72
58
90
176
276
314
262
183
141
158
175
187
191
219
225
215
167
101
118
172
225
216
209
257
344
368
355
293
219
125
91
104
137
157
198
227
213
179
174
211
234
197
105
45
92
195
241
237
190
181
162
171
181
204
246
314
351
314
213
147
127
149
193
220
235
236
209
160
137
155
207
248
253
200
149
127
147
174
226
224
187
169
194
222
257
318
358
327
271
233
210
179
148
148
152
161
164
175
192
228
225
194
147
109
96
135
209
278
335
332
279
223
236
275
281
255
221
170
139
112
140
161
211
241
251
211
166
106
110
133
147
133
131
169
236
285
247
196
169
180
185
175
161
157
164
197
223
245
244
235
239
267
262
245
198
171
143
131
172
255
285
239
127
73
111
166
181
144
163
214
245
236
252
277
309
298
286
240
206
175
155
158
155
166
177
156
136
142
159
158
127
114
122
183
263
339
351
329
256
195
153
155
151
143
153
180
209
214
187
196
229
268
301
311
280
205
127
72
55
83
133
181
222
240
259
249
232
213
200
226
244
231
182
143
150
196
218
223
199
179
139
146
181
205
222
241
240
249
267
285
265
224
165
108
81
91
144
175
154
104
107
166
268
342
352
283
263
285
338
323
249
175
145
153
165
211
257
239
185
149
122
130
164
202
204
195
182
189
167
162
169
229
266
301
305
307
275
225
167
159
189
215
187
140
126
158
209
251
273
288
304
296
255
187
133
97
79
63
101
161
245
318
378
376
296
194
112
90
111
145
163
189
238
267
275
278
249
215
186
167
149
176
231
262
240
183
115
92
125
162
181
201
244
262
233
167
140
133
161
187
186
200
211
243
278
268
239
181
157
157
200
229
209
160
133
143
166
199
231
241
187
138
106
128
136
164
177
218
266
317
319
308
279
283
270
282
267
237
180
137
73
71
123
208
263
268
237
215
194
178
172
151
135
88
84
121
214
285
289
238
196
197
197
189
195
214
225
207
188
193
187
195
207
211
154
95
83
123
201
251
221
195
149
136
131
181
251
307
323
283
208
150
123
132
178
224
248
230
215
213
211
213
221
240
266
238
194
182
185
178
164
157
202
260
276
250
220
205
191
178
161
164
169
206
235
284
295
288
293
296
242
171
135
153
195
231
239
210
179
160
186
248
329
345
291
186
123
95
111
150
215
247
242
201
189
195
199
182
166
170
195
211
212
197
197
181
134
96
113
171
193
211
259
340
335
256
169
162
187
212
163
138
149
159
161
187
236
283
301
285
246
206
188
183
194
219
270
277
283
239
179
101
46
33
119
228
305
310
301
269
196
121
83
117
170
273
319
352
314
241
193
187
159
118
83
148
246
303
281
279
272
248
214
167
139
138
138
146
149
184
224
269
272
227
186
193
238
239
219
177
167
188
251
276
243
175
166
196
207
187
155
126
101
93
97
131
149
199
254
273
234
192
154
153
159
208
239
246
221
216
227
235
208
185
200
249
272
235
165
86
35
51
136
225
288
276
230
173
188
234
263
233
188
130
92
105
179
235
271
270
294
331
320
253
137
82
87
121
141
169
198
242
248
243
226
194
115
79
117
189
209
165
164
223
288
311
329
329
288
235
209
211
218
171
131
129
183
212
237
240
226
184
150
129
146
152
153
155
192
212
197
196
198
218
234
232
191
151
175
254
300
300
251
207
190
220
276
289
249
187
136
126
158
211
261
271
241
179
148
131
145
168
217
246
183
116
129
200
295
316
249
173
159
162
159
160
199
249
277
285
253
205
144
96
76
127
187
241
256
287
283
299
295
261
177
116
109
145
178
161
131
134
185
235
262
267
290
319
323
303
265
226
193
167
182
215
260
233
189
182
202
221
194
140
97
92
117
167
227
315
323
257
167
182
271
340
272
165
114
131
149
172
171
199
241
291
262
176
113
126
148
198
207
144
55
29
90
133
152
135
152
176
201
205
195
178
205
234
251
238
191
161
203
277
290
243
223
258
320
324
247
175
135
121
89
60
62
110
203
344
395
359
271
213
212
245
262
253
257
257
257
259
248
207
179
145
169
217
275
301
229
99
26
27
75
131
225
289
299
233
169
137
101
91
91
125
208
277
323
283
214
206
253
302
312
306
291
215
131
82
86
121
174
247
275
260
177
82
59
77
101
173
279
373
426
407
321
189
120
112
171
212
197
120
77
132
256
310
302
233
158
73
45
89
174
231
219
183
167
214
254
255
200
189
224
283
270
186
97
105
131
162
201
239
255
267
273
256
220
196
180
172
199
201
203
165
126
75
85
143
238
321
339
294
261
260
276
257
231
211
182
121
80
91
143
203
244
267
229
197
177
159
108
77
100
201
313
355
243
105
38
116
263
406
458
390
227
97
77
99
94
93
143
167
179
183
197
217
263
233
163
112
116
151
203
243
268
267
255
199
130
123
151
169
150
136
147
193
230
258
227
162
114
143
175
182
190
249
247
195
155
172
207
244
263
236
152
61
57
99
109
120
182
225
239
233
249
230
222
225
265
291
315
346
315
211
122
121
171
191
196
199
179
159
148
152
122
90
127
226
292
310
284
254
195
135
96
116
162
213
264
279
263
273
325
365
365
322
256
155
48
9
90
175
246
293
281
235
233
243
252
226
186
138
127
171
251
270
277
307
320
295
247
197
222
284
313
291
240
177
99
49
61
170
313
382
351
269
183
128
78
97
156
233
245
209
182
180
203
219
241
232
208
163
182
221
255
235
263
276
221
152
145
175
210
224
176
91
71
148
241
308
304
256
151
67
41
94
209
316
320
226
139
142
205
295
344
342
277
173
98
120
150
197
247
281
287
249
199
145
145
171
234
251
219
181
145
95
81
111
181
231
259
273
282
259
226
217
279
348
332
288
247
183
103
95
140
193
229
265
230
152
103
125
132
108
111
151
217
263
264
240
168
149
204
266
299
316
328
243
116
48
79
98
104
122
176
185
223
298
318
239
207
205
152
95
114
195
257
297
281
223
150
151
206
274
286
268
221
181
169
209
216
177
129
116
100
66
87
153
255
326
325
235
143
95
127
184
253
282
253
189
141
131
179
238
318
351
358
312
267
192
152
172
233
243
231
187
132
82
83
108
127
150
189
230
177
77
40
110
169
243
291
329
360
378
307
183
109
99
125
137
180
201
223
257
327
345
306
170
27
-33
70
203
232
154
109
132
169
165
175
221
283
323
313
293
277
285
263
226
169
126
122
165
212
231
210
214
236
255
209
167
143
147
197
282
327
289
205
149
162
218
262
261
236
195
179
147
130
121
133
161
185
227
299
333
329
280
247
198
145
132
137
116
107
141
161
157
159
216
209
166
169
257
268
239
216
227
219
219
222
209
188
227
289
317
314
283
279
247
191
132
98
63
97
135
151
122
150
197
233
221
186
131
93
106
214
289
265
242
241
225
144
71
91
157
199
188
159
169
193
238
228
204
194
214
240
257
217
171
157
240
308
281
200
161
180
198
230
240
247
253
267
252
233
245
271
257
280
252
192
116
82
65
98
171
235
217
196
211
281
321
327
257
125
21
-17
11
43
149
308
449
471
426
346
267
211
189
171
152
152
164
169
189
197
198
177
142
117
108
86
67
131
228
289
252
167
138
183
247
265
249
232
226
271
329
324
219
119
84
122
178
199
198
198
231
241
209
127
113
131
200
194
137
110
122
157
191
221
271
278
249
189
131
127
180
247
238
216
197
230
276
279
265
235
203
159
116
99
106
134
165
193
261
322
303
220
186
205
247
267
363
453
453
351
285
284
324
349
391
421
437
396
315
199
82
21
9
28
105
185
265
287
219
129
11
-85
-131
-68
67
187
239
239
243
245
235
210
171
209
268
243
183
148
150
127
140
220
255
208
117
42
21
44
93
136
195
248
257
251
246
230
179
104
87
123
202
277
331
351
279
179
89
68
100
159
210
253
241
192
109
69
93
175
263
308
295
252
215
210
171
137
104
135
181
243
307
331
316
294
303
293
292
285
240
141
61
73
147
195
241
248
230
131
47
65
135
182
199
253
280
281
292
325
309
282
243
184
87
94
173
245
260
288
319
276
191
136
91
60
53
74
139
222
327
365
303
182
118
107
138
157
206
244
264
234
217
211
226
246
249
213
191
193
206
218
246
269
256
239
188
149
115
107
117
148
131
92
51
103
167
225
251
272
266
229
200
181
178
179
174
168
179
207
251
280
279
222
161
114
110
122
181
223
259
235
202
157
107
108
168
189
207
239
281
319
347
334
310
287
244
196
143
159
210
289
323
323
278
247
231
226
209
181
159
172
171
166
186
221
246
225
205
195
237
233
202
170
205
254
272
209
125
100
157
195
202
197
217
253
287
289
266
224
165
136
137
167
164
201
224
236
204
147
97
124
157
136
127
223
354
403
313
233
209
225
279
268
198
130
137
194
228
235
230
185
108
87
143
197
215
175
143
130
137
160
209
253
245
205
155
131
163
235
251
216
197
195
176
204
249
260
235
223
217
225
224
208
133
34
35
91
137
137
155
195
224
215
211
217
239
262
273
240
216
215
198
159
165
191
182
157
199
280
295
254
177
123
111
175
242
259
209
121
34
31
113
200
184
137
132
193
281
347
341
305
267
243
231
215
214
225
244
229
176
149
191
207
195
207
253
249
208
156
107
56
67
167
300
363
330
243
209
207
233
255
265
302
292
236
149
89
118
157
185
198
221
251
247
217
168
136
123
137
213
309
341
239
145
137
179
193
198
209
254
276
290
247
183
130
131
120
143
198
247
239
213
188
180
172
158
145
135
169
197
213
213
191
164
156
170
204
225
219
212
223
241
254
245
251
243
231
221
250
261
279
324
352
299
202
120
27
-46
-82
-1
109
202
255
281
269
224
181
190
223
245
223
194
195
213
211
183
170
206
221
189
140
102
130
186
289
331
323
303
308
267
214
173
175
155
165
207
243
237
217
204
192
192
208
239
287
341
311
241
176
166
144
146
165
226
279
274
210
177
202
227
209
160
130
136
169
192
229
281
314
305
283
252
231
205
183
183
225
242
225
181
169
176
199
161
123
113
134
159
177
211
231
240
229
235
214
211
196
199
173
169
153
133
83
89
151
217
231
201
214
274
318
313
223
104
25
58
151
191
188
154
169
184
209
231
279
278
288
309
339
315
273
216
173
149
169
199
247
302
321
246
147
134
136
132
123
163
193
197
175
191
172
139
136
171
173
165
131
98
95
165
265
309
265
160
114
121
170
215
231
217
207
213
249
237
206
155
128
113
122
145
213
215
188
205
227
216
189
195
159
149
158
197
200
188
194
229
270
266
197
147
156
229
284
281
233
161
107
108
163
172
163
194
249
299
354
352
307
269
323
411
414
233
28
-64
-22
60
141
191
209
156
87
98
186
284
370
400
337
216
148
156
163
145
135
154
129
111
135
165
157
197
286
347
315
200
111
118
192
259
255
185
137
135
155
150
178
211
237
224
253
301
348
347
353
323
329
265
161
77
70
95
175
261
249
132
65
140
243
301
288
237
155
117
144
191
170
177
258
352
344
335
339
294
162
75
87
124
92
23
8
57
146
184
161
127
148
199
186
129
130
153
137
144
185
217
249
268
253
223
193
194
204
232
230
183
149
197
263
306
273
212
163
135
145
197
247
293
267
205
179
240
323
327
306
305
366
407
340
166
14
-1
118
251
324
315
309
304
277
214
180
193
186
137
100
136
210
243
254
255
238
205
157
156
172
197
201
192
147
118
89
59
76
134
172
186
170
153
120
120
159
211
244
254
195
69
-30
-2
98
139
124
113
169
233
335
377
368
344
331
311
363
426
409
304
245
255
306
245
98
-2
6
93
181
217
192
191
281
367
383
403
344
185
37
53
137
215
309
355
282
148
93
147
175
129
117
170
267
331
281
134
35
49
129
186
227
249
266
250
259
240
211
202
203
207
239
273
291
263
230
214
173
71
-30
-40
22
145
211
190
104
146
260
275
148
70
113
201
235
191
129
99
141
230
320
325
283
256
251
238
201
153
129
147
188
163
117
87
103
100
111
202
301
329
255
200
189
193
155
87
18
42
136
229
255
209
156
166
227
309
335
317
235
194
207
250
242
202
175
207
261
287
271
195
139
133
178
209
219
202
199
211
230
235
292
333
335
254
191
148
140
179
236
251
241
261
309
305
254
223
211
189
148
116
104
160
263
322
242
138
107
187
253
283
233
150
85
70
126
174
204
250
303
296
279
276
261
223
239
255
239
155
128
127
149
148
201
276
352
343
258
142
59
47
77
77
105
177
267
307
252
195
176
237
307
330
285
233
206
192
147
113
122
175
233
282
280
251
223
228
227
195
172
183
190
150
99
83
112
145
193
238
265
186
103
82
119
176
243
287
297
279
250
210
192
195
175
155
139
150
145
166
222
297
325
321
333
329
309
279
230
166
128
153
197
227
257
271
277
237
170
163
223
266
231
161
134
142
177
179
145
97
86
109
157
183
197
198
211
231
243
258
218
134
115
176
205
201
231
289
306
251
154
135
132
127
145
183
207
216
196
173
137
151
206
294
320
283
228
209
183
132
131
149
228
280
297
245
210
202
211
197
209
228
233
225
206
189
162
143
117
94
93
130
175
200
199
172
153
179
193
247
279
313
322
316
283
242
201
148
86
61
119
230
326
325
257
150
104
121
169
188
246
305
319
259
213
187
201
231
291
315
286
231
172
145
159
168
195
215
253
293
274
213
185
193
159
137
159
217
231
185
108
87
109
140
175
193
213
207
174
163
171
206
257
255
237
201
189
177
189
219
272
280
278
253
227
164
113
69
65
101
174
204
190
184
191
182
170
199
235
267
237
214
195
164
124
117
163
248
312
365
357
344
279
213
157
141
172
184
166
131
143
172
180
176
172
188
238
260
252
209
196
184
182
205
219
221
211
210
219
228
258
257
250
277
308
272
190
174
185
200
192
192
175
170
167
194
210
220
219
209
151
81
62
121
164
165
189
225
256
259
247
259
287
295
298
251
206
135
88
85
118
144
133
108
159
255
320
284
183
127
139
168
147
118
113
142
182
225
246
268
281
328
381
440
419
321
211
175
155
157
136
114
131
211
304
335
320
292
205
98
59
74
104
121
179
244
249
212
221
245
246
222
197
171
159
171
192
215
232
261
244
185
103
86
86
107
145
207
203
159
130
149
155
148
136
138
143
155
167
213
256
287
292
280
275
269
285
249
203
172
175
172
195
192
161
139
208
269
298
275
241
219
219
232
227
167
106
104
187
286
316
294
266
284
290
249
156
124
159
227
264
254
218
192
179
173
152
137
119
124
165
193
203
205
197
152
124
101
81
120
219
307
353
360
337
295
304
280
195
137
150
202
218
185
143
87
71
115
174
200
184
170
148
124
134
195
249
250
173
118
92
127
180
250
259
231
210
256
293
285
279
279
248
196
163
130
136
190
276
292
233
197
201
159
111
112
195
269
331
360
317
222
158
169
200
205
176
152
132
141
218
272
257
239
203
143
56
9
18
49
70
97
123
137
178
220
254
284
285
249
203
205
260
331
370
340
293
230
136
78
94
119
138
137
165
177
177
167
173
186
207
229
262
273
215
167
161
213
252
323
383
345
231
117
25
7
70
207
279
281
279
267
223
179
178
175
162
163
190
220
193
155
167
167
153
105
112
126
129
134
197
265
322
344
363
346
331
298
243
183
153
158
169
161
149
117
119
137
163
191
234
255
260
273
260
235
180
125
89
81
105
154
192
176
169
200
307
353
387
353
300
218
169
171
191
152
114
105
177
232
277
279
257
214
193
163
161
145
179
207
232
257
271
239
180
170
208
232
207
189
159
135
139
204
258
238
179
171
198
224
249
267
233
189
163
179
220
225
215
207
227
262
267
218
159
117
133
192
248
236
201
185
191
223
266
259
228
245
280
238
164
123
133
197
228
213
147
91
20
-11
-11
69
203
361
413
347
239
177
171
246
282
243
189
217
269
296
274
242
233
267
307
259
139
23
-21
24
107
191
251
299
329
275
177
111
87
103
147
208
239
239
251
284
287
307
303
260
182
164
115
102
141
271
353
337
241
197
195
216
222
200
145
124
159
151
100
67
141
216
242
205
196
165
179
195
204
181
192
209
199
186
196
207
206
173
164
167
175
175
135
81
59
110
193
279
339
350
311
267
238
236
209
172
157
201
275
281
241
237
224
227
254
266
233
190
181
162
143
127
145
123
105
108
139
155
186
182
182
170
179
167
155
165
221
230
235
275
325
287
263
281
289
231
185
213
234
209
180
201
171
149
155
163
98
65
97
129
119
151
251
325
306
277
296
308
302
287
259
179
128
141
162
178
269
318
293
217
225
235
209
200
183
116
55
136
250
252
175
164
179
153
107
132
157
175
224
309
311
279
276
291
233
185
171
209
203
146
89
75
81
144
206
243
217
188
171
145
121
112
117
125
143
190
250
268
260
255
301
341
339
316
279
226
206
220
233
232
235
223
182
139
113
146
169
195
226
271
273
267
274
294
301
273
253
229
193
165
140
157
180
177
173
169
203
245
261
237
248
272
202
103
70
107
158
163
149
95
40
-11
0
75
189
287
341
328
289
247
227
226
217
270
282
262
201
185
204
205
159
143
134
143
136
180
204
210
195
181
162
180
210
257
285
302
307
284
261
225
204
191
193
183
186
169
170
172
204
257
323
329
291
271
254
213
135
74
58
71
106
147
164
181
201
215
211
224
242
239
214
199
175
158
140
166
206
220
199
192
221
255
279
257
236
200
201
173
154
137
186
231
237
171
119
104
146
194
215
205
219
221
201
170
179
216
255
279
284
264
256
213
171
170
179
181
147
166
201
227
187
127
87
103
138
183
239
281
301
307
257
172
117
141
185
225
277
341
376
362
350
320
275
241
245
229
137
61
55
69
97
165
215
213
199
204
205
174
169
215
264
273
241
228
219
207
167
186
198
228
257
271
232
210
184
121
98
138
220
251
243
235
228
216
183
113
49
26
86
125
127
150
193
181
158
209
298
271
213
190
207
209
200
218
237
241
217
208
190
171
186
196
189
218
234
229
185
156
146
162
190
233
262
277
279
250
235
261
303
312
308
268
251
250
259
235
211
192
197
158
120
95
105
133
149
150
139
117
160
231
255
227
163
146
158
211
248
280
299
343
342
297
195
158
146
133
125
185
298
371
351
277
168
71
3
-5
34
102
155
168
197
221
241
217
183
153
177
205
221
205
239
259
255
215
199
241
282
276
233
179
162
165
188
229
249
251
198
148
113
123
166
232
261
257
221
189
170
179
186
208
225
257
265
270
255
211
152
150
179
197
217
207
193
155
148
148
161
125
101
98
104
131
178
227
235
223
212
223
211
209
235
285
284
238
197
186
208
240
252
274
290
282
216
154
127
123
129
175
219
259
240
186
123
119
171
189
211
232
250
198
138
123
141
205
259
270
265
245
250
248
251
227
209
205
168
123
97
110
151
185
201
229
236
237
207
163
124
132
157
184
209
277
289
231
199
230
254
249
262
299
284
206
156
173
217
217
202
190
185
173
185
206
261
292
287
219
189
160
138
96
121
201
273
288
293
277
260
221
145
86
82
163
254
315
315
289
240
186
166
194
238
262
209
180
137
97
83
111
163
209
233
249
271
275
285
238
211
238
320
343
301
197
125
92
127
161
177
197
233
177
92
48
56
100
155
207
247
249
213
195
217
258
268
255
209
165
140
185
234
258
254
237
187
147
171
229
223
172
113
93
90
108
147
200
229
211
187
154
153
147
163
201
217
225
259
275
241
164
141
158
199
235
266
285
298
281
215
165
134
137
157
178
179
187
205
222
239
242
203
205
242
253
167
91
114
214
287
329
355
323
276
203
155
117
113
145
196
197
193
189
224
227
205
177
195
215
242
247
239
241
257
244
171
108
108
156
210
241
232
201
182
202
205
197
173
155
135
142
147
153
177
220
239
223
183
153
139
140
138
139
163
195
239
257
275
275
272
262
269
259
227
170
156
189
251
265
258
229
212
192
173
182
223
243
238
212
170
147
127
125
131
156
153
129
67
55
109
207
263
295
343
353
315
262
230
200
171
156
133
111
127
172
209
217
203
179
194
220
289
307
311
274
237
213
228
246
251
199
182
162
173
194
217
243
254
233
188
184
196
206
202
193
164
153
152
190
193
171
81
13
26
123
204
244
252
233
190
186
177
204
270
309
335
305
261
253
247
218
204
190
159
137
131
157
208
235
224
195
149
80
51
95
156
211
255
300
317
328
301
244
184
181
171
191
216
255
286
300
277
228
183
143
91
93
134
167
172
177
223
245
245
232
229
226
219
203
212
219
206
158
121
125
181
265
334
346
292
235
203
190
196
204
179
157
135
153
184
230
244
229
197
171
145
136
148
197
230
230
214
187
165
169
205
217
239
242
253
242
216
189
203
200
195
191
196
179
164
143
117
75
51
67
139
219
264
257
242
225
195
159
160
210
253
306
344
389
349
261
160
119
115
172
196
193
172
180
200
225
241
215
179
156
151
167
202
222
241
255
275
234
186
152
150
173
232
265
277
231
193
170
190
247
273
237
177
131
125
145
161
161
197
269
290
271
200
177
169
174
159
156
171
219
237
233
221
229
232
242
231
170
103
81
123
183
263
343
383
352
283
183
113
71
63
101
206
291
323
286
233
173
126
113
90
103
166
269
335
339
285
256
233
215
169
167
213
249
240
212
217
271
282
243
177
149
103
91
100
149
207
245
267
225
148
110
169
249
249
170
95
77
134
212
274
305
322
305
283
229
165
96
98
155
185
173
159
181
178
178
178
221
222
209
199
257
239
216
214
242
233
249
291
289
198
137
135
137
135
168
183
129
79
133
220
235
233
235
251
213
182
153
126
102
100
135
186
251
313
297
224
181
213
293
317
313
277
183
85
47
93
189
257
283
251
211
169
155
160
218
226
157
79
62
91
121
163
205
221
205
213
228
267
268
271
270
287
289
287
259
244
189
128
71
50
69
128
186
233
247
210
171
157
185
202
211
214
219
205
215
213
199
187
202
220
275
301
311
303
291
261
220
156
103
95
118
136
134
184
249
277
262
236
195
165
135
144
184
241
259
254
200
172
181
216
244
274
302
313
292
266
261
229
199
144
107
90
103
115
158
172
177
190
233
234
203
139
124
162
223
257
235
208
201
228
265
266
240
225
225
217
175
161
155
153
169
183
204
227
236
228
181
141
138
135
174
221
259
251
232
243
242
201
185
189
217
233
263
267
246
212
192
185
215
207
223
204
187
169
164
170
158
142
147
173
219
240
220
191
139
123
133
185
248
317
341
345
315
260
173
109
120
212
271
254
227
240
264
229
150
89
81
117
181
235
282
287
263
191
126
103
144
175
207
214
204
201
198
234
272
294
273
253
231
216
213
236
220
214
186
162
143
199
259
282
218
152
107
125
155
180
196
215
206
197
209
230
263
288
309
266
195
139
157
204
264
263
245
195
153
127
124
153
197
222
220
198
177
168
165
156
125
135
163
214
242
273
267
256
235
236
197
166
152
172
201
247
269
285
248
168
122
140
185
195
180
170
170
136
86
75
149
245
291
275
244
205
165
140
164
190
229
256
271
255
203
179
173
180
189
211
220
227
208
193
177
175
166
183
163
123
87
145
251
315
305
257
196
170
175
191
224
263
251
182
148
173
215
237
251
238
225
190
171
158
173
149
125
113
138
174
219
255
269
239
199
173
143
135
152
183
179
201
233
265
275
326
365
327
259
187
146
149
178
202
202
182
172
171
162
143
137
126
125
118
167
218
239
211
196
214
259
261
288
305
301
243
177
168
217
241
234
225
223
199
163
163
166
134
79
110
158
205
203
229
280
343
347
336
321
307
241
187
123
97
107
159
222
281
310
289
230
197
185
183
167
111
57
39
91
193
276
287
220
140
138
169
175
192
219
208
167
133
120
128
181
257
298
296
250
215
163
139
139
187
201
213
193
192
163
168
154
175
191
179
130
129
162
198
228
229
211
171
149
144
211
275
348
382
383
315
277
288
304
242
154
87
57
60
101
147
160
168
163
181
185
211
232
272
267
239
186
193
227
227
189
171
163
187
229
271
260
227
224
209
195
179
197
213
221
188
168
187
223
180
81
26
78
187
254
239
209
183
179
175
209
243
263
285
290
257
197
171
193
213
228
249
260
255
229
193
143
137
153
181
181
161
153
159
175
197
185
143
111
86
109
168
251
304
305
255
207
172
199
233
267
275
261
218
171
127
115
107
132
151
201
259
257
246
242
244
235
206
153
134
142
201
243
276
294
298
273
249
220
171
145
185
227
257
233
199
187
171
156
143
163
203
253
268
273
245
206
167
171
160
156
177
205
226
233
212
165
130
131
152
195
263
307
337
285
225
148
125
113
123
144
175
183
198
203
216
227
245
247
239
243
244
261
279
286
291
264
233
211
209
202
200
240
255
255
205
157
120
127
146
181
215
249
262
281
257
201
140
117
95
88
111
