03140010.PTO
CURE
2012/03/14 00:10:41.0300
100.0000 m/s  
6550 muestras
-10915
-6615
-18873
1877
-23157
-596
-14371
-9741
-4801
-20529
4727
-29408
5944
-21686
-4406
-3510
-22486
6400
-24148
-210
-13938
-12589
-5147
-18687
-89
-21077
-438
-13570
-12982
-1762
-19827
-1410
-17683
-4982
-11547
-13899
-4208
-15435
-6603
-11162
-11120
-5080
-16265
-5952
-9049
-12745
-4203
-20062
-804
-12975
-15576
1028
-20732
-2013
-12367
-14681
-1029
-19457
-3064
-12838
-10213
-7072
-13740
-4848
-16170
-1986
-15672
-8163
-5930
-17573
-979
-15608
-7180
-10856
-7889
-11876
-10512
-5130
-16107
-4424
-15061
-5003
-12714
-9524
-7293
-12417
-9100
-12307
-4929
-15090
-5040
-11765
-9394
-9081
-11738
-9601
-7093
-11761
-12015
-5214
-16613
-3995
-13192
-9470
-7251
-14773
-3749
-14527
-7362
-9841
-12624
-5425
-14300
-5530
-13910
-8431
-8593
-14182
-5694
-13533
-7742
-9057
-13289
-6847
-11468
-10186
-8485
-12775
-6905
-12340
-7503
-9866
-11399
-8909
-12244
-7303
-10001
-9945
-11371
-7982
-10342
-11348
-6839
-13680
-5952
-11352
-10997
-7916
-13414
-5438
-15274
-6794
-11771
-8567
-11616
-11219
-3117
-20229
-2046
-11061
-15231
-2813
-15109
-7640
-8386
-14363
-3065
-15919
-7475
-10410
-11274
-2278
-15211
-10145
-7525
-11545
-9554
-12171
-5579
-10122
-12962
-844
-23488
2891
-25088
-2226
-6440
-27781
16562
-38637
18871
-20885
-20680
20598
-51764
32236
-39881
-3869
16324
-58205
39795
-45815
7038
-8112
-30149
19094
-42475
17780
-22112
-19113
13011
-33423
6716
-13650
-19608
4476
-20040
-5023
-9916
-15078
-9775
-1942
-15696
-876
-22211
4674
-15410
-18322
8360
-31939
10060
-27313
-1949
-7242
-21223
2782
-11605
-15638
-6618
-6599
-18233
4622
-30180
7806
-16799
-13469
7879
-42403
25533
-33624
-9141
15689
-48933
23341
-27595
-11553
7396
-33401
14044
-26904
-7654
449
-23896
-172
-8848
-25290
10876
-14123
-30273
25100
-37016
-275
-3439
-25862
11597
-30648
5868
-17033
-11202
198
-26125
7905
-24933
274
-11091
-16944
1579
-21466
-1926
-15699
-6221
-12120
-8350
-7968
-16172
-1132
-15385
-8794
-5340
-16543
-6752
-2804
-20658
-5842
1104
-31088
15565
-23644
-13828
13010
-42715
23711
-36818
3593
-2607
-36755
27887
-53399
30403
-36511
-6683
22092
-72957
66763
-78046
29172
1423
-64391
70253
-94443
56587
-33918
-37854
54771
-80285
34838
-21791
-28038
28221
-50047
25139
-26293
-14534
14180
-40869
18133
-28969
813
-25581
9930
-12729
-32560
32515
-59863
33381
-21149
-41375
51155
-72344
33119
-13508
-37325
35210
-64241
44223
-43391
-9781
20081
-58014
34752
-39919
8180
-8826
-30309
28652
-48067
10621
-13477
-15849
9786
-39287
23129
-31921
-1907
-9198
-19157
6512
-37658
28159
-39768
-5448
8499
-33691
2535
-7737
-21352
2861
-9570
-21246
6254
-30781
16363
-30002
-2591
-9579
-19497
16754
-48953
18070
-9546
-20754
-2102
-4961
-15784
-17736
9474
-24622
2453
-24111
3534
-5833
-37863
35262
-32773
-21546
16615
-28363
-5519
-11805
-5752
-3759
-33971
21093
-29983
-13371
9815
-36838
13868
-23805
-4512
-9332
-4564
-15191
-16518
8426
-28149
1895
-14830
-9233
-13176
-6628
-278
-29217
4905
-13138
-14428
-1616
-14978
-5283
-13252
-7570
-13571
538
-15021
-9408
-4613
-22892
-524
-14334
-4815
-14765
-14371
-654
-11518
-14699
-5983
-9933
-2806
-22443
564
-8657
-20579
11401
-35032
7420
-12645
-20741
9672
-30002
8108
-16142
-15653
6894
-36104
17749
-29012
-5833
2799
-26457
9210
-28886
12601
-26749
-2683
-8473
-16633
3506
-27667
11131
-27900
-629
-7206
-19643
7310
-29312
5210
-13489
-13842
-277
-21334
1085
-15530
-10224
-6565
-12960
-8222
-9193
-10159
-8702
-9386
-12101
-5074
-12394
-6945
-10226
-9123
-7957
-11518
-5013
-13040
-6421
-8218
-10699
-7767
-11401
-10404
-9937
-7070
-10710
-12925
-3010
-13690
-11160
-3207
-15020
-5525
-14422
-3723
-10097
-14419
-601
-17187
-2742
-10316
-12319
-5362
-12824
-6958
-9826
-8920
-7339
-12165
-5884
-10302
-10400
-3951
-16590
-3964
-7988
-15943
-1220
-16175
-6798
-6870
-14913
-2351
-14359
-4561
-10462
-10445
-7546
-10764
-4617
-13752
-6836
-10091
-7387
-8648
-12064
-7867
-3032
-20217
-1220
-8055
-21427
11927
-32346
8372
-14719
-20041
14827
-37838
16023
-20147
-14523
3492
-22862
4584
-20494
-4512
-9428
-11189
-7743
-8012
-5724
-20026
8025
-22285
-5993
-4484
-21619
3156
-20803
8571
-30372
3627
-3491
-33036
25362
-41164
6114
-1515
-30689
12554
-17879
-3363
-12337
-10317
-6049
-15495
-3450
-13905
-321
-22640
-1991
2322
-30810
11601
-20992
-10570
2669
-26542
4528
-18009
-5333
-5370
-19006
7020
-23148
-418
-13622
-4426
-10010
-15259
3725
-27859
10594
-22915
-178
-7518
-22242
9147
-22822
-367
-11216
-11112
-3648
-15224
1831
-14342
-13903
-3026
-10770
-9737
-8831
-7087
-12708
-4399
-11477
-11509
-3097
-14018
-7544
-5202
-18656
5418
-25717
3070
-9452
-22056
14630
-37281
20231
-31240
2402
-2638
-34021
28506
-44869
13545
-13725
-16632
6849
-30795
17495
-30329
109
-2002
-27673
14871
-27900
-524
-4589
-21641
4296
-17048
-8144
-5800
-11341
-6931
-9317
-5016
-15235
-3868
-7510
-12918
-4873
-13770
-2536
-15219
-5260
-5990
-13326
-4455
-13257
-3525
-11193
-7826
-7162
-9425
-7298
-8957
-8159
-9061
-8269
-11108
-5572
-12241
-7648
-8155
-11210
-5954
-11892
-6723
-8446
-9748
-6793
-9345
-8634
-9169
-6573
-10907
-7516
-8762
-10790
-5242
-12569
-5709
-7863
-12223
-2479
-14298
-8645
-3932
-14140
-2545
-13896
-7118
-7899
-9915
-7804
-9467
-6081
-10467
-8091
-7695
-7654
-15826
2020
-16778
-7468
-3465
-17099
-1149
-12993
-11925
1179
-20025
-2170
-4472
-19912
8327
-25638
7490
-15859
-11378
3464
-26300
8440
-20269
-2279
-8256
-15656
2028
-17859
-1489
-12085
-9087
-6326
-12878
-2485
-14644
-3130
-11925
-6140
-8273
-10624
-4076
-13615
-5557
-10006
-6929
-11169
-5639
-10802
-9421
-4946
-11980
-5104
-10368
-5566
-9937
-8547
-7483
-10814
-5483
-12441
-3760
-12933
-6579
-7208
-12798
-3065
-12447
-5362
-10219
-7268
-9822
-7838
-7301
-10545
-6654
-11760
-5812
-9006
-10673
-7010
-8230
-9653
-6468
-9562
-8684
-7815
-8930
-7666
-9378
-7598
-8407
-8907
-6157
-10838
-8337
-6594
-10907
-6202
-9285
-7103
-9428
-9087
-5251
-10718
-8721
-8799
-7309
-8435
-8555
-7946
-8263
-7197
-10775
-5774
-9415
-8906
-8082
-8346
-6414
-10482
-6310
-9828
-8423
-6560
-10167
-8893
-5933
-11604
-6780
-7921
-9902
-5161
-12122
-4845
-11076
-7781
-5934
-12959
-4051
-10348
-7895
-6390
-12648
-4171
-11116
-6441
-6227
-16134
-797
-12682
-6952
-6410
-11430
-4350
-13386
-5000
-11027
-4713
-10636
-9628
-4108
-14063
-2852
-12471
-6193
-9627
-9006
-5721
-13410
-2613
-12200
-5714
-11381
-7198
-5062
-13778
-6458
-8990
-5883
-10758
-8873
-5244
-9829
-9645
-6885
-9296
-6498
-12201
-5900
-10551
-7454
-6996
-12492
-4326
-12395
-4295
-13490
-5695
-9334
-11155
-1144
-21316
3300
-11777
-17932
3106
-14493
1566
-24995
3303
-4239
-26697
13849
-24845
-994
-4457
-20390
4899
-17000
-7098
-3281
-15750
-4412
-9424
-7739
-9313
-9876
-6909
-9363
-7644
-10298
-7767
-6863
-11209
-10375
-1787
-14599
-6495
-6872
-14466
-2853
-9520
-12311
-3439
-11697
-9439
-3995
-16472
214
-13855
-7482
-4844
-16102
771
-16281
-4946
-6911
-14192
-1105
-13842
-6975
-8218
-12039
-4986
-10948
-7507
-9030
-7802
-9427
-8862
-8773
-8662
-6682
-11060
-8437
-7839
-7237
-11066
-8646
-6092
-11000
-6090
-12580
-5641
-7338
-14319
-2492
-11873
-6448
-11850
-5233
-12129
-6063
-8136
-13843
-566
-15672
-4536
-14500
649
-16435
-6370
-4497
-15238
1503
-24135
7081
-18618
-7889
1912
-28314
12658
-25209
-4372
-300
-28711
17035
-32753
6679
-8230
-24675
15292
-32937
14501
-22590
-6924
4860
-29721
15288
-27944
1030
-7209
-19099
7529
-24932
3236
-14508
-8633
-4055
-17277
66
-16452
-5815
-7406
-12489
-6821
-9977
-8482
-9890
-9190
-9086
-6330
-12294
-7240
-5822
-15321
3911
-19353
-3958
-7720
-11740
455
-26162
14859
-22797
-4613
3205
-27213
13016
-21087
-2290
-8443
-15952
5506
-24392
5246
-15130
-11305
75
-21291
4114
-20143
542
-13435
-12959
3278
-27145
10658
-22825
-9557
745
-24038
6926
-20977
-1637
-9718
-11182
-2791
-13625
-189
-15412
-1835
-13033
-2204
-15537
-7966
5164
-30575
10568
-18757
-7333
106
-27578
15452
-24874
-4269
1205
-23737
7866
-17499
-7769
-2377
-16984
-219
-13602
-6636
-3921
-15301
-5115
-11090
-7182
-7611
-15985
-1991
-13545
-7107
-4109
-23814
4980
-14644
-12217
-631
-15054
-2028
-11436
-7158
-1971
-14491
-240
-8550
-12387
3713
-16781
-62
-8595
-8012
-4205
-10982
-1902
-12805
-7163
-7456
-9846
-9799
-8893
-11665
-5622
-14052
-8259
-9684
-11842
-6760
-13585
-3069
-16745
-4543
-10003
-8557
-3513
-15974
1058
-15278
-3581
-9057
-8934
-1824
-11715
-4583
-6750
-4937
-12814
-3025
-14120
-6557
-8163
-9039
-5695
-14394
-2422
-16837
-6725
-9332
-10349
-3824
-15685
-6463
-6966
-8666
-6380
-10226
-4354
-7796
-8699
-2895
-10966
-7818
-1016
-13252
-2295
-7186
-10059
-1272
-12634
-4600
-9224
-8837
-6948
-10070
-9340
-11461
-7473
-11804
-11906
-3877
-19268
-5043
-12968
-12515
-5432
-18202
1520
-18077
-930
-6599
-7108
-3496
-12259
6433
-16237
2143
-2954
-10510
4104
-16937
2667
-12804
-8379
-1633
-19498
3414
-19201
-3155
-12415
-16519
-1579
-22349
-447
-16123
-13752
-2345
-20564
-3880
-13377
-10182
-1314
-17192
1493
-10992
-6972
1111
-13605
1460
-7328
-5969
-2437
-6049
-5772
-1871
-12214
-7094
1519
-21953
6598
-23003
-11950
4275
-32341
7529
-20261
-12533
-1908
-23858
2823
-18373
-7879
-1379
-15674
-1792
-15423
65
-7394
-15889
7291
-12942
-7988
5594
-14286
-3222
-4412
-6260
-3003
-16316
3001
-9873
-14529
1979
-15069
-8976
-4351
-17509
-1405
-20417
-1687
-14112
-13929
3518
-25228
8597
-22074
-499
-9481
-13421
2768
-21820
11726
-27848
3623
-6265
-24468
20390
-37848
9326
-11801
-9785
5560
-33051
23722
-34875
8789
-7484
-20843
9631
-27171
12770
-26599
5008
-7720
-17330
11196
-28447
8880
-11074
-15422
6875
-21303
4274
-14954
-4861
1959
-33999
14239
-18027
-17155
6422
-21062
189
-18872
675
-11087
-13718
8533
-30392
13939
-20752
-11404
8217
-30577
17628
-28205
6826
-8753
-21553
16632
-32356
10626
-16759
-12511
10310
-30871
8471
-10822
-21376
11930
-29870
5526
-7036
-21098
15551
-27477
6612
-12270
-10684
5257
-17848
2193
-13041
-2627
-8302
-7648
-5393
-5484
-7836
-9690
-6246
-12836
-8440
-9989
-7622
-11330
-7049
-9505
-9114
-9504
-9485
-8688
-6913
-8097
-10031
-2269
-11916
-3707
-8607
-6689
-2530
-10619
-2622
-11276
4641
-11092
-8096
-905
-10700
-2159
-11676
1105
-17631
-4413
-10890
-4189
-9426
-20359
9659
-30643
4270
-15496
-12476
3977
-26234
14756
-23733
-1811
-2528
-18720
11763
-23952
4645
-7499
-12368
10297
-24946
4841
-3859
-10643
-454
-10739
-303
-14413
-4167
-8550
-11642
-4190
-12686
-9087
-11214
-8837
-10516
-10888
-5580
-15857
-6752
-2934
-19475
4948
-12960
-8758
7084
-24537
11632
-14885
-1994
586
-20727
15911
-19566
-8284
2484
-11394
-6271
-9203
-3665
-11933
-11976
4563
-26167
-40
-7409
-23097
12038
-27383
3100
-8931
-17631
10183
-25900
987
-942
-19220
9201
-14064
-7368
9735
-22408
6752
-11060
-9167
7554
-21733
1339
-9066
-11406
-6236
-8856
-8453
-7384
-10722
-7176
-7565
-7866
-8479
-11636
-1920
-11238
-5415
-7840
-9655
-5616
-5435
-8313
-8751
-348
-9527
-5456
-4822
-11103
4403
-17530
571
-6385
-12904
6675
-21802
3917
-12344
-8899
-3930
-11599
-3966
-11482
-7304
-9131
-4629
-12837
-5097
-10497
-5170
-7078
-11147
-2439
-10710
-392
-9573
-13562
7998
-15613
-4256
-6086
-8448
-87
-16655
8088
-18527
-2181
-8632
-9533
5394
-24385
5829
-9624
-13645
4130
-17001
-4381
-7672
-10678
-3178
-11836
-1775
-9938
-9774
4766
-23079
4975
-2545
-22814
14565
-29475
13185
-15344
-12758
6444
-19423
2533
-15688
4098
-20250
6982
-14581
-12559
6455
-19926
2067
-8840
-14562
5751
-22619
8238
-8665
-22540
14846
-27284
11208
-17578
722
-1854
-17384
601
-12247
4835
-21883
2365
-5152
-14765
-1196
-13075
-2454
-10193
-10010
1626
-19763
5312
-12358
-8425
487
-16784
3005
-15539
3048
-21628
6258
-7309
-19290
25778
-44139
17024
-2936
-26887
23417
-33399
10290
-11215
-11907
2390
-21020
6622
-17945
-188
-16438
-934
-5736
-24280
20163
-33196
2163
4528
-22924
5925
-15053
6563
-15906
-5204
-1513
-12107
2657
-15711
-102
-10182
-4543
-4143
-12357
-2963
-7702
-2016
-16576
1903
-10278
-12104
3016
-22801
3904
-9673
-11597
3755
-14606
-2946
-4052
-7563
-9136
-3047
-1177
-14707
1763
-8446
-8117
-3353
-7710
-2168
-12780
-583
-6543
-5111
-11945
-1630
-2979
-23632
10470
-17725
-9855
3885
-24211
6535
-11882
-11818
-816
-9994
-4202
-11104
-2586
-8091
-6824
-3502
-9700
-1955
-5877
-8123
-930
-10524
-1988
-4789
-9066
139
-10330
-6578
-3115
-8403
-10034
-1072
-10630
-8006
-4260
-9980
-6577
-8749
-1647
-12303
-4956
-1417
-16457
423
-7777
-12706
4388
-15835
-5307
-1138
-12073
-2894
-6284
-6240
-4505
-8849
-6093
-825
-11219
-5739
-1731
-12478
-4911
-2033
-13812
1359
-9866
-8272
1870
-16171
579
-7877
-9745
887
-13616
-2575
-8557
-8132
-4081
-11664
-1426
-8729
-7071
-5634
-3978
-11996
-938
-9245
-10561
944
-14945
1342
-13052
-5058
-2221
-12979
-35
-9186
1325
-12475
-6347
2168
-16912
477
-8874
-3485
-8641
-8197
4111
-23414
7265
-12403
-12382
7118
-24363
11477
-20249
-915
-5550
-15562
7676
-24314
7831
-16075
-5046
-1371
-12956
1478
-13690
-1754
-4559
-11165
2871
-13738
-2474
-3274
-12035
2273
-13886
-638
-7238
-7307
-3824
-6706
-7337
-5548
-5440
-7619
-5366
-8410
-4043
-10150
-4215
-8112
-7121
-5195
-8893
-4356
-7733
-5629
-5953
-7137
-5389
-7191
-5365
-6656
-6843
-5927
-7663
-5635
-7377
-4819
-7683
-6926
-5670
-6190
-6132
-7422
-4929
-6301
-6275
-7003
-4292
-9842
-2910
-6445
-8224
-2867
-9752
-2318
-7248
-6825
-6211
-4807
-4597
-10898
-5112
-6719
-7813
-6050
-5865
-7453
-8183
-3945
-10358
-3415
-9117
-7202
-2719
-12027
505
-12963
-3739
-3689
-9196
-3113
-7430
-2871
-6137
-5359
-6773
-4982
-4545
-7045
-5793
-3903
-11245
-1390
-9660
-6887
-3025
-9002
-3479
-11148
-2461
-8864
-5963
-4924
-6712
-5670
-7352
-2202
-6555
-6087
-6882
-3241
-5234
-6812
-3669
-7456
-2129
-9624
-3529
-5597
-11027
1119
-11369
-6107
-3952
-8617
-5813
-6383
-4331
-9010
-5484
-6057
-5468
-6233
-6473
-3868
-8345
-1372
-10088
-1340
-6934
-5809
-2260
-8071
-1728
-8080
-1042
-9442
-819
-7754
-3120
-7191
-7020
-1964
-8664
-4403
-9078
-2686
-10219
-3010
-8822
-4311
-9100
-5584
-4897
-12012
-774
-10984
446
-11146
-4582
-3832
-10869
2412
-13667
-317
-5272
-6963
-4214
-6397
871
-12244
-116
-5206
-6733
-1785
-7723
-3835
-6465
-4601
-8217
-2994
-4788
-10141
-353
-9300
-8004
500
-12253
-4905
-2688
-11164
-2367
-6882
-6503
-5451
-5788
-5781
-5337
-4442
-6048
-3712
-7558
-4098
-6745
-3229
-6345
-6793
-1179
-8708
-4365
-4526
-6254
-3518
-6115
-4590
-5503
-5797
-4733
-7005
-3639
-7283
-5632
-5683
-5621
-6010
-6932
-4249
-7189
-4168
-7751
-4585
-5764
-7409
-2283
-8555
-5286
-3214
-7363
-4960
-4521
-4905
-5873
-4018
-3824
-7413
-1729
-7274
-6140
-1741
-9286
-2881
-5381
-6777
-3693
-6970
-3618
-5849
-5773
-4147
-6652
-3847
-7227
-2749
-7182
-6182
-2803
-8672
-2600
-8601
-3563
-6358
-5023
-4962
-6598
-2887
-8039
-2803
-7284
-4903
-4454
-6710
-4529
-5901
-5096
-4898
-5961
-4097
-5085
-5186
-4390
-4534
-5037
-6066
-3497
-7453
-3475
-6271
-5878
-3524
-7894
-3630
-7045
-5137
-5905
-7250
-3537
-7205
-5618
-4600
-7389
-4367
-5969
-5603
-4458
-6802
-3960
-6086
-4971
-5019
-6201
-4111
-5985
-4201
-5553
-5855
-4886
-5902
-4994
-6151
-5487
-5532
-5744
-5026
-6071
-5805
-4690
-6280
-5115
-5963
-5547
-4939
-6743
-4363
-6620
-4662
-5927
-5863
-4707
-6484
-4411
-6664
-4648
-5499
-5902
-4742
-6349
-4534
-6198
-5693
-4788
-6528
-4942
-5733
-5715
-5316
-6100
-5288
-5893
-5481
-5247
-6426
-4982
-5495
-6456
-4754
-6287
-5291
-5126
-6753
-4704
-6393
-5344
-4940
-7170
-4400
-6605
-5581
-5379
-6468
-4591
-6846
-5266
-6468
-5639
-5138
-6397
-5292
-6417
-5258
-6191
-6064
-5500
-5777
-5900
-6162
-5875
-6224
-5455
-6344
-6182
-5873
-6016
-5874
-6029
-5624
-5697
-6128
-5095
-6145
-6377
-5305
-6576
-5073
-6231
-6155
-5647
-6060
-5870
-5854
-5797
-6082
-5842
-5878
-5996
-6444
-5863
-6562
-5859
-6277
-6071
-6181
-5801
-5933
-6441
-5486
-6785
-5882
-5860
-6653
-5945
-6166
-6284
-5736
-6238
-6180
-5587
-6272
-6796
-5227
-6220
-6383
-6042
-6143
-6594
-6221
-5356
-7656
-5144
-6435
-6368
-5229
-7353
-3963
-8361
-5387
-4369
-8625
-3795
-7917
-4586
-7015
-6864
-4744
-8240
-4147
-7978
-5816
-6493
-6566
-6523
-5278
-5861
-8646
-3839
-8153
-5673
-5887
-6882
-5994
-6485
-5040
-7943
-4945
-7180
-6069
-5383
-7270
-6160
-6391
-6407
-7340
-4339
-8605
-5475
-5247
-10170
-1977
-9327
-6198
-3710
-10007
-2259
-10266
-4316
-6187
-8391
-2994
-10882
-823
-9043
-5412
-6417
-7177
-3232
-11616
-1633
-8466
-6601
-5681
-6295
-7125
-6241
-6080
-6554
-6894
-6900
-4221
-10152
-3508
-8569
-5345
-6205
-6958
-5289
-8269
-4321
-7903
-4950
-7285
-5990
-5051
-8459
-4245
-6952
-5865
-5853
-7252
-4210
-8064
-4181
-6903
-6652
-4610
-8168
-5048
-6685
-6543
-5915
-6866
-6376
-6094
-6744
-6128
-7352
-6099
-5865
-6977
-5566
-6264
-6764
-5961
-5617
-7351
-5888
-5400
-6974
-5663
-7334
-4895
-5916
-7944
-4473
-7964
-4758
-7221
-6947
-5247
-7878
-4967
-7182
-6549
-5903
-6976
-6373
-6612
-5964
-6084
-6552
-5273
-6658
-5264
-6668
-4964
-5911
-6828
-4854
-7016
-6186
-5689
-6571
-6008
-5557
-8145
-4535
-6957
-6814
-5712
-7341
-5703
-7576
-5763
-5894
-6484
-5761
-6820
-6368
-5537
-6155
-5936
-5957
-6229
-5909
-6205
-5927
-6269
-6294
-5437
-7060
-5443
-6083
-6896
-5034
-7046
-5661
-6757
-6803
-6009
-6235
-6185
-7135
-6385
-6155
-5877
-6540
-6067
-7466
-5274
-7599
-6336
-4977
-8303
-4011
-7933
-6029
-6111
-6355
-5585
-6755
-5063
-7857
-5397
-7655
-5276
-6394
-6460
-5222
-7840
-5348
-7658
-5738
-7740
-6282
-6775
-8128
-5035
-7931
-6233
-5723
-7942
-5679
-6754
-7134
-6399
-7065
-5652
-8273
-6069
-6283
-6699
-6455
-6442
-4955
-8007
-5805
-5646
-7468
-5328
-8384
-5622
-5689
-8283
-5463
-5828
-7040
-7426
-5046
-9471
-3701
-9020
-6083
-5180
-9434
-2377
-10834
-4045
-7434
-6581
-7425
-6705
-5289
-10068
-3208
-9382
-5136
-7531
-7110
-4592
-8591
-4696
-8227
-5796
-6350
-5971
-6242
-7246
-6546
-6753
-6182
-7469
-5809
-7537
-5747
-7330
-5362
-7884
-7977
-4964
-8404
-5860
-8207
-5379
-9403
-7268
-4129
-10326
-4192
-7948
-6848
-5127
-9840
-3958
-8314
-7405
-4233
-11057
-3111
-7582
-7576
-4015
-10652
-1693
-10329
-4854
-6510
-8997
-2177
-12179
-1589
-9850
-7675
-3583
-10509
-4921
-8302
-6474
-7739
-6337
-8217
-6128
-7292
-8443
-3549
-10698
-4037
-8598
-6786
-5842
-9218
-4105
-9781
-4520
-8193
-6351
-7107
-7082
-5239
-8480
-6481
-7151
-7044
-6325
-7305
-7499
-5614
-9126
-5771
-7230
-7643
-6816
-6671
-7121
-5934
-8752
-7294
-6680
-8325
-5841
-8056
-7667
-7173
-6043
-7207
-6552
-9191
-2604
-12949
-2020
-6441
-13541
2361
-13679
-4922
-4790
-10533
-2895
-9633
-6281
-5098
-11428
-890
-14986
-2850
-4667
-12861
-1325
-12494
-1168
-13761
-4023
-5216
-11572
-2561
-11066
-2808
-9554
-7121
-4310
-10005
-5722
-6412
-8177
-6608
-6252
-8247
-6272
-6751
-8548
-5483
-7521
-6827
-6886
-7836
-6000
-8184
-5102
-7652
-7167
-5879
-8899
-5781
-7511
-7155
-6294
-7565
-6642
-6790
-7452
-6175
-7406
-7299
-6593
-7204
-6322
-7270
-7172
-7501
-6532
-5766
-7967
-7700
-5644
-6942
-8034
-6242
-6679
-8665
-5315
-8537
-6747
-6643
-9020
-4691
-10043
-5411
-7186
-7796
-5953
-8712
-4814
-8445
-6227
-7149
-7311
-5527
-8389
-5940
-8037
-6620
-6693
-6772
-7131
-6881
-5954
-10178
-3780
-8470
-6764
-7187
-9290
-2105
-11876
-4306
-7735
-7684
-5350
-10511
-2908
-10399
-5893
-6888
-7979
-4312
-8283
-10516
-2316
-10119
-7317
-3157
-14042
2433
-15065
-2624
-5293
-12939
1099
-15225
-980
-9868
-5525
-7283
-9261
-1216
-14088
-472
-10696
-6436
-4852
-11358
-1645
-12657
-2840
-8280
-8066
-4547
-10474
-4163
-9724
-4991
-8836
-6821
-5018
-10675
-1208
-10992
-8442
-2865
-11800
-2983
-9814
-6958
-5440
-8375
-6481
-7625
-6354
-9233
-2739
-10196
-5885
-6534
-10617
-3670
-8482
-10111
-3596
-9591
-7493
-4259
-12257
-895
-11338
-5517
-5351
-10728
-3205
-12000
-3652
-10337
-5400
-8600
-7543
-4032
-12613
-1953
-10439
-4056
-8764
-8294
-4229
-12217
-3518
-9300
-8647
-6175
-7539
-7201
-7402
-5276
-8990
-5828
-6616
-11293
-3965
-8207
-8506
-3541
-11299
-7344
-996
-15421
-1670
-9121
-11079
221
-17762
3282
-15204
-4493
-4417
-15283
211
-13936
-2609
-9953
-5513
-7249
-6117
-7017
-8585
-3642
-12737
-2915
-7931
-11786
404
-15609
-3880
-6243
-14972
5072
-20750
-1587
-6382
-14413
4776
-20293
1196
-9994
-11812
3694
-23673
10041
-18627
-8101
-582
-21498
13070
-30006
3543
-5409
-19849
10637
-27204
6378
-11363
-13962
9568
-27363
9286
-14590
-11369
4000
-21215
4546
-14596
-8210
-1157
-15848
-352
-11213
-8033
-4163
-13034
-1501
-15250
383
-10342
-9681
-4774
-13085
-781
-14481
-4121
-8466
-9277
-4106
-11133
-5671
-7491
-9460
-3843
-12549
-3556
-8534
-8349
-5678
-10605
-4196
-11152
-4020
-9685
-7095
-7591
-7468
-8288
-8091
-6687
-8852
-6178
-9959
-5273
-9386
-7646
-6959
-8113
-7626
-7213
-10126
-6598
-6995
-9836
-4881
-10434
-6458
-7996
-7601
-6990
-8978
-6020
-9379
-6845
-7169
-9046
-6547
-8962
-7119
-8144
-8252
-6466
-9750
-5824
-8516
-8917
-5760
-9215
-7070
-7649
-8995
-5549
-9740
-6410
-7451
-7766
-6979
-10676
-4332
-10322
-6577
-7866
-9135
-4674
-11288
-5116
-8661
-8709
-4207
-11595
-4582
-10816
-3923
-9223
-9514
-1676
-15659
-71
-14161
-3601
-9927
-9568
-2360
-14848
-2717
-10582
-3812
-13266
-2507
-6754
-11806
-3880
-11481
-2019
-13136
-6782
-4701
-12299
-3245
-11569
-4917
-8357
-7951
-5470
-10729
-4271
-11515
-3800
-10522
-7479
-5194
-12622
-2430
-10560
-7214
-6444
-11629
-3657
-11320
-5626
-8438
-9759
-5172
-10189
-5260
-9840
-7357
-8155
-7339
-7284
-8151
-7896
-7424
-8366
-7665
-7273
-8327
-7779
-8440
-6808
-8245
-6759
-9203
-7215
-8111
-8037
-8259
-7242
-9013
-8033
-7594
-8109
-6904
-9996
-5957
-9554
-6891
-7963
-8641
-6870
-7485
-8695
-7620
-6943
-8992
-6802
-9150
-6025
-9903
-6692
-7534
-9296
-5475
-10636
-5473
-10115
-6361
-7245
-8506
-8430
-10842
-3225
-10577
-7017
-8902
-6027
-10188
-9091
-3545
-13742
-2349
-11328
-8182
-4743
-13160
-2908
-11910
-6701
-7558
-9155
-4752
-13493
-2767
-11708
-8977
-2886
-14077
-3518
-9586
-9739
-5570
-10597
-4231
-12189
-5985
-6757
-11769
-3810
-12135
-4987
-10459
-7505
-7374
-10621
-4530
-12321
-3118
-12438
-5406
-8765
-11154
-1119
-14443
-6028
-8218
-10151
-4513
-11199
-7402
-7463
-10304
-3655
-12600
-6438
-8417
-7879
-7812
-7959
-8142
-10464
-2905
-13960
-2123
-11880
-8150
-7108
-9830
-5260
-12486
-3614
-11401
-6652
-8480
-10034
-7432
-8908
-6493
-9454
-5646
-8845
-11083
-2798
-13372
-5696
-7873
-10907
-2842
-13338
-5496
-10241
-5825
-12152
-7201
-3586
-16078
-1294
-5436
-18098
-558
-12188
-7620
-2201
-19969
7575
-21854
-149
-8799
-17571
8811
-27132
6934
-16345
-9999
3132
-22169
3558
-16891
-5123
-4874
-14382
-4285
-11885
-2625
-13382
-5261
-9420
-10010
-5141
-11549
-3975
-11252
-6066
-9523
-7132
-9302
-10062
-1453
-16179
-2855
-8420
-12662
-1729
-13991
-3964
-13147
-2914
-12457
-8278
-418
-18302
2364
-16968
-4832
-3432
-17484
-1314
-10912
-10075
-2232
-14256
-6765
-5334
-11816
-7030
-7413
-7835
-10741
-4681
-11463
-5188
-12473
-6312
-6211
-12306
-3710
-12028
-5771
-10410
-6531
-8613
-8944
-6558
-10107
-6683
-8908
-7865
-8960
-7761
-8724
-7310
-8812
-8514
-6598
-11501
-3936
-12751
-5609
-6759
-12766
-2320
-13804
-3416
-9819
-10853
-2304
-13813
-5453
-7896
-11097
-5282
-11333
-6600
-7396
-9613
-7986
-7708
-8469
-8152
-7451
-10017
-5994
-9726
-7015
-8636
-8420
-8746
-8148
-8028
-9440
-5226
-11141
-6281
-8918
-8614
-5747
-11617
-5399
-9949
-7730
-6249
-12618
-4478
-11626
-6240
-8057
-10163
-5072
-10681
-6372
-10327
-4991
-11632
-6498
-9093
-9943
-3151
-16526
-1580
-12628
-7030
-6778
-11161
-4663
-14527
-1472
-13434
-6336
-9240
-9161
-6076
-12105
-4940
-12181
-5157
-9159
-9926
-5499
-10508
-6761
-6368
-12920
-2255
-13119
-6778
-5310
-15885
-245
-15668
-3628
-10216
-11495
-1412
-15466
-3632
-10135
-7331
-7935
-9654
-6926
-10871
-7016
-8278
-8795
-8899
-7009
-9230
-7936
-9429
-7552
-7889
-9968
-5215
-13132
-5805
-8836
-10646
-3910
-13334
-3278
-12849
-7134
-7783
-11238
-4598
-13228
-3592
-13149
-5398
-8781
-10981
-3870
-13075
-5475
-8989
-9366
-7132
-8624
-6959
-8822
-8265
-7655
-8661
-8324
-8928
-8663
-8610
-9109
-8353
-9295
-7067
-8344
-8903
-7239
-9474
-7234
-8911
-9240
-5896
-10524
-9132
-5581
-13277
-4500
-10298
-8190
-5747
-14080
-1090
-14493
-3393
-11303
-8533
-5800
-13092
-2994
-14693
-1433
-14612
-4903
-8487
-12272
-2351
-14175
-4932
-10298
-9061
-6298
-11243
-6035
-10580
-9747
-1875
-15931
-3281
-10556
-10002
-4169
-14765
-1631
-13960
-4966
-9664
-8974
-5640
-14352
-2347
-12380
-7560
-7305
-11896
-4724
-9623
-8931
-7617
-9656
-6166
-9946
-8652
-8300
-9121
-7554
-9807
-7736
-9071
-8627
-7226
-10147
-7984
-7950
-10486
-4639
-11558
-6831
-9550
-8951
-6772
-11735
-4495
-12887
-5093
-10048
-9342
-6685
-11005
-5903
-10862
-6681
-9438
-8912
-7564
-9272
-7089
-9211
-9385
-6711
-9631
-9077
-6817
-9940
-7791
-8705
-9004
-7943
-9012
-8582
-8647
-8796
-9063
-8081
-9299
-8972
-7340
-9405
-8614
-8161
-9125
-8246
-8787
-8082
-9382
-9113
-6014
-11158
-7410
-8853
-8105
-8096
-10932
-5107
-12421
-4852
-11241
-7317
-7128
-13032
-2423
-12855
-5603
-10189
-7722
-8006
-10917
-5011
-12466
-5014
-11875
-6801
-7873
-11423
-3045
-14541
-4672
-9251
-9833
-5161
-13439
-3610
-12884
-6559
-7851
-10796
-6329
-11228
-5988
-11738
-6694
-6844
-13683
-5003
-4036
-18074
-2096
-9870
-12373
-1296
-16452
-693
-13552
-9418
-4672
-15906
-1831
-14268
-6162
-7906
-13787
1009
-13971
-6289
-8526
-11063
-3450
-16136
-1295
-12372
-10364
-2351
-16191
-2758
-11824
-7353
-7294
-11077
-4634
-12468
-3622
-13976
-5394
-9792
-9803
-4994
-14738
-1059
-15748
-4822
-9604
-9880
-5796
-13088
-3100
-16089
-2287
-11929
-9413
-4474
-15338
-2945
-14328
-2118
-12221
-8398
-2515
-18767
-649
-9335
-13534
-5753
-7094
-10258
-9418
-8371
-7438
-10599
-8407
-6870
-9928
-9091
-8374
-9550
-7917
-11097
-8971
-6561
-11232
-6518
-12161
-6271
-10943
-4440
-13008
-6648
-8328
-10779
-4796
-18644
7928
-25322
197
-7914
-18709
2631
-19473
4609
-26523
6542
-13621
-15647
3557
-22842
6908
-25714
6000
-13717
-17933
11526
-31839
10228
-15460
-18967
13010
-32909
5582
-9741
-16826
791
-26224
14006
-25479
-8257
9749
-34040
10029
-15192
-14602
4455
-27615
3457
-12547
-10693
-131
-27697
17509
-33840
1155
-810
-34903
23707
-38904
14997
-22722
-8720
10401
-40097
23648
-31962
1416
-5909
-24721
13510
-30401
4423
-15076
-8886
-2208
-20093
4220
-22747
3049
-16133
-7419
-8882
-8309
-7878
-15560
-2324
-9287
-7947
-14462
4226
-25835
1659
-7308
-18208
-3059
-14440
-7188
-7653
-6163
-16097
150
-11007
-21008
13584
-29621
-517
102
-30381
15870
-29613
3533
-5429
-22229
7056
-25370
1848
-7815
-23061
11974
-27387
9273
-23711
-3397
4240
-34996
21824
-37416
14792
-20980
-12668
10899
-34167
15912
-21899
-7570
550
-26213
6126
-17964
-3525
-7667
-15030
3875
-27764
9706
-23798
-682
-8570
-20905
14070
-33664
15036
-28420
-5457
12510
-35952
11802
-19032
-9246
1521
-23959
1243
-9298
-17878
2834
-15348
-3431
-15919
-5012
-4049
-19413
1283
-14475
-6782
-6227
-16720
9
-9177
-19006
16
-7620
-11027
-12917
2283
-20105
477
-12003
-16783
12808
-31177
8360
-14618
-12891
6929
-32513
9460
-16665
-14190
5033
-26421
7538
-17998
-5573
-6479
-18441
6795
-23735
1087
-12726
-11843
1327
-21655
1182
-13392
-8830
-6748
-11696
-9752
-4658
-8828
-15708
2535
-20977
-2186
-7349
-13045
-2228
-14948
-3499
-12280
-6638
-5832
-17660
1995
-15677
-8226
-1023
-20593
1738
-15394
-6234
-8633
-10620
-4842
-13654
-4937
-12055
-9670
-6481
-11459
-7439
-8710
-9924
-6091
-10142
-6980
-10377
-8409
-10240
-4697
-16299
-4488
-6557
-14104
-4652
-12339
-3868
-15935
-1897
-11576
-11294
-7846
-9353
-1609
-22572
8048
-19286
-10221
2345
-25538
8157
-23508
1651
-11990
-11879
-2779
-17163
576
-19868
3122
-17689
-5439
-8719
-11075
-5232
-13445
-3398
-14007
-4881
-10242
-9591
-6454
-12359
-6325
-11638
-9182
-6579
-10740
-7605
-10193
-7534
-8827
-8376
-12135
-6187
-11117
-5218
-14026
-6716
-6785
-12682
-4529
-12469
-6422
-12897
-6362
-11135
-5770
-11156
-6579
-9633
-8910
-10211
-4451
-13116
-11513
-399
-23012
6920
-19731
-6624
-5851
-14463
898
-21201
1333
-16628
-7833
-1718
-17263
-3471
-12555
-3250
-14208
-6876
-6221
-15639
-1286
-17018
-1638
-13946
-5737
-5548
-16020
-1854
-14819
-3734
-12438
-9175
-3547
-15299
-5345
-8698
-9012
-9108
-12426
-4850
-11541
-6493
-10989
-7730
-9402
-9568
-6937
-12084
-6247
-11028
-6951
-10664
-7503
-9931
-6416
-10837
-10696
-3897
-15552
-2850
-9915
-12631
-2541
-12643
-9886
-6270
-11441
-6975
-7866
-11238
-5986
-11603
-6617
-8837
-10333
-7737
-9446
-8715
-8119
-8139
-11347
-9420
-7782
-5235
-14828
-5099
-6405
-17974
-409
-8172
-17688
2564
-16001
-2899
-12898
-12794
5470
-27698
5969
-11862
-15274
-524
-9773
-10579
-11068
-3105
-11037
-7028
-14639
61
-13914
-9126
-5564
-15099
3450
-22174
-3799
-3548
-13009
-7151
-10980
-5274
-12099
-4931
-12587
-4244
-15956
-1154
-11656
-15694
9664
-30412
7218
-11253
-15357
648
-19866
5355
-21076
373
-13715
-7960
-4086
-17098
4058
-24687
4425
-16888
-4707
-3786
-21053
6442
-20358
-1088
-13028
-9012
-1369
-18553
-722
-11336
-8345
-7222
-12897
-1378
-13034
-8845
-4111
-12454
-10274
-5372
-9370
-14231
4453
-25070
2099
-781
-29283
10011
-17194
-4634
-11480
-7248
-3104
-20075
2935
-16569
-4169
-6295
-14965
-778
-12838
-6784
-8286
-10220
-6200
-9333
-13069
-3265
-2095
-21420
-6842
-2997
-3529
-18229
-6046
5112
-23475
-4373
-6737
2362
-28277
4901
6712
-54510
39306
-30263
-13534
17495
-43017
25764
-29795
-3707
4436
-32234
13829
-23010
-3523
-2314
-26626
16404
-29969
-171
-1244
-23875
11297
-33009
15529
-20696
-13148
16717
-43844
23735
-20337
-20155
17932
-34632
12821
-21005
-5512
475
-26963
15425
-24637
-3347
-2274
-23738
12810
-19834
-12590
3854
-19912
4090
-23095
7929
-14675
-19247
16991
-34196
7818
-9238
-16281
1843
-14077
-7311
-5903
-9027
-7210
-10477
-7650
-467
-22673
1070
-2654
-16539
-6110
-6487
-7795
-8434
-5695
-12652
-921
-14455
-2776
-9593
-15969
5168
-20212
2705
-14175
-9963
2952
-22841
8168
-17916
-4495
-7826
-17202
5663
-20457
-4751
-1546
-14798
-6448
-3493
-10651
-10338
-5128
-9072
-12114
1708
-19499
3004
-7426
-20541
-2008
-8824
-4390
-9699
-5159
-16525
10961
-28746
-3971
5044
-26924
4899
-17662
2098
-18243
3502
-7563
-27493
27385
-40010
-1502
6706
-23299
3934
-23711
12851
-25533
-873
1272
-28165
10456
-18556
-1167
-13592
-5935
-1710
-21098
7433
-19182
-2717
-7798
-9387
-7969
-9272
-183
-19475
4299
-19437
4754
-15054
-8382
-1618
-14291
563
-18977
2312
-9294
-12284
-6314
-1820
-17819
-1552
-6629
-11087
-2686
-13034
-4835
-3864
-16160
-1668
-5244
-15914
4297
-19376
-1048
-8837
-11009
-1718
-13846
-1702
-13565
-5058
-5941
-11401
-2941
-13234
-4802
-7568
-10252
-4556
-10886
-4351
-10910
-5992
-4669
-16469
432
-14405
-4085
-2909
-17315
-900
-19101
9995
-16838
-15224
5241
-17048
1097
-14033
-9537
1605
-13375
-11564
5323
-18930
-2098
-5652
-14134
997
-16597
-1084
-10456
-9031
-2538
-12490
-3996
-9169
-8241
-4359
-12141
-1646
-11408
-7399
-3155
-14117
-1833
-10748
-5000
-8835
-10592
115
-14723
-4707
-5727
-10870
-3783
-11731
-3392
-8478
-9046
-3959
-10904
-5715
-8341
-4594
-10576
-6931
-5467
-10653
-3431
-10510
-5390
-8160
-8607
-5882
-9168
-4031
-11089
-4491
-8141
-9674
-2161
-13983
-3276
-7545
-9020
-7209
-5970
-9285
-8703
-3590
-10922
-6942
-8754
-5513
-8019
-6117
-10973
-1337
-14031
-1947
-3662
-18324
7383
-20305
-814
-3074
-14620
3221
-15768
-4046
-4386
-10381
-1617
-14069
-1574
-6376
-12774
3095
-15676
-1690
-8166
-9838
1190
-16338
1637
-11969
-5580
-3454
-14458
1580
-12383
-5067
-4791
-9299
-3660
-9489
-4327
-7706
-7216
-5171
-8604
-5192
-8435
-5121
-7810
-7768
-3342
-9521
-4690
-6442
-7217
-5199
-9142
-4784
-6656
-6805
-6880
-7845
-4789
-8050
-5860
-6593
-7130
-6482
-7028
-5811
-8163
-4373
-9428
-5257
-3856
-13396
-1239
-7807
-9231
-4520
-5658
-6693
-9762
-1825
-10275
-4921
-7942
-7766
-2611
-11853
-2468
-7485
-8056
-5250
-5681
-5066
-8509
-6096
-6440
-7110
-6682
-3686
-9500
-5198
-6046
-9234
-2438
-10589
-4279
-6751
-7781
-4475
-8665
-4014
-7870
-5250
-7012
-7447
-5429
-7074
-6650
-6466
-6476
-6413
-6979
-6357
-6044
-7675
-4490
-8759
-5339
-6980
-5810
-6678
-7947
-2445
-10055
-3207
-9101
-5218
-5753
-9789
-1386
-12572
-1633
-8691
-7020
-3951
-10466
-1366
-11007
-3186
-7884
-7049
-4695
-9424
-4591
-6937
-5242
-8020
-6134
-6787
-5764
-7143
-6903
-6001
-7058
-5690
-6667
-7048
-6808
-4739
-8506
-6017
-5558
-7937
-7503
-5262
-6659
-7449
-5017
-8838
-3681
-8261
-6702
-5032
-9508
-3734
-8371
-6457
-6317
-7106
-5729
-8251
-5108
-7335
-7345
-5590
-7716
-5805
-7282
-6386
-6271
-7650
-4660
-8604
-7103
-4409
-9160
-5319
-6179
-8764
-4521
-8420
-5530
-6756
-8169
-4016
-9598
-3949
-9001
-7130
-3569
-11319
-2449
-10142
-5880
-6171
-8358
-4276
-11017
-2138
-9738
-6848
-4035
-10120
-5176
-7563
-6670
-6885
-6526
-7220
-6450
-6575
-7288
-5125
-9279
-5867
-6751
-7795
-5844
-7796
-6167
-7151
-6973
-6764
-7199
-7385
-6101
-7704
-7008
-7926
-5744
-7543
-7318
-5399
-8686
-5990
-8329
-5573
-7775
-5721
-7079
-8064
-5170
-9332
-5713
-7758
-6674
-7369
-7641
-6333
-7935
-5966
-7542
-8081
-6398
-6365
-7951
-6270
-7758
-7009
-6546
-7386
-7577
-7224
-5633
-9474
-5500
-6871
-7932
-5911
-8127
-6102
-8316
-5194
-9101
-7748
-4065
-10373
-5648
-8114
-5526
-8739
-8152
-4908
-9520
-5381
-8376
-6356
-7522
-7295
-6646
-8175
-6662
-7390
-7227
-7557
-7157
-7033
-7268
-7202
-7282
-7413
-7076
-7493
-7567
-7102
-7053
-7450
-7246
-7174
-7232
-7263
-7183
-7707
-6922
-7365
-7328
-7532
-7152
-6770
-7582
-6927
-7292
-7190
-7543
-7523
-7468
-7579
-7434
-7031
-7488
-7211
-7678
-7348
-7177
-7977
-7554
-7417
-6802
-7462
-7545
-7289
-7326
-7212
-7620
-7394
-7350
-7091
-7557
-7842
-7381
-7429
-7317
-7680
-7000
-7587
-7490
-7509
-7325
-7068
-7742
-7412
-7970
-7177
-7256
-7339
-7361
-7792
-7214
-7863
-7409
-7102
-7627
-7658
-7654
-7201
-7789
-7330
-7458
-7138
-7240
-7876
-7488
-8020
-7304
-7481
-7248
-7360
-7624
-7470
-7600
-7410
-7947
-7507
-7325
-7497
-7380
-7315
-7276
-7694
-7586
-7529
-7595
-7565
-7662
-7354
-7813
-7036
-7521
-7914
-7067
-7909
-7122
-7739
-7638
-7369
-7848
-7220
-7828
-7456
-7529
-7602
-7287
-8097
-7204
-7544
-7528
-7284
-8214
-7434
-7796
-6789
-7989
-7663
-7186
-7948
-6999
-8006
-7367
-7549
-7609
-7673
-7489
-7229
-7616
-7339
-7467
-7584
-7691
-8335
-7590
-7110
-8402
-7724
-7481
-7357
-6977
-8296
-7941
-7885
-7238
-7575
-7918
-7753
-7611
-7152
-8148
-7003
-8156
-7465
-7730
-8398
-7324
-7597
-7730
-7331
-7887
-7193
-7468
-8475
-7118
-8061
-7255
-8026
-7208
-7859
-7320
-7515
-8151
-7094
-8124
-7526
-8175
-7573
-7562
-7577
-7923
-7253
-7700
-7849
-7289
-8401
-7753
-7933
-7503
-7996
-7929
-7373
-8182
-6848
-8440
-7336
-8105
-8320
-6710
-8557
-7098
-8129
-7285
-7106
-8398
-7790
-7535
-7989
-7618
-7680
-8122
-7165
-8491
-7473
-7253
-8254
-6977
-8832
-7299
-7552
-7894
-7123
-9338
-6621
-8266
-7991
-7629
-8198
-7202
-8639
-7498
-8261
-7522
-8160
-7663
-7394
-8273
-7656
-8946
-7062
-7625
-8701
-8049
-7528
-8173
-7317
-8886
-8297
-6767
-8561
-7190
-8826
-7735
-7559
-8480
-7740
-7873
-8126
-7714
-8222
-7872
-8469
-7102
-8713
-8522
-6848
-9883
-5947
-9473
-7501
-7692
-9442
-6095
-9421
-6875
-9472
-8038
-6116
-10023
-7171
-7440
-9520
-8586
-6397
-10428
-7706
-7214
-8945
-6073
-11847
-5484
-7754
-10440
-6172
-8711
-7804
-8830
-7820
-7292
-10393
-6928
-8244
-9135
-6646
-9773
-5291
-10805
-7029
-8330
-9408
-5651
-11320
-5357
-10352
-7502
-7296
-10580
-6024
-9823
-8100
-7595
-8565
-7317
-9533
-7274
-8610
-9084
-7095
-9636
-7473
-8441
-8883
-7534
-8848
-7667
-8472
-8835
-7660
-8633
-7274
-9117
-9272
-7103
-10182
-7200
-9566
-7787
-7315
-9809
-6604
-11011
-6091
-9665
-8743
-6836
-10979
-6166
-9647
-8090
-7706
-9365
-7456
-9148
-8344
-8521
-8877
-6783
-10044
-7702
-7221
-9776
-7460
-9462
-6603
-10042
-6961
-8748
-9743
-4804
-12725
-5246
-11557
-6886
-8675
-7828
-9464
-11211
-3043
-16092
2174
-18078
-5693
-2408
-19782
5739
-18643
-7827
-3951
-14681
150
-18477
-2264
-7644
-14594
3188
-22429
962
-9785
-12204
-31
-20293
4190
-17212
-7696
-990
-19140
4217
-19196
-2214
-8776
-14178
1600
-18253
212
-16184
-3220
-8230
-13063
-2179
-12911
-3198
-15534
-4493
-7449
-13082
-554
-12962
-10471
-5033
-10629
-4208
-15331
-4567
-3342
-16212
-3199
-10513
-5634
-11234
-8828
-7328
-10083
-6331
-10899
-6313
-10828
-4929
-13049
-4812
-10216
-10963
247
-17505
-4232
-6735
-14831
387
-15514
-5015
-8741
-13203
1752
-22871
2701
-10639
-13992
-2193
-12961
-4334
-11022
-5607
-8861
-10552
-6245
-10920
-6934
-6032
-14657
-2494
-12955
-7427
-6424
-12194
-5423
-10987
-6848
-9504
-8232
-8387
-8885
-8418
-9284
-9216
-6626
-10132
-7464
-8801
-9419
-6106
-12012
-6505
-9102
-10452
-5685
-11690
-5695
-10306
-8795
-7176
-12102
-4251
-11995
-6537
-8379
-10736
-6331
-10208
-7650
-9547
-7308
-9895
-8895
-7096
-10966
-6809
-9687
-8584
-7978
-9676
-7900
-9982
-7560
-9096
-9279
-7686
-9817
-8197
-8449
-9144
-8210
-9477
-8525
-9005
-8732
-8431
-8922
-9121
-8761
-8221
-8859
-9229
-7648
-9070
-9530
-7958
-10193
-7508
-9930
-8633
-8764
-9414
-8186
-10074
-7619
-10190
-7696
-9405
-9102
-7902
-9785
-7488
-10023
-7419
-9909
-7710
-9444
-9008
-6825
-11545
-7249
-9898
-7806
-9362
-8347
-8312
-9419
-9314
-6057
-10493
-9332
-6141
-13808
-3593
-11284
-8494
-8965
-9271
-6863
-10426
-9056
-9251
-6192
-14166
-4051
-10196
-11249
-5648
-10251
-9235
-9001
-7235
-11071
-7120
-11051
-6413
-9412
-10960
-5548
-12495
-6422
-8759
-10204
-6663
-11432
-6515
-10087
-9087
-7174
-12855
-4540
-11634
-8471
-5990
-13149
-6946
-7318
-12158
-6592
-11008
-8013
-5055
-16862
-3516
-10028
-10725
-6268
-10693
-6802
-10697
-7885
-8724
-9258
-8701
-10222
-7343
-8908
-10195
-5432
-13176
-8040
-7659
-10520
-7895
-11068
-6682
-11821
-5743
-11880
-8351
-5594
-13265
-8806
-5869
-9935
-11116
-4755
-13431
-5458
-12094
-7249
-8441
-13264
-3358
-11799
-8088
-10005
-7044
-10360
-8931
-8008
-10629
-8401
-9352
-7272
-12170
-6452
-9452
-8374
-10241
-8560
-8670
-11406
-4471
-14325
-4349
-12697
-6342
-9331
-12304
-3807
-14928
-3962
-12924
-7584
-8565
-11474
-6616
-10688
-8151
-10420
-8564
-9120
-8996
-8932
-9457
-7828
-10657
-7540
-9615
-9531
-8647
-10000
-7241
-10297
-8180
-8581
-9240
-8956
-9241
-9568
-7903
-10759
-7067
-9988
-10472
-6763
-11613
-7035
-9744
-8555
-10458
-8367
-8537
-10366
-7659
-10990
-6960
-10176
-8134
-9063
-10257
-7313
-10951
-8253
-9114
-9456
-9559
-7942
-9232
-9534
-8927
-9842
-8020
-9564
-9113
-9646
-8164
-10234
-9093
-7875
-11046
-8760
-9543
-9134
-9303
-9773
-7593
-10312
-9412
-8307
-10304
-9320
-8592
-8822
-10598
-8823
-8642
-9432
-9862
-9305
-8550
-10242
-9035
-8617
-10774
-8329
-9193
-10425
-8181
-10503
-6644
-10172
-11422
-7197
-9702
-10922
-7384
-8673
-13768
-2868
-12374
-12341
-4539
-14791
-3491
-14116
-6409
-9344
-13444
-1702
-17843
-2450
-14178
-7819
-7238
-14756
-2265
-16990
-4116
-11352
-10338
-6002
-14597
-5077
-11894
-8733
-8543
-11658
-7029
-11026
-8289
-9551
-10363
-7701
-11302
-8890
-8940
-10221
-9068
-10219
-8760
-10425
-9366
-8708
-11128
-8197
-9145
-11093
-8604
-9512
-9864
-9322
-11181
-8154
-10343
-9506
-8758
-10599
-8288
-10367
-8752
-10741
-8308
-10310
-9377
-8161
-11585
-7485
-10695
-10228
-8023
-10484
-9801
-8500
-10212
-9177
-9203
-8998
-11069
-7301
-11631
-9162
-9481
-10077
-5789
-16966
-4054
-10011
-12654
-5584
-12809
-7341
-12197
-7199
-10630
-11613
-4972
-15656
-3748
-12539
-10659
-6358
-13213
-5864
-14091
-4593
-13331
-8343
-7025
-13514
-3846
-16809
-5174
-9271
-13308
-5207
-13808
-7628
-8957
-12719
-6016
-10761
-10128
-6622
-13707
-3885
-15307
-6450
-8213
-16153
-18
-22036
326
-13655
-14016
1472
-22692
-371
-14819
-6782
-9196
-14908
-3518
-14296
-6492
-11976
-5372
-14784
-5750
-9187
-13064
-6644
-11476
-7526
-13660
-4355
-14324
-7048
-10819
-9305
-7659
-12965
-4656
-15369
-4970
-11641
-12611
-4313
-13745
-7636
-11297
-8680
-9002
-11544
-5493
-15145
-5555
-10422
-10049
-7324
-14247
-4146
-13011
-9713
-7895
-14376
-5176
-14462
-5757
-10369
-11911
-2268
-17557
-5050
-13231
-4828
-12639
-10431
-5824
-17188
-478
-17870
-4237
-11425
-12435
-3141
-17822
-2636
-13608
-7449
-8853
-13622
-3914
-16359
-4483
-13445
-8190
-8510
-12967
-3859
-15214
-6905
-11688
-9075
-9560
-12025
-6884
-10614
-10096
-9131
-10866
-9284
-8539
-13172
-5252
-13116
-9370
-8007
-12882
-6793
-13445
-6186
-11661
-10055
-8520
-10833
-9275
-10774
-8329
-10632
-9626
-11723
-6954
-13005
-7792
-9472
-11862
-6821
-14449
-6467
-11666
-9366
-8792
-10727
-8544
-11929
-9256
-7079
-13368
-9032
-7695
-16302
-2844
-14634
-9556
-7453
-13161
-3894
-15603
-7534
-10980
-10224
-7132
-15919
-3542
-14236
-10119
-5850
-15783
-6641
-6313
-16208
-6738
-7941
-17361
1221
-21046
-1205
-13702
-15689
4569
-26797
2104
-10965
-18464
1695
-16443
-10599
-4974
-17776
-1050
-16125
-7033
-7237
-16301
-823
-20009
-3941
-11907
-11683
-5958
-13691
-5232
-13936
-7439
-10016
-12670
-5861
-15131
-4963
-12822
-11533
-5357
-15390
-4901
-13232
-8434
-8822
-12874
-6725
-12663
-9398
-9698
-12028
-6805
-12173
-8624
-9206
-11979
-7585
-10463
-11629
-9656
-6743
-13049
-5973
-18407
108
-15733
-12270
124
-24345
5058
-22596
-1712
-12279
-14028
-432
-21323
2236
-20962
-4585
-9422
-14310
-1675
-23627
4822
-20851
-8009
-1235
-26780
8114
-24687
-2950
-8904
-17313
1709
-22117
-3587
-3794
-26365
7347
-16404
-16832
5218
-27740
8578
-27274
-2336
-6567
-21420
5822
-27439
4507
-15794
-14510
2994
-25133
3245
-17877
-10915
-2539
-24720
7778
-24910
-2876
-10410
-15941
-1181
-19016
-172
-20006
-1372
-13565
-13753
-3368
-19946
665
-19250
-5261
-9860
-17301
3112
-25381
3730
-17079
-13391
4134
-28650
5861
-18310
-9286
-6380
-19295
1775
-20593
-4982
-9847
-14922
-4176
-14066
-9090
-10216
-9117
-13520
-7492
-11497
-10719
-8807
-13586
-5030
-15752
-6208
-14031
-6121
-12521
-11057
-8273
-11202
-8208
-14788
-922
-20961
-2615
-12304
-12349
-5110
-15765
-6898
-12037
-10489
-9844
-9697
-12234
-8035
-11410
-9452
-10363
-10198
-10370
-11003
