03140010.PTO
COCZ
2012/03/14 00:10:41.0300
100.0000 m/s  
6550 muestras
1661977
1661977
1661977
1661969
1661966
1661970
1661979
1661974
1661970
1661969
1661969
1661975
1661982
1661982
1661977
1661970
1661963
1661964
1661960
1661956
1661958
1661958
1661957
1661962
1661958
1661949
1661951
1661945
1661941
1661943
1661944
1661945
1661941
1661941
1661942
1661946
1661946
1661947
1661950
1661952
1661951
1661937
1661936
1661930
1661923
1661928
1661932
1661939
1661939
1661937
1661934
1661930
1661932
1661934
1661927
1661927
1661926
1661926
1661930
1661927
1661922
1661917
1661913
1661913
1661922
1661928
1661931
1661928
1661923
1661921
1661921
1661918
1661920
1661916
1661913
1661917
1661917
1661917
1661916
1661924
1661919
1661921
1661924
1661926
1661928
1661922
1661914
1661917
1661922
1661923
1661926
1661927
1661928
1661929
1661930
1661926
1661925
1661927
1661923
1661920
1661922
1661923
1661930
1661932
1661930
1661925
1661922
1661915
1661907
1661909
1661917
1661924
1661925
1661928
1661929
1661930
1661933
1661935
1661932
1661927
1661922
1661920
1661922
1661922
1661928
1661937
1661937
1661936
1661937
1661941
1661941
1661941
1661942
1661938
1661941
1661944
1661939
1661941
1661946
1661954
1661956
1661955
1661955
1661953
1661953
1661950
1661944
1661938
1661935
1661937
1661947
1661953
1661959
1661961
1661964
1661959
1661955
1661958
1661951
1661953
1661949
1661943
1661946
1661938
1661938
1661943
1661945
1661957
1661956
1661953
1661949
1661942
1661939
1661932
1661936
1661935
1661934
1661937
1661938
1661942
1661944
1661945
1661948
1661951
1661963
1661966
1661964
1661963
1661957
1661958
1661955
1661953
1661955
1661952
1661946
1661942
1661943
1661949
1661951
1661950
1661953
1661960
1661958
1661959
1661956
1661950
1661954
1661955
1661955
1661956
1661955
1661964
1661962
1661962
1661962
1661963
1661957
1661954
1661953
1661949
1661950
1661947
1661948
1661946
1661954
1661954
1661956
1661956
1661961
1661965
1661960
1661960
1661962
1661965
1661963
1661966
1661962
1661961
1661956
1661951
1661948
1661954
1661960
1661962
1661961
1661955
1661950
1661943
1661953
1661961
1661963
1661961
1661954
1661951
1661955
1661955
1661957
1661961
1661962
1661966
1661970
1661976
1661975
1661976
1661969
1661963
1661956
1661955
1661965
1661970
1661971
1661967
1661964
1661957
1661958
1661962
1661963
1661962
1661965
1661962
1661960
1661963
1661954
1661950
1661954
1661959
1661959
1661959
1661963
1661963
1661961
1661962
1661959
1661964
1661963
1661964
1661960
1661958
1661962
1661963
1661968
1661960
1661960
1661958
1661960
1661957
1661962
1661961
1661967
1661961
1661962
1661965
1661958
1661956
1661950
1661951
1661946
1661954
1661953
1661962
1661957
1661959
1661960
1661954
1661952
1661952
1661950
1661950
1661954
1661956
1661956
1661956
1661963
1661954
1661959
1661961
1661966
1661961
1661960
1661961
1661967
1661966
1661963
1661962
1661958
1661952
1661944
1661951
1661952
1661963
1661967
1661966
1661960
1661953
1661953
1661959
1661965
1661971
1661973
1661969
1661959
1661955
1661959
1661953
1661956
1661957
1661958
1661955
1661955
1661953
1661953
1661958
1661960
1661962
1661962
1661966
1661960
1661952
1661952
1661957
1661951
1661950
1661953
1661953
1661955
1661956
1661950
1661945
1661942
1661946
1661951
1661958
1661969
1661968
1661967
1661957
1661957
1661960
1661962
1661962
1661961
1661961
1661961
1661951
1661950
1661954
1661954
1661961
1661960
1661962
1661956
1661954
1661954
1661951
1661945
1661945
1661941
1661943
1661947
1661955
1661964
1661963
1661977
1661978
1661977
1661969
1661958
1661957
1661962
1661975
1661985
1661992
1661996
1661987
1661987
1661983
1661973
1661974
1661978
1661985
1661982
1661984
1661984
1661975
1661975
1661981
1661982
1661975
1661967
1661969
1661970
1661981
1661980
1661977
1661975
1661975
1661979
1661976
1661974
1661968
1661965
1661960
1661971
1661970
1661970
1661973
1661977
1661986
1661983
1661984
1661980
1661975
1661976
1661974
1661975
1661972
1661976
1661977
1661973
1661976
1661977
1661979
1661980
1661980
1661984
1661983
1661993
1661998
1661992
1661985
1661973
1661979
1661976
1661976
1661983
1661989
1661990
1661986
1661984
1661984
1661986
1661990
1661990
1661988
1661982
1661979
1661980
1661974
1661981
1661981
1661980
1661981
1661981
1661988
1661985
1661980
1661977
1661968
1661972
1661975
1661980
1661983
1661985
1661992
1661985
1661979
1661984
1661988
1661997
1661998
1661994
1662003
1662002
1662000
1661996
1662000
1662009
1662012
1662014
1662013
1662013
1662011
1662004
1662003
1662002
1662006
1662005
1662003
1661999
1661992
1661994
1661994
1661999
1662000
1662003
1662009
1662012
1662019
1662014
1662011
1662013
1662017
1662022
1662022
1662028
1662034
1662026
1662019
1662017
1662016
1662015
1662008
1662008
1662008
1662002
1662013
1662024
1662028
1662023
1662020
1662021
1662010
1662013
1662014
1662017
1662030
1662032
1662034
1662033
1662031
1662039
1662034
1662028
1662029
1662020
1662024
1662023
1662021
1662019
1662016
1662019
1662017
1662029
1662026
1662034
1662033
1662025
1662026
1662019
1662026
1662032
1662034
1662045
1662040
1662040
1662039
1662032
1662044
1662033
1662041
1662040
1662041
1662046
1662048
1662049
1662047
1662047
1662042
1662033
1662033
1662028
1662024
1662038
1662031
1662038
1662038
1662043
1662047
1662038
1662039
1662040
1662036
1662042
1662039
1662046
1662048
1662049
1662059
1662044
1662050
1662052
1662046
1662040
1662034
1662038
1662035
1662035
1662039
1662037
1662049
1662054
1662058
1662061
1662056
1662055
1662044
1662048
1662050
1662054
1662062
1662066
1662066
1662058
1662058
1662052
1662049
1662047
1662043
1662043
1662050
1662056
1662063
1662071
1662071
1662065
1662065
1662069
1662064
1662068
1662062
1662055
1662049
1662048
1662056
1662058
1662060
1662062
1662050
1662046
1662050
1662053
1662063
1662076
1662081
1662069
1662062
1662054
1662060
1662062
1662068
1662075
1662077
1662077
1662064
1662059
1662061
1662060
1662063
1662065
1662059
1662060
1662057
1662064
1662060
1662058
1662070
1662069
1662075
1662081
1662082
1662088
1662085
1662085
1662085
1662085
1662083
1662074
1662076
1662074
1662074
1662070
1662072
1662063
1662062
1662070
1662076
1662088
1662092
1662093
1662088
1662091
1662093
1662095
1662093
1662095
1662092
1662086
1662092
1662089
1662090
1662098
1662105
1662114
1662120
1662121
1662118
1662111
1662118
1662119
1662118
1662117
1662116
1662112
1662111
1662114
1662110
1662117
1662123
1662125
1662126
1662127
1662122
1662112
1662111
1662118
1662118
1662120
1662118
1662113
1662118
1662117
1662118
1662124
1662129
1662134
1662135
1662132
1662128
1662123
1662131
1662128
1662129
1662137
1662135
1662129
1662127
1662125
1662129
1662128
1662130
1662134
1662123
1662129
1662127
1662126
1662123
1662120
1662114
1662111
1662116
1662119
1662125
1662129
1662136
1662132
1662127
1662128
1662126
1662129
1662128
1662126
1662122
1662115
1662122
1662126
1662129
1662131
1662129
1662128
1662131
1662133
1662127
1662120
1662110
1662107
1662107
1662116
1662123
1662122
1662127
1662117
1662111
1662108
1662104
1662101
1662095
1662096
1662097
1662098
1662100
1662106
1662108
1662099
1662091
1662090
1662090
1662091
1662084
1662080
1662081
1662078
1662081
1662080
1662087
1662086
1662079
1662075
1662070
1662070
1662073
1662076
1662069
1662064
1662058
1662061
1662065
1662068
1662064
1662062
1662053
1662055
1662055
1662051
1662053
1662049
1662047
1662040
1662035
1662034
1662037
1662037
1662043
1662039
1662035
1662032
1662037
1662043
1662038
1662041
1662033
1662028
1662023
1662017
1662020
1662014
1662010
1662014
1662016
1662015
1662014
1662007
1662007
1662005
1661999
1661997
1662000
1662002
1661999
1661996
1661989
1661984
1661981
1661980
1661983
1661992
1661993
1661992
1661987
1661986
1661987
1661982
1661977
1661979
1661985
1661991
1661990
1661992
1661988
1661979
1661979
1661972
1661975
1661975
1661974
1661970
1661974
1661975
1661979
1661985
1661986
1661986
1661980
1661975
1661974
1661980
1661978
1661984
1661986
1661985
1661985
1661979
1661972
1661966
1661969
1661967
1661972
1661979
1661981
1661980
1661981
1661983
1661979
1661975
1661968
1661967
1661972
1661981
1661976
1661969
1661969
1661961
1661966
1661971
1661977
1661987
1661991
1661993
1661995
1661985
1661981
1661986
1661985
1661990
1661995
1661997
1661998
1662001
1662000
1661999
1661998
1661993
1661991
1661998
1661999
1662000
1661996
1661990
1661990
1661986
1661990
1661989
1661992
1662002
1661997
1661999
1662001
1662002
1661999
1661999
1662006
1662007
1662007
1662005
1662007
1662007
1662008
1662007
1662010
1662014
1662022
1662022
1662018
1662019
1662010
1662014
1662016
1662013
1662017
1662014
1662016
1662016
1662016
1662023
1662027
1662023
1662019
1662014
1662011
1662012
1662019
1662023
1662026
1662033
1662029
1662034
1662031
1662046
1662065
1662083
1662112
1662129
1662138
1662105
1662043
1661963
1661868
1661804
1661784
1661834
1661934
1662020
1662046
1661994
1661898
1661827
1661826
1661897
1662007
1662118
1662207
1662228
1662159
1662032
1661926
1661916
1662009
1662129
1662224
1662296
1662303
1662223
1662086
1661972
1661944
1661939
1661896
1661837
1661859
1662017
1662228
1662399
1662479
1662455
1662289
1662039
1661876
1661925
1662173
1662455
1662649
1662663
1662515
1662274
1662033
1661842
1661711
1661684
1661742
1661845
1661955
1662067
1662150
1662162
1662106
1662051
1662028
1662051
1662055
1661949
1661783
1661649
1661637
1661732
1661856
1661917
1661941
1661994
1662045
1662015
1661955
1661950
1661980
1661998
1662016
1662105
1662217
1662286
1662308
1662342
1662412
1662472
1662481
1662497
1662566
1662648
1662590
1662326
1661972
1661688
1661579
1661611
1661761
1662003
1662239
1662270
1661996
1661637
1661476
1661578
1661807
1662033
1662237
1662347
1662256
1661903
1661458
1661187
1661241
1661559
1661959
1662293
1662449
1662444
1662359
1662263
1662141
1662019
1661899
1661748
1661564
1661449
1661570
1661935
1662314
1662470
1662351
1662141
1661943
1661768
1661794
1662086
1662479
1662786
1663050
1663270
1663168
1662654
1662076
1661814
1661918
1662223
1662555
1662711
1662532
1662078
1661620
1661297
1661098
1661129
1661499
1662043
1662430
1662465
1662216
1661981
1661954
1662088
1662315
1662559
1662605
1662285
1661861
1661781
1662059
1662347
1662431
1662360
1662368
1662474
1662315
1661854
1661559
1661712
1662155
1662677
1663069
1663093
1662680
1662111
1661738
1661624
1661654
1661666
1661639
1661614
1661600
1661584
1661584
1661618
1661752
1662091
1662546
1662790
1662633
1662168
1661594
1661255
1661514
1662419
1663415
1663890
1663732
1663208
1662600
1662082
1661759
1661658
1661671
1661657
1661655
1661779
1662042
1662221
1662073
1661656
1661355
1661337
1661339
1661155
1661047
1661336
1661903
1662349
1662413
1662247
1662241
1662555
1662979
1663234
1663167
1662891
1662646
1662569
1662658
1662847
1663020
1662963
1662487
1661693
1661025
1660896
1661251
1661698
1662027
1662257
1662253
1661878
1661374
1661114
1661228
1661650
1662265
1662890
1663278
1663250
1662858
1662341
1661980
1661928
1662121
1662412
1662616
1662566
1662319
1662149
1662179
1662284
1662404
1662585
1662658
1662335
1661769
1661385
1661375
1661592
1661867
1662100
1662196
1662127
1661944
1661774
1661769
1661906
1662019
1662127
1662332
1662524
1662568
1662563
1662544
1662399
1662173
1662126
1662356
1662599
1662570
1662309
1662044
1662003
1662172
1662336
1662293
1662030
1661676
1661406
1661411
1661681
1662011
1662184
1662213
1662190
1662199
1662261
1662358
1662470
1662534
1662558
1662565
1662506
1662302
1662007
1661800
1661845
1662108
1662366
1662427
1662318
1662125
1661893
1661703
1661605
1661617
1661751
1662056
1662459
1662751
1662714
1662372
1662000
1661852
1662012
1662395
1662743
1662826
1662594
1662237
1662058
1662110
1662239
1662312
1662344
1662354
1662285
1662114
1661930
1661777
1661653
1661615
1661758
1662008
1662194
1662243
1662170
1662045
1661955
1662035
1662262
1662490
1662571
1662478
1662296
1662123
1662062
1662186
1662465
1662754
1662902
1662811
1662475
1661996
1661580
1661398
1661447
1661578
1661671
1661706
1661669
1661582
1661581
1661768
1662046
1662249
1662361
1662451
1662519
1662493
1662345
1662159
1662111
1662304
1662661
1662968
1663039
1662862
1662588
1662368
1662208
1662101
1662076
1662100
1662062
1661932
1661759
1661594
1661478
1661487
1661627
1661812
1661957
1662048
1662104
1662066
1661971
1661919
1661948
1661980
1661992
1662046
1662171
1662271
1662304
1662368
1662502
1662633
1662685
1662738
1662834
1662909
1662857
1662694
1662469
1662223
1662023
1661921
1661888
1661838
1661780
1661751
1661752
1661725
1661664
1661615
1661599
1661578
1661572
1661622
1661704
1661753
1661783
1661889
1662100
1662327
1662486
1662603
1662664
1662640
1662558
1662495
1662503
1662537
1662549
1662536
1662459
1662320
1662195
1662157
1662205
1662276
1662310
1662277
1662178
1662039
1661919
1661849
1661837
1661818
1661765
1661711
1661693
1661704
1661711
1661707
1661725
1661788
1661836
1661885
1662019
1662264
1662503
1662622
1662638
1662634
1662635
1662589
1662512
1662428
1662377
1662384
1662460
1662572
1662621
1662544
1662377
1662182
1661982
1661796
1661652
1661609
1661639
1661662
1661642
1661657
1661728
1661811
1661912
1662048
1662187
1662246
1662263
1662289
1662319
1662318
1662298
1662301
1662328
1662318
1662269
1662222
1662200
1662216
1662267
1662358
1662460
1662533
1662527
1662453
1662311
1662115
1661946
1661864
1661873
1661890
1661853
1661782
1661752
1661815
1661960
1662131
1662296
1662404
1662433
1662413
1662387
1662372
1662322
1662214
1662066
1661950
1661920
1661984
1662087
1662162
1662199
1662235
1662257
1662227
1662122
1662000
1661958
1661997
1662068
1662093
1662080
1662096
1662150
1662221
1662309
1662406
1662474
1662473
1662429
1662371
1662300
1662211
1662115
1662027
1661962
1661908
1661850
1661813
1661815
1661864
1661972
1662151
1662349
1662492
1662510
1662430
1662313
1662207
1662151
1662120
1662045
1661915
1661811
1661816
1661900
1661975
1662022
1662088
1662195
1662289
1662341
1662349
1662309
1662225
1662136
1662080
1662048
1662041
1662060
1662141
1662267
1662374
1662432
1662418
1662349
1662226
1662120
1662035
1661964
1661898
1661833
1661789
1661799
1661892
1662019
1662131
1662187
1662194
1662163
1662137
1662103
1662056
1662000
1661985
1662020
1662098
1662189
1662236
1662244
1662249
1662313
1662408
1662489
1662524
1662506
1662442
1662360
1662299
1662284
1662284
1662240
1662155
1662061
1662002
1661983
1661981
1661960
1661919
1661905
1661938
1661974
1661960
1661896
1661821
1661762
1661742
1661760
1661801
1661858
1661909
1661987
1662080
1662164
1662230
1662294
1662376
1662419
1662402
1662334
1662238
1662156
1662136
1662204
1662331
1662423
1662454
1662428
1662369
1662307
1662273
1662249
1662206
1662117
1661977
1661840
1661744
1661692
1661669
1661684
1661717
1661764
1661821
1661896
1661935
1661919
1661911
1661971
1662089
1662175
1662204
1662202
1662200
1662198
1662199
1662244
1662319
1662386
1662425
1662435
1662430
1662417
1662410
1662419
1662408
1662353
1662268
1662139
1661984
1661842
1661753
1661723
1661736
1661760
1661772
1661785
1661813
1661846
1661882
1661912
1661920
1661918
1661921
1661965
1662021
1662090
1662169
1662238
1662300
1662368
1662452
1662526
1662552
1662534
1662483
1662407
1662344
1662303
1662266
1662192
1662094
1661992
1661925
1661895
1661878
1661875
1661861
1661835
1661839
1661851
1661852
1661840
1661826
1661849
1661874
1661902
1661921
1661971
1662054
1662146
1662250
1662346
1662438
1662494
1662516
1662515
1662487
1662412
1662302
1662184
1662081
1662013
1661980
1661989
1662021
1662058
1662095
1662136
1662152
1662140
1662092
1662024
1661966
1661918
1661880
1661863
1661850
1661850
1661895
1661996
1662140
1662269
1662351
1662356
1662315
1662254
1662218
1662195
1662169
1662145
1662113
1662080
1662055
1662055
1662069
1662086
1662100
1662128
1662146
1662161
1662162
1662171
1662197
1662221
1662250
1662252
1662224
1662165
1662100
1662056
1662039
1662043
1662052
1662070
1662097
1662121
1662131
1662119
1662084
1662032
1661991
1661973
1661992
1662027
1662068
1662113
1662169
1662231
1662287
1662350
1662381
1662369
1662329
1662296
1662260
1662200
1662123
1662051
1662012
1662003
1662058
1662145
1662208
1662213
1662183
1662165
1662161
1662169
1662158
1662135
1662107
1662069
1662051
1662041
1662051
1662086
1662140
1662219
1662280
1662297
1662273
1662233
1662201
1662181
1662179
1662178
1662168
1662144
1662115
1662109
1662122
1662152
1662176
1662205
1662234
1662273
1662300
1662293
1662253
1662193
1662170
1662167
1662165
1662148
1662124
1662102
1662103
1662166
1662257
1662353
1662411
1662414
1662384
1662325
1662264
1662190
1662122
1662067
1662043
1662048
1662064
1662086
1662103
1662126
1662165
1662217
1662259
1662274
1662250
1662191
1662125
1662083
1662067
1662078
1662102
1662133
1662173
1662224
1662266
1662305
1662333
1662367
1662403
1662420
1662402
1662339
1662274
1662223
1662201
1662201
1662217
1662241
1662243
1662235
1662231
1662232
1662235
1662235
1662226
1662202
1662170
1662129
1662103
1662084
1662067
1662058
1662082
1662123
1662162
1662212
1662250
1662298
1662329
1662362
1662371
1662339
1662298
1662256
1662226
1662216
1662227
1662250
1662286
1662317
1662337
1662345
1662349
1662328
1662304
1662270
1662244
1662216
1662174
1662148
1662135
1662139
1662158
1662184
1662204
1662218
1662219
1662229
1662245
1662266
1662278
1662279
1662265
1662250
1662243
1662254
1662264
1662267
1662276
1662288
1662306
1662315
1662328
1662332
1662329
1662317
1662304
1662298
1662294
1662272
1662230
1662177
1662143
1662124
1662132
1662149
1662172
1662203
1662232
1662257
1662279
1662289
1662283
1662285
1662268
1662260
1662250
1662247
1662258
1662292
1662354
1662422
1662469
1662482
1662470
1662445
1662418
1662380
1662342
1662300
1662262
1662238
1662215
1662188
1662167
1662141
1662120
1662127
1662136
1662151
1662152
1662141
1662134
1662135
1662158
1662195
1662238
1662268
1662295
1662334
1662387
1662446
1662509
1662557
1662595
1662606
1662599
1662581
1662554
1662518
1662459
1662392
1662327
1662262
1662195
1662128
1662073
1662044
1662033
1662043
1662060
1662092
1662127
1662150
1662156
1662158
1662164
1662172
1662183
1662209
1662260
1662312
1662371
1662414
1662450
1662476
1662498
1662516
1662508
1662481
1662436
1662384
1662342
1662320
1662312
1662303
1662288
1662277
1662264
1662263
1662256
1662235
1662219
1662189
1662175
1662189
1662209
1662234
1662246
1662265
1662289
1662331
1662367
1662381
1662388
1662380
1662374
1662358
1662343
1662317
1662279
1662243
1662208
1662180
1662159
1662143
1662143
1662162
1662193
1662233
1662277
1662324
1662363
1662391
1662420
1662431
1662428
1662414
1662399
1662381
1662374
1662380
1662378
1662378
1662377
1662383
1662391
1662377
1662347
1662302
1662239
1662188
1662142
1662113
1662096
1662089
1662100
1662135
1662189
1662239
1662289
1662325
1662344
1662346
1662351
1662352
1662356
1662363
1662367
1662374
1662385
1662396
1662399
1662396
1662390
1662380
1662372
1662374
1662363
1662346
1662318
1662300
1662277
1662257
1662239
1662218
1662213
1662209
1662216
1662217
1662217
1662226
1662247
1662269
1662291
1662303
1662307
1662294
1662281
1662282
1662290
1662291
1662286
1662282
1662283
1662299
1662320
1662343
1662346
1662336
1662317
1662300
1662282
1662273
1662268
1662268
1662279
1662299
1662331
1662358
1662383
1662390
1662380
1662367
1662344
1662307
1662279
1662239
1662213
1662197
1662197
1662211
1662215
1662219
1662219
1662225
1662233
1662237
1662233
1662226
1662225
1662236
1662251
1662267
1662277
1662282
1662292
1662312
1662336
1662357
1662366
1662369
1662359
1662354
1662361
1662362
1662362
1662346
1662325
1662309
1662293
1662267
1662229
1662185
1662155
1662150
1662163
1662175
1662191
1662201
1662206
1662210
1662210
1662218
1662231
1662242
1662254
1662261
1662271
1662287
1662297
1662318
1662339
1662350
1662343
1662325
1662309
1662292
1662274
1662264
1662264
1662262
1662248
1662229
1662220
1662210
1662208
1662206
1662199
1662192
1662193
1662203
1662202
1662199
1662197
1662194
1662199
1662201
1662211
1662219
1662231
1662241
1662252
1662276
1662294
1662311
1662315
1662311
1662301
1662290
1662279
1662270
1662252
1662235
1662223
1662217
1662220
1662220
1662216
1662215
1662220
1662218
1662228
1662232
1662227
1662215
1662197
1662176
1662168
1662166
1662166
1662175
1662185
1662201
1662207
1662218
1662227
1662232
1662240
1662253
1662268
1662279
1662289
1662286
1662277
1662278
1662278
1662275
1662266
1662254
1662239
1662228
1662213
1662203
1662195
1662186
1662186
1662194
1662208
1662218
1662222
1662227
1662231
1662229
1662235
1662248
1662259
1662268
1662266
1662264
1662264
1662253
1662245
1662237
1662227
1662224
1662217
1662218
1662226
1662236
1662249
1662265
1662283
1662296
1662301
1662291
1662268
1662243
1662221
1662198
1662185
1662179
1662185
1662203
1662220
1662229
1662244
1662259
1662271
1662286
1662288
1662284
1662271
1662255
1662242
1662236
1662232
1662238
1662241
1662238
1662239
1662238
1662234
1662225
1662220
1662216
1662211
1662212
1662223
1662234
1662242
1662246
1662254
1662255
1662263
1662265
1662268
1662273
1662282
1662288
1662286
1662283
1662279
1662268
1662249
1662236
1662223
1662214
1662200
1662198
1662208
1662228
1662238
1662250
1662249
1662253
1662254
1662251
1662251
1662240
1662235
1662220
1662215
1662210
1662207
1662205
1662222
1662236
1662245
1662249
1662255
1662243
1662224
1662218
1662214
1662229
1662237
1662247
1662256
1662257
1662262
1662257
1662258
1662264
1662256
1662257
1662256
1662253
1662254
1662249
1662253
1662254
1662253
1662251
1662247
1662240
1662224
1662215
1662209
1662210
1662209
1662210
1662205
1662197
1662197
1662196
1662191
1662194
1662202
1662206
1662212
1662223
1662237
1662240
1662249
1662260
1662273
1662288
1662303
1662298
1662285
1662274
1662274
1662271
1662269
1662270
1662256
1662251
1662245
1662246
1662248
1662241
1662230
1662220
1662208
1662202
1662197
1662188
1662176
1662176
1662189
1662196
1662204
1662218
1662230
1662242
1662251
1662267
1662289
1662298
1662313
1662315
1662317
1662321
1662327
1662325
1662320
1662319
1662310
1662302
1662291
1662271
1662255
1662239
1662235
1662239
1662227
1662222
1662209
1662210
1662215
1662218
1662220
1662225
1662223
1662239
1662258
1662270
1662276
1662286
1662294
1662281
1662278
1662276
1662281
1662282
1662288
1662294
1662312
1662322
1662333
1662331
1662318
1662306
1662288
1662274
1662247
1662230
1662216
1662210
1662218
1662222
1662239
1662261
1662268
1662275
1662276
1662283
1662288
1662289
1662294
1662298
1662309
1662314
1662314
1662314
1662311
1662311
1662304
1662310
1662310
1662306
1662311
1662305
1662303
1662293
1662294
1662291
1662282
1662287
1662295
1662283
1662280
1662278
1662274
1662284
1662285
1662290
1662287
1662290
1662277
1662268
1662272
1662273
1662275
1662282
1662287
1662295
1662302
1662304
1662312
1662307
1662311
1662299
1662290
1662284
1662276
1662266
1662255
1662260
1662266
1662274
1662296
1662317
1662329
1662346
1662346
1662344
1662342
1662340
1662324
1662309
1662301
1662285
1662279
1662269
1662260
1662267
1662267
1662263
1662253
1662249
1662243
1662233
1662242
1662257
1662269
1662276
1662280
1662292
1662296
1662297
1662308
1662306
1662312
1662312
1662326
1662336
1662334
1662343
1662331
1662326
1662323
1662319
1662309
1662291
1662278
1662275
1662272
1662268
1662269
1662278
1662287
1662299
1662304
1662296
1662298
1662300
1662297
1662301
1662317
1662330
1662339
1662344
1662351
1662351
1662357
1662366
1662373
1662369
1662361
1662348
1662327
1662313
1662296
1662290
1662290
1662303
1662310
1662320
1662324
1662330
1662333
1662336
1662348
1662350
1662354
1662356
1662355
1662356
1662358
1662362
1662364
1662368
1662363
1662356
1662351
1662345
1662344
1662332
1662329
1662323
1662323
1662323
1662311
1662314
1662316
1662315
1662319
1662319
1662319
1662318
1662322
1662327
1662328
1662330
1662335
1662335
1662332
1662334
1662327
1662321
1662315
1662320
1662326
1662334
1662342
1662350
1662356
1662358
1662362
1662364
1662366
1662361
1662355
1662342
1662331
1662323
1662323
1662327
1662336
1662345
1662343
1662337
1662328
1662327
1662324
1662314
1662306
1662309
1662314
1662314
1662315
1662324
1662332
1662341
1662347
1662351
1662356
1662357
1662357
1662355
1662352
1662351
1662357
1662358
1662362
1662366
1662360
1662353
1662346
1662339
1662331
1662334
1662334
1662335
1662337
1662332
1662327
1662327
1662323
1662318
1662317
1662308
1662312
1662318
1662332
1662345
1662353
1662358
1662367
1662366
1662365
1662368
1662372
1662367
1662359
1662360
1662364
1662372
1662370
1662373
1662367
1662375
1662371
1662369
1662369
1662363
1662355
1662340
1662335
1662327
1662321
1662311
1662310
1662315
1662328
1662342
1662347
1662352
1662356
1662359
1662361
1662370
1662378
1662388
1662403
1662407
1662412
1662413
1662411
1662411
1662406
1662403
1662397
1662386
1662375
1662368
1662363
1662349
1662336
1662330
1662324
1662320
1662321
1662325
1662330
1662339
1662347
1662350
1662354
1662367
1662383
1662389
1662387
1662392
1662394
1662393
1662400
1662409
1662415
1662409
1662412
1662421
1662424
1662430
1662436
1662423
1662409
1662401
1662385
1662379
1662364
1662350
1662345
1662350
1662346
1662341
1662342
1662344
1662344
1662348
1662356
1662356
1662366
1662371
1662374
1662372
1662376
1662383
1662397
1662402
1662410
1662418
1662419
1662424
1662422
1662418
1662416
1662411
1662399
1662394
1662382
1662374
1662377
1662375
1662376
1662378
1662370
1662356
1662350
1662347
1662345
1662351
1662345
1662338
1662339
1662348
1662358
1662364
1662376
1662384
1662386
1662388
1662395
1662398
1662409
1662415
1662408
1662407
1662396
1662392
1662379
1662366
1662367
1662361
1662355
1662356
1662356
1662351
1662353
1662354
1662349
1662345
1662349
1662349
1662347
1662355
1662364
1662366
1662368
1662361
1662365
1662369
1662370
1662375
1662376
1662371
1662361
1662358
1662351
1662352
1662351
1662348
1662351
1662351
1662353
1662352
1662344
1662341
1662333
1662330
1662333
1662335
1662341
1662346
1662352
1662347
1662343
1662340
1662335
1662340
1662346
1662342
1662349
1662355
1662351
1662349
1662345
1662338
1662335
1662329
1662322
1662327
1662332
1662336
1662348
1662353
1662357
1662362
1662354
1662349
1662341
1662335
1662326
1662314
1662315
1662312
1662311
1662307
1662312
1662321
1662320
1662318
1662313
1662314
1662321
1662327
1662332
1662339
1662340
1662350
1662354
1662361
1662362
1662357
1662358
1662351
1662348
1662343
1662340
1662338
1662338
1662341
1662332
1662328
1662319
1662315
1662321
1662314
1662320
1662319
1662310
1662305
1662306
1662306
1662304
1662307
1662307
1662309
1662311
1662320
1662326
1662328
1662332
1662341
1662352
1662356
1662362
1662355
1662352
1662348
1662345
1662338
1662330
1662321
1662309
1662312
1662307
1662308
1662309
1662311
1662311
1662319
1662321
1662319
1662317
1662308
1662312
1662318
1662321
1662321
1662319
1662315
1662322
1662327
1662339
1662348
1662352
1662356
1662352
1662349
1662347
1662349
1662343
1662339
1662337
1662338
1662341
1662341
1662347
1662348
1662343
1662346
1662343
1662339
1662341
1662342
1662333
1662322
1662325
1662328
1662327
1662326
1662328
1662327
1662336
1662340
1662347
1662354
1662352
1662356
1662357
1662361
1662359
1662367
1662368
1662364
1662366
1662368
1662369
1662369
1662372
1662370
1662369
1662371
1662372
1662367
1662360
1662355
1662352
1662355
1662349
1662346
1662346
1662342
1662344
1662347
1662350
1662361
1662376
1662380
1662385
1662388
1662389
1662391
1662391
1662385
1662387
1662391
1662392
1662392
1662394
1662406
1662406
1662408
1662400
1662396
1662393
1662384
1662382
1662385
1662395
1662395
1662387
1662389
1662384
1662385
1662388
1662378
1662376
1662372
1662365
1662357
1662353
1662353
1662354
1662360
1662374
1662377
1662385
1662394
1662389
1662389
1662386
1662394
1662396
1662390
1662392
1662387
1662387
1662390
1662387
1662385
1662375
1662371
1662370
1662375
1662378
1662379
1662384
1662386
1662387
1662384
1662378
1662371
1662370
1662371
1662370
1662368
1662373
1662369
1662378
1662377
1662376
1662385
1662385
1662389
1662378
1662381
1662382
1662380
1662371
1662362
1662361
1662362
1662366
1662378
1662384
1662385
1662387
1662376
1662382
1662376
1662379
1662382
1662379
1662380
1662380
1662385
1662393
1662402
1662406
1662408
1662401
1662404
1662395
1662388
1662385
1662383
1662379
1662380
1662386
1662382
1662385
1662390
1662391
1662391
1662392
1662399
1662399
1662403
1662402
1662395
1662395
1662381
1662381
1662379
1662380
1662394
1662394
1662395
1662392
1662388
1662388
1662386
1662393
1662388
1662388
1662395
1662393
1662388
1662384
1662381
1662387
1662395
1662396
1662392
1662397
1662401
1662397
1662399
1662399
1662396
1662396
1662392
1662378
1662380
1662378
1662379
1662378
1662382
1662381
1662379
1662391
1662388
1662390
1662388
1662389
1662394
1662398
1662394
1662395
1662392
1662393
1662392
1662394
1662404
1662405
1662414
1662412
1662408
1662405
1662402
1662401
1662400
1662402
1662407
1662406
1662404
1662402
1662401
1662408
1662411
1662413
1662408
1662407
1662411
1662406
1662403
1662401
1662401
1662397
1662397
1662395
1662386
1662387
1662390
1662393
1662399
1662404
1662411
1662409
1662406
1662408
1662400
1662400
1662394
1662397
1662406
1662405
1662408
1662410
1662417
1662416
1662410
1662418
1662425
1662418
1662411
1662403
1662400
1662400
1662398
1662399
1662393
1662387
1662389
1662395
1662404
1662404
1662402
1662409
1662399
1662393
1662390
1662386
1662383
1662376
1662380
1662380
1662382
1662379
1662377
1662379
1662381
1662386
1662389
1662391
1662388
1662379
1662376
1662376
1662383
1662390
1662383
1662376
1662370
1662371
1662365
1662365
1662378
1662375
1662374
1662372
1662365
1662356
1662358
1662355
1662355
1662352
1662354
1662362
1662364
1662371
1662359
1662351
1662357
1662361
1662363
1662360
1662367
1662364
1662360
1662364
1662357
1662364
1662372
1662366
1662367
1662367
1662364
1662368
1662367
1662368
1662366
1662367
1662369
1662370
1662376
1662376
1662376
1662371
1662371
1662371
1662369
1662364
1662368
1662372
1662373
1662369
1662370
1662370
1662370
1662373
1662368
1662372
1662367
1662368
1662369
1662369
1662371
1662371
1662375
1662372
1662373
1662379
1662377
1662376
1662374
1662369
1662370
1662364
1662364
1662366
1662369
1662381
1662377
1662374
1662374
1662364
1662358
1662345
1662350
1662357
1662358
1662359
1662353
1662360
1662371
1662383
1662386
1662384
1662385
1662385
1662390
1662395
1662392
1662386
1662382
1662380
1662374
1662376
1662383
1662384
1662383
1662384
1662386
1662391
1662391
1662384
1662383
1662378
1662380
1662376
1662379
1662384
1662377
1662374
1662375
1662379
1662384
1662391
1662392
1662402
1662402
1662400
1662396
1662391
1662385
1662386
1662392
1662393
1662396
1662388
1662386
1662386
1662383
1662381
1662388
1662395
1662395
1662393
1662391
1662392
1662384
1662383
1662387
1662385
1662385
1662385
1662382
1662381
1662377
1662379
1662386
1662390
1662391
1662389
1662390
1662387
1662389
1662387
1662381
1662380
1662386
1662394
1662390
1662383
1662382
1662381
1662381
1662382
1662380
1662379
1662381
1662380
1662377
1662379
1662376
1662371
1662370
1662378
1662382
1662377
1662372
1662376
1662379
1662375
1662372
1662372
1662370
1662375
1662384
1662380
1662382
1662377
1662379
1662380
1662381
1662379
1662367
1662363
1662363
1662367
1662368
1662367
1662369
1662370
1662371
1662372
1662368
1662372
1662373
1662367
1662362
1662363
1662364
1662367
1662365
1662364
1662370
1662373
1662374
1662373
1662383
1662387
1662384
1662381
1662383
1662384
1662386
1662384
1662378
1662378
1662380
1662377
1662369
1662375
1662378
1662382
1662390
1662401
1662396
1662392
1662390
1662390
1662395
1662393
1662394
1662391
1662388
1662393
1662387
1662390
1662398
1662394
1662401
1662402
1662407
1662407
1662404
1662412
1662407
1662403
1662405
1662399
1662391
1662388
1662384
1662389
1662400
1662408
1662409
1662406
1662403
1662398
1662402
1662402
1662410
1662410
1662410
1662410
1662406
1662404
1662401
1662405
1662408
1662416
1662412
1662419
1662413
1662402
1662396
1662392
1662397
1662410
1662424
1662423
1662422
1662415
1662410
1662410
1662409
1662402
1662404
1662402
1662403
1662397
1662392
1662391
1662392
1662396
1662397
1662401
1662405
1662408
1662409
1662411
1662410
1662411
1662414
1662423
1662419
1662414
1662408
1662405
1662411
1662409
1662407
1662412
1662417
1662421
1662421
1662422
1662423
1662415
1662418
1662413
1662420
1662423
1662413
1662412
1662405
1662415
1662418
1662418
1662420
1662420
1662421
1662421
1662429
1662431
1662435
1662430
1662424
1662415
1662412
1662420
1662424
1662422
1662415
1662413
1662413
1662419
1662423
1662431
1662433
1662434
1662434
1662435
1662436
1662438
1662438
1662435
1662428
1662429
1662434
1662436
1662440
1662440
1662445
1662441
1662443
1662447
1662456
1662459
1662460
1662452
1662445
1662449
1662448
1662453
1662458
1662454
1662443
1662440
1662443
1662438
1662434
1662442
1662438
1662434
1662431
1662436
1662441
1662442
1662445
1662444
1662450
1662451
1662445
1662443
1662442
1662435
1662437
1662434
1662441
1662443
1662442
1662442
1662442
1662443
1662443
1662451
1662454
1662456
1662455
1662461
1662460
1662460
1662447
1662432
1662436
1662445
1662447
1662452
1662460
1662458
1662455
1662446
1662450
1662458
1662455
1662445
1662441
1662451
1662450
1662447
1662456
1662456
1662459
1662461
1662457
1662451
1662455
1662457
1662446
1662442
1662432
1662433
1662441
1662442
1662449
1662458
1662450
1662444
1662444
1662444
1662445
1662449
1662458
1662457
1662461
1662468
1662469
1662459
1662458
1662460
1662457
1662453
1662448
1662450
1662444
1662439
1662442
1662447
1662451
1662446
1662440
1662436
1662430
1662431
1662434
1662439
1662440
1662441
1662436
1662431
1662427
1662425
1662430
1662430
1662441
1662441
1662449
1662451
1662447
1662454
1662447
1662445
1662437
1662437
1662436
1662428
1662424
1662416
1662417
1662422
1662420
1662422
1662424
1662426
1662423
1662426
1662422
1662415
1662417
1662416
1662420
1662431
1662431
1662435
1662436
1662422
1662422
1662418
1662418
1662419
1662410
1662401
1662397
1662398
1662403
1662409
1662416
1662422
1662426
1662433
1662432
1662432
1662429
1662424
1662424
1662418
1662413
1662409
1662408
1662404
1662405
1662409
1662409
1662416
1662416
1662414
1662409
1662421
1662417
1662409
1662408
1662417
1662422
1662418
1662420
1662417
1662424
1662413
1662410
1662406
1662405
1662407
1662407
1662414
1662404
1662403
1662412
1662409
1662415
1662415
1662416
1662426
1662420
1662415
1662408
1662412
1662421
1662413
1662400
1662397
1662397
1662405
1662417
1662427
1662439
1662438
1662438
1662430
1662423
1662421
1662422
1662437
1662439
1662441
1662445
1662441
1662441
1662443
1662438
1662431
1662430
1662434
1662433
1662430
1662432
1662432
1662435
1662434
1662438
1662440
1662442
1662436
1662438
1662442
1662438
1662444
1662438
1662442
1662449
1662446
1662448
1662453
1662452
1662458
1662463
1662459
1662463
1662465
1662470
1662474
1662472
1662470
1662468
1662473
1662471
1662470
1662472
1662467
1662470
1662467
1662462
1662462
1662463
1662473
1662474
1662484
1662489
1662490
1662498
1662501
1662511
1662511
1662505
1662501
1662493
1662496
1662493
1662493
1662501
1662506
1662513
1662518
1662525
1662532
1662524
1662513
1662509
1662501
1662502
1662506
1662505
1662504
1662504
1662501
1662506
1662499
1662501
1662507
1662505
1662512
1662506
1662508
1662506
1662511
1662524
1662531
1662529
1662523
1662524
1662518
1662509
1662507
1662511
1662508
1662510
1662521
1662520
1662525
1662524
1662524
1662524
1662522
1662516
1662511
1662515
1662511
1662513
1662509
1662515
1662519
1662520
1662520
1662526
1662530
1662525
1662522
1662521
1662519
1662510
1662510
1662511
1662514
1662519
1662525
1662524
1662519
1662518
1662516
1662520
1662513
1662512
1662521
1662522
1662522
1662523
1662516
1662504
1662504
1662501
1662506
1662512
1662521
1662518
1662515
1662517
1662512
1662514
1662518
1662520
1662513
1662512
1662507
1662501
1662499
1662497
1662500
1662491
1662490
1662496
1662501
1662502
1662501
1662495
1662487
1662484
1662484
1662488
1662486
1662487
1662477
1662474
1662474
1662471
1662478
1662482
1662488
1662483
1662480
1662478
1662473
1662468
1662463
1662459
1662462
1662466
1662467
1662468
1662466
1662462
1662461
1662455
1662444
1662440
1662443
1662445
1662440
1662441
1662440
1662436
1662435
1662434
1662444
1662443
1662444
1662442
1662438
1662440
1662438
1662436
1662425
1662421
1662426
1662422
1662417
1662414
1662410
1662411
1662408
1662408
1662402
1662395
1662392
1662392
1662397
1662403
1662402
1662392
1662385
1662386
1662388
1662386
1662384
1662388
1662389
1662385
1662388
1662391
1662394
1662387
1662389
1662381
1662371
1662368
1662366
1662371
1662371
1662368
1662364
1662362
1662351
1662345
1662340
1662341
1662345
1662348
1662364
1662375
1662377
1662371
1662363
1662349
1662345
1662350
1662347
1662346
1662347
1662342
1662341
1662339
1662342
1662350
1662354
1662356
1662349
1662342
1662336
1662340
1662334
1662335
1662337
1662339
1662337
1662332
1662329
1662324
1662321
1662324
1662331
1662339
1662348
1662333
1662333
1662327
1662331
1662333
1662336
1662334
1662326
1662331
1662334
1662335
1662323
1662320
1662305
1662299
1662300
1662309
1662315
1662314
1662310
1662305
1662309
1662312
1662317
1662322
1662325
1662328
1662323
1662317
1662318
1662321
1662327
1662328
1662330
1662327
1662328
1662330
1662331
1662334
1662337
1662337
1662329
1662332
1662341
1662343
1662341
1662333
1662327
1662325
1662328
1662332
1662336
1662336
1662335
1662335
1662334
1662331
1662328
1662330
1662334
1662333
1662330
1662338
1662342
1662342
1662342
1662347
1662352
1662348
1662350
1662351
1662349
1662348
1662347
1662343
1662344
1662345
1662338
1662343
1662347
1662348
1662343
1662340
1662349
1662352
1662353
1662359
1662367
1662365
1662360
1662360
1662359
1662359
1662358
1662360
1662357
1662358
1662358
1662361
1662361
1662358
1662350
1662349
1662354
1662346
1662356
1662360
1662363
1662362
1662355
1662350
1662348
1662354
1662356
1662360
1662364
1662363
1662364
1662364
1662363
1662369
1662373
1662378
1662379
1662379
1662381
1662375
1662366
1662358
1662358
1662361
1662367
1662365
1662364
1662367
1662364
1662359
1662359
1662366
1662364
1662361
1662361
1662363
1662356
1662347
1662349
1662360
1662360
1662361
1662363
1662365
1662368
1662369
1662371
1662367
1662368
1662367
1662366
1662368
1662373
1662372
1662373
1662377
1662376
1662376
1662374
1662370
1662371
1662379
1662385
1662393
1662388
1662389
1662387
1662379
1662380
1662378
1662381
1662367
1662367
1662373
1662373
1662379
1662378
1662377
1662372
1662365
1662358
1662361
1662371
1662382
1662387
1662393
1662395
1662393
1662391
1662388
1662395
1662399
1662409
1662415
1662416
1662419
1662414
1662402
1662383
1662376
1662378
1662392
1662401
1662412
1662424
1662429
1662427
1662418
1662420
1662423
1662423
1662420
1662425
1662430
1662437
1662438
1662436
1662435
1662436
1662440
1662435
1662432
1662436
1662436
1662434
1662428
1662423
1662432
1662446
1662451
1662460
1662461
1662462
1662470
1662466
1662465
1662458
1662458
1662469
1662467
1662467
1662479
1662487
1662486
1662481
1662472
1662464
1662463
1662476
1662477
1662489
1662496
1662493
1662495
1662494
1662493
1662484
1662480
1662477
1662480
1662482
1662487
1662493
1662496
1662497
1662493
1662494
1662499
1662506
1662509
1662508
1662509
1662512
1662511
1662511
1662511
1662512
1662515
1662523
1662529
1662533
1662537
1662540
1662544
1662541
1662538
1662532
1662530
1662524
1662522
1662526
1662536
1662551
1662547
1662551
1662548
1662539
1662532
1662525
1662532
1662540
1662548
1662549
1662545
1662542
1662546
1662553
1662545
1662540
1662541
1662548
1662545
1662545
1662548
1662552
1662556
1662550
1662544
1662536
1662530
1662530
1662533
1662536
1662543
1662548
1662555
1662555
1662553
1662548
1662541
1662541
1662547
1662553
1662554
1662553
1662545
1662544
1662542
1662533
1662540
1662547
1662544
1662539
1662539
1662543
1662549
1662555
1662548
1662538
1662538
1662542
1662540
1662536
1662536
1662537
1662532
1662534
1662538
1662533
1662538
1662543
1662535
1662529
1662529
1662530
1662529
1662524
1662523
1662520
1662520
1662519
1662517
1662523
1662525
1662525
1662525
1662520
1662521
1662521
1662513
1662506
1662504
1662506
1662508
1662512
1662510
1662515
1662510
1662507
1662504
1662500
1662501
1662507
1662515
1662507
1662503
1662502
1662504
1662506
1662511
1662506
1662498
1662494
1662493
1662500
1662498
1662497
1662497
1662493
1662485
1662482
1662492
1662495
1662501
1662498
1662492
1662495
1662494
1662493
1662479
1662478
1662480
1662474
1662475
1662481
1662482
1662487
1662487
1662482
1662493
1662497
1662491
1662486
1662485
1662475
1662474
1662466
1662468
1662473
1662475
1662475
1662473
1662472
1662467
1662465
1662458
1662464
1662469
1662476
1662478
1662484
1662479
1662472
1662472
1662473
1662480
1662485
1662489
1662489
1662481
1662473
1662463
1662458
1662458
1662446
1662446
1662453
1662458
1662464
1662464
1662461
1662449
1662450
1662448
1662448
1662453
1662457
1662462
1662455
1662458
1662454
1662453
1662452
1662454
1662452
1662451
1662456
1662453
1662446
1662440
1662445
1662445
1662446
1662446
1662457
1662463
1662463
1662459
1662456
1662462
1662459
1662458
1662456
1662457
1662451
1662451
1662451
1662451
1662452
1662455
1662448
1662442
1662443
1662443
1662451
1662451
1662453
1662451
1662446
1662449
1662454
1662456
1662461
1662461
1662462
1662462
1662463
1662459
1662457
1662455
1662453
1662451
1662446
1662448
1662449
1662450
1662449
1662447
1662448
1662447
1662453
1662461
1662458
1662450
1662447
1662453
1662452
1662461
1662466
1662467
1662469
1662469
1662473
1662478
1662482
1662482
1662478
1662476
1662480
1662472
1662477
1662477
1662478
1662483
1662478
1662470
1662468
1662476
1662479
1662485
1662488
1662482
1662482
1662477
1662467
1662466
1662465
1662475
1662479
1662479
1662479
1662477
1662484
1662487
1662490
1662494
1662493
1662497
1662497
1662497
1662495
1662495
1662505
1662503
1662512
1662512
1662511
1662515
1662508
1662507
1662500
1662499
1662502
1662502
1662508
1662510
1662514
1662516
1662511
1662518
1662524
1662522
1662515
1662515
1662519
1662520
1662522
1662522
1662515
1662516
1662516
1662510
1662513
1662514
1662515
1662520
1662530
1662532
1662537
1662530
1662529
1662528
1662533
1662539
1662537
1662544
1662542
1662541
1662534
1662531
1662531
1662532
1662532
1662533
1662534
1662538
1662539
1662541
1662544
1662543
1662542
1662538
1662541
1662543
1662541
1662545
1662541
1662539
1662546
1662551
1662555
1662560
1662566
1662573
1662581
1662576
1662574
1662570
1662567
1662571
1662575
1662584
1662588
1662586
1662586
1662588
1662582
1662578
1662568
1662572
1662576
1662570
1662567
1662563
1662575
1662587
1662589
1662585
1662586
1662588
1662591
1662587
1662591
1662594
1662596
1662595
1662587
1662592
1662602
1662603
1662600
1662604
1662612
1662619
1662611
1662613
1662613
1662619
1662609
1662603
1662609
1662613
1662618
1662617
1662613
1662608
1662607
1662606
1662609
1662613
1662621
1662617
1662618
1662607
1662600
1662603
1662600
1662596
1662591
1662600
1662611
1662607
1662609
1662612
1662615
1662612
1662603
1662602
1662601
1662606
1662606
1662604
1662598
1662597
1662601
1662593
1662587
1662578
1662573
1662586
1662584
1662582
1662585
1662590
1662584
1662574
1662577
1662580
1662586
1662583
1662583
1662587
1662588
1662590
1662585
1662581
1662591
1662585
1662583
1662582
1662586
1662583
1662577
1662579
1662571
1662568
1662568
1662564
1662566
1662567
1662569
1662569
1662566
1662566
1662567
1662574
1662575
1662575
1662573
1662572
1662569
1662564
1662565
1662570
1662566
1662565
1662560
1662561
1662564
1662566
1662561
1662556
1662558
1662559
1662564
1662562
1662562
1662549
1662552
1662547
1662540
1662539
1662526
1662523
1662531
1662535
1662526
1662521
1662524
1662526
1662524
1662524
1662522
1662534
1662531
1662533
1662538
1662538
1662534
1662528
1662531
1662532
1662525
1662513
1662510
1662510
1662513
1662509
1662516
1662513
1662507
1662506
1662507
1662511
1662510
1662509
1662512
1662515
1662518
1662512
1662506
1662500
1662494
1662488
1662480
1662489
1662492
1662498
1662496
1662500
1662500
1662496
1662490
1662486
1662485
1662490
1662490
1662487
1662484
1662477
1662482
1662472
1662478
1662474
1662475
1662475
1662476
1662480
1662491
1662495
1662497
1662497
1662485
1662485
1662488
1662498
1662506
1662511
1662514
1662503
1662486
1662484
1662485
1662487
1662476
1662481
1662484
1662476
1662484
1662482
1662485
1662488
1662490
1662481
1662477
1662481
1662484
1662486
1662474
1662480
1662487
1662487
1662484
1662481
1662477
1662478
1662471
1662470
1662467
1662472
1662473
1662479
1662486
1662487
1662488
1662479
1662478
1662461
1662470
1662475
1662483
1662498
1662504
1662501
1662495
1662493
1662492
1662488
1662488
1662487
1662476
1662470
1662473
1662472
1662471
1662476
1662482
1662486
1662478
1662482
1662485
1662478
1662469
1662476
1662482
1662494
1662498
1662491
1662485
1662482
1662485
1662480
1662478
1662475
1662474
1662473
1662468
1662468
1662465
1662473
1662476
1662470
1662467
1662466
1662461
1662457
1662462
1662463
1662468
1662473
1662473
1662468
1662471
1662460
1662458
1662462
1662468
1662463
1662462
1662474
1662474
1662473
1662472
1662471
1662471
1662469
1662467
1662474
1662468
1662463
1662449
1662450
1662466
1662468
1662473
1662473
1662471
1662468
1662464
1662465
1662463
1662467
1662477
1662482
1662485
1662488
1662482
1662475
1662470
1662466
1662459
1662457
1662458
1662455
1662466
1662464
1662460
1662465
1662467
1662475
1662482
1662483
1662483
1662476
1662476
1662474
1662465
1662465
1662459
1662455
1662456
1662460
1662460
1662459
1662456
1662453
1662453
1662459
1662465
1662470
1662474
1662478
1662472
1662462
1662463
1662458
1662455
1662452
1662455
1662462
1662471
1662474
1662482
1662486
1662481
1662481
1662474
1662466
1662466
1662470
1662472
1662473
1662475
1662477
1662483
1662482
1662479
1662475
1662475
1662474
1662467
1662459
1662466
1662473
1662474
1662479
1662477
1662479
1662476
1662484
1662481
1662476
1662478
1662480
1662477
1662484
1662493
1662486
1662487
1662488
1662484
1662486
1662478
1662470
1662471
1662475
1662481
1662488
1662492
1662494
1662499
1662500
1662498
1662493
1662488
1662488
1662484
1662475
1662482
1662487
1662493
1662495
1662493
1662495
1662504
1662500
1662501
1662503
1662507
1662522
1662516
1662509
1662503
1662503
1662511
1662517
1662513
1662510
1662513
1662514
1662521
1662526
1662531
1662534
1662532
1662532
1662520
1662518
1662524
1662527
1662527
1662523
1662522
1662525
1662528
1662530
1662539
1662548
1662562
1662569
1662564
1662558
1662556
1662546
1662542
1662538
1662543
1662553
1662550
1662546
1662549
1662548
1662548
1662560
1662562
1662568
1662572
1662574
1662571
1662569
1662573
1662576
1662579
1662572
1662580
1662582
1662584
1662582
1662581
1662583
1662582
1662588
1662592
1662600
1662595
1662588
1662586
1662591
1662591
1662590
1662590
1662591
1662596
1662599
1662600
1662598
1662603
1662603
1662606
1662607
1662612
1662615
1662617
1662610
1662594
1662593
1662598
1662597
1662593
1662593
1662598
1662604
1662607
1662604
1662596
1662598
1662596
1662598
1662596
1662601
1662610
1662605
1662607
1662599
1662595
1662599
1662603
1662614
1662617
1662607
1662605
1662606
1662620
1662626
1662644
1662652
1662647
1662652
1662644
1662635
1662622
1662621
1662627
1662633
1662633
1662631
1662624
1662621
1662623
1662628
1662629
1662632
1662638
1662634
1662629
1662624
1662625
1662627
1662628
1662625
1662634
1662638
1662641
1662638
1662632
1662630
1662633
1662634
1662634
1662637
1662640
1662640
1662636
1662638
1662635
1662642
1662641
1662649
1662652
1662659
1662660
1662658
1662671
1662669
1662672
1662663
1662658
1662665
1662669
1662670
1662667
1662666
1662665
1662661
1662661
1662658
1662652
1662659
1662664
1662669
1662669
1662661
1662663
1662669
1662675
1662671
1662668
1662675
1662669
1662666
1662668
1662666
1662665
1662671
1662682
1662681
1662682
1662675
1662666
1662673
1662674
1662677
1662678
1662671
1662672
1662678
1662674
1662680
1662676
1662677
1662685
1662682
1662684
1662681
1662680
1662674
1662661
1662663
1662673
1662674
1662673
1662671
1662679
1662674
1662680
1662687
1662688
1662688
1662680
1662674
1662676
1662675
1662667
1662670
1662669
1662667
1662667
1662668
1662663
1662667
1662658
1662654
1662657
1662658
1662673
1662670
1662666
1662666
1662655
1662658
1662659
1662656
1662661
1662660
1662673
1662673
1662663
1662660
1662650
1662649
1662647
1662646
1662653
1662653
1662658
1662656
1662648
1662643
1662646
1662646
1662644
1662647
1662646
1662641
1662641
1662643
1662634
1662638
1662643
1662651
1662656
1662655
1662662
1662656
1662658
1662663
1662656
1662650
1662643
1662638
1662640
1662628
1662629
1662627
1662628
1662634
1662626
1662629
1662624
1662627
1662621
1662619
1662627
1662631
1662632
1662626
1662618
1662622
1662612
1662614
1662622
1662617
1662628
1662624
1662628
1662633
1662626
1662627
1662618
1662616
1662613
1662612
1662620
1662610
1662616
1662623
1662623
1662625
1662627
1662633
1662632
1662634
1662643
1662636
1662637
1662631
1662612
1662611
1662609
1662611
1662607
1662603
1662601
1662596
1662605
1662614
1662613
1662610
1662610
1662616
1662608
1662605
1662606
1662604
1662608
1662610
1662614
1662611
1662618
1662628
1662623
1662632
1662634
1662621
1662623
1662620
1662615
1662609
1662597
1662595
1662590
1662593
1662595
1662604
1662617
1662629
1662627
1662620
1662614
1662612
1662618
1662611
1662612
1662608
1662606
1662596
1662595
1662599
1662601
1662606
1662613
1662614
1662616
1662615
1662617
1662617
1662607
1662611
1662612
1662618
1662613
1662614
1662616
1662617
1662621
1662618
1662617
1662620
1662621
1662630
1662627
1662619
1662620
1662611
1662612
1662603
1662610
1662621
1662624
1662630
1662625
1662628
1662625
1662627
1662634
1662630
1662626
1662628
1662625
1662628
1662633
1662632
1662636
1662635
1662628
1662623
1662620
1662621
1662624
1662633
1662631
1662629
1662636
1662633
1662637
1662635
1662633
1662628
1662625
1662622
1662621
1662623
1662629
1662627
1662624
1662628
1662637
1662639
1662638
1662642
1662647
1662656
1662652
1662648
1662641
1662639
1662649
1662654
1662658
1662665
1662665
1662662
1662652
1662653
1662652
1662646
1662659
1662659
1662653
1662655
1662652
1662657
1662654
1662649
1662646
1662650
1662655
1662662
1662669
1662659
1662659
1662653
1662648
1662645
1662647
1662645
1662646
1662648
1662650
1662654
1662646
1662646
1662646
1662646
1662647
1662649
1662649
1662647
1662647
1662645
1662649
1662651
1662649
1662647
1662656
1662657
1662650
1662647
1662645
1662644
1662649
1662648
1662645
1662642
1662634
1662632
1662639
1662647
1662644
1662637
1662637
1662643
1662651
1662650
1662646
1662645
1662649
1662653
1662644
1662645
1662644
1662644
1662636
1662629
1662630
1662626
1662629
1662630
1662620
1662618
1662621
1662618
1662615
1662618
1662622
1662615
1662614
1662614
1662614
1662609
1662614
1662612
1662615
1662619
1662619
1662626
1662630
1662627
1662620
1662617
1662619
1662619
1662609
1662605
1662601
1662600
1662592
1662590
1662586
1662589
1662598
1662603
1662610
1662616
1662612
1662602
1662598
1662597
1662602
1662597
1662600
1662599
1662593
1662588
1662590
1662594
1662595
1662592
1662590
1662595
1662597
1662599
1662591
1662590
1662586
1662586
1662579
1662580
1662583
1662575
1662571
1662575
1662575
1662575
1662572
1662566
1662565
1662563
1662568
1662568
1662572
1662572
1662567
1662564
1662573
1662568
1662560
1662561
1662563
1662559
1662560
1662563
1662567
1662571
1662563
1662556
1662555
1662558
1662550
1662552
1662552
1662550
1662548
1662542
1662544
1662552
1662550
1662551
1662558
1662560
1662560
1662562
1662563
1662551
1662536
1662530
1662534
1662541
1662547
1662546
1662542
1662541
1662539
1662535
1662536
1662536
1662547
1662551
1662550
1662552
1662542
1662533
1662527
1662532
1662539
1662540
1662538
1662531
1662526
1662527
1662530
1662531
1662535
1662537
1662537
1662531
1662532
1662531
1662524
1662524
1662523
1662518
1662507
1662499
1662501
1662507
1662517
1662528
1662533
1662534
1662539
1662541
1662541
1662539
1662532
1662530
1662526
1662525
1662523
1662528
1662530
1662530
1662531
1662525
1662524
1662522
1662523
1662523
1662528
1662531
1662534
1662538
1662537
1662543
1662544
1662540
1662532
1662527
1662518
1662514
1662515
1662513
1662519
1662519
1662524
1662526
1662531
1662533
1662541
1662541
1662538
1662540
1662531
1662529
1662530
1662528
1662521
1662518
1662523
1662524
1662530
1662535
1662533
1662528
1662526
1662530
1662526
1662528
1662542
1662547
1662543
1662542
1662538
1662542
1662538
1662540
1662541
1662539
1662546
1662546
1662536
1662531
1662540
1662541
1662537
1662530
1662526
1662524
1662522
1662532
1662540
1662539
1662539
1662538
1662541
1662540
1662547
1662551
1662555
1662556
1662544
1662542
1662537
1662536
1662543
1662553
1662561
1662572
1662575
1662574
1662570
1662567
1662562
1662562
1662560
1662556
1662566
1662571
1662571
1662556
1662550
1662552
1662549
1662559
1662569
1662568
1662559
1662556
1662560
1662566
1662572
1662577
1662577
1662579
1662578
1662584
1662588
1662584
1662589
1662584
1662588
1662596
1662594
1662591
1662602
1662602
1662591
1662584
1662584
1662588
1662592
1662592
1662597
1662601
1662598
1662605
1662597
1662597
1662597
1662601
1662597
1662592
1662603
1662601
1662608
1662613
1662608
1662618
1662619
1662621
1662629
1662618
1662624
1662627
1662626
1662627
1662620
1662624
1662624
1662623
1662632
1662633
1662636
1662640
1662634
1662643
1662654
1662660
1662656
1662652
1662650
1662659
1662666
1662661
1662665
1662655
1662656
1662658
1662652
