03151000.PTO
COBE
2012/03/15 10:00:05.7200
100.0000 m/s  
11030 muestras
-9000
-9164
-8986
-9133
-9161
-9262
-9349
-9281
-9538
-9100
-9217
-9368
-9556
-9420
-9446
-9460
-9605
-9184
-9256
-9458
-9240
-9342
-9310
-9328
-9186
-9307
-9285
-9402
-9434
-9429
-9123
-9360
-9379
-9405
-9055
-9423
-9147
-9096
-9351
-9343
-9546
-9268
-9525
-9277
-9511
-9403
-9459
-9504
-9443
-9465
-9634
-9226
-9553
-9251
-9249
-9160
-9123
-9388
-9084
-9604
-9260
-9533
-9318
-9142
-9154
-9122
-9150
-9225
-9391
-9335
-9240
-9425
-9525
-9346
-9353
-9401
-9236
-9223
-9324
-9204
-9288
-9197
-9303
-9433
-9274
-9163
-9029
-9066
-9008
-8855
-8887
-8822
-8860
-8973
-9014
-8893
-8921
-8975
-9117
-9097
-9177
-9239
-9171
-9124
-9358
-9229
-9249
-9417
-9257
-9174
-9119
-9359
-9080
-8987
-8966
-8942
-8919
-9063
-8964
-9161
-9076
-9213
-9202
-9125
-9313
-9206
-9385
-9056
-9333
-9232
-9092
-9094
-9037
-9117
-8977
-9301
-9439
-9096
-9117
-9147
-9198
-9125
-9110
-9096
-9225
-9087
-9241
-9137
-8792
-8759
-8739
-8924
-8650
-9078
-9142
-9007
-8798
-8944
-8803
-8803
-8912
-8944
-8848
-8819
-8833
-8742
-8971
-8938
-9066
-8860
-8958
-8853
-8944
-8944
-9004
-8936
-8862
-9033
-9165
-9220
-9225
-8973
-8950
-8934
-8944
-8902
-8851
-8768
-8733
-8753
-8693
-9066
-8600
-8908
-8913
-8959
-8987
-9032
-9158
-9063
-9060
-8975
-8957
-8974
-8843
-8944
-9104
-9055
-9095
-9026
-9025
-8669
-8940
-8874
-9080
-9030
-9106
-9051
-9104
-9286
-8977
-9093
-9043
-8985
-9012
-9090
-9085
-8985
-8921
-8980
-8892
-8723
-9064
-8961
-8819
-8906
-8656
-8885
-8736
-9031
-8903
-8907
-8962
-8833
-8937
-8800
-9033
-9090
-9020
-8981
-9078
-9197
-9084
-9205
-9075
-9062
-9098
-9183
-9235
-9029
-9181
-8884
-8909
-8848
-9049
-8906
-8900
-9159
-8799
-8896
-9016
-8842
-8949
-8922
-9025
-9028
-9126
-9095
-9065
-9282
-9115
-9002
-8946
-9172
-8882
-9043
-9118
-8919
-9041
-9240
-9245
-9137
-8940
-9107
-8918
-8908
-9274
-8925
-9123
-9190
-9097
-8987
-8992
-9025
-9008
-9054
-8995
-9141
-9012
-9154
-9062
-9025
-9378
-9167
-9288
-9030
-9116
-9076
-8960
-9323
-9140
-9099
-8840
-8776
-9075
-8752
-8876
-9155
-8993
-9034
-8952
-8919
-9020
-8939
-8936
-9064
-8948
-9121
-9041
-8970
-8947
-8898
-8978
-8879
-8941
-8851
-8756
-8834
-8878
-8939
-8959
-9166
-9083
-8959
-8925
-9007
-9121
-9043
-9074
-8929
-9042
-8793
-9043
-9052
-8941
-9116
-8975
-9232
-9068
-9046
-9107
-9022
-9024
-8930
-8820
-9138
-8885
-8899
-9018
-8890
-9233
-9074
-9163
-8960
-9221
-9121
-9116
-9410
-9148
-9203
-9100
-9149
-9124
-9024
-8994
-8931
-8857
-9124
-9043
-9018
-9119
-9184
-9109
-8790
-8903
-9062
-9035
-9024
-9072
-9138
-9194
-9095
-9029
-8986
-9084
-9086
-8959
-8947
-9017
-9125
-9032
-9011
-9156
-9073
-8881
-9110
-9009
-9086
-8972
-9164
-9299
-9020
-9402
-9266
-9502
-9122
-9417
-9323
-9098
-9508
-9324
-9262
-9145
-9331
-9207
-9221
-8985
-9258
-9134
-9199
-9405
-9173
-9210
-9342
-9234
-9065
-9196
-9213
-9262
-9152
-9371
-9259
-9343
-9207
-9297
-9291
-9212
-9248
-9190
-9311
-9188
-9347
-9150
-9417
-9200
-9104
-9400
-9341
-9403
-9250
-9329
-9374
-9307
-9353
-9236
-9296
-9260
-9292
-9351
-9091
-9329
-9362
-9488
-9428
-9279
-9518
-9417
-9524
-9478
-9365
-9449
-9392
-9436
-9302
-9397
-9417
-9276
-9332
-9340
-9222
-9232
-9523
-9541
-9554
-9660
-9621
-9509
-9463
-9460
-9433
-9377
-9443
-9383
-9426
-9281
-9324
-9552
-9426
-9625
-9550
-9497
-9526
-9460
-9552
-9626
-9409
-9471
-9465
-9446
-9548
-9440
-9607
-9459
-9574
-9363
-9271
-9318
-9352
-9243
-9246
-9432
-9324
-9315
-9323
-9593
-9407
-9433
-9410
-9700
-9529
-9469
-9518
-9401
-9370
-9380
-9514
-9404
-9304
-9343
-9610
-9498
-9686
-9441
-9592
-9351
-9361
-9411
-9301
-9366
-9272
-9258
-9252
-9492
-9362
-9357
-9147
-9181
-9154
-9470
-9336
-9257
-9317
-9496
-9666
-9320
-9271
-9341
-9323
-9209
-9277
-9278
-9281
-9260
-9480
-9434
-9271
-9281
-9439
-9398
-9407
-9317
-9254
-9277
-9464
-9315
-9337
-9496
-9238
-9384
-9265
-9380
-9397
-9325
-9319
-9312
-9248
-9336
-9377
-9392
-9307
-9344
-9353
-9290
-9117
-9231
-9426
-9325
-9407
-9185
-9192
-9212
-9312
-9160
-9206
-9230
-9261
-9179
-9167
-9255
-9062
-8966
-9157
-9213
-8901
-9033
-9152
-9077
-9144
-9182
-9149
-9195
-9221
-9109
-8849
-9087
-9060
-9168
-9201
-9233
-9270
-9202
-9264
-9042
-8961
-8994
-9114
-8852
-8828
-8942
-8940
-8983
-8920
-9192
-9270
-9045
-9310
-9234
-9244
-9214
-9378
-9577
-9420
-9377
-9276
-9275
-9274
-9296
-9235
-9136
-9131
-9192
-8918
-9028
-9079
-9183
-9062
-8811
-9069
-8883
-8856
-8842
-8798
-8833
-8912
-8955
-8906
-8965
-8751
-8782
-8710
-9084
-8943
-8764
-9075
-8975
-8782
-8606
-8853
-8560
-8631
-8755
-8654
-8705
-8745
-8775
-8641
-8716
-8820
-8689
-8723
-8484
-8585
-8643
-8387
-8710
-8838
-8802
-8798
-8699
-8894
-8897
-8693
-8916
-8985
-8939
-8836
-8824
-8773
-8673
-8607
-8823
-8776
-8825
-8633
-8505
-8562
-8481
-8523
-8453
-8918
-8873
-8544
-8767
-8705
-8480
-8327
-8385
-8651
-8287
-8417
-8376
-8421
-8519
-8406
-8748
-8435
-8479
-8641
-8559
-8507
-8517
-8851
-8745
-8581
-8664
-8665
-8677
-8610
-8647
-8744
-8578
-8499
-8462
-8611
-8720
-8577
-8502
-8455
-8506
-8719
-8638
-8625
-8926
-8663
-8476
-8642
-8729
-8629
-8508
-8619
-8599
-8413
-8475
-8330
-8653
-8452
-8513
-8737
-8482
-8683
-8536
-8648
-8841
-8690
-8576
-8650
-8593
-8804
-8566
-8744
-8860
-8764
-8757
-8704
-8645
-8538
-8450
-8376
-8635
-8592
-8615
-8639
-8401
-8476
-8485
-8364
-8591
-8463
-8457
-8533
-8685
-8692
-8676
-8610
-8662
-8505
-8766
-8652
-8736
-8946
-8670
-8938
-8892
-8941
-8795
-8812
-8686
-8445
-8459
-8704
-8504
-8472
-8497
-8601
-8489
-8421
-8753
-8562
-8400
-8706
-8531
-8444
-8576
-8624
-8781
-8680
-8952
-8783
-8692
-8734
-8577
-8721
-8781
-8682
-8923
-8434
-8402
-8549
-8569
-8432
-8428
-8778
-8633
-8635
-8805
-8850
-8654
-8545
-8262
-8566
-8377
-8605
-8424
-8421
-8980
-8427
-8626
-8579
-8522
-8834
-8923
-8957
-8800
-8779
-8738
-8847
-8709
-8637
-8618
-8693
-8613
-8623
-8957
-8702
-8937
-8889
-8756
-9010
-8864
-8844
-8895
-8787
-8832
-8749
-8824
-8576
-8662
-8730
-8682
-8859
-8653
-8884
-8728
-8626
-8832
-8896
-8819
-8810
-8771
-8947
-8907
-8719
-8706
-8926
-8934
-8676
-8910
-8967
-8967
-9088
-8904
-8759
-8803
-8692
-8875
-9064
-9102
-9026
-9053
-9189
-9104
-8928
-8976
-8967
-8721
-8796
-9078
-8954
-8734
-8884
-8878
-8947
-8962
-8792
-8890
-8591
-8793
-8731
-8564
-8883
-8539
-8802
-8981
-8986
-9115
-8930
-9121
-9097
-8933
-9092
-8991
-9013
-8827
-8913
-9150
-9099
-9180
-9111
-9134
-9292
-9340
-9365
-9106
-9050
-9214
-9149
-9186
-9130
-9088
-9093
-9123
-9128
-9279
-9148
-9374
-9178
-9131
-9240
-9149
-9155
-9128
-9258
-9099
-9138
-9272
-9353
-9100
-9204
-9004
-9227
-9167
-9261
-9227
-9087
-9201
-9072
-9448
-9178
-9178
-9027
-9086
-9075
-8998
-9165
-9154
-8956
-8890
-9014
-9081
-9220
-9231
-9393
-9320
-9435
-9682
-9362
-9415
-9445
-9279
-9273
-9270
-9342
-9231
-9128
-9160
-9007
-8939
-9098
-8691
-9006
-8826
-8882
-8987
-8755
-9056
-9202
-9092
-8882
-9239
-9311
-9381
-9253
-9391
-9189
-9245
-9183
-9071
-9174
-9170
-9256
-8997
-8986
-8954
-8925
-9127
-9123
-9091
-8971
-8790
-9158
-8966
-8863
-8935
-8931
-8973
-8909
-9174
-9177
-8991
-9232
-9068
-9096
-9169
-9078
-9473
-9418
-9381
-9355
-9354
-9257
-9080
-9341
-9204
-9302
-9349
-9360
-9431
-9374
-9445
-9181
-9153
-9183
-9315
-9075
-9208
-9308
-9151
-8981
-9094
-9268
-8923
-9200
-9239
-9134
-9192
-9222
-9398
-9138
-9313
-9352
-9027
-9362
-9213
-9204
-9106
-9225
-9492
-9133
-9161
-9244
-9199
-9328
-9137
-9290
-9362
-9324
-9503
-9416
-9467
-9551
-9400
-9397
-9372
-9261
-9355
-9093
-9489
-9370
-9617
-9659
-9587
-9559
-9254
-9550
-9447
-9590
-9549
-9558
-9476
-9506
-9437
-9511
-9343
-9245
-9391
-9437
-9428
-9276
-9392
-9465
-9237
-9264
-9156
-9386
-9518
-9332
-9568
-9303
-9474
-9334
-9575
-9560
-9323
-9611
-9458
-9633
-9634
-9634
-9570
-9525
-9737
-9720
-9460
-9599
-9533
-9421
-9806
-9549
-9613
-9575
-9822
-9626
-9474
-9717
-9834
-9706
-9434
-9778
-9605
-9688
-9549
-9699
-9504
-9573
-9714
-9623
-9711
-9864
-9821
-9556
-9638
-9656
-9794
-9574
-9474
-9639
-9654
-9518
-9651
-9787
-9739
-9792
-9934
-9893
-9810
-9721
-9798
-9738
-9968
-9864
-10004
-9882
-9696
-9852
-9587
-9719
-9496
-9810
-9372
-9366
-9682
-9468
-9541
-9483
-9616
-9665
-9725
-9655
-9705
-9692
-9725
-9620
-9686
-9589
-9660
-9762
-9635
-9786
-9734
-9777
-9770
-9748
-9791
-9872
-9762
-9690
-9582
-9626
-9817
-9616
-9497
-9687
-9611
-9562
-9657
-9548
-9484
-9531
-9488
-9380
-9733
-9486
-9574
-9756
-9740
-9699
-9468
-9659
-9432
-9470
-9429
-9355
-9557
-9588
-9506
-9556
-9563
-9713
-9629
-9437
-9419
-9421
-9252
-9298
-9358
-9523
-9418
-9216
-9511
-9186
-9248
-9190
-9147
-9202
-9147
-9155
-9230
-9071
-9168
-9076
-9157
-9052
-8978
-9365
-8928
-9096
-9084
-9206
-9087
-9103
-9181
-9035
-9086
-9090
-9356
-9160
-9046
-8980
-9236
-8989
-8993
-9366
-9153
-9288
-9082
-9164
-9128
-8866
-9064
-9156
-9231
-9214
-9144
-9013
-8965
-9130
-9067
-9201
-9287
-9291
-9059
-9194
-9150
-8986
-9076
-9027
-8957
-8766
-9045
-8862
-8828
-8805
-8972
-8860
-8958
-8886
-9204
-9080
-8979
-9324
-8886
-9156
-8960
-9019
-9032
-9057
-9077
-9060
-8874
-9104
-9033
-8813
-9048
-9052
-9078
-8805
-9083
-8984
-8866
-9124
-9108
-8952
-8941
-9107
-9168
-8961
-8974
-9188
-9210
-9213
-9154
-9300
-9077
-9131
-9299
-9211
-9338
-9286
-9261
-9309
-9335
-9392
-9206
-9169
-9193
-9165
-9280
-9292
-9495
-9064
-9082
-9254
-9212
-9213
-9204
-9361
-9247
-9282
-9141
-9080
-8969
-9004
-9152
-9202
-9229
-9328
-9146
-9224
-9234
-9101
-9097
-9093
-9303
-9058
-9127
-9288
-9092
-8919
-9080
-9147
-9034
-8963
-9244
-9320
-9116
-9060
-9062
-8973
-8836
-8813
-9084
-9049
-8970
-9211
-8994
-9302
-8870
-8933
-8954
-8877
-9207
-9007
-9143
-9075
-9121
-9105
-8930
-9171
-8962
-8778
-9009
-8855
-8951
-8888
-9041
-8948
-9060
-8861
-8734
-8667
-8845
-8785
-8895
-8914
-8996
-9182
-8748
-9052
-8931
-9167
-8970
-9159
-9002
-8862
-8970
-8949
-8948
-8951
-8976
-9040
-9021
-8989
-8988
-8868
-8830
-8812
-9022
-8825
-8722
-8833
-8939
-8608
-8913
-8799
-8830
-8777
-8931
-8846
-8858
-8868
-8747
-8879
-8567
-8726
-9022
-9079
-8730
-8999
-8672
-8810
-8499
-8799
-8827
-8715
-8787
-8389
-8592
-8553
-8786
-8518
-8630
-8523
-8602
-8605
-8889
-8712
-8813
-8810
-8741
-8968
-8771
-8962
-8697
-8618
-8553
-8729
-8549
-8636
-8797
-8814
-8712
-8766
-8922
-8860
-8747
-8766
-8647
-8510
-8483
-8430
-8544
-8542
-8651
-8673
-8731
-8729
-8745
-8533
-8733
-8707
-8641
-8779
-8773
-8593
-8413
-8526
-8665
-8409
-8396
-8582
-8388
-8210
-8398
-8379
-8428
-8569
-8352
-8686
-8569
-8658
-8575
-8821
-8820
-8728
-8786
-8706
-8734
-8573
-8828
-8784
-8712
-8724
-8883
-8832
-8936
-8813
-8694
-8537
-8517
-8696
-8396
-8575
-8547
-8361
-8479
-8594
-8576
-8570
-8676
-8476
-8466
-8414
-8499
-8583
-8468
-8574
-8779
-8696
-8570
-8536
-8421
-8508
-8429
-8453
-8507
-8636
-8794
-8768
-8873
-8791
-8871
-8987
-8853
-8830
-8816
-8735
-8591
-8763
-8689
-8789
-8896
-8765
-8724
-8806
-8791
-8749
-8835
-8770
-8785
-8745
-8718
-8589
-8546
-8630
-8830
-8772
-8750
-8838
-8897
-8850
-8903
-8946
-8890
-8721
-8521
-8569
-8438
-8529
-8671
-8633
-8570
-8571
-8766
-8657
-8601
-8869
-8801
-8927
-8864
-8695
-8912
-8655
-8718
-8835
-8913
-8957
-8835
-9090
-8986
-8994
-9025
-9154
-8968
-9016
-9241
-9048
-9072
-9274
-9113
-8960
-9066
-8892
-9016
-9055
-9096
-8970
-9003
-9043
-9084
-9061
-8994
-9103
-9010
-9149
-9275
-9199
-9105
-9185
-9392
-9381
-9223
-9187
-9354
-9018
-9053
-9308
-9137
-9301
-9313
-9419
-9379
-9323
-9224
-9269
-9191
-9264
-9349
-9332
-9465
-9609
-9605
-9345
-9497
-9516
-9431
-9453
-9518
-9544
-9383
-9400
-9387
-9172
-9489
-9435
-9501
-9385
-9487
-9542
-9347
-9463
-9500
-9651
-9467
-9660
-9608
-9678
-9454
-9720
-9707
-9403
-9726
-9702
-9718
-9598
-9827
-9737
-9573
-9520
-9508
-9587
-9560
-9723
-9769
-9639
-9712
-9621
-9650
-9588
-9521
-9709
-9624
-9640
-9624
-9543
-9554
-9653
-9430
-9569
-9615
-9550
-9579
-9515
-9630
-9683
-9783
-9759
-9719
-9792
-9792
-9817
-9848
-9755
-9877
-9866
-9886
-9717
-9855
-9905
-9753
-9753
-9754
-9809
-9773
-9776
-9734
-9697
-9661
-9657
-9659
-9764
-9679
-9830
-9740
-9729
-9871
-9698
-9732
-9844
-9861
-9781
-9674
-9811
-9627
-9599
-9880
-9777
-9690
-9572
-9651
-9622
-9420
-9615
-9893
-9834
-9709
-9669
-9652
-9398
-9484
-9658
-9592
-9652
-9616
-9709
-9647
-9523
-9670
-9623
-9766
-9760
-9676
-9565
-9542
-9765
-9635
-9654
-9690
-9838
-9726
-9654
-9607
-9565
-9536
-9614
-9905
-9703
-9643
-9546
-9428
-9494
-9627
-9781
-9654
-9763
-9749
-9697
-9749
-9533
-9612
-9570
-9465
-9633
-9681
-9605
-9688
-9753
-9748
-9725
-9725
-9661
-9395
-9321
-9440
-9565
-9450
-9580
-9623
-9436
-9546
-9573
-9453
-9451
-9608
-9564
-9639
-9508
-9515
-9534
-9543
-9555
-9467
-9722
-9579
-9654
-9845
-9764
-9691
-9624
-9590
-9717
-9817
-9663
-9554
-9471
-9258
-9427
-9600
-9614
-9730
-9606
-9518
-9574
-9546
-9564
-9469
-9432
-9616
-9574
-9729
-9726
-9763
-9858
-9790
-9842
-9929
-9851
-9723
-9822
-9693
-9775
-9660
-9557
-9665
-9450
-9578
-9749
-9722
-9727
-9779
-9551
-9600
-9640
-9673
-9854
-9717
-9624
-9572
-9490
-9519
-9638
-9643
-9636
-9592
-9818
-9605
-9590
-9647
-9633
-9585
-9685
-9726
-9584
-9730
-9491
-9367
-9402
-9385
-9409
-9473
-9366
-9392
-9271
-9634
-9559
-9487
-9661
-9660
-9742
-9538
-9592
-9739
-9680
-9796
-9761
-9580
-9556
-9384
-9523
-9315
-9336
-9488
-9444
-9191
-9321
-9281
-9413
-9432
-9271
-9381
-9173
-9316
-9492
-9541
-9441
-9664
-9502
-9473
-9404
-9613
-9559
-9472
-9532
-9425
-9489
-9276
-9399
-9382
-9418
-9207
-9406
-9385
-9305
-9241
-9139
-9212
-9153
-9248
-9228
-9166
-9282
-9335
-9155
-9233
-9167
-9196
-9037
-9170
-9179
-9176
-9249
-9182
-9121
-9116
-9185
-9356
-9350
-9448
-9458
-9183
-9229
-8971
-8905
-8791
-8956
-9011
-9027
-9098
-9150
-8932
-9147
-9183
-9163
-9144
-8977
-9232
-9139
-9144
-9069
-9067
-8986
-8975
-8935
-9089
-9148
-9108
-9031
-9286
-9136
-9198
-9248
-9194
-9231
-9134
-9259
-9116
-9148
-9267
-9328
-9110
-9144
-9132
-9146
-9001
-9227
-9101
-8972
-9031
-9079
-8966
-9077
-9156
-9243
-9211
-9106
-9252
-9112
-9248
-9076
-9272
-9121
-9350
-9276
-9229
-9053
-9169
-9175
-9067
-9193
-9273
-9361
-9069
-9285
-9217
-9235
-9206
-9423
-9318
-9255
-9254
-9291
-9254
-9378
-9283
-9141
-9219
-9182
-9097
-9108
-9130
-9143
-9157
-9130
-9356
-9133
-9177
-9201
-9167
-9067
-9235
-9172
-9123
-9386
-9283
-9196
-9211
-9124
-9144
-9365
-9352
-9468
-9505
-9515
-9312
-9362
-9426
-9321
-9286
-9144
-9310
-9095
-9161
-9318
-9115
-9067
-9123
-9097
-9056
-8996
-9028
-9120
-9146
-9429
-9391
-9354
-9471
-9273
-9341
-9328
-9325
-9230
-9064
-9221
-9179
-9385
-9289
-9367
-9376
-9274
-9097
-9124
-9406
-9221
-9271
-9220
-9144
-8935
-9053
-9123
-8989
-9069
-9172
-9191
-9107
-9088
-9190
-9184
-9314
-9393
-9203
-9209
-9179
-9321
-9076
-9057
-9243
-9039
-9140
-9227
-9147
-9168
-9127
-9232
-9116
-9140
-9259
-8973
-9179
-9057
-9204
-9138
-8920
-9103
-9026
-9263
-9263
-9102
-9258
-9239
-9045
-9257
-9353
-9342
-9169
-9182
-9311
-9080
-9161
-9147
-9098
-9194
-8945
-9153
-9381
-9126
-9307
-9091
-9233
-9179
-8862
-9248
-9167
-9066
-8982
-9065
-9060
-8928
-8948
-8807
-8824
-8888
-8926
-9109
-8926
-8953
-9014
-9079
-8991
-9084
-9245
-9058
-9013
-9070
-9191
-9084
-9092
-8978
-8924
-9055
-9216
-9057
-9149
-9011
-9055
-9047
-9057
-9067
-9116
-9055
-9011
-9123
-8986
-9054
-8805
-8971
-8851
-9113
-9003
-8834
-8833
-8944
-9052
-8861
-9082
-9006
-9047
-9013
-9067
-9152
-9176
-9158
-9193
-9184
-8905
-9106
-9098
-9076
-9104
-9021
-9041
-8853
-9030
-9067
-9079
-9075
-8995
-9120
-9179
-9122
-9039
-8994
-9265
-9293
-9067
-9210
-9460
-9311
-9097
-9085
-9078
-9098
-9011
-8952
-9098
-9007
-9034
-9197
-9172
-9055
-9067
-9141
-9014
-9102
-9009
-8975
-9049
-9090
-9006
-8972
-8987
-8997
-9036
-9086
-9030
-9118
-9123
-9251
-9189
-9024
-9147
-9319
-9122
-9098
-9334
-9113
-9303
-9260
-9361
-9244
-9212
-9159
-9156
-9213
-9207
-9073
-8871
-9058
-9211
-9303
-9281
-9363
-9160
-9229
-9390
-9474
-9393
-9354
-9538
-9321
-9176
-9248
-9447
-9412
-9470
-9497
-9390
-9542
-9274
-9466
-9506
-9314
-9413
-9356
-9394
-9269
-9227
-9544
-9339
-9540
-9586
-9301
-9352
-9311
-9401
-9106
-9540
-9553
-9334
-9518
-9638
-9562
-9505
-9456
-9602
-9362
-9353
-9552
-9313
-9389
-9157
-9472
-9087
-9279
-9437
-9273
-9422
-9531
-9628
-9468
-9498
-9434
-9478
-9372
-9630
-9440
-9429
-9480
-9457
-9595
-9387
-9516
-9625
-9218
-9334
-9312
-9447
-9409
-9320
-9527
-9226
-9531
-9478
-9568
-9579
-9705
-9780
-9663
-9819
-9853
-9797
-9710
-9812
-9789
-9583
-9555
-9766
-9667
-9574
-9535
-9618
-9718
-9632
-9676
-9733
-9557
-9785
-9608
-9522
-9758
-9488
-9825
-9795
-9646
-9676
-9818
-9951
-9713
-9916
-9862
-9803
-9990
-9875
-9726
-9739
-9851
-9815
-9732
-9927
-9844
-9707
-9851
-10056
-9914
-9652
-9665
-9677
-9641
-9715
-9755
-9590
-9638
-9937
-9992
-9966
-10091
-10141
-10068
-9737
-10034
-9881
-9838
-9702
-9796
-10005
-9804
-10174
-10104
-10016
-10006
-10112
-9798
-9724
-9926
-9937
-9705
-9810
-9711
-9602
-9545
-9665
-9975
-9695
-9648
-9869
-9774
-9585
-9690
-9724
-9742
-9432
-9593
-9671
-9644
-9567
-9771
-9890
-9710
-9953
-9821
-9806
-10022
-9853
-9818
-9777
-9865
-9800
-9521
-9768
-9661
-9591
-9609
-9803
-9869
-9694
-9822
-10078
-9874
-9754
-9799
-9633
-9588
-9526
-9672
-9667
-9235
-9375
-9579
-9470
-9678
-9684
-9853
-9635
-9690
-9500
-9539
-9816
-9554
-9818
-9771
-9704
-9670
-9652
-9759
-9604
-9471
-9736
-9638
-9620
-9548
-9508
-9672
-9487
-9846
-9895
-9524
-9574
-9444
-9736
-9570
-9496
-9754
-9497
-9616
-9446
-9508
-9509
-9292
-9569
-9618
-9452
-9674
-9525
-9673
-9784
-9637
-9489
-9515
-9565
-9463
-9298
-9342
-9328
-9342
-9567
-9338
-9660
-9633
-9534
-9556
-9639
-9367
-9209
-9383
-9410
-9331
-9384
-9488
-9489
-9484
-9405
-9392
-9283
-9321
-9456
-9374
-9295
-9229
-9243
-9326
-9244
-9357
-8922
-9141
-9226
-9196
-9428
-9178
-9445
-9372
-9311
-9443
-9444
-9433
-9282
-9307
-9152
-9105
-8962
-9061
-9030
-9205
-9087
-9029
-9136
-8916
-9335
-9192
-9353
-9318
-9537
-9441
-9427
-9550
-9448
-9381
-9349
-9536
-9341
-9458
-9306
-9441
-9327
-9215
-9369
-9310
-9297
-9295
-9594
-9429
-9336
-9579
-9673
-9757
-9562
-9552
-9565
-9538
-9474
-9473
-9405
-9177
-9256
-9271
-9390
-9448
-9533
-9535
-9362
-9481
-9419
-9525
-9512
-9465
-9380
-9345
-9267
-9282
-9350
-9332
-9384
-9464
-9590
-9399
-9402
-9196
-9426
-9270
-9189
-9328
-9194
-9330
-9414
-9507
-9611
-9637
-9503
-9440
-9415
-9422
-9359
-9351
-9444
-9458
-9393
-9444
-9733
-9759
-9604
-9588
-9489
-9481
-9280
-9563
-9533
-9569
-9564
-9529
-9649
-9571
-9861
-9617
-9503
-9618
-9388
-9356
-9151
-9330
-9363
-9285
-9541
-9280
-9260
-9235
-9442
-9355
-9390
-9418
-9680
-9399
-9250
-9432
-9367
-9486
-9409
-9608
-9480
-9403
-9464
-9417
-9330
-9441
-9489
-9669
-9279
-9589
-9644
-9349
-9334
-9361
-9502
-9266
-9511
-9257
-9369
-9486
-9549
-9625
-9488
-9628
-9485
-9578
-9578
-9773
-9761
-9381
-9556
-9625
-9317
-9352
-9525
-9524
-9502
-9456
-9551
-9322
-9345
-9165
-9336
-9240
-9070
-9343
-9184
-9262
-9287
-9257
-9291
-9264
-9017
-9365
-9211
-9176
-9255
-9186
-9437
-9310
-9235
-9305
-9404
-9169
-9149
-9219
-9191
-9137
-9244
-9283
-9082
-9203
-9290
-9077
-9243
-9415
-9420
-9314
-9045
-9115
-9097
-9022
-9005
-9104
-9061
-8967
-9138
-9034
-9203
-9217
-8989
-8983
-8743
-8738
-8734
-8908
-9161
-8996
-9304
-9111
-9050
-9346
-9167
-9633
-9232
-9305
-9318
-9139
-9509
-9336
-9447
-9186
-9104
-9328
-9400
-9067
-9289
-9184
-9102
-9364
-9281
-9507
-9252
-9125
-9275
-9106
-9249
-9265
-9279
-9281
-9043
-9359
-9247
-9506
-9293
-9362
-9715
-9346
-9636
-9451
-9544
-9420
-9240
-9550
-9127
-9353
-9305
-8950
-9257
-9126
-9337
-9300
-9395
-9427
-9355
-9432
-9351
-9852
-9345
-9223
-9576
-9402
-9386
-9661
-9714
-9377
-9545
-9502
-9545
-9498
-9809
-9593
-9445
-9413
-9201
-9317
-9150
-9357
-9498
-9569
-9491
-9671
-9520
-9629
-9493
-9466
-9483
-9449
-9573
-9382
-9419
-9299
-9349
-9362
-9204
-9079
-9167
-9543
-9443
-9262
-9448
-9416
-9362
-9520
-9841
-9433
-9573
-9595
-9582
-9596
-9609
-9702
-9492
-9627
-9604
-9396
-9493
-9501
-9419
-9494
-9207
-9464
-9405
-9519
-9446
-9346
-9273
-9430
-9563
-9380
-9554
-9499
-9627
-9435
-9565
-9380
-9351
-9289
-9395
-9545
-9267
-9433
-9220
-9485
-9323
-9217
-9535
-9445
-9270
-9144
-9096
-9420
-9173
-9151
-9226
-9210
-9487
-9195
-9429
-9398
-9351
-9384
-9178
-9247
-9499
-9280
-9493
-9407
-9087
-9094
-9244
-9352
-9225
-9214
-9441
-9149
-9163
-9351
-9396
-9358
-9066
-9277
-9210
-9318
-9368
-9375
-9299
-9324
-9191
-9496
-9140
-9345
-9449
-9330
-9601
-9484
-9562
-9525
-9516
-9575
-9317
-9352
-9413
-9390
-9502
-9177
-9677
-9337
-9439
-9344
-8938
-9146
-9170
-9148
-9351
-9197
-9495
-9220
-9307
-9614
-9146
-9667
-9370
-9442
-9544
-9479
-9557
-9322
-9296
-9458
-9378
-9345
-9328
-9469
-9215
-9099
-9161
-9049
-9193
-9202
-9305
-9384
-9078
-9191
-9359
-9214
-9493
-9528
-9544
-9575
-9697
-9790
-9629
-9546
-9376
-9211
-9499
-9177
-9302
-9290
-9092
-9464
-9257
-9399
-9318
-9438
-9374
-9448
-9612
-9199
-9200
-9346
-9499
-9445
-9526
-9458
-9385
-9486
-9193
-9145
-9633
-9460
-9426
-9573
-9350
-9366
-9485
-9479
-9524
-9582
-9416
-9829
-9311
-9216
-9446
-9301
-9588
-9516
-9671
-9305
-9309
-9534
-9512
-9579
-9609
-9578
-9500
-9259
-9652
-9646
-9212
-9682
-9372
-9588
-9675
-9639
-9686
-9382
-9550
-9637
-9542
-9540
-9450
-9438
-9378
-9304
-9700
-9281
-9394
-9469
-9496
-9580
-9449
-9531
-9567
-9750
-9530
-9517
-9869
-10023
-9683
-9896
-9810
-9612
-9706
-9748
-9683
-9536
-9699
-9739
-9653
-9719
-9827
-9658
-9552
-9665
-9761
-9434
-9416
-9342
-9329
-9519
-9456
-9418
-9464
-9389
-9396
-9498
-9604
-9471
-9568
-9490
-9344
-9800
-9500
-9328
-9400
-9520
-9409
-9624
-9423
-9258
-9476
-9453
-9627
-9537
-9595
-9747
-9598
-9602
-9657
-9570
-9771
-9481
-9620
-9642
-9440
-9608
-9592
-9482
-9385
-9385
-9377
-9252
-9642
-9471
-9217
-9503
-9410
-9506
-9281
-9288
-9507
-9315
-9361
-9349
-9517
-9406
-9443
-9533
-9205
-9385
-9341
-9603
-9461
-9385
-9425
-9434
-9371
-9387
-9246
-9511
-9721
-9588
-9712
-9630
-9839
-9392
-9389
-9579
-9200
-9140
-9343
-9409
-9327
-9038
-9429
-9221
-9047
-9411
-9460
-9075
-9207
-9229
-9132
-8966
-8959
-9063
-8665
-8913
-8813
-8971
-8845
-8998
-8992
-9183
-9242
-9308
-9341
-9283
-9207
-9234
-9076
-9026
-9311
-9199
-9346
-9259
-9466
-9380
-9555
-9508
-9426
-9223
-9313
-9364
-9230
-9376
-9458
-9474
-9147
-9145
-9489
-9252
-9146
-9334
-9597
-9258
-9033
-9493
-9130
-9038
-8916
-9085
-9277
-9378
-9368
-9071
-9210
-9412
-9219
-9263
-9092
-9264
-9030
-9114
-9372
-9254
-9268
-9089
-9113
-9134
-9466
-9219
-9505
-9586
-9603
-9545
-9789
-9539
-9495
-9671
-9508
-9332
-9125
-9398
-9342
-9163
-9222
-9730
-9525
-9323
-9586
-9556
-9187
-9450
-9188
-9196
-9147
-9056
-9348
-9341
-9521
-9227
-9073
-9518
-9426
-9304
-9298
-9443
-9741
-9380
-9349
-9592
-9558
-9538
-9685
-9605
-9764
-9593
-9668
-9472
-9338
-9170
-9413
-9884
-9893
-10266
-10370
-10241
-10267
-9959
-9487
-9149
-8888
-8940
-8573
-8205
-7737
-6751
-5582
-4960
-3969
-3778
-3814
-4976
-5882
-6871
-8250
-8802
-9684
-10311
-11778
-12847
-14425
-15119
-15443
-15506
-15141
-14637
-14262
-13691
-12926
-12498
-11349
-10225
-8846
-8557
-8267
-8143
-7780
-7045
-6028
-4982
-4039
-3203
-3158
-3128
-4016
-4643
-5256
-5550
-5771
-5252
-5882
-7124
-8174
-10167
-11228
-12259
-12116
-12387
-12630
-13067
-13922
-14331
-14729
-14503
-14000
-13446
-12543
-12019
-11889
-11696
-12068
-12191
-12021
-11174
-9889
-9013
-7707
-6432
-5692
-4624
-4250
-3262
-2512
-1544
-1458
-2752
-4174
-5991
-7709
-9180
-9660
-10392
-10546
-11692
-12570
-13746
-15175
-15400
-15682
-15058
-14074
-12982
-12719
-13530
-13516
-13790
-13428
-12308
-10978
-8989
-7829
-6267
-5986
-5652
-5025
-4297
-3015
-3433
-3553
-4376
-5079
-5365
-6383
-6838
-8035
-9670
-10654
-11371
-11945
-11301
-10515
-9656
-9298
-8960
-9133
-9535
-9900
-9704
-9485
-8805
-7048
-6815
-7402
-9307
-10589
-11307
-10305
-9379
-10312
-13267
-15796
-17012
-17995
-17383
-15667
-14029
-13451
-12712
-11497
-9959
-8747
-7262
-6104
-5863
-5911
-5030
-3444
-3057
-4023
-5639
-7191
-7618
-7437
-6282
-5657
-6967
-8871
-11638
-14350
-15038
-14772
-12673
-11154
-11022
-11595
-12268
-11788
-11886
-11706
-11580
-11165
-10352
-9821
-8503
-7292
-7423
-7485
-7819
-7933
-8140
-6995
-5680
-5016
-4924
-5264
-6238
-7146
-7875
-8438
-8981
-10117
-11117
-12389
-12581
-14178
-15379
-16199
-16590
-15768
-14099
-12202
-10248
-9482
-9157
-8472
-8868
-8689
-9117
-8688
-7103
-5626
-4311
-4390
-4533
-5350
-6448
-6852
-7012
-6049
-6308
-6620
-8052
-10176
-11495
-12244
-11600
-11181
-11672
-12707
-14056
-14877
-14401
-13291
-11644
-10565
-10602
-11200
-12221
-13104
-12113
-9764
-7288
-6293
-5396
-5040
-4932
-4593
-4734
-5448
-7357
-8273
-9584
-9921
-10232
-10487
-11137
-11327
-10796
-10354
-9070
-8001
-6907
-7171
-7211
-7831
-7405
-6282
-5686
-5951
-7449
-9641
-11604
-12039
-11709
-11009
-11031
-11645
-12809
-14212
-15416
-15212
-14450
-13884
-13573
-13241
-13964
-14168
-12909
-11098
-9109
-7031
-5221
-4556
-4224
-4362
-4706
-4851
-4509
-4254
-3394
-3681
-4611
-5477
-6120
-6337
-6499
-6464
-7622
-9265
-11083
-12766
-13268
-13919
-14542
-14467
-15249
-15334
-14432
-13544
-12085
-11044
-9667
-9570
-9611
-8280
-7830
-7052
-6873
-6886
-6739
-6351
-5049
-3728
-3307
-2970
-4152
-5540
-6631
-7258
-7699
-9144
-9548
-10814
-12918
-14037
-14501
-13813
-13576
-14129
-14091
-15794
-16134
-15221
-14094
-12663
-11789
-11388
-11755
-11676
-10372
-8347
-5764
-3453
-2782
-2721
-3025
-3753
-4221
-4655
-5039
-6118
-7576
-8440
-9278
-9957
-11123
-12327
-13412
-14597
-15443
-15486
-15860
-15505
-14749
-13562
-12424
-11324
-9691
-8938
-8139
-7483
-5868
-3655
-1612
-281
-403
-1258
-2735
-4040
-5257
-6907
-9013
-10820
-12399
-13902
-14768
-15985
-16582
-17106
-17028
-16721
-16217
-14786
-13283
-11011
-9831
-8798
-7980
-7366
-5163
-4165
-3984
-4287
-5249
-5344
-4656
-3675
-2416
-2820
-4591
-7157
-10001
-11822
-13112
-13403
-13308
-13214
-14161
-14765
-15501
-15255
-14929
-13750
-12398
-11469
-10194
-9529
-8548
-8480
-7800
-7628
-7227
-6410
-5735
-6103
-5969
-6012
-6026
-6471
-7264
-7254
-7909
-9041
-10713
-11793
-12975
-13288
-13515
-12818
-13310
-13778
-14614
-14495
-12653
-11827
-9942
-9477
-8396
-8097
-7824
-6570
-6647
-6129
-5648
-6210
-6762
-7363
-7652
-7978
-8310
-8156
-8861
-8890
-9311
-9775
-10051
-11097
-10942
-10322
-9521
-8353
-8757
-9605
-10373
-11024
-10978
-10971
-10687
-10640
-10918
-11927
-12287
-12059
-11640
-10889
-10314
-9938
-10017
-9744
-9468
-8871
-8413
-8184
-7559
-7510
-7701
-7970
-8800
-9567
-9863
-9727
-9633
-9342
-8494
-8071
-8051
-8210
-8272
-8620
-9004
-9195
-9009
-9374
-10400
-11457
-12041
-11843
-12091
-11673
-11668
-11328
-11145
-10705
-10029
-9005
-7997
-7553
-7131
-6980
-6441
-6753
-6469
-6643
-6602
-6907
-6663
-6449
-7214
-8195
-9585
-10854
-12348
-12705
-12914
-13549
-14200
-14211
-14620
-14181
-13641
-12586
-11205
-10460
-9436
-8697
-7318
-6559
-6067
-4981
-4854
-5373
-5498
-5830
-5142
-5547
-5956
-6862
-7773
-8835
-10401
-10521
-11671
-12745
-13511
-14001
-13671
-13562
-13476
-13169
-13092
-12038
-11959
-10720
-9614
-8481
-7760
-7420
-7238
-7911
-7360
-6631
-6138
-6741
-6710
-7969
-9007
-8924
-8966
-8975
-9509
-10146
-11053
-11967
-12075
-12319
-11525
-10812
-10949
-10144
-9343
-9227
-9076
-8915
-7996
-7813
-7625
-7090
-6867
-7100
-8163
-8445
-8701
-8682
-9129
-8013
-8362
-8901
-9278
-9251
-9129
-9299
-9127
-10357
-10760
-11669
-11945
-11804
-11580
-11245
-10689
-10607
-10074
-9424
-9438
-9003
-8765
-8364
-8413
-8295
-7532
-7829
-7609
-7595
-8119
-8443
-8443
-7358
-7567
-7825
-8123
-9127
-9682
-9510
-8941
-8388
-9131
-9869
-10183
-10792
-10471
-10137
-9373
-9278
-9637
-9671
-10257
-10592
-10247
-9788
-9528
-9436
-9492
-9684
-9592
-9395
-9156
-8550
-8450
-8078
-8029
-8470
-8359
-8896
-9063
-9069
-8850
-8644
-8784
-8772
-8938
-9399
-9582
-9133
-9064
-8659
-8769
-8498
-8870
-9127
-9065
-9110
-8693
-8809
-8992
-9281
-9410
-9517
-9269
-9461
-9102
-9204
-9018
-9417
-9398
-9123
-9807
-9807
-9633
-9123
-9178
-8663
-8599
-8908
-9325
-9151
-8726
-8903
-8775
-8710
-9077
-9776
-10414
-10244
-10085
-9742
-9160
-8916
-9274
-9460
-9062
-9520
-9015
-8754
-8834
-9038
-9318
-9290
-9597
-9495
-9091
-9174
-9237
-8802
-8876
-8856
-8670
-8969
-8967
-9029
-8896
-8686
-9229
-9357
-9488
-9471
-9774
-9479
-8478
-8461
-8181
-8068
-8087
-7994
-8170
-7561
-7597
-8066
-8157
-8883
-9666
-9715
-9734
-9959
-10153
-10269
-10148
-10378
-10522
-10063
-10067
-10349
-10049
-9741
-9890
-10026
-9364
-9248
-9156
-8603
-7708
-7404
-7273
-6713
-6865
-7245
-7108
-6922
-7151
-7192
-7676
-8466
-8991
-8878
-9602
-9596
-9560
-10075
-10509
-11072
-10883
-11351
-10747
-10470
-10068
-9855
-9960
-9348
-9041
-8309
-8166
-7179
-6747
-6427
-5857
-5918
-6007
-6391
-6775
-7266
-7619
-8214
-8592
-9244
-10240
-11016
-11257
-11451
-11610
-11324
-11511
-11938
-11814
-11596
-11220
-10695
-9907
-9571
-9205
-8565
-8054
-7202
-6524
-5873
-5536
-5236
-5084
-5432
-5488
-6348
-6988
-7479
-8416
-8596
-9022
-9650
-10277
-10667
-11130
-11221
-11612
-11363
-11285
-11374
-11272
-11191
-11043
-10891
-9791
-9115
-8796
-8538
-8779
-8158
-7825
-7676
-6981
-7070
-6508
-7153
-7357
-7487
-8076
-8204
-8341
-8557
-8644
-9074
-9124
-9324
-9920
-9976
-10223
-10033
-10209
-10248
-10165
-10886
-10767
-10258
-10358
-9917
-9896
-9545
-9509
-9260
-9283
-8923
-8702
-8219
-8376
-8276
-8484
-9015
-8924
-9031
-8591
-9220
-9019
-9518
-9239
-9283
-9468
-9559
-9617
-9562
-9325
-9274
-9500
-9116
-9555
-9552
-9328
-9045
-9128
-9240
-9131
-9317
-9885
-10167
-10094
-9900
-10073
-10108
-10063
-10582
-10652
-10330
-9824
-9527
-9152
-8852
-8833
-8733
-9038
-8879
-9211
-9172
-9191
-9434
-9238
-9267
-9363
-9599
-9635
-9870
-10010
-9855
-9392
-9673
-9770
-9839
-9852
-9943
-10033
-9757
-9752
-10193
-10378
-10142
-9769
-9439
-9241
-9071
-9592
-9749
-9691
-9589
-9492
-9390
-9094
-9020
-8845
-8343
-8561
-8505
-8517
-8685
-8527
-8971
-9084
-8826
-9221
-9453
-9903
-10304
-10135
-10489
-10624
-10739
-10823
-10816
-10715
-10584
-10394
-10153
-9941
-9914
-9848
-9954
-9797
-9427
-9182
-9159
-8863
-8842
-9029
-8865
-8678
-8464
-8616
-8382
-8526
-8524
-8807
-9069
-8898
-8827
-9192
-9196
-9274
-9836
-9635
-10178
-10387
-10187
-10645
-10735
-10666
-10719
-11168
-11198
-10891
-10690
-10297
-10030
-9427
-9339
-9797
-9492
-8968
-9050
-8783
-8759
-8675
-8523
-8798
-8964
-8955
-8954
-9244
-9149
-9108
-9568
-9900
-10285
-10322
-10565
-10878
-10577
-10651
-10884
-11441
-11152
-10996
-11246
-10723
-10284
-10170
-9969
-9715
-9426
-9798
-8901
-8906
-9333
-8561
-9241
-8880
-8933
-8775
-8996
-9370
-9185
-9368
-9659
-9872
-10169
-10319
-10299
-10279
-10389
-11094
-10402
-10349
-10728
-10530
-10337
-9930
-9514
-9470
-9058
-8910
-9067
-8608
-8716
-8860
-8792
-8722
-8707
-8921
-9395
-9369
-9656
-9914
-9699
-9718
-9983
-10116
-10427
-10244
-9748
-10211
-9729
-9853
-9545
-9423
-9409
-9335
-9448
-9248
-9276
-9166
-9280
-9431
-10029
-9980
-10812
-10766
-11265
-11077
-10925
-11581
-10832
-11192
-11293
-10733
-10631
-10071
-10170
-10020
-9351
-9675
-9124
-9065
-8667
-8981
-8800
-8585
-8947
-8909
-9039
-8971
-9336
-9550
-9811
-9782
-10031
-10191
-10186
-10551
-10325
-10212
-10150
-9722
-9665
-9255
-9472
-9115
-9236
-9405
-9038
-9146
-9069
-9510
-9223
-9497
-9517
-9262
-9291
-9365
-9922
-9732
-9934
-10038
-10081
-9941
-9907
-10197
-9899
-10167
-9858
-9478
-9605
-9321
-9018
-8780
-9137
-8871
-8623
-8928
-8898
-9181
-8865
-8999
-9290
-9160
-9128
-9373
-9481
-9336
-9685
-9732
-9690
-9874
-10007
-9638
-9524
-9496
-8953
-8842
-9127
-9197
-8912
-8611
-9148
-8917
-8104
-8783
-8961
-8911
-8992
-9512
-9775
-9167
-9603
-9646
-9651
-9659
-9624
-9549
-9019
-8850
-8601
-8697
-8590
-8211
-8562
-8078
-7842
-8294
-7980
-7809
-7999
-8195
-8089
-8153
-8687
-8830
-8787
-8765
-8901
-9362
-9188
-9624
-9563
-9424
-9688
-9427
-9393
-9226
-9079
-9093
-8724
-8631
-8689
-8185
-8197
-7898
-7518
-7291
-7714
-7762
-7237
-7374
-7479
-7603
-7867
-8118
-8537
-8854
-8727
-8930
-8951
-9215
-9558
-9574
-9689
-9577
-9485
-9358
-9031
-8869
-8653
-8360
-8134
-8102
-7638
-7355
-7635
-7304
-7378
-7177
-7270
-7214
-7124
-7529
-7554
-7641
-7831
-8155
-8209
-8213
-8467
-8814
-8679
-9004
-9152
-9195
-9198
-9318
-9117
-8877
-8845
-8618
-8513
-8223
-8432
-8150
-8019
-8040
-7866
-7610
-7597
-7486
-7453
-7532
-7548
-7649
-7777
-7904
-7899
-8149
-8001
-8054
-8384
-8689
-8666
-8599
-9018
-9307
-8633
-9038
-9318
-8633
-8439
-8588
-8519
-7890
-8451
-8262
-8082
-7792
-7833
-8173
-7840
-7996
-8006
-8090
-7630
-7836
-8030
-7925
-8109
-8233
-8329
-8094
-8181
-8301
-8240
-8394
-8566
-8414
-8708
-8945
-8831
-8791
-8928
-9129
-8923
-9302
-9191
-9378
-9345
-9135
-8980
-8736
-8958
-8566
-8672
-8280
-8255
-7964
-8026
-7999
-7825
-7815
-7564
-7892
-7846
-7953
-8013
-8280
-7876
-8464
-8477
-8747
-9326
-9463
-9717
-9335
-9719
-9621
-9674
-9158
-9317
-9378
-9208
-8987
-9048
-9088
-8853
-9018
-8577
-8389
-8468
-8141
-7952
-8253
-8109
-8214
-7969
-8183
-7893
-7984
-8012
-8281
-8478
-8441
-8472
-8470
-8713
-8494
-9045
-8925
-9202
-9278
-9228
-9220
-9260
-9174
-8979
-8995
-8947
-8653
-8781
-8818
-8598
-8812
-8701
-8853
-8730
-8616
-8505
-8851
-8930
-8826
-8803
-8930
-8923
-9023
-9310
-8634
-8948
-8518
-8771
-8879
-8826
-9309
-8916
-9152
-9101
-9160
-9164
-9128
-9057
-9341
-8863
-9026
-9158
-9281
-9165
-8882
-9115
-8566
-8737
-8897
-8697
-8585
-8963
-9069
-8976
-9255
-9540
-9392
-9377
-9433
-9122
-9274
-9321
-9496
-9677
-9114
-9251
-9116
-8987
-8771
-8710
-8736
-8239
-8586
-8737
-8448
-8564
-8475
-8426
-8591
-8707
-8682
-8595
-8891
-8943
-9060
-9295
-9476
-9395
-9327
-9348
-9552
-9361
-9538
-9826
-9804
-9879
-9654
-9499
-9634
-9505
-9542
-9255
-9124
-9441
-8883
-8960
-8737
-8812
-8631
-8660
-8717
-8558
-8686
-8603
-8773
-8633
-8769
-8673
-8890
-8763
-8944
-9119
-9113
-9338
-9303
-9501
-9575
-9548
-9486
-9605
-9532
-9458
-9366
-9359
-9180
-9175
-9152
-9165
-9129
-9100
-9184
-9049
-9145
-9087
-9032
-9279
-9134
-9149
-9346
-9339
-9275
-9090
-9359
-9363
-9292
-9062
-9147
-8840
-8850
-9078
-9163
-8931
-8564
-8810
-8717
-8718
-8779
-8907
-8817
-8790
-8897
-9002
-8935
-9050
-9072
-9393
-9169
-9371
-9597
-9544
-9506
-9482
-9919
-9291
-9396
-9384
-9117
-8890
-8858
-9153
-8814
-8885
-8819
-8667
-8775
-8703
-9137
-9022
-9034
-9342
-9087
-9162
-9319
-9334
-9313
-9541
-9491
-9574
-9384
-9479
-9707
-9286
-9512
-9540
-9428
-9305
-9375
-9388
-9124
-8964
-8724
-8812
-8744
-8854
-9060
-8670
-8572
-9076
-8902
-8821
-9270
-9474
-9076
-9228
-9446
-9130
-9204
-9155
-9554
-9350
-9390
-9635
-9338
-9340
-9304
-9394
-9527
-9482
-9576
-9251
-9111
-9115
-8896
-8960
-9058
-9192
-9091
-9079
-9278
-9303
-9221
-9454
-9494
-9644
-9273
-9482
-9512
-8993
-9156
-9140
-9156
-9194
-9144
-9303
-9523
-9472
-9339
-9136
-9381
-9431
-9392
-9739
-9591
-9338
-9259
-9251
-9708
-9353
-9466
-9701
-9328
-9214
-9377
-9508
-9260
-9215
-9339
-9315
-9416
-9356
-9462
-9562
-9393
-9718
-9447
-9769
-9465
-9325
-9467
-9326
-9280
-9469
-9330
-9385
-9459
-9406
-9917
-9307
-9798
-9575
-9820
-9594
-9211
-9452
-9033
-8772
-8763
-8852
-9096
-9352
-9230
-9282
-8982
-9226
-8976
-9306
-9226
-9304
-9371
-9493
-9540
-9377
-9618
-9615
-9586
-9180
-9450
-9554
-9634
-9733
-9563
-9178
-9369
-9460
-9413
-9167
-8971
-8918
-8901
-9139
-9131
-9091
-8902
-8843
-8901
-8856
-8850
-9004
-8845
-8974
-8962
-8971
-9128
-9181
-9287
-9544
-9372
-9458
-9451
-9126
-9480
-9176
-9395
-9395
-9271
-9031
-8999
-9289
-9025
-9374
-9561
-9319
-9531
-9509
-9522
-9352
-9291
-9354
-9072
-9376
-9207
-9184
-9162
-9250
-9109
-9300
-9457
-9426
-9516
-9625
-9468
-9359
-9455
-9267
-9353
-9064
-9286
-9320
-9361
-9268
-9263
-9342
-9397
-9419
-9385
-9302
-9004
-9126
-9204
-9411
-9111
-9277
-9502
-9345
-9347
-9508
-9405
-9207
-9212
-9012
-9352
-9100
-9433
-9311
-9320
-9376
-9152
-9267
-9342
-9225
-9187
-9410
-9253
-9513
-9402
-9445
-9297
-9584
-9358
-9508
-9374
-9494
-9308
-9049
-9213
-8989
-9035
-9125
-9272
-8883
-9046
-9174
-9176
-9165
-9512
-9195
-9176
-8963
-9169
-9449
-9371
-9431
-9574
-9553
-9591
-9484
-9397
-9353
-9283
-9505
-9242
-9310
-9195
-9349
-9278
-9350
-9320
-9233
-9176
-9185
-8997
-9012
-8918
-9039
-8853
-8893
-9115
-9029
-8977
-8928
-9273
-9236
-9241
-9218
-9213
-9088
-9540
-9396
-9532
-9492
-9456
-9534
-9456
-9421
-9529
-9491
-9492
-9606
-9520
-9625
-9202
-9384
-9193
-9395
-9555
-9161
-9328
-9262
-9033
-9305
-9296
-9256
-8993
-9329
-9383
-9004
-9436
-9209
-9332
-9279
-9343
-9322
-9052
-9272
-9339
-9155
-9376
-9466
-9417
-9132
-9090
-9609
-9296
-9287
-9286
-8978
-8769
-9233
-9470
-9180
-9302
-9439
-9108
-8941
-9210
-9034
-8929
-8734
-8901
-9182
-9063
-8998
-9056
-9196
-9106
-8961
-9262
-9114
-9219
-9161
-9172
-9067
-9013
-9102
-8785
-9263
-9235
-9272
-8999
-9325
-8995
-8882
-8910
-9050
-9036
-8859
-9279
-8942
-9010
-8628
-9036
-8781
-8663
-8912
-8912
-8991
-8908
-8907
-9171
-9039
-9044
-9238
-8945
-9186
-9153
-9234
-9286
-8933
-8895
-8796
-8630
-9055
-8946
-8967
-9386
-9185
-9110
-9090
-8991
-9024
-8694
-9100
-8895
-8740
-8721
-8636
-8665
-8584
-8684
-8579
-8658
-8660
-8678
-8570
-8612
-8442
-8954
-8727
-8822
-8982
-8979
-9003
-8923
-9080
-8897
-9031
-9143
-9134
-9025
-9079
-9044
-9197
-9049
-9040
-8888
-8846
-8782
-8723
-8899
-8916
-8684
-8854
-8546
-8601
-8661
-8418
-8760
-8571
-8820
-8421
-8639
-8670
-8692
-8720
-8419
-8551
-8765
-8810
-8713
-8992
-9065
-8999
-8886
-9115
-8996
-9012
-8960
-9056
-8685
-8957
-8947
-8864
-9078
-8699
-8809
-8590
-8787
-8603
-8921
-8872
-8640
-8828
-8681
-8754
-8681
-8688
-8514
-8508
-8667
-8584
-8595
-8630
-8938
-8932
-8787
-9048
-9020
-8650
-8737
-8697
-8563
-8693
-8532
-8672
-8482
-8367
-8535
-8426
-8316
-8301
-8378
-8412
-8083
-8320
-8533
-8223
-8485
-8681
-8717
-8604
-8555
-8936
-8596
-8714
-8994
-8843
-8941
-8738
-8913
-8832
-8630
-8783
-8840
-8414
-8629
-8745
-8577
-8831
-8802
-8682
-8524
-8776
-8585
-8544
-8645
-8700
-8860
-8559
-8696
-8879
-8755
-8758
-9061
-9043
-9080
-8940
-9065
-9110
-8686
-8886
-8765
-8960
-8916
-8896
-9032
-8719
-8747
-8708
-8536
-8551
-8487
-8651
-8477
-8452
-8665
-8496
-8612
-8503
-8737
-8643
-8719
-8813
-8805
-8798
-8915
-8895
-8936
-9078
-8978
-9260
-9237
-9406
-9175
-9285
-9227
-9323
-9266
-9125
-9112
-9197
-9015
-9020
-9049
-8853
-9177
-9001
-9119
-8930
-8876
-9036
-9044
-9007
-9029
-8983
-9134
-8929
-9153
-9202
-9328
-9265
-9372
-9466
-9422
-9341
-9139
-9478
-9444
-9411
-9204
-9442
-9241
-9412
-9552
-9596
-9442
-9485
-9115
-9300
-9390
-9375
-9379
-9209
-9160
-9191
-9369
-9015
-9518
-9235
-9449
-9716
-9476
-9641
-9806
-9445
-9503
-9486
-9786
-9669
-9594
-9515
-9356
-9595
-9521
-9818
-9545
-9763
-9709
-9715
-9542
-9598
-9617
-9296
-9388
-9175
-9390
-9444
-9480
-9550
-9531
-9728
-9580
-9685
-9594
-9303
-9431
-9438
-9554
-9646
-9632
-9604
-9532
-9681
-9410
-9380
-9349
-9440
-9254
-9191
-9388
-9278
-9525
-9174
-9381
-9477
-9128
-9245
-9502
-9369
-9612
-9546
-9470
-9651
-9497
-9470
-9506
-9470
-9460
-9460
-9459
-9473
-9366
-9577
-9272
-9405
-9373
-9380
-9435
-9285
-9514
-9485
-9538
-9517
-9475
-9614
-9691
-9600
-9493
-9564
-9685
-9554
-9509
-9722
-9389
-9444
-9663
-9587
-9565
-9374
-9713
-9531
-9434
-9553
-9726
-9532
-9493
-9618
-9459
-9617
-9364
-9263
-9278
-9095
-9198
-9448
-9432
-9396
-9466
-9632
-9709
-9685
-9583
-9453
-9460
-9493
-9542
-9828
-9618
-9611
-9534
-9407
-9705
-9385
-9465
-9543
-9411
-9392
-9333
-9467
-9277
-9262
-9352
-9370
-9220
-9356
-9508
-9268
-9462
-9593
-9530
-9299
-9545
-9496
-9531
-9731
-9545
-9537
-9627
-9640
-9487
-9449
-9477
-9401
-9304
-9252
-9291
-9158
-9056
-9193
-9043
-9186
-9011
-9238
-9252
-8873
-8914
-9157
-9049
-8991
-9235
-9142
-9276
-9221
-9253
-8961
-9017
-9302
-9053
-8994
-9091
-9141
-9369
-9292
-9244
-9169
-9018
-9263
-9201
-9148
-8988
-8915
-8927
-8773
-8911
-8995
-9002
-8996
-8772
-8850
-8979
-8781
-9105
-8965
-8987
-9271
-9201
-9194
-8929
-9017
-9081
-9166
-8900
-8969
-9223
-8971
-8885
-9004
-8860
-9013
-9123
-9063
-9373
-9132
-9099
-9271
-9355
-9267
-9011
-9276
-9229
-8997
-9092
-8953
-8851
-8841
-8990
-8986
-8959
-8962
-8998
-8989
-9117
-9231
-9112
-9118
-8982
-8930
-8850
-9084
-9212
-8969
-8805
-8911
-8863
-8981
-9042
-9077
-9180
-9081
-9230
-8978
-9158
-9219
-9237
-9163
-9135
-9278
-9298
-9415
-9639
-9749
-9466
-9798
-9840
-9696
-9602
-9344
-9194
-9347
-9099
-9087
-9220
-9002
-9046
-9104
-9181
-9101
-9306
-9139
-9167
-9120
-9093
-9274
-9099
-9228
-9034
-9105
-9290
-9113
-9081
-9297
-9342
-9445
-9367
-9180
-9211
-9179
-9200
-9127
-9260
-8996
-8902
-9205
-9089
-9290
-9196
-9226
-9182
-8829
-9262
-9197
-9325
-9322
-9049
-9126
-8981
-8888
-9003
-8762
-9122
-8990
-9171
-9201
-8763
-9064
-8856
-9225
-8894
-9405
-9162
-9031
-9082
-8899
-9095
-8996
-9245
-8927
-9031
-8866
-9164
-9207
-8873
-9051
-9176
-9185
-9183
-9214
-9333
-8970
-9165
-9351
-9054
-9163
-9027
-9039
-9030
-9185
-9412
-9220
-9246
-9404
-9253
-9230
-9030
-9092
-9116
-9120
-9132
-9121
-9297
-8929
-8981
-9046
-9065
-9083
-9236
-9255
-9403
-9042
-8991
-9142
-8735
-9185
-9078
-9130
-9013
-9243
-9122
-9138
-9326
-9333
-9211
-9166
-9267
-8952
-9117
-8864
-9181
-9038
-9042
-9070
-8787
-8984
-8927
-9137
-9045
-9030
-9185
-9050
-9165
-9175
-9183
-9084
-9141
-9126
-9164
-9333
-9167
-9049
-9176
-9208
-8995
-9027
-9212
-9069
-9134
-9294
-9046
-9116
-9091
-9167
-9177
-9119
-9194
-9326
-9022
-9117
-8954
-9175
-9139
-9004
-9279
-8984
-9275
-8951
-9195
-9182
-9053
-9164
-9338
-9146
-8973
-9018
-9120
-9152
-9092
-9286
-9229
-9285
-9019
-9256
-9422
-9374
-9301
-9243
-9137
-9276
-9035
-9185
-9313
-9187
-9216
-9106
-9327
-9008
-9368
-9366
-9170
-9204
-9283
-9479
-9245
-9266
-9333
-9136
-9159
-9275
-9280
-9257
-9387
-9461
-9290
-9390
-9386
-9422
-9353
-9628
-9407
-9357
-9481
-9318
-9349
-9273
-9554
-9227
-9369
-9291
-9056
-9206
-9192
-9207
-9067
-9056
-9190
-9158
-9184
-9156
-8999
-9011
-8877
-9023
-9186
-9180
-9137
-9221
-9263
-9295
-9250
-9251
-9149
-9098
-9121
-9185
-9257
-9007
-9055
-9141
-9172
-9312
-9153
-9292
-9408
-9091
-9423
-9201
-9219
-9131
-9053
-9419
-9232
-9391
-9400
-9274
-9213
-9289
-9273
-9335
-9298
-9216
-9220
-9046
-9125
-9046
-8924
-8984
-8966
-9189
-9185
-9352
-9302
-9282
-9305
-9304
-9412
-9273
-9287
-9049
-9019
-9056
-9184
-9071
-9019
-9086
-9110
-9176
-9173
-9235
-9177
-9022
-9025
-9225
-9250
-9180
-9157
-8999
-9074
-9152
-9051
-9079
-9145
-9223
-9143
-9124
-9241
-9115
-8964
-9137
-9117
-9020
-8974
-9126
-9179
-8905
-8909
-8988
-8933
-8804
-8843
-9028
-8948
-8964
-9082
-9191
-9100
-8948
-8919
-8854
-8807
-8943
-8868
-8751
-9009
-8902
-8974
-9107
-8964
-9112
-9122
-9095
-9105
-9053
-9036
-8989
-9041
-8831
-8891
-8933
-8909
-9030
-9036
-9086
-8835
-8933
-9056
-8817
-8901
-8944
-8981
-8814
-8925
-8938
-8863
-8878
-8850
-8874
-8690
-8747
-8681
-8980
-8782
-8878
-8960
-8999
-9053
-8860
-8904
-8930
-8976
-8946
-9129
-8985
-9085
-8824
-8775
-8816
-8888
-8826
-8766
-9108
-8977
-8880
-9275
-9124
-9093
-8910
-8842
-9301
-8875
-8977
-8901
-9079
-8824
-8692
-9116
-8933
-8863
-8846
-8901
-9023
-8714
-8646
-8818
-8886
-8677
-8565
-8831
-8685
-8667
-8704
-9106
-8842
-8711
-8797
-8875
-8740
-8683
-8781
-8705
-8896
-8842
-8934
-8995
-8980
-8965
-8977
-8930
-8964
-8657
-8638
-8820
-8688
-8884
-8810
-8774
-8886
-8778
-8842
-8814
-8986
-8930
-8964
-9037
-8987
-9004
-9089
-8946
-9150
-9098
-8965
-8934
-8845
-9000
-8739
-8870
-8729
-8964
-8943
-9079
-8935
-9210
-9225
-9055
-9266
-8960
-9033
-8748
-8860
-8727
-8891
-9037
-9028
-9190
-9096
-8875
-9042
-9179
-9099
-9257
-9163
-9141
-9052
-9036
-9129
-9069
-8963
-9076
-9202
-9259
-9022
-9004
-9337
-9155
-9263
-9154
-9140
-8882
-8813
-9079
-9058
-9096
-9228
-9469
-9209
-9225
-9258
-9466
-9126
-9137
-9172
-9243
-9420
-9262
-9298
-9150
-9237
-9359
-9335
-9408
-9330
-9295
-9312
-9334
-9474
-9254
-9563
-9580
-9615
-9521
-9482
-9669
-9536
-9422
-9471
-9473
-9563
-9552
-9517
-9537
-9609
-9628
-9785
-9511
-9393
-9425
-9437
-9588
-9297
-9474
-9305
-9624
-9241
-9555
-9543
-9439
-9645
-9441
-9511
-9490
-9393
-9422
-9594
-9336
-9350
-9333
-9470
-9127
-9312
-9335
-9583
-9347
-9367
-9597
-9511
-9609
-9451
-9603
-9540
-9533
-9623
-9636
-9715
-9646
-9364
-9579
-9486
-9436
-9258
-9487
-9471
-9422
-9364
-9068
-9597
-9488
-9320
-9476
-9298
-9311
-9124
-9196
-9304
-9077
-9485
-9300
-9316
-9291
-9453
-9558
-9413
-9598
-9688
-9417
-9002
-9418
-9313
-9352
-9319
-9688
-9466
-9417
-9624
-9426
-9601
-9254
-9343
-9354
-9311
-9457
-9628
-9423
-9716
-9553
-9401
-9433
-9390
-9485
-9305
-9489
-9326
-9145
-9377
-9357
-9381
-9363
-9337
-9316
-9407
-9584
-9249
-9403
-9304
-9255
-9244
-9536
-9206
-9219
-9381
-9265
-9448
-9411
-9583
-9280
-9497
-9580
-9429
-8999
-9063
-9212
-9081
-8988
-9173
-9424
-9184
-9093
-9256
-9377
-9220
-9298
-9526
-9414
-9465
-9520
-9627
-9585
-9399
-9321
-9346
-9438
-9262
-9418
-9238
-9329
-9340
-9230
-9249
-9239
-9119
-9316
-9382
-9494
-9471
-9448
-9566
-9367
-9489
-9261
-9451
-9385
-9376
-9432
-9481
-9258
-9197
-9260
-9264
-9139
-9091
-9299
-9192
-9098
-9175
-9232
-9252
-9467
-9118
-9268
-9188
-9267
-9184
-9187
-9296
-9077
-9125
-9062
-9342
-9168
-9279
-9109
-9176
-9265
-9210
-9613
-9323
-9340
-9208
-9135
-9032
-8889
-9153
-9176
-9371
-9303
-9162
-9213
-9142
-9319
-9311
-9320
-9394
-8994
-9261
-9326
-9044
-9031
-9127
-9196
-8945
-9096
-9382
-9286
-9448
-9401
-9530
-9445
-9348
-9591
-9229
-9532
-9467
-9426
-9430
-9476
-9372
-9262
-9247
-9410
-9586
-9311
-9504
-9496
-9335
-9115
-9393
-9426
-9313
-9220
-9414
-9319
-9195
-9531
-9452
-9463
-9457
-9654
-9361
-9244
-9289
-9255
-9193
-9036
-9366
-9231
-9313
-9305
-9209
-9204
-9283
-9525
-9371
-9325
-9200
-9194
-9225
-9200
-9304
-9317
-9089
-9203
-9405
-9133
-9078
-9179
-9154
-9119
-9267
-9314
-9198
-9198
-9253
-9252
-9124
-9157
-9185
-9151
-9178
-9290
-9092
-9153
-9095
-9143
-9150
-8951
-9345
-9258
-9288
-9417
-9230
-9434
-9298
-9146
-9161
-8999
-9353
-9112
-9220
-8962
-9063
-9248
-9065
-9133
-9106
-9277
-8964
-9381
-9006
-9030
-9108
-9172
-9069
-9003
-9226
-8928
-8932
-8689
-9032
-8901
-9046
-9028
-9064
-9050
-8998
-9166
-8842
-9007
-8863
-9163
-9284
-9232
-9400
-9312
-9350
-9395
-9275
-9400
-9527
-9200
-9277
-9334
-9225
-9136
-9296
-9294
-9208
-9497
-9283
-9244
-9141
-9038
-9010
-8981
-9136
-8871
-8903
-8988
-9042
-9003
-9083
-9259
-9199
-9316
-9270
-9155
-9172
-8963
-9255
-9102
-8948
-9121
-8921
-9124
-9062
-8986
-8994
-9037
-8905
-8901
-8675
-8939
-8912
-9012
-8818
-8769
-9198
-8984
-9296
-8955
-9259
-8993
-9239
-9302
-8976
-9097
-9031
-9152
-8919
-9130
-8897
-8948
-8975
-9012
-8780
-8948
-9269
-9185
-9197
-9063
-9072
-8953
-9147
-8997
-8849
-8902
-8814
-9013
-9054
-8871
-9004
-9049
-9100
-9118
-8975
-9254
-9311
-9011
-9126
-9066
-9003
-9052
-8889
-9031
-8868
-9046
-8955
-8926
-8899
-8792
-9077
-8841
-9048
-8780
-8767
-8880
-8621
-8842
-8897
-8908
-9020
-8906
-9053
-8982
-8929
-9030
-8708
-8973
-8806
-8853
-9155
-8686
-8896
-9037
-9022
-9070
-8638
-8975
-8898
-8971
-9106
-8709
-8986
-8876
-8824
-8612
-8549
-8837
-8643
-8821
-8736
-8741
-8790
-8886
-8966
-8835
-8908
-8843
-8885
-8650
-8838
-8798
-8688
-8770
-8860
-8785
-8749
-8765
-8765
-8798
-8859
-8709
-8555
-8882
-8751
-8702
-8859
-8953
-8850
-8896
-8946
-9015
-8925
-8946
-8897
-8819
-8855
-8833
-9075
-9064
-8869
-8951
-8929
-9057
-8768
-8860
-8935
-8821
-9006
-8836
-9007
-8835
-9193
-8979
-8971
-9090
-8863
-8796
-8679
-8962
-8801
-8818
-9007
-8949
-8935
-8940
-9160
-9126
-8932
-8846
-8999
-8979
-8930
-8926
-8956
-9138
-9048
-9151
-8849
-9004
-9054
-8932
-8888
-9137
-9170
-9057
-9057
-9230
-9341
-9239
-9357
-9302
-9224
-9059
-9208
-9046
-9037
-8991
-9022
-9104
-8995
-9175
-9431
-9214
-9302
-9614
-9429
-9343
-9290
-9173
-9170
-9168
-9314
-9194
-9272
-9347
-9162
-9235
-9126
-9038
-9060
-9141
-9235
-9270
-9164
-9419
-9397
-9286
-9137
-9279
-9413
-9228
-9249
-9224
-9365
-9188
-9163
-9303
-9118
-9209
-9389
-9278
-9293
-9280
-9315
-9363
-9478
-9458
-9319
-9440
-9426
-9408
-9317
-9371
-9523
-9510
-9416
-9647
-9623
-9498
-9466
-9299
-9486
-9474
-9622
-9579
-9560
-9654
-9449
-9381
-9486
-9540
-9514
-9590
-9802
-9681
-9562
-9638
-9664
-9547
-9506
-9616
-9595
-9552
-9528
-9649
-9528
-9586
-9633
-9628
-9778
-9786
-9701
-9642
-9482
-9563
-9419
-9491
-9551
-9505
-9665
-9495
-9443
-9213
-9448
-9336
-9165
-9246
-9182
-8983
-9115
-9151
-9221
-9254
-9176
-9365
-9182
-9343
-9179
-9193
-9342
-9325
-9087
-9147
-9176
-9044
-9084
-9264
-9108
-9013
-9354
-9278
-9291
-9324
-9316
-9234
-9114
-9210
-9351
-9153
-9148
-9162
-9113
-9112
-9224
-9236
-9345
-9251
-9324
-9183
-9220
-9057
-8935
-9104
-9099
-9239
-9023
-9125
-9243
-9067
-9052
-9424
-9206
-9253
-9216
-9290
-9009
-9066
-9183
-9320
-9304
-9314
-9499
-9039
-9289
-9066
-8883
-9086
-9229
-9291
-9360
-9384
-9401
-9347
-9196
-9163
-9256
-9042
-9139
-9184
-9205
-9029
-9133
-9189
-9163
-9307
-9213
-9247
-8968
-8978
-9085
-9176
-9053
-8915
-9126
-9041
-8846
-9066
-8853
-9096
-9133
-9068
-9192
-9204
-9034
-9066
-9035
-9202
-9027
-8911
-9348
-9239
-9491
-9259
-9356
-9274
-9028
-9024
-9160
-9182
-9347
-9184
-9164
-8994
-9083
-9196
-8886
-9213
-9058
-9053
-8987
-9200
-9176
-9029
-9199
-9133
-8997
-9131
-9146
-9021
-9043
-9091
-9193
-9100
-9270
-9222
-9038
-9243
-9091
-9259
-9293
-9124
-9227
-9149
-9073
-9096
-8931
-8902
-8782
-8931
-9178
-9121
-9324
-9099
-9237
-9486
-9378
-9201
-9441
-9397
-9363
-9314
-9541
-9617
-9327
-9454
-9460
-9349
-9143
-9425
-9146
-9025
-9315
-9311
-9205
-9251
-9379
-9360
-9153
-9202
-9288
-9186
-9147
-9281
-9205
-9188
-9385
-9301
-9237
-9066
-9393
-9214
-9089
-9153
-9232
-9383
-9239
-9340
-9189
-9130
-9187
-9106
-9130
-9292
-9181
-9111
-9178
-9351
-9252
-9200
-9351
-9337
-9397
-9403
-9416
-9593
-9697
-9598
-9702
-9492
-9316
-9479
-9455
-9468
-9520
-9553
-9309
-9387
-9479
-9240
-9411
-9386
-9409
-9044
-9076
-9171
-9038
-9104
-9190
-9222
-8996
-9218
-9124
-9138
-9108
-9455
-9212
-9129
-9401
-9296
-9305
-9079
-9285
-9313
-9385
-9399
-9444
-9392
-9362
-9067
-9323
-9367
-9043
-9425
-9167
-9326
-9358
-9382
-9344
-9356
-9403
-9343
-9453
-9202
-9271
-9166
-9333
-9097
-9318
-9341
-9243
-9355
-9074
-9449
-9357
-9367
-9331
-9262
-9305
-9067
-9202
-9384
-9332
-9410
-9251
-9350
-9321
-9146
-9334
-9260
-9124
-9249
-9212
-9086
-9197
-9249
-9368
-9484
-9322
-9404
-9371
-9318
-9401
-9668
-9637
-9411
-9693
-9363
-9433
-9276
-9287
-9446
-9222
-9318
-9230
-9071
-9192
-9085
-9085
-9074
-9052
-9291
-8989
-9175
-9334
-9314
-9203
-9221
-9342
-9353
-9305
-9399
-9361
-9505
-9377
-9317
-9550
-9584
-9551
-9324
-9444
-9322
-9308
-9354
-9440
-9196
-9131
-9125
-9153
-9258
-9418
-9346
-9519
-9658
-9445
-9358
-9173
-9236
-8982
-9111
-9111
-9072
-9103
-9160
-9285
-9241
-9114
-9237
-9342
-9260
-9030
-9056
-9209
-9124
-9203
-9093
-9243
-9133
-9235
-9420
-9249
-9178
-9275
-9264
-9132
-9137
-9242
-9325
-9092
-9042
-9260
-9210
-8940
-9163
-9146
-9168
-8890
-8902
-8996
-8619
-9088
-8823
-9023
-9186
-8893
-9122
-9111
-8967
-8849
-8651
-8628
-8820
-8776
-8854
-8849
-8839
-8747
-8928
-9071
-9179
-9213
-9280
-9213
-9202
-9337
-9039
-9166
-8955
-9152
-9287
-8859
-8920
-8986
-8994
-8873
-8913
-9062
-9011
-9027
-8852
-8711
-8912
-8914
-8953
-8850
-8764
-8728
-8805
-8878
-8869
-9013
-9010
-8970
-8914
-8820
-8886
-8871
-8791
-9048
-8930
-9184
-8956
-8975
-9149
-8658
-8971
-8936
-8820
-8732
-8753
-8982
-8937
-8984
-9115
-8838
-8966
-9006
-8741
-8648
-8679
-8793
-8683
-8666
-8737
-8824
-8785
-8911
-8514
-8400
-8647
-8617
-8476
-8711
-8901
-8498
-8604
-8722
-8528
-8400
-8550
-8704
-8660
-8720
-8844
-8629
-8618
-8910
-8928
-8969
-8935
-9058
-9026
-8716
-9017
-8900
-8802
-8731
-8818
-9004
-8885
-9044
-9108
-9095
-9117
-9097
-9047
-9055
-8910
-9083
-9070
-9087
-8946
-9090
-9066
-9119
-9089
-9073
-8781
-8649
-8866
-8606
-8826
-8805
-8919
-8489
-8795
-8808
-8991
-8885
-9056
-9297
-8850
-9060
-9084
-9064
-8846
-9114
-8758
-8824
-8821
-8858
-8910
-8798
-8847
-8899
-8859
-8917
-9176
-8987
-8868
-8905
-9154
-9162
-9339
-9215
-9007
-9162
-9187
-9090
-9103
-9055
-9230
-9199
-9204
-9240
-9228
-9172
-9143
-9082
-8953
-9170
-9024
-9192
-8892
-8795
-8873
-8782
-8973
-9031
-9009
-8876
-8941
-9110
-9067
-9330
-9207
-9217
-9295
-8984
-9398
-9102
-9110
-9157
-9219
-9059
-9031
-9306
-8950
-8870
-9128
-9266
-8941
-8913
-8994
-9013
-8861
-9049
-9059
-9018
-8844
-9108
-9081
-8915
-9416
-9058
-9170
-9174
-9294
-9172
-9181
-9362
-9097
-9247
-9276
-9422
-9322
-9149
-9199
-9285
-9108
-9161
-9183
-9125
-9134
-9399
-9436
-9110
-9497
-9553
-9235
-9303
-9319
-9124
-9127
-9310
-9462
-9515
-9400
-9510
-9583
-9162
-9137
-9437
-9329
-9292
-9329
-9383
-9550
-9223
-9317
-9276
-9351
-9522
-9505
-9437
-9383
-9495
-9332
-9057
-9301
-9473
-9014
-9438
-9275
-9487
-9445
-9298
-9721
-9462
-9240
-9436
-9489
-9257
-9143
-9338
-9440
-9256
-9462
-9253
-9166
-9021
-9091
-9232
-9040
-9137
-9414
-9308
-9267
-9323
-9366
-9277
-9186
-9547
-9265
-9122
-9565
-9413
-9276
-9284
-9310
-9295
-9029
-9364
-9267
-9050
-9191
-9162
-9209
-9067
-9270
-9481
-9078
-9220
-9411
-9244
-9192
-9072
-9264
-9104
-9061
-9219
-9045
-9164
-9157
-9306
-9315
-9052
-9157
-9268
-9151
-9250
-9281
-9177
-9042
-9184
-9468
-9020
-9208
-9173
-9211
-9224
-9139
-9361
-8832
-8948
-9085
-8891
-8997
-8835
-8718
-8704
-8937
-9158
-8906
-9246
-9111
-9265
-8972
-8907
-9137
-8959
-9277
-9154
-9300
-9026
-9226
-9188
-9222
-9137
-9217
-9074
-8942
-9169
-9065
-9034
-8844
-9119
-8925
-9024
-8927
-9099
-9085
-8783
-8958
-9069
-9099
-9082
-9289
-9098
-9135
-9398
-9320
-9298
-9087
-9287
-9274
-9254
-9372
-9420
-9500
-9383
-9540
-9479
-9484
-9334
-9660
-9538
-9400
-9527
-9237
-9207
-9210
-9159
-9236
-9121
-9158
-9264
-9098
-9270
-9192
-9297
-9545
-9531
-9506
-9449
-9515
-9485
-9274
-9435
-9544
-9313
-9359
-9264
-9234
-9169
-9215
-9404
-9307
-9544
-9449
-9495
-9428
-9645
-9499
-9534
-9549
-9502
-9676
-9501
-9484
-9327
-9520
-9513
-9444
-9475
-9525
-9326
-9451
-9505
-9425
-9374
-9592
-9343
-9396
-9463
-9677
-9599
-9661
-9843
-9616
-9451
-9564
-9793
-9833
-9666
-9517
-9750
-9368
-9873
-9528
-9546
-9579
-9723
-9735
-9571
-9567
-9497
-9325
-9546
-9517
-9604
-9667
-9638
-9852
-9300
-9922
-9723
-9679
-9629
-9620
-9564
-9738
-9478
-9580
-9414
-9380
-9675
-9554
-9660
-9389
-9573
-9577
-9565
-9477
-9613
-9524
-9528
-9350
-9749
-9708
-9545
-9543
-9694
-9647
-9420
-9546
-9473
-9300
-9204
-9417
-9443
-9347
-9167
-9438
-9126
-9249
-9363
-9234
-9142
-9229
-9407
-9303
-9280
-9413
-9467
-9331
-9513
-9263
-9453
-9582
-9402
-9282
-9339
-9442
-9150
-9274
-9166
-8913
-9186
-9088
-9237
-9448
-9196
-9357
-9294
-9024
-8961
-9024
-9171
-9217
-9309
-9226
-9236
-9196
-8991
-9002
-9176
-9034
-9157
-9057
-8975
-9119
-9058
-9036
-8923
-9157
-9115
-8991
-9148
-9035
-8614
-8856
-8827
-8983
-8769
-9035
-9099
-8637
-8715
-8712
-9026
-8584
-8839
-9095
-8868
-8927
-8874
-8842
-8683
-8806
-8882
-8752
-8643
-8444
-8677
-8478
-8413
-8601
-8567
-8501
-8787
-8700
-8590
-8377
-8564
-8570
-8491
-8622
-8449
-8597
-8651
-8771
-8468
-8688
-8582
-8830
-8649
-8695
-8693
-8511
-8580
-8684
-8516
-8503
-8538
-8843
-8762
-8535
-9026
-8429
-8696
-8312
-8445
-8278
-8172
-8451
-8314
-8306
-8281
-8265
-8279
-8215
-8150
-8272
-8351
-8486
-8145
-8447
-8397
-8450
-8283
-8298
-8477
-8348
-8513
-8689
-8438
-8644
-8658
-8435
-8628
-8359
-8709
-8551
-8290
-8497
-8382
-8560
-8330
-8084
-8275
-8254
-8487
-8486
-8411
-8463
-8440
-8492
-8522
-8297
-8502
-8401
-8347
-8461
-8452
-8430
-8578
-8825
-8752
-8652
-8779
-8920
-8606
-8644
-8322
-8645
-8450
-8569
-8608
-8315
-8653
-8676
-8723
-8406
-8497
-8676
-8487
-8692
-8629
-8440
-8739
-8794
-8926
-8665
-8806
-8824
-8522
-8578
-8566
-8435
-8700
-8452
-8753
-8741
-8371
-8708
-8682
-8680
-8634
-8850
-8735
-8700
-8680
-8757
-8764
-8921
-8862
-8951
-9008
-8870
-8958
-8974
-8938
-9018
-8959
-9082
-8871
-8746
-8801
-8800
-8961
-8686
-8715
-8754
-9055
-8718
-9284
-9236
-8935
-8918
-8768
-8924
-8677
-8776
-8877
-8795
-8512
-8896
-9083
-8955
-8953
-9174
-8790
-8772
-9224
-9137
-9036
-9152
-8952
-9127
-8921
-8900
-8917
-8985
-9031
-8928
-9087
-8876
-9240
-9040
-9115
-8852
-8946
-8879
-8790
-8973
-8922
-8777
-9117
-9166
-9125
-9299
-9274
-9582
-9154
-9158
-9532
-9631
-9408
-9615
-9723
-9490
-9199
-9483
-9187
-9112
-9261
-9166
-8969
-9191
-9408
-9067
-9226
-9161
-9312
-8889
-9039
-9307
-8986
-9227
-9250
-9291
-9518
-9114
-9205
-9285
-9353
-9329
-9278
-9614
-9206
-9630
-9587
-9192
-9739
-9458
-9523
-9795
-9567
-9916
-9739
-9776
-9637
-9215
-9545
-9406
-9585
-9329
-9321
-9353
-9174
-9386
-9281
-9216
-9234
-9055
-9037
-9210
-9079
-9360
-9244
-9472
-9489
-9385
-9697
-9372
-9440
-9530
-9501
-9489
-9285
-9653
-9466
-9320
-9699
-9415
-9324
-9321
-9388
-9530
-9251
-9530
-9502
-9266
-9661
-9562
-9681
-9464
-9550
-9831
-9209
-9448
-9410
-9143
-9358
-9131
-9162
-8953
-8908
-9319
-9308
-9066
-9186
-9255
-9235
-9114
-9181
-9159
-9171
-9284
-9060
-9334
-9283
-9376
-9500
-9275
-9433
-9376
-9288
-9382
-9497
-9384
-9393
-9552
-9321
-9260
-9420
-9553
-9229
-9309
-9332
-9330
-9222
-9113
-9255
-9256
-9123
-9311
-9290
-8935
-9223
-9152
-9363
-9285
-9344
-9193
-9254
-9228
-9377
-9481
-9363
-9407
-9438
-9619
-9520
-9630
-9394
-9318
-9216
-9399
-9443
-9407
-9371
-9728
-9490
-9572
-9657
-9632
-9614
-9517
-9553
-9391
-9665
-9427
-9558
-9531
-9541
-9425
-9228
-9221
-9499
-9096
-9368
-9286
-9087
-9362
-9027
-9354
-9195
-9197
-9467
-9250
-9288
-9488
-9240
-9492
-9321
-9387
-9396
-9439
-9489
-9247
-9327
-9325
-9299
-9403
-9471
-9533
-9604
-9380
-9550
-9353
-9309
-9432
-9303
-9052
-9334
-9513
-9189
-9162
-9254
-9197
-9184
-9091
-9195
-9307
-9109
-9125
-9159
-9242
-9110
-9131
-9212
-9102
-8973
-9276
-9181
-9048
-8955
-9075
-9279
-8990
-9252
-9333
-9087
-9088
-9159
-9238
-9194
-9120
-9297
-9154
-9226
-9100
-9304
-9296
-9100
-9218
-9011
-9174
-9075
-8982
-9170
-9194
-8931
-8968
-9066
-9272
-9090
-9020
-9337
-9325
-9042
-9323
-9422
-9245
-9206
-9205
-9284
-9049
-9233
-9115
-9374
-9260
-9184
-9316
-9207
-9172
-9010
-9054
-9288
-9294
-9259
-9287
-9196
-9081
-9281
-9340
-9235
-9226
-9115
-9203
-9087
-9184
-9335
-9420
-9044
-9327
-9219
-9467
-9572
-9481
-9647
-9154
-9181
-9194
-9238
-9108
-9397
-9480
-9334
-9421
-9321
-9068
-9157
-9335
-9249
-9053
-9239
-8959
-8909
-8874
-9036
-9183
-8920
-9438
-9387
-9408
-9223
-9373
-9477
-9011
-9224
-9358
-9509
-9459
-9164
-9375
-9283
-9302
-9388
-9476
-9492
-9356
-9493
-9377
-9358
-9394
-9361
-9486
-9681
-9500
-9449
-9512
-9571
-9332
-9343
-9441
-9452
-9594
-9298
-9356
-9326
-9234
-9146
-9190
-9043
-9193
-9244
-9295
-9233
-8929
-9375
-9317
-9210
-9053
-9314
-9444
-9140
-9374
-9470
-9134
-9264
-9355
-9356
-9477
-9202
-9499
-9517
-9273
-9397
-9155
-9282
-9192
-8945
-9001
-9016
-8983
-8858
-9136
-8956
-8920
-9063
-9141
-8865
-8822
-8916
-9140
-9072
-8947
-9310
-9263
-9324
-9242
-9475
-9274
-9273
-9286
-9153
-9265
-9184
-9199
-9243
-9192
-9307
-9309
-9268
-9394
-9336
-9226
-9165
-9278
-9198
-8896
-9084
-9182
-9050
-9121
-9145
-9312
-9208
-9307
-9358
-9195
-9200
-9391
-9058
-9136
-9035
-9138
-9259
-9091
-9199
-8979
-9165
-8994
-9143
-9168
-9335
-9307
-9263
-9310
-9226
-9007
-9018
-9021
-9011
-9129
-8953
-9193
-9144
-9048
-9019
-9085
-9117
-9133
-9106
-9177
-9066
-8873
-9020
-9167
-9070
-9022
-8925
-8915
-8832
-8828
-8874
-8980
-8953
-8787
-9077
-8923
-8957
-9016
-8843
-8814
-8859
-9100
-8987
-8931
-9099
-8969
-9206
-9153
-9104
-9131
-8910
-9004
-9052
-8842
-8985
-9074
-9061
-9093
-9047
-9025
-8829
-9074
-8869
-8823
-8979
-8803
-8787
-8876
-8700
-8854
-8718
-8708
-8683
-8734
-8911
-8777
-8931
-8736
-8711
-8672
-8853
-8862
-9057
-8810
-8836
-8802
-8809
-8752
-8647
-8932
-8918
-9012
-8848
-8951
-8841
-8854
-8729
-8655
-8620
-8665
-8581
-8611
-8603
-8804
-8953
-8848
-8865
-8720
-8733
-8784
-8891
-8666
-8866
-8677
-8612
-8618
-8803
-8880
-8587
-8791
-8635
-8677
-8664
-8613
-8838
-8582
-8676
-8851
-8538
-8748
-8434
-8744
-8650
-8609
-8825
-8627
-8877
-8533
-8697
-8726
-8949
-8752
-8882
-8817
-8537
-8860
-8774
-8765
-8554
-8767
-8540
-8845
-8735
-8467
-8717
-8541
-8729
-8618
-8729
-8601
-8484
-8140
-8298
-8458
-8389
-8721
-8781
-8708
-8840
-8953
-8871
-9098
-8910
-9023
-8920
-8862
-8935
-8794
-8640
-8701
-8775
-8834
-8823
-8784
-8838
-8770
-8673
-8661
-8868
-8740
-8802
-8766
-8913
-8865
-8686
-8770
-8771
-8812
-8758
-9070
-8893
-8777
-8858
-8874
-9035
-8850
-8877
-8784
-8936
-8858
-8870
-8891
-8821
-8700
-8923
-8790
-8777
-8854
-8930
-9113
-8701
-9100
-8835
-8897
-8608
-8623
-8708
-8692
-8762
-8826
-8991
-8843
-9153
-8964
-8991
-8932
-8974
-8959
-8962
-8960
-8824
-8993
-8927
-8851
-9091
-8830
-8793
-8722
-8752
-8892
-8762
-8988
-8872
-8992
-8941
-8911
-9201
-9180
-8995
-8927
-9096
-9086
-8890
-9029
-9051
-9060
-9105
-9191
-9226
-8864
-8970
-8852
-9066
-9084
-8940
-9185
-8864
-9095
-9052
-8925
-8931
-8827
-8997
-8722
-8733
-8839
-9105
-9073
-9163
-9385
-9230
-9321
-9319
-9471
-9347
-9649
-9603
-9519
-9335
-9335
-9388
-8964
-9197
-9286
-9082
-9012
-9086
-9012
-8899
-8797
-8955
-8856
-9006
-9118
-9153
-9204
-9311
-9329
-9350
-9277
-9323
-9535
-9304
-9384
-9382
-9468
-9309
-9082
-9077
-9071
-9148
-9162
-9280
-9151
-9054
-9328
-9153
-9203
-9269
-9156
-9133
-9098
-9198
-9153
-9093
-9058
-9058
-9127
-9216
-9245
-9209
-9165
-9089
-9149
-9044
-9003
-8976
-8905
-8869
-8695
-8918
-8654
-8529
-8550
-8750
-8666
-8630
-8972
-9042
-8708
-8672
-8956
-8925
-8919
-8895
-9214
-9018
-9125
-8949
-9199
-9164
-8917
-9128
-9011
-9123
-9207
-9142
-9192
-9267
-9209
-9251
-9046
-9168
-9037
-9053
-9111
-9064
-8995
-8918
-8917
-8958
-8775
-8867
-8898
-8780
-8868
-8857
-8905
-9059
-9150
-8993
-9204
-9059
-8890
-9160
-9283
-9071
-9250
-9319
-9259
-9215
-9221
-9295
-9257
-9182
-9210
-9185
-9120
-9187
-9177
-9192
-9113
-9179
-9192
-9300
-9246
-9038
-9136
-9108
-9153
-9246
-9169
-9159
-9139
-9216
-9229
-9231
-9234
-9292
-9110
-9383
-9462
-9154
-9145
-9149
-9275
-9219
-9182
-9166
-9104
-9235
-9246
-9222
-9434
-9259
-9334
-9119
-9119
-9451
-9312
-9260
-9236
-9263
-9194
-9257
-9304
-9238
-9095
-9214
-9292
-9143
-9308
-9259
-9332
-9152
-9233
-9460
-9214
-9372
-9427
-9360
-9226
-9243
-9399
-9135
-9070
-9168
-9019
-9136
-9126
-9243
-9276
-9389
-9513
-9266
-9336
-9482
-9410
-9315
-9226
-9393
-9328
-9329
-9556
-9377
-9468
-9512
-9509
-9396
-9310
-9493
-9459
-9143
-9339
-9487
-9214
-9095
-9083
-9192
-9209
-9224
-9515
-9290
-9155
-9326
-9130
-9117
-9108
-9199
-9227
-9128
-9345
-9449
-9249
-9249
-9348
-9520
-9197
-9311
-9134
-8920
-9217
-9181
-9330
-9203
-9296
-9338
-9186
-9263
-9294
-9345
-9431
-9524
-9513
-9319
-9440
-9486
-9310
-9341
-9413
-9402
-9441
-9363
-9601
-9334
-9178
-9384
-9111
-9134
-9046
-9040
-9107
-9002
-9096
-9252
-9411
-9289
-9109
-9242
-9037
-9081
-9207
-9354
-9266
-9231
-9350
-9223
-9302
-9268
-9198
-9384
-9474
-9332
-9433
-9386
-9269
-9225
-9128
-9212
-9216
-9154
-9137
-9049
-9067
-8967
-9178
-9178
-8801
-8897
-9077
-9175
-9234
-9253
-9140
-9077
-9136
-9120
-9036
-8923
-9040
-8950
-8905
-8923
-9105
-9065
-8769
-9126
-9298
-9171
-9125
-9248
-9109
-9042
-9009
-9126
-8995
-8961
-8968
-8877
-9100
-9101
-8985
-8827
-9054
-8907
-8833
-8864
-9082
-9025
-8895
-9076
-9140
-9248
-8929
-9193
-9295
-9054
-9059
-9196
-9099
-8906
-8938
-8804
-9037
-8928
-9077
-9173
-8976
-9022
-8901
-8916
-8875
-8847
-8934
-8944
-9017
-8966
-8839
-9132
-8961
-8964
-8886
-8907
-9079
-9013
-9115
-9019
-8997
-8895
-8911
-9019
-8958
-8790
-9148
-9172
-8923
-8924
-8870
-8909
-8708
-8754
-8720
-8740
-8723
-8686
-8830
-8916
-8764
-8898
-9027
-8893
-9016
-9007
-9196
-8993
-8970
-9031
-8952
-9020
-9086
-8801
-8958
-8976
-8966
-8796
-8771
-9003
-8758
-8945
-9030
-9078
-8878
-8937
-9004
-8823
-8525
-8800
-8758
-8835
-8759
-9063
-9043
-8880
-9053
-8775
-8822
-8864
-8904
-8846
-9018
-8995
-8988
-8882
-9041
-8866
-8994
-8954
-8734
-8555
-8598
-8623
-8912
-8837
-8655
-8920
-8683
-8947
-8879
-8923
-8926
-8823
-8870
-8823
-9045
-9312
-9181
-9079
-9165
-9126
-8891
-8940
-9142
-8995
-9027
-9018
-9035
-9091
-8948
-8937
-8850
-8717
-8619
-8826
-8570
-8730
-8768
-8846
-8890
-8761
-8936
-8681
-8842
-8791
-8778
-8888
-9000
-8893
-8889
-8768
-8869
-8785
-8943
-9017
-8788
-8944
-9009
-8917
-8745
-8837
-8890
-8774
-8801
-8914
-8983
-8995
-8814
-8930
-8686
-8739
-8805
-8635
-8674
-8659
-8661
-8754
-8614
-8872
-8787
-8569
-8802
-8816
-8847
-8824
-8947
-8768
-8742
-8686
-8824
-8678
-8485
-8701
-8799
-8589
-8443
-8615
-8626
-8570
-8614
-8740
-8638
-8635
-8912
-8936
-8842
-8685
-8962
-8851
-8487
-8976
-8931
-8848
-8712
-8956
-8980
-8617
-8603
-8651
-8612
-8473
-8616
-8633
-8598
-8490
-8486
-8555
-8543
-8529
-8633
-8658
-8870
-8690
-8602
-8803
-8794
-8705
-8709
-8921
-8845
-8817
-8737
-8937
-8963
-8806
-8923
-9065
-9040
-8881
-8998
-8965
-8987
-8903
-8875
-8884
-8688
-8763
-8778
-8772
-8775
-8549
-8567
-8755
-8605
-8704
-8856
-9002
-8896
-8842
-8950
-8807
-8791
-8671
-8828
-8872
-8705
-8736
-8911
-8852
-8693
-8851
-8877
-8787
-8779
-8861
-8915
-8957
-9014
-9023
-9000
-9039
-9217
-9154
-9065
-9005
-8997
-9066
-8835
-8790
-8975
-9210
-9183
-9098
-9237
-9310
-9171
-9160
-9244
-9070
-9088
-9042
-8943
-9041
-9100
-8918
-9090
-9169
-9223
-9324
-9374
-9193
-9074
-9306
-9087
-9039
-8914
-9065
-9203
-9386
-9305
-9292
-9311
-9304
-9198
-9269
-9461
-9376
-9506
-9254
-9359
-9092
-9035
-9006
-9129
-9160
-9181
-9320
-9233
-9400
-9230
-9173
-8955
-8919
-9070
-9009
-9044
-9092
-9149
-9138
-9036
-9096
-9054
-9162
-9154
-9201
-9351
-9297
-9185
-9170
-9138
-9106
-9187
-9094
-9084
-9055
-9163
-9101
-9104
-9121
-8944
-8980
-8969
-8980
-9014
-8884
-8957
-8968
-8928
-9064
-9081
-9097
-9011
-9200
-9194
-9006
-9079
-9059
-9150
-9227
-9264
-9364
-9324
-9241
-9242
-9084
-9109
-9116
-9218
-9275
-9017
-9149
-9049
-9017
-9049
-8889
-9046
-9048
-8880
-8895
-8909
-8925
-8840
-8904
-8931
-8990
-9158
-9099
-9142
-9171
-9217
-9162
-9123
-9198
-8997
-8804
-9003
-9069
-9056
-8910
-9122
-9053
-8828
-8981
-9012
-9025
-8829
-8982
-8882
-8883
-9041
-8971
-9067
-8947
-8956
-8987
-8994
-8977
-8977
-9085
-9045
-9234
-9055
-9179
-9166
-9163
-9075
-9007
-9154
-8990
-9191
-9094
-9204
-8964
-8922
-9006
-8924
-8907
-8763
-8849
-9102
-9028
-8918
-9109
-9029
-9033
-9074
-9063
-9034
-9068
-9023
-8962
-8971
-9094
-9309
-9013
-8934
-9106
-9079
-9102
-9040
-9086
-9104
-9128
-9127
-9244
-9176
-9132
-9237
-8998
-9135
-9125
-8758
-9065
-9056
-9159
-9022
-9054
-9332
-9245
-9269
-9284
-9350
-9205
-9309
-9050
-9143
-8932
-8863
-8911
-8819
-8717
-8764
-8912
-8783
-8958
-8797
-8834
-8914
-8812
-8899
-9041
-9071
-8966
-8949
-9142
-8865
-9020
-8958
-8861
-8997
-8768
-9076
-8871
-8846
-9086
-8848
-8957
-8880
-8865
-8755
-8736
-8967
-8907
-8875
-8943
-9010
-8958
-8993
-8920
-8775
-8722
-9002
-9041
-8903
-8795
-8878
-9119
-9001
-9007
-9073
-8863
-9054
-9029
-9033
-8866
-8760
-9097
-8752
-8886
-9060
-8917
-9015
-8949
-8872
-9060
-8926
-8949
-9015
-9202
-9146
-8878
-8723
-8636
-8907
-8931
-9013
-9045
-9002
-8984
-9009
-9188
-9293
-9050
-9134
-9135
-9043
-9053
-9002
-9112
-9040
-8987
-8917
-9022
-9020
-8804
-8815
-8916
-8884
-8867
-9042
-8971
-9107
-8998
-8969
-8999
-9075
-9274
-8909
-9245
-9082
-8878
-9105
-8844
-8898
-9016
-9072
-9141
-9089
-9121
-9043
-8887
-9119
-8930
-8912
-8931
-8842
-9019
-8814
-9109
-8800
-8973
-9124
-9133
-9251
-9041
-9403
-9076
-8995
-9226
-9200
-9066
-9175
-9149
-9197
-8866
-9142
-9182
-8854
-9045
-9133
-9142
-8959
-9034
-9245
-8935
-8941
-9182
-8756
-9055
-8868
-9214
-8934
-8959
-9260
-9065
-9529
-9361
-9542
-9376
-9175
-9350
-9257
-9298
-9354
-9161
-9304
-9329
-9175
-9195
-9118
-9147
-9022
-9045
-9243
-8896
-8897
-8795
-8907
-8916
-8940
-9275
-9077
-9102
-9102
-9150
-9178
-9099
-9152
-9113
-8986
-9042
-9046
-9079
-9107
-9136
-9306
-9251
-9092
-9226
-9359
-9246
-9230
-9479
-9363
-9126
-9338
-9400
-9129
-9085
-9039
-9025
-9015
-9167
-9362
-9067
-9213
-9205
-9067
-9146
-9336
-9290
-9171
-9427
-9289
-9210
-9191
-9243
-9314
-9202
-9320
-9277
-9387
-9293
-9285
-9372
-9089
-9141
-9063
-9227
-9074
-9108
-9170
-9043
-9100
-9080
-9251
-9310
-9237
-9194
-9487
-9366
-9351
-9368
-9312
-9324
-9329
-9336
-9316
-9196
-9034
-9005
-9148
-9034
-9154
-9328
-9079
-9185
-9173
-9196
-9179
-9255
-9162
-9192
-9291
-9525
-9149
-9191
-9361
-9312
-9382
-9121
-9430
-9105
-9197
-9501
-9255
-9197
-9274
-9246
-9318
-9118
-9316
-9323
-9142
-9280
-9253
-9296
-9095
-9082
-9121
-8999
-9156
-9134
-9042
-9173
-9192
-9171
-8935
-9029
-9057
-8934
-9075
-9140
-9204
-9317
-9255
-9410
-9417
-9334
-9331
-9302
-9217
-9236
-9205
-9133
-9337
-9339
-9187
-9208
-9232
-9231
-9333
-9365
-9301
