03181754.PTO
MINZ
2012/03/18 17:54:28.8800
100.0000 m/s  
4730 muestras
233
243
239
224
214
211
227
226
241
236
233
234
217
222
237
251
239
232
223
241
235
258
237
253
237
228
226
235
216
221
220
215
213
208
233
224
241
223
221
212
236
238
237
237
225
232
226
262
245
254
256
251
225
232
235
243
230
222
225
201
195
198
206
206
235
205
214
184
198
191
218
202
193
181
195
212
217
215
223
238
213
220
212
230
228
239
229
208
200
207
218
231
229
221
237
214
241
235
251
238
243
225
215
223
223
217
223
213
203
211
222
235
219
238
233
231
213
223
222
220
230
229
222
215
241
239
254
245
248
214
215
221
221
219
237
230
212
222
228
248
242
253
235
221
220
228
230
230
223
225
206
197
213
218
227
228
235
204
217
219
239
236
251
248
241
243
251
258
255
267
231
234
207
216
209
225
217
234
203
211
222
227
229
231
234
213
201
217
223
210
217
205
182
177
197
215
221
220
220
217
213
246
233
245
232
245
229
235
233
242
262
263
243
234
229
229
239
233
237
219
219
217
227
225
232
224
226
199
202
218
217
225
209
221
186
190
197
236
229
246
235
217
201
223
247
242
253
239
245
224
234
236
246
245
266
244
248
253
265
250
246
244
209
213
208
244
227
249
235
235
232
252
246
233
237
229
221
219
238
243
252
243
238
214
234
232
241
255
261
247
241
249
256
267
259
259
247
230
221
243
248
261
249
252
230
216
225
231
241
234
245
215
216
208
221
207
227
217
207
205
211
229
205
215
198
189
186
210
225
251
247
245
225
230
242
265
266
272
266
248
264
255
263
249
263
246
252
241
255
244
237
212
181
161
143
155
159
164
149
152
108
121
114
124
123
127
116
118
133
151
184
201
225
227
275
290
329
339
363
363
360
357
353
357
365
364
342
334
305
302
277
280
229
205
179
157
129
116
111
88
78
58
62
64
89
96
119
133
137
157
193
233
260
292
313
335
345
383
403
428
415
405
373
364
331
314
284
251
219
170
141
113
107
81
88
57
49
27
31
32
48
67
61
72
82
131
173
228
271
316
347
389
397
433
439
457
437
420
389
364
355
336
316
279
252
203
171
133
113
69
43
-9
-39
-59
-62
-57
-62
-22
-8
58
76
136
166
209
235
264
286
321
356
393
434
473
489
507
549
551
557
519
497
441
396
342
292
244
210
174
143
117
96
93
79
75
37
33
13
13
8
18
23
17
31
49
94
129
178
215
241
245
273
297
327
347
357
371
385
394
415
425
427
426
387
364
333
329
308
295
271
245
215
205
200
208
197
182
200
183
195
184
191
160
149
128
91
83
105
115
123
149
146
165
173
213
212
240
248
251
221
223
223
216
219
227
236
244
267
282
315
319
334
328
315
296
291
278
289
277
279
274
264
294
300
324
309
319
290
287
266
261
220
216
207
171
167
174
193
187
213
199
199
176
173
169
159
146
133
109
106
126
144
181
203
227
206
237
245
287
277
283
260
248
254
288
298
294
319
318
319
307
321
303
287
257
230
185
169
152
148
127
117
112
107
117
119
154
161
165
159
161
156
178
186
184
195
206
242
259
319
343
369
368
391
360
340
329
321
299
291
263
234
229
231
241
217
218
205
180
155
146
128
116
99
82
58
70
89
111
151
175
217
213
241
265
317
297
317
308
307
306
328
347
351
377
359
362
348
355
341
321
301
279
233
210
174
155
143
134
141
129
158
167
194
185
193
169
181
166
162
153
157
149
146
165
159
207
242
269
265
273
256
258
261
269
253
260
257
241
243
252
274
264
270
253
237
214
222
213
197
181
157
140
125
151
159
182
193
224
215
248
255
284
268
266
234
228
225
226
244
251
270
269
298
285
291
297
299
273
249
223
203
201
187
188
149
143
147
168
163
175
160
169
148
155
133
152
168
183
199
207
238
234
269
273
287
283
304
285
299
288
290
260
243
231
208
220
240
252
236
255
237
238
219
225
193
184
179
147
139
147
159
167
192
193
194
193
221
219
239
220
213
197
205
207
211
233
241
260
252
273
266
296
288
297
274
263
241
233
237
223
220
205
209
208
230
237
269
264
261
238
241
220
215
203
197
193
180
189
203
219
233
249
261
262
225
238
248
255
242
226
220
219
242
238
252
259
299
285
298
289
310
303
304
281
233
225
226
239
226
225
215
218
225
224
199
215
201
198
180
163
169
169
177
169
176
176
203
215
251
272
299
293
288
279
278
282
287
289
273
262
246
275
270
289
267
270
263
261
257
242
223
213
201
172
158
155
181
182
204
197
204
211
217
219
207
206
211
211
211
222
232
249
251
282
259
274
267
266
252
247
244
221
222
217
211
192
210
207
204
196
201
198
195
190
174
157
161
173
163
176
176
195
186
223
220
264
272
281
272
265
257
247
251
235
236
232
242
224
253
250
261
251
253
232
226
226
225
224
213
208
172
191
188
221
200
213
216
216
217
221
236
229
222
211
199
184
201
208
229
216
228
229
242
257
259
246
258
227
201
209
210
225
211
221
209
204
209
243
237
236
238
237
223
206
211
208
209
207
209
196
225
217
265
250
255
241
239
231
235
236
226
219
217
219
207
236
245
258
248
242
228
229
233
225
197
180
188
151
174
174
195
201
225
208
211
217
241
243
243
255
241
233
223
244
235
256
263
269
247
272
291
313
303
292
274
243
245
226
225
211
218
202
217
214
225
222
233
237
217
205
188
193
185
202
169
170
159
188
189
222
229
237
225
227
225
227
236
231
239
218
232
227
257
255
258
274
275
266
264
279
268
255
236
219
173
186
187
215
217
231
227
226
219
220
213
201
195
165
178
179
185
188
205
195
188
195
224
244
264
264
268
251
239
247
225
241
236
250
242
258
257
273
269
271
260
251
248
246
256
253
246
213
209
194
207
213
223
223
235
226
209
207
219
219
213
215
209
223
227
249
253
263
249
248
236
240
240
229
235
227
215
201
217
207
217
220
238
223
229
230
235
234
233
243
222
215
203
220
221
230
217
223
223
234
238
243
245
236
236
226
239
225
239
224
219
218
225
220
237
244
252
251
243
237
223
234
215
225
201
199
189
203
199
222
215
229
242
258
263
246
249
247
250
212
214
210
231
229
251
241
233
233
242
249
220
224
205
198
169
195
190
221
214
224
201
209
216
221
233
227
220
199
199
197
205
200
216
198
212
224
239
242
251
255
242
247
249
256
237
251
234
243
211
228
211
215
226
237
223
211
211
216
224
211
212
218
224
219
245
247
247
253
255
237
217
227
227
242
234
241
207
200
204
218
207
227
231
217
223
231
237
241
239
210
203
191
211
197
213
219
233
223
229
239
235
244
228
244
206
202
196
211
198
219
195
204
208
228
243
246
257
242
237
227
240
231
227
215
214
203
217
224
223
231
227
247
229
235
231
258
246
247
224
215
191
203
213
225
222
226
224
217
234
207
205
199
211
172
197
199
213
201
223
229
206
208
215
231
220
231
215
212
196
214
206
223
234
239
238
243
267
271
266
266
259
233
253
247
270
243
259
253
248
234
233
235
247
252
241
237
227
231
223
225
191
187
171
179
187
206
215
228
237
223
229
232
261
247
262
254
255
243
253
257
247
257
269
263
247
259
250
235
211
209
173
187
195
210
213
211
224
207
223
222
221
206
235
234
229
205
226
234
238
230
209
218
221
238
244
246
235
243
239
247
229
239
223
221
209
202
201
207
219
219
220
207
211
197
217
221
224
207
223
200
211
213
232
245
238
250
241
252
259
271
256
265
260
261
236
247
245
243
244
233
227
220
242
232
237
218
227
195
199
192
194
190
207
210
208
223
233
256
246
256
225
219
229
245
239
250
235
227
217
215
231
239
251
237
241
230
235
238
260
238
225
216
221
206
211
223
219
217
217
227
195
217
212
223
204
197
190
199
218
221
228
230
246
221
232
223
241
230
233
204
207
186
195
210
221
209
198
215
200
217
216
233
235
237
222
233
233
246
237
233
217
211
232
233
249
243
255
238
227
221
212
235
233
229
221
222
225
239
245
256
235
228
226
238
229
237
224
221
211
221
219
221
240
226
233
225
250
237
267
253
246
226
227
203
213
218
220
242
233
245
226
261
264
277
265
270
235
243
249
251
241
224
223
201
208
211
229
225
225
208
200
192
208
203
201
211
212
204
202
212
206
221
215
225
206
221
215
232
228
227
212
206
236
233
252
250
268
263
277
273
267
256
277
266
263
245
241
246
246
246
229
227
215
232
225
235
223
228
226
211
207
196
217
213
216
214
217
205
223
215
217
216
227
217
211
209
218
223
233
237
221
217
236
255
248
259
233
231
220
230
235
231
242
239
239
215
229
219
225
211
215
200
206
204
207
200
205
206
200
211
197
212
217
237
233
231
227
242
236
239
231
231
235
239
239
231
236
237
245
231
243
221
234
221
220
212
211
221
211
227
210
226
223
222
207
240
250
244
237
245
225
233
247
241
236
222
222
208
216
211
210
199
221
203
210
210
196
200
195
206
187
191
206
225
227
233
217
247
229
232
211
220
227
213
220
205
213
211
226
215
223
221
235
223
245
239
235
242
239
223
212
218
213
209
203
217
208
220
211
221
214
214
223
217
213
199
203
200
220
209
211
217
243
245
253
251
257
253
253
259
258
257
258
262
246
250
251
265
253
247
236
236
237
238
236
236
225
210
194
169
177
167
207
180
195
179
197
189
201
205
196
212
217
233
234
239
242
256
253
259
257
267
275
270
269
255
269
268
270
263
251
232
247
228
243
221
232
221
229
213
206
184
183
191
197
202
187
193
191
216
216
219
220
227
234
224
228
216
242
236
241
227
233
230
239
234
257
249
261
261
251
255
253
260
247
243
231
239
221
235
202
212
201
213
194
200
208
195
199
196
203
197
222
219
229
239
259
264
277
275
266
271
282
291
279
283
271
271
249
248
214
227
211
227
227
222
212
202
199
175
185
170
173
159
182
184
203
203
210
210
196
206
214
217
236
251
257
283
279
286
263
275
277
274
263
271
269
264
258
245
230
210
195
185
185
178
192
175
184
174
172
173
181
193
187
194
189
205
191
207
203
213
224
234
242
256
269
255
252
263
276
271
269
258
277
255
263
248
271
259
253
239
248
229
225
221
210
217
193
186
169
175
172
186
186
201
193
192
202
216
219
215
227
223
229
225
242
242
278
273
283
261
262
271
262
260
245
251
221
220
205
213
200
211
196
206
209
220
213
215
223
213
221
205
223
208
233
216
227
218
225
241
246
259
250
259
247
249
255
273
251
259
247
249
237
251
255
262
259
245
217
207
215
188
190
194
191
161
174
176
179
181
203
199
196
218
228
230
222
233
219
232
226
243
240
249
250
263
261
258
253
250
252
244
252
239
243
239
244
224
221
204
195
188
193
207
212
214
201
197
174
194
194
209
205
215
202
219
210
220
221
225
247
251
246
253
268
256
274
267
249
238
253
255
255
248
239
247
239
247
222
214
202
203
192
206
182
197
191
194
189
171
189
195
210
209
220
213
215
214
226
216
223
220
226
232
237
241
241
244
231
243
237
241
241
255
240
233
235
229
229
230
238
219
223
206
213
203
217
193
209
188
209
203
213
222
225
231
213
228
211
218
218
232
207
214
208
207
200
211
201
200
213
208
209
197
219
211
221
213
235
227
230
234
243
257
253
247
246
246
225
242
234
241
220
229
221
237
237
244
230
235
235
220
227
224
237
221
235
219
213
213
242
224
230
228
233
231
233
237
227
243
249
262
257
282
275
291
271
266
252
254
252
270
271
256
255
238
239
228
235
229
243
219
224
214
215
223
202
203
193
199
191
204
195
214
209
225
221
215
215
224
238
241
243
240
242
242
263
253
255
237
245
247
252
256
257
253
247
244
222
215
214
229
215
213
199
204
195
216
194
194
204
211
223
227
231
223
233
218
233
219
234
233
233
218
219
218
228
237
233
248
233
244
228
243
227
245
233
241
215
227
232
239
241
242
247
240
249
227
227
219
232
212
217
205
195
195
209
203
206
205
212
226
209
219
213
223
211
224
205
213
237
240
235
236
228
223
239
240
252
244
262
251
247
236
246
238
241
244
239
240
238
255
237
237
228
235
224
232
207
218
225
223
212
203
211
201
213
218
198
185
205
200
208
199
199
186
201
195
187
184
187
197
189
206
207
224
229
243
226
231
223
237
237
238
241
233
239
235
247
248
254
246
247
232
223
205
215
201
199
199
189
203
195
213
201
231
223
236
230
231
243
243
247
256
250
247
250
255
259
255
273
260
271
266
272
266
271
261
239
237
240
239
233
229
215
221
195
221
206
207
190
185
162
162
176
189
193
203
220
212
251
251
260
251
259
246
255
254
248
255
261
279
270
264
265
273
269
275
249
247
230
233
228
235
219
207
219
196
195
191
210
203
215
200
199
194
203
204
205
205
218
218
223
233
231
243
245
252
228
234
239
255
251
249
245
226
232
224
239
221
237
209
221
203
221
210
229
210
209
190
192
210
209
208
209
217
213
222
213
229
226
226
221
218
218
227
229
223
218
219
250
243
250
249
260
240
243
237
218
218
225
221
209
210
193
207
210
222
201
207
201
206
201
207
208
195
217
220
223
215
232
220
241
229
236
224
239
234
234
223
221
207
201
200
189
200
197
200
193
196
196
220
225
229
224
226
226
213
219
221
225
228
241
236
237
237
248
251
243
230
229
230
224
230
232
238
225
237
205
219
203
221
214
223
225
217
213
226
206
199
223
215
226
221
237
234
229
229
245
252
268
274
272
271
261
265
253
268
246
259
251
253
237
251
248
255
249
243
234
232
235
213
223
215
225
219
221
197
206
197
211
198
206
216
205
227
243
251
244
256
259
273
268
278
263
267
256
258
240
244
252
243
233
219
237
216
226
209
209
197
201
198
198
202
203
207
186
198
185
191
198
227
219
231
236
247
243
260
255
272
261
259
262
242
235
229
229
219
222
210
228
213
220
228
223
223
242
238
214
221
221
221
215
221
203
205
204
213
201
197
207
203
213
220
225
202
211
209
221
210
230
245
251
244
243
243
241
257
239
247
225
242
235
237
228
238
225
235
228
230
227
231
241
210
213
213
227
211
220
222
237
233
238
245
239
241
232
241
202
216
234
241
231
235
219
221
209
219
210
203
207
199
207
203
214
197
221
212
225
213
245
241
245
259
255
254
245
241
229
232
223
226
207
217
211
229
218
228
214
217
229
233
237
221
226
231
236
236
233
237
254
240
257
250
252
264
262
265
244
252
240
241
225
223
210
228
225
230
211
223
221
210
210
208
214
199
214
197
204
196
207
200
219
215
228
222
215
227
217
233
236
253
237
261
245
259
241
250
236
224
228
231
229
232
242
238
246
225
233
216
223
205
220
217
220
228
232
228
217
232
242
241
237
242
226
235
228
237
217
225
211
212
203
221
221
213
252
233
237
226
251
237
249
237
236
227
224
233
215
211
207
211
196
215
203
234
217
221
217
219
220
219
219
210
218
217
221
210
205
206
224
214
232
217
237
239
249
244
232
236
230
233
230
243
215
231
212
212
189
205
197
205
206
205
199
205
211
214
218
213
213
195
218
240
231
219
224
229
224
225
248
253
241
250
245
254
252
260
248
255
253
254
245
239
245
239
251
237
223
215
223
208
225
214
229
220
217
213
207
227
235
248
238
237
214
243
229
231
201
211
198
212
220
218
236
240
233
223
225
227
247
241
259
239
243
227
238
227
225
223
211
219
205
226
216
227
225
224
207
217
210
218
223
220
215
219
210
224
230
219
246
220
227
213
229
225
228
227
223
220
223
231
229
243
224
227
212
217
192
198
183
184
169
173
188
178
193
199
195
190
209
205
233
237
252
252
267
256
259
257
262
253
239
248
229
236
229
246
223
239
223
225
223
232
235
246
237
220
215
207
217
196
213
207
207
198
215
209
220
207
217
218
217
213
203
215
202
229
200
217
208
227
220
233
238
229
242
237
232
222
246
248
246
239
249
231
252
245
248
239
258
259
261
272
259
262
235
247
227
243
234
251
229
231
220
237
223
221
224
217
236
216
221
215
230
229
230
226
224
227
245
245
250
229
209
221
217
228
219
230
225
228
232
244
239
249
251
245
237
237
250
249
249
243
229
207
215
203
199
198
210
198
190
194
193
207
199
214
200
216
208
231
223
235
235
219
204
200
198
200
213
209
207
194
212
200
235
225
230
237
247
241
234
244
247
252
237
237
219
222
217
233
225
233
215
221
227
225
218
225
236
235
246
228
253
234
245
239
233
227
229
225
226
245
231
238
245
241
223
239
240
249
239
254
258
273
266
269
263
246
257
254
253
220
226
210
204
187
199
195
223
212
219
216
215
223
221
227
214
227
207
235
221
225
227
234
233
236
229
231
243
237
257
242
246
232
251
242
244
235
241
222
223
229
227
233
237
243
205
218
212
223
209
226
213
212
201
209
197
194
210
207
209
206
225
233
236
227
226
217
237
228
238
239
248
259
246
245
220
231
220
225
209
214
199
203
209
209
200
189
189
194
214
213
233
233
241
238
229
225
241
227
236
234
229
227
232
235
217
227
213
213
211
231
233
233
222
237
210
203
221
220
217
219
229
208
213
205
221
219
223
209
207
199
207
211
206
221
217
229
220
239
229
254
247
238
230
232
221
227
233
235
241
221
233
233
250
246
237
223
237
213
227
221
224
212
216
210
205
219
215
231
221
239
222
224
225
237
226
211
201
187
189
198
215
213
220
219
230
213
244
241
250
237
233
232
239
239
229
235
231
243
226
240
237
258
245
246
225
214
207
217
231
211
220
215
227
213
222
205
235
209
203
195
202
203
209
205
186
189
191
215
213
235
235
264
242
247
232
252
261
257
244
238
229
230
249
254
241
245
259
245
259
250
261
249
249
235
211
216
217
227
230
232
218
231
216
226
215
230
237
239
237
242
246
248
249
225
237
217
241
244
268
254
255
236
229
245
243
248
249
247
235
233
247
271
253
251
228
227
228
237
239
238
243
229
225
210
221
203
218
210
209
202
209
208
221
238
234
232
232
228
223
247
238
249
237
247
223
226
223
236
222
226
230
229
231
228
245
228
231
202
213
214
231
231
251
228
202
196
213
221
231
239
228
229
214
217
209
223
222
223
227
223
232
231
239
236
239
228
258
253
271
255
261
237
235
230
233
236
249
266
249
235
210
227
219
233
211
210
205
201
211
216
223
217
229
217
218
220
250
250
263
239
244
223
241
233
236
225
239
231
213
232
229
232
217
224
198
217
221
233
233
237
229
214
223
228
233
225
243
226
233
218
234
231
232
227
232
211
207
210
213
212
200
201
185
190
180
211
195
209
207
179
179
193
219
213
233
211
221
212
227
223
243
237
243
211
216
215
231
237
232
234
219
233
227
244
239
247
231
232
228
233
233
245
245
233
216
222
247
240
243
239
237
207
216
227
218
203
214
197
185
190
197
207
205
233
211
210
211
233
229
248
242
257
239
245
252
234
243
231
233
205
218
215
230
209
209
193
191
187
194
201
189
204
202
216
203
231
221
245
235
251
239
241
261
260
253
241
224
202
219
219
228
216
236
222
211
203
241
226
219
215
211
209
218
247
239
243
236
246
212
224
233
243
241
238
233
199
215
220
244
226
249
227
238
228
247
239
249
247
247
236
232
253
238
243
209
216
186
203
209
239
240
255
226
225
225
245
253
237
243
220
227
211
222
192
193
197
193
175
191
210
227
241
243
244
225
239
235
243
220
217
204
221
219
236
233
242
247
235
239
229
244
231
246
240
219
189
201
203
206
223
220
221
197
211
201
211
184
199
180
189
194
218
215
231
229
223
219
217
241
237
248
236
213
194
199
207
237
232
231
240
229
238
245
266
228
231
230
241
231
252
257
256
235
222
201
203
219
215
219
206
198
179
193
183
185
181
207
198
192
211
223
242
244
251
221
244
249
277
273
280
265
257
249
257
240
237
242
227
219
209
218
218
234
233
230
210
211
207
213
189
192
179
177
185
175
189
191
204
190
195
188
217
233
242
235
221
223
233
228
228
246
236
241
219
226
212
249
242
247
245
235
235
242
266
266
283
263
262
231
242
241
247
231
216
187
193
203
209
218
215
216
194
209
227
234
232
253
249
248
252
259
267
260
267
249
244
238
262
245
255
242
238
218
217
214
231
233
238
237
235
241
245
264
247
252
218
234
219
230
223
226
228
207
214
201
215
213
238
228
229
209
219
223
237
225
231
210
204
216
214
220
209
216
201
199
201
230
224
231
237
239
233
245
258
241
249
257
254
221
243
235
245
233
247
215
206
216
218
217
200
209
190
199
202
202
201
220
207
209
196
199
218
233
243
237
246
239
241
245
261
265
259
240
237
215
233
242
249
240
226
215
213
241
226
241
230
241
217
241
221
236
232
239
225
213
230
237
235
229
230
208
201
207
221
218
226
227
212
202
201
214
202
224
219
218
199
239
235
244
232
252
235
240
245
238
233
239
250
229
235
220
233
225
233
214
213
204
226
233
228
227
217
228
207
221
223
257
241
245
232
239
244
236
238
225
230
220
221
217
229
235
242
234
231
200
223
235
242
245
233
225
220
234
228
223
208
231
211
231
215
228
223
233
225
208
211
220
233
223
244
220
220
208
227
219
222
227
220
216
213
229
237
246
239
244
237
237
222
242
235
229
213
217
204
201
201
210
207
194
184
183
199
197
207
193
199
191
204
205
217
220
207
