03232138.PTO
CURN
2012/03/23 21:38:54.1400
100.0000 m/s  
9247 muestras
-8298
-8287
-8325
-8303
-8338
-8337
-8357
-8371
-8341
-8362
-8349
-8373
-8347
-8332
-8322
-8316
-8317
-8289
-8295
-8281
-8300
-8317
-8324
-8308
-8285
-8290
-8310
-8313
-8306
-8314
-8317
-8353
-8369
-8357
-8341
-8356
-8374
-8375
-8391
-8387
-8390
-8387
-8376
-8365
-8339
-8356
-8359
-8351
-8334
-8301
-8315
-8307
-8291
-8280
-8281
-8316
-8342
-8339
-8323
-8330
-8333
-8333
-8334
-8338
-8339
-8347
-8371
-8361
-8358
-8340
-8353
-8379
-8381
-8390
-8370
-8401
-8406
-8376
-8354
-8330
-8340
-8325
-8317
-8306
-8300
-8305
-8303
-8315
-8291
-8309
-8337
-8346
-8361
-8342
-8343
-8362
-8386
-8383
-8381
-8384
-8386
-8389
-8370
-8353
-8319
-8317
-8322
-8319
-8301
-8278
-8295
-8300
-8317
-8297
-8308
-8319
-8342
-8362
-8362
-8381
-8375
-8414
-8400
-8405
-8408
-8413
-8443
-8431
-8403
-8367
-8361
-8366
-8349
-8316
-8306
-8306
-8317
-8305
-8277
-8268
-8301
-8306
-8323
-8312
-8318
-8332
-8329
-8351
-8319
-8312
-8304
-8314
-8315
-8327
-8307
-8299
-8307
-8298
-8321
-8315
-8331
-8345
-8361
-8359
-8381
-8382
-8366
-8375
-8338
-8347
-8340
-8346
-8330
-8293
-8306
-8282
-8300
-8283
-8297
-8297
-8311
-8348
-8327
-8329
-8319
-8327
-8326
-8338
-8339
-8352
-8337
-8337
-8342
-8308
-8302
-8295
-8307
-8326
-8318
-8293
-8297
-8289
-8287
-8296
-8300
-8313
-8318
-8321
-8323
-8305
-8326
-8328
-8333
-8359
-8344
-8372
-8373
-8387
-8373
-8340
-8349
-8340
-8343
-8332
-8307
-8295
-8293
-8285
-8270
-8253
-8262
-8273
-8304
-8297
-8288
-8302
-8311
-8330
-8316
-8315
-8308
-8330
-8323
-8297
-8282
-8255
-8257
-8265
-8261
-8255
-8258
-8263
-8244
-8239
-8232
-8235
-8271
-8261
-8293
-8279
-8298
-8322
-8314
-8330
-8291
-8342
-8307
-8336
-8336
-8289
-8312
-8263
-8297
-8245
-8241
-8217
-8214
-8247
-8202
-8230
-8204
-8236
-8232
-8251
-8286
-8278
-8317
-8275
-8287
-8282
-8260
-8256
-8227
-8233
-8216
-8210
-8200
-8195
-8167
-8188
-8208
-8208
-8257
-8266
-8308
-8323
-8324
-8334
-8328
-8312
-8317
-8316
-8284
-8286
-8258
-8250
-8216
-8198
-8184
-8158
-8184
-8152
-8174
-8167
-8156
-8186
-8180
-8217
-8222
-8241
-8274
-8286
-8297
-8283
-8283
-8323
-8301
-8321
-8306
-8294
-8335
-8294
-8279
-8257
-8237
-8219
-8234
-8192
-8205
-8185
-8205
-8211
-8161
-8205
-8178
-8229
-8193
-8237
-8244
-8219
-8241
-8222
-8234
-8230
-8261
-8256
-8270
-8247
-8265
-8242
-8246
-8231
-8220
-8240
-8220
-8253
-8218
-8246
-8230
-8248
-8288
-8292
-8340
-8319
-8344
-8322
-8336
-8359
-8322
-8314
-8298
-8332
-8308
-8307
-8296
-8269
-8280
-8247
-8277
-8253
-8250
-8280
-8261
-8273
-8252
-8238
-8247
-8250
-8263
-8257
-8273
-8300
-8275
-8294
-8279
-8310
-8330
-8330
-8351
-8321
-8351
-8341
-8340
-8313
-8288
-8310
-8311
-8308
-8298
-8283
-8291
-8273
-8272
-8259
-8241
-8265
-8258
-8279
-8255
-8273
-8279
-8278
-8291
-8306
-8323
-8312
-8340
-8333
-8347
-8355
-8343
-8353
-8340
-8343
-8333
-8329
-8328
-8297
-8301
-8278
-8281
-8271
-8276
-8302
-8301
-8325
-8324
-8350
-8348
-8347
-8337
-8346
-8358
-8318
-8305
-8292
-8293
-8283
-8258
-8246
-8236
-8246
-8239
-8230
-8238
-8243
-8258
-8273
-8279
-8287
-8313
-8323
-8331
-8324
-8328
-8366
-8377
-8392
-8378
-8375
-8390
-8371
-8359
-8324
-8317
-8324
-8327
-8323
-8298
-8305
-8299
-8282
-8274
-8252
-8253
-8262
-8280
-8302
-8297
-8300
-8307
-8307
-8300
-8290
-8300
-8303
-8300
-8305
-8309
-8312
-8304
-8300
-8293
-8300
-8292
-8293
-8284
-8278
-8275
-8252
-8286
-8284
-8280
-8277
-8271
-8291
-8281
-8290
-8292
-8289
-8310
-8325
-8347
-8354
-8355
-8363
-8361
-8377
-8382
-8380
-8382
-8387
-8399
-8390
-8372
-8356
-8347
-8331
-8305
-8283
-8278
-8284
-8270
-8264
-8268
-8268
-8266
-8281
-8291
-8291
-8306
-8306
-8317
-8302
-8304
-8316
-8319
-8318
-8299
-8293
-8282
-8296
-8290
-8288
-8282
-8283
-8294
-8283
-8291
-8287
-8290
-8292
-8298
-8316
-8321
-8330
-8332
-8323
-8320
-8321
-8327
-8323
-8309
-8307
-8304
-8280
-8267
-8251
-8246
-8263
-8267
-8277
-8291
-8313
-8329
-8337
-8361
-8380
-8401
-8415
-8412
-8422
-8419
-8414
-8396
-8376
-8371
-8359
-8357
-8350
-8336
-8321
-8316
-8307
-8291
-8280
-8275
-8296
-8310
-8323
-8339
-8355
-8379
-8371
-8386
-8381
-8396
-8402
-8384
-8397
-8379
-8392
-8388
-8386
-8374
-8374
-8388
-8382
-8385
-8377
-8384
-8402
-8420
-8425
-8431
-8447
-8470
-8479
-8480
-8498
-8502
-8497
-8493
-8489
-8472
-8455
-8445
-8428
-8413
-8400
-8399
-8381
-8372
-8358
-8349
-8344
-8325
-8330
-8303
-8320
-8340
-8349
-8379
-8378
-8411
-8408
-8419
-8438
-8423
-8447
-8435
-8452
-8455
-8466
-8477
-8455
-8476
-8466
-8477
-8457
-8448
-8450
-8433
-8440
-8402
-8400
-8384
-8381
-8392
-8380
-8391
-8383
-8398
-8393
-8398
-8405
-8411
-8423
-8403
-8419
-8414
-8414
-8397
-8377
-8368
-8357
-8368
-8345
-8338
-8319
-8326
-8333
-8321
-8345
-8353
-8385
-8404
-8417
-8434
-8431
-8450
-8439
-8440
-8442
-8432
-8432
-8414
-8403
-8384
-8376
-8363
-8349
-8337
-8323
-8310
-8302
-8294
-8287
-8298
-8302
-8333
-8353
-8360
-8364
-8375
-8380
-8378
-8383
-8379
-8396
-8396
-8410
-8403
-8404
-8401
-8378
-8392
-8383
-8392
-8386
-8389
-8385
-8367
-8361
-8337
-8346
-8340
-8341
-8354
-8353
-8358
-8348
-8359
-8358
-8362
-8369
-8391
-8418
-8419
-8428
-8425
-8452
-8435
-8427
-8412
-8401
-8402
-8372
-8370
-8350
-8362
-8362
-8367
-8361
-8356
-8357
-8353
-8364
-8349
-8354
-8359
-8369
-8375
-8380
-8379
-8381
-8385
-8379
-8375
-8368
-8375
-8376
-8374
-8373
-8376
-8378
-8383
-8389
-8390
-8397
-8404
-8413
-8412
-8401
-8393
-8387
-8374
-8367
-8350
-8327
-8316
-8301
-8290
-8267
-8251
-8255
-8260
-8276
-8275
-8298
-8319
-8337
-8369
-8380
-8414
-8429
-8447
-8440
-8414
-8403
-8370
-8360
-8327
-8300
-8274
-8244
-8203
-8158
-8122
-8069
-8049
-8044
-8041
-8038
-8025
-8022
-8052
-8074
-8103
-8133
-8192
-8297
-8406
-8540
-8688
-8874
-9018
-9153
-9306
-9436
-9552
-9576
-9559
-9523
-9458
-9396
-9305
-9204
-9086
-8966
-8873
-8728
-8528
-8280
-8047
-7879
-7699
-7494
-7312
-7202
-7161
-7160
-7196
-7253
-7328
-7433
-7578
-7809
-8088
-8382
-8652
-8940
-9222
-9488
-9707
-9799
-9862
-9859
-9881
-9845
-9750
-9621
-9399
-9194
-8968
-8832
-8697
-8485
-8198
-7892
-7684
-7463
-7223
-6917
-6610
-6419
-6378
-6441
-6491
-6541
-6591
-6691
-6818
-6959
-7081
-7148
-7247
-7369
-7575
-7858
-8152
-8372
-8536
-8775
-9031
-9212
-9243
-9264
-9315
-9388
-9427
-9355
-9251
-9086
-9012
-8942
-8933
-8996
-9069
-9208
-9323
-9493
-9583
-9589
-9496
-9388
-9355
-9303
-9181
-8975
-8789
-8626
-8411
-8090
-7766
-7626
-7700
-7869
-8099
-8313
-8446
-8380
-8137
-7855
-7608
-7561
-7610
-7765
-7985
-8158
-8268
-8261
-8299
-8385
-8593
-8890
-9077
-9107
-8989
-8847
-8725
-8659
-8640
-8672
-8793
-9008
-9253
-9405
-9374
-9158
-8868
-8634
-8514
-8364
-8036
-7636
-7400
-7402
-7433
-7297
-7043
-6870
-6900
-7070
-7238
-7291
-7203
-6974
-6741
-6695
-6862
-7077
-7151
-7134
-7164
-7318
-7637
-8094
-8616
-9044
-9298
-9444
-9540
-9623
-9627
-9582
-9535
-9507
-9546
-9554
-9437
-9174
-8892
-8758
-8711
-8642
-8518
-8379
-8324
-8312
-8272
-8095
-7791
-7519
-7324
-7291
-7447
-7772
-8118
-8343
-8524
-8693
-8812
-8824
-8785
-8886
-9131
-9323
-9321
-9171
-9071
-9057
-9069
-9084
-9111
-9113
-8995
-8679
-8240
-7821
-7546
-7484
-7475
-7417
-7207
-6979
-6875
-6899
-7056
-7272
-7640
-8140
-8733
-9250
-9571
-9701
-9720
-9661
-9456
-9116
-8644
-8182
-7721
-7352
-7024
-6716
-6531
-6521
-6807
-7255
-7769
-8117
-8202
-8026
-7741
-7596
-7669
-7901
-8078
-8187
-8280
-8430
-8636
-8949
-9442
-10089
-10739
-11196
-11401
-11401
-11215
-10813
-10162
-9324
-8462
-7682
-7052
-6575
-6288
-6173
-6246
-6451
-6729
-7024
-7238
-7345
-7302
-7193
-7021
-6888
-6869
-6986
-7283
-7674
-8202
-8791
-9432
-10106
-10722
-11158
-11251
-11058
-10625
-10124
-9652
-9285
-9053
-8845
-8610
-8289
-7976
-7702
-7483
-7327
-7293
-7432
-7579
-7579
-7321
-6965
-6632
-6421
-6333
-6267
-6287
-6392
-6710
-7250
-7977
-8832
-9595
-10188
-10570
-10785
-10898
-10880
-10723
-10408
-9977
-9517
-9124
-8819
-8633
-8629
-8742
-8906
-8961
-8897
-8760
-8526
-8258
-7859
-7410
-6990
-6675
-6525
-6436
-6492
-6634
-6922
-7324
-7777
-8211
-8511
-8744
-8932
-9168
-9368
-9426
-9249
-8847
-8352
-7980
-7862
-7935
-8047
-8102
-8202
-8441
-8779
-9093
-9280
-9296
-9174
-8907
-8634
-8330
-8079
-7910
-7890
-8066
-8326
-8696
-9005
-9327
-9508
-9625
-9608
-9401
-9033
-8445
-7950
-7561
-7522
-7621
-7815
-8050
-8170
-8325
-8365
-8451
-8516
-8554
-8544
-8429
-8254
-8016
-7789
-7577
-7485
-7464
-7561
-7791
-8073
-8453
-8786
-9043
-9179
-9175
-9100
-8882
-8676
-8445
-8239
-8087
-7982
-8085
-8250
-8538
-8783
-9057
-9332
-9540
-9718
-9705
-9656
-9422
-9132
-8762
-8338
-7941
-7539
-7325
-7251
-7368
-7650
-8009
-8413
-8755
-8979
-9041
-8873
-8555
-8122
-7795
-7589
-7571
-7715
-7912
-8255
-8578
-8987
-9313
-9564
-9799
-9943
-10031
-9987
-9806
-9511
-9109
-8627
-8142
-7715
-7389
-7173
-7123
-7232
-7459
-7672
-7831
-7866
-7830
-7800
-7811
-7941
-8077
-8215
-8260
-8229
-8174
-8132
-8274
-8534
-8926
-9358
-9721
-10013
-10176
-10257
-10168
-9909
-9435
-8829
-8189
-7594
-7206
-7037
-7161
-7442
-7848
-8257
-8597
-8837
-8878
-8832
-8669
-8488
-8326
-8159
-8038
-7930
-7897
-7990
-8163
-8478
-8783
-9068
-9308
-9421
-9504
-9411
-9238
-8991
-8710
-8445
-8192
-7982
-7797
-7642
-7519
-7455
-7476
-7635
-7899
-8257
-8635
-8963
-9220
-9357
-9350
-9257
-9013
-8741
-8477
-8292
-8221
-8199
-8330
-8476
-8688
-8807
-8812
-8691
-8421
-8076
-7709
-7439
-7259
-7299
-7419
-7682
-7933
-8179
-8433
-8547
-8666
-8633
-8617
-8543
-8408
-8292
-8149
-8106
-8129
-8274
-8576
-8967
-9418
-9784
-10011
-10126
-10091
-10036
-9857
-9651
-9381
-9063
-8705
-8260
-7860
-7443
-7173
-6975
-6942
-7004
-7103
-7247
-7341
-7469
-7548
-7561
-7513
-7358
-7176
-7027
-6972
-7113
-7426
-7899
-8473
-9103
-9712
-10260
-10645
-10853
-10807
-10613
-10204
-9777
-9352
-8944
-8683
-8390
-8301
-8214
-8256
-8358
-8530
-8698
-8772
-8788
-8583
-8322
-7934
-7570
-7183
-6851
-6552
-6375
-6340
-6387
-6669
-6915
-7379
-7780
-8210
-8572
-8719
-8863
-8759
-8730
-8664
-8628
-8637
-8602
-8648
-8760
-8883
-9178
-9405
-9721
-9934
-10003
-10064
-9772
-9612
-9163
-8777
-8453
-8042
-7892
-7655
-7660
-7689
-7743
-7923
-7947
-8009
-8036
-7961
-7872
-7646
-7410
-7154
-6932
-6847
-6850
-7060
-7321
-7750
-8130
-8564
-9040
-9353
-9747
-9935
-10045
-9993
-9804
-9549
-9231
-8949
-8658
-8547
-8370
-8353
-8347
-8288
-8362
-8295
-8393
-8312
-8268
-8205
-7996
-7900
-7689
-7530
-7436
-7446
-7599
-7775
-8096
-8383
-8684
-8992
-8946
-9078
-8886
-8745
-8573
-8245
-8108
-7785
-7762
-7646
-7780
-8004
-8269
-8704
-8932
-9249
-9340
-9378
-9305
-9073
-8883
-8521
-8296
-7932
-7789
-7648
-7641
-7765
-7840
-8132
-8202
-8487
-8501
-8620
-8596
-8510
-8385
-8086
-7972
-7716
-7770
-7778
-7975
-8245
-8506
-8823
-9025
-9255
-9302
-9327
-9228
-9003
-8763
-8377
-8027
-7722
-7424
-7414
-7444
-7671
-7994
-8214
-8634
-8849
-9082
-9119
-9060
-9022
-8828
-8786
-8611
-8506
-8395
-8321
-8287
-8331
-8424
-8530
-8717
-8739
-8840
-8738
-8640
-8427
-8161
-7966
-7711
-7613
-7541
-7540
-7583
-7806
-7896
-8219
-8398
-8689
-8982
-8982
-9172
-9024
-9002
-8799
-8739
-8564
-8562
-8570
-8575
-8765
-8745
-9013
-8872
-9034
-8880
-8759
-8600
-8300
-8133
-7831
-7801
-7664
-7793
-7834
-8051
-8187
-8415
-8595
-8751
-8892
-8865
-8903
-8735
-8615
-8413
-8258
-8122
-8038
-8051
-8158
-8281
-8463
-8591
-8757
-8891
-8953
-9017
-8947
-8871
-8739
-8609
-8511
-8386
-8321
-8258
-8234
-8299
-8357
-8550
-8692
-8817
-8880
-8841
-8738
-8606
-8474
-8333
-8265
-8151
-8175
-8206
-8309
-8485
-8662
-8890
-8966
-9092
-9015
-8975
-8861
-8646
-8576
-8312
-8237
-8071
-7960
-7999
-7985
-8185
-8360
-8614
-8849
-9000
-9126
-9076
-9053
-8887
-8685
-8489
-8272
-8142
-8038
-8041
-8019
-8117
-8221
-8382
-8599
-8715
-8908
-8926
-8916
-8835
-8622
-8505
-8239
-8144
-8035
-7987
-8095
-8159
-8405
-8552
-8797
-8924
-9052
-9082
-8988
-8937
-8633
-8515
-8278
-8167
-8093
-8044
-8206
-8240
-8510
-8628
-8819
-8936
-8910
-8902
-8726
-8607
-8404
-8285
-8127
-8044
-8038
-8024
-8110
-8167
-8331
-8456
-8606
-8729
-8744
-8778
-8666
-8578
-8396
-8304
-8163
-8107
-8110
-8129
-8326
-8405
-8679
-8814
-8998
-9084
-9132
-9093
-8933
-8751
-8477
-8251
-8005
-7910
-7846
-7929
-8078
-8287
-8506
-8692
-8832
-8921
-8901
-8843
-8702
-8561
-8332
-8133
-7992
-7900
-7934
-8007
-8197
-8339
-8617
-8687
-8866
-8833
-8806
-8763
-8538
-8585
-8283
-8337
-8152
-8072
-8147
-7972
-8243
-8149
-8413
-8513
-8608
-8845
-8697
-8826
-8536
-8481
-8247
-8048
-7995
-7821
-7943
-7887
-8118
-8249
-8524
-8771
-8966
-9159
-9154
-9236
-9029
-8955
-8726
-8568
-8459
-8278
-8360
-8297
-8516
-8614
-8753
-8935
-8899
-9006
-8850
-8739
-8527
-8293
-8124
-7905
-7806
-7686
-7721
-7732
-7857
-8013
-8192
-8408
-8546
-8736
-8785
-8811
-8747
-8642
-8517
-8380
-8281
-8253
-8261
-8358
-8463
-8630
-8824
-8971
-9158
-9171
-9229
-9105
-8958
-8762
-8469
-8325
-8077
-8009
-8016
-8035
-8247
-8321
-8592
-8703
-8829
-8931
-8800
-8851
-8549
-8482
-8212
-8041
-8001
-7868
-8042
-8045
-8316
-8442
-8625
-8802
-8790
-8875
-8758
-8711
-8599
-8442
-8333
-8132
-8117
-8017
-8074
-8218
-8317
-8638
-8765
-9013
-9110
-9176
-9165
-9062
-8992
-8770
-8653
-8424
-8349
-8224
-8262
-8318
-8440
-8624
-8746
-8965
-9000
-9083
-9010
-8890
-8671
-8473
-8233
-8093
-7917
-7916
-7985
-8006
-8296
-8335
-8633
-8706
-8841
-8871
-8797
-8757
-8550
-8489
-8275
-8278
-8133
-8192
-8249
-8333
-8533
-8627
-8843
-8880
-9006
-9010
-8976
-8875
-8692
-8587
-8375
-8307
-8175
-8131
-8119
-8153
-8318
-8374
-8596
-8668
-8792
-8812
-8744
-8674
-8522
-8390
-8219
-8137
-8063
-8107
-8118
-8282
-8385
-8572
-8721
-8819
-8960
-8908
-8935
-8756
-8656
-8511
-8389
-8365
-8294
-8365
-8400
-8520
-8624
-8736
-8848
-8877
-8917
-8878
-8851
-8742
-8631
-8501
-8305
-8225
-8065
-8050
-8024
-8066
-8152
-8248
-8430
-8471
-8672
-8667
-8761
-8683
-8609
-8554
-8362
-8360
-8194
-8284
-8251
-8432
-8562
-8714
-8919
-8940
-9092
-8969
-8945
-8753
-8584
-8391
-8220
-8114
-8008
-8037
-8050
-8201
-8289
-8463
-8567
-8666
-8746
-8741
-8724
-8653
-8574
-8471
-8365
-8291
-8226
-8187
-8297
-8331
-8482
-8578
-8667
-8789
-8779
-8834
-8756
-8668
-8557
-8390
-8298
-8129
-8053
-8048
-8058
-8214
-8318
-8545
-8674
-8820
-8944
-8929
-8974
-8849
-8778
-8639
-8505
-8406
-8302
-8290
-8260
-8305
-8353
-8419
-8522
-8535
-8570
-8534
-8506
-8443
-8309
-8286
-8159
-8186
-8185
-8216
-8356
-8418
-8570
-8634
-8774
-8805
-8849
-8839
-8772
-8737
-8571
-8512
-8364
-8347
-8238
-8247
-8284
-8294
-8458
-8450
-8614
-8595
-8632
-8616
-8516
-8483
-8320
-8285
-8151
-8101
-8086
-8097
-8202
-8304
-8469
-8599
-8757
-8836
-8904
-8895
-8847
-8791
-8673
-8612
-8481
-8439
-8389
-8384
-8438
-8461
-8533
-8569
-8635
-8670
-8653
-8613
-8513
-8445
-8323
-8230
-8182
-8097
-8170
-8189
-8284
-8378
-8446
-8581
-8618
-8698
-8714
-8717
-8686
-8617
-8536
-8454
-8369
-8341
-8311
-8350
-8431
-8506
-8650
-8699
-8813
-8808
-8823
-8781
-8698
-8623
-8481
-8406
-8267
-8250
-8194
-8227
-8276
-8337
-8460
-8505
-8601
-8594
-8618
-8574
-8529
-8474
-8385
-8354
-8266
-8281
-8253
-8301
-8334
-8402
-8507
-8537
-8648
-8666
-8695
-8685
-8616
-8566
-8482
-8428
-8388
-8352
-8400
-8422
-8476
-8535
-8597
-8651
-8692
-8687
-8679
-8639
-8560
-8503
-8383
-8333
-8226
-8227
-8220
-8255
-8338
-8402
-8514
-8570
-8652
-8656
-8653
-8623
-8550
-8517
-8457
-8408
-8393
-8345
-8373
-8378
-8422
-8475
-8537
-8603
-8631
-8682
-8643
-8652
-8586
-8540
-8477
-8386
-8384
-8315
-8334
-8336
-8358
-8426
-8429
-8505
-8509
-8545
-8564
-8523
-8509
-8421
-8408
-8345
-8349
-8347
-8366
-8442
-8460
-8559
-8572
-8640
-8657
-8641
-8634
-8548
-8532
-8434
-8385
-8318
-8270
-8283
-8274
-8364
-8409
-8516
-8574
-8656
-8682
-8689
-8680
-8632
-8644
-8560
-8580
-8523
-8521
-8495
-8519
-8545
-8561
-8610
-8616
-8674
-8647
-8658
-8580
-8558
-8473
-8402
-8340
-8278
-8294
-8264
-8330
-8365
-8436
-8481
-8544
-8596
-8612
-8632
-8582
-8562
-8506
-8446
-8418
-8383
-8418
-8430
-8472
-8536
-8607
-8704
-8729
-8776
-8767
-8770
-8708
-8654
-8570
-8506
-8443
-8371
-8397
-8337
-8400
-8395
-8464
-8512
-8532
-8595
-8585
-8621
-8585
-8566
-8516
-8488
-8466
-8438
-8447
-8453
-8492
-8549
-8602
-8661
-8706
-8743
-8764
-8749
-8708
-8626
-8567
-8504
-8455
-8430
-8424
-8478
-8516
-8617
-8655
-8733
-8780
-8790
-8839
-8792
-8789
-8697
-8643
-8564
-8509
-8476
-8453
-8485
-8503
-8568
-8605
-8697
-8736
-8772
-8776
-8758
-8734
-8664
-8629
-8554
-8508
-8472
-8440
-8441
-8467
-8513
-8580
-8656
-8701
-8775
-8759
-8777
-8747
-8705
-8691
-8608
-8628
-8558
-8598
-8607
-8634
-8727
-8735
-8840
-8848
-8912
-8919
-8884
-8856
-8767
-8744
-8660
-8628
-8572
-8555
-8579
-8557
-8631
-8622
-8662
-8686
-8671
-8699
-8647
-8640
-8576
-8549
-8502
-8459
-8466
-8450
-8505
-8539
-8615
-8673
-8748
-8816
-8855
-8889
-8875
-8875
-8833
-8799
-8742
-8688
-8655
-8625
-8633
-8635
-8673
-8711
-8743
-8782
-8778
-8775
-8741
-8707
-8656
-8588
-8551
-8506
-8504
-8497
-8511
-8542
-8587
-8655
-8716
-8779
-8804
-8849
-8835
-8839
-8796
-8729
-8694
-8614
-8621
-8576
-8605
-8607
-8629
-8676
-8679
-8723
-8683
-8692
-8633
-8590
-8518
-8451
-8419
-8378
-8379
-8357
-8397
-8426
-8497
-8549
-8608
-8665
-8676
-8706
-8687
-8687
-8670
-8641
-8618
-8582
-8584
-8581
-8618
-8648
-8676
-8714
-8723
-8749
-8740
-8719
-8685
-8624
-8587
-8519
-8469
-8426
-8405
-8421
-8425
-8466
-8481
-8534
-8554
-8578
-8588
-8563
-8545
-8504
-8471
-8405
-8367
-8331
-8318
-8327
-8335
-8382
-8429
-8479
-8537
-8547
-8593
-8576
-8588
-8592
-8554
-8558
-8509
-8530
-8513
-8534
-8562
-8587
-8650
-8676
-8705
-8686
-8658
-8628
-8575
-8506
-8430
-8356
-8303
-8258
-8231
-8231
-8260
-8303
-8372
-8416
-8481
-8526
-8551
-8584
-8551
-8546
-8511
-8505
-8484
-8485
-8486
-8479
-8523
-8532
-8585
-8611
-8657
-8682
-8688
-8709
-8665
-8639
-8573
-8520
-8477
-8417
-8412
-8395
-8422
-8446
-8478
-8533
-8561
-8601
-8604
-8602
-8584
-8546
-8523
-8489
-8474
-8467
-8470
-8489
-8509
-8548
-8587
-8632
-8653
-8674
-8667
-8654
-8631
-8587
-8551
-8494
-8468
-8433
-8421
-8414
-8421
-8462
-8481
-8534
-8561
-8603
-8643
-8651
-8660
-8634
-8607
-8579
-8555
-8527
-8527
-8533
-8546
-8559
-8567
-8599
-8612
-8626
-8627
-8605
-8597
-8559
-8522
-8490
-8452
-8447
-8436
-8452
-8485
-8518
-8566
-8603
-8626
-8642
-8637
-8623
-8583
-8555
-8511
-8457
-8425
-8389
-8381
-8376
-8399
-8430
-8474
-8517
-8552
-8583
-8594
-8609
-8598
-8571
-8542
-8514
-8495
-8486
-8473
-8486
-8507
-8545
-8596
-8644
-8698
-8718
-8746
-8734
-8719
-8695
-8641
-8603
-8547
-8528
-8499
-8480
-8493
-8502
-8529
-8517
-8527
-8527
-8511
-8513
-8467
-8443
-8395
-8365
-8355
-8350
-8370
-8405
-8464
-8505
-8581
-8619
-8672
-8696
-8691
-8696
-8654
-8645
-8595
-8567
-8541
-8506
-8521
-8504
-8529
-8537
-8547
-8581
-8584
-8603
-8581
-8582
-8549
-8525
-8498
-8473
-8475
-8447
-8478
-8489
-8535
-8569
-8605
-8654
-8676
-8706
-8695
-8695
-8657
-8617
-8572
-8521
-8500
-8472
-8464
-8452
-8462
-8477
-8485
-8517
-8525
-8537
-8532
-8533
-8518
-8489
-8484
-8456
-8475
-8464
-8484
-8497
-8521
-8571
-8589
-8633
-8642
-8660
-8645
-8646
-8612
-8583
-8560
-8528
-8518
-8481
-8494
-8497
-8536
-8558
-8584
-8621
-8636
-8671
-8669
-8665
-8653
-8627
-8607
-8581
-8560
-8556
-8563
-8590
-8625
-8648
-8681
-8689
-8701
-8689
-8659
-8642
-8593
-8562
-8508
-8489
-8476
-8464
-8477
-8476
-8515
-8543
-8571
-8601
-8622
-8640
-8641
-8640
-8640
-8629
-8617
-8610
-8603
-8611
-8635
-8646
-8678
-8694
-8714
-8735
-8725
-8717
-8685
-8661
-8621
-8588
-8545
-8530
-8524
-8524
-8541
-8559
-8594
-8623
-8673
-8691
-8709
-8698
-8698
-8678
-8641
-8618
-8581
-8575
-8561
-8578
-8590
-8624
-8662
-8690
-8727
-8745
-8772
-8772
-8776
-8749
-8714
-8695
-8654
-8637
-8611
-8602
-8622
-8637
-8667
-8677
-8704
-8717
-8724
-8731
-8702
-8706
-8682
-8680
-8662
-8629
-8627
-8622
-8658
-8670
-8707
-8736
-8756
-8776
-8770
-8759
-8725
-8697
-8659
-8630
-8600
-8584
-8567
-8569
-8592
-8612
-8645
-8668
-8722
-8744
-8771
-8781
-8775
-8764
-8734
-8726
-8676
-8660
-8648
-8657
-8688
-8709
-8743
-8765
-8796
-8816
-8820
-8820
-8802
-8770
-8738
-8694
-8662
-8642
-8623
-8622
-8625
-8637
-8661
-8684
-8704
-8715
-8701
-8705
-8687
-8660
-8625
-8589
-8582
-8539
-8537
-8534
-8564
-8610
-8644
-8701
-8726
-8777
-8795
-8798
-8779
-8747
-8719
-8693
-8675
-8661
-8657
-8669
-8696
-8714
-8746
-8754
-8783
-8793
-8786
-8770
-8734
-8706
-8660
-8631
-8597
-8586
-8582
-8581
-8607
-8626
-8654
-8672
-8687
-8701
-8702
-8701
-8679
-8673
-8647
-8629
-8605
-8604
-8607
-8620
-8656
-8672
-8707
-8723
-8766
-8771
-8778
-8770
-8759
-8748
-8702
-8680
-8655
-8653
-8644
-8644
-8639
-8659
-8680
-8690
-8698
-8693
-8703
-8684
-8673
-8639
-8593
-8582
-8554
-8566
-8552
-8566
-8595
-8618
-8657
-8665
-8698
-8705
-8724
-8714
-8701
-8700
-8672
-8647
-8616
-8601
-8603
-8623
-8640
-8663
-8685
-8713
-8746
-8756
-8759
-8762
-8732
-8721
-8681
-8640
-8626
-8593
-8601
-8592
-8606
-8638
-8654
-8682
-8685
-8686
-8693
-8670
-8660
-8637
-8620
-8606
-8580
-8590
-8588
-8608
-8627
-8647
-8675
-8687
-8697
-8707
-8700
-8698
-8680
-8659
-8638
-8612
-8613
-8604
-8631
-8640
-8661
-8701
-8729
-8768
-8783
-8786
-8787
-8781
-8744
-8723
-8674
-8649
-8638
-8614
-8626
-8605
-8627
-8648
-8662
-8685
-8681
-8693
-8683
-8672
-8653
-8626
-8614
-8604
-8593
-8588
-8604
-8625
-8643
-8651
-8667
-8695
-8710
-8728
-8727
-8725
-8718
-8688
-8674
-8653
-8641
-8640
-8646
-8655
-8660
-8673
-8688
-8710
-8720
-8712
-8695
-8685
-8664
-8641
-8626
-8605
-8596
-8588
-8593
-8609
-8630
-8644
-8658
-8675
-8686
-8705
-8712
-8700
-8683
-8668
-8648
-8638
-8611
-8606
-8600
-8590
-8595
-8592
-8624
-8633
-8654
-8660
-8667
-8666
-8654
-8637
-8604
-8606
-8594
-8604
-8591
-8600
-8635
-8642
-8664
-8647
-8644
-8649
-8641
-8645
-8605
-8591
-8573
-8571
-8580
-8565
-8587
-8596
-8624
-8630
-8630
-8646
-8654
-8663
-8648
-8632
-8615
-8604
-8595
-8594
-8604
-8613
-8630
-8644
-8668
-8689
-8709
-8724
-8719
-8726
-8714
-8696
-8672
-8659
-8648
-8620
-8602
-8593
-8603
-8605
-8617
-8626
-8634
-8643
-8637
-8640
-8630
-8625
-8613
-8595
-8592
-8581
-8592
-8589
-8589
-8599
-8608
-8630
-8626
-8636
-8633
-8618
-8602
-8571
-8557
-8535
-8521
-8524
-8529
-8552
-8567
-8588
-8615
-8650
-8684
-8697
-8696
-8697
-8688
-8681
-8662
-8644
-8632
-8608
-8605
-8598
-8610
-8611
-8631
-8651
-8653
-8656
-8645
-8646
-8622
-8597
-8585
-8572
-8573
-8556
-8549
-8554
-8549
-8565
-8574
-8602
-8628
-8635
-8660
-8653
-8652
-8644
-8619
-8617
-8589
-8593
-8585
-8580
-8602
-8590
-8612
-8611
-8624
-8640
-8621
-8623
-8604
-8592
-8575
-8567
-8564
-8563
-8558
-8563
-8576
-8574
-8589
-8592
-8614
-8631
-8643
-8651
-8650
-8643
-8636
-8622
-8610
-8602
-8595
-8613
-8609
-8626
-8630
-8649
-8665
-8651
-8655
-8629
-8613
-8587
-8567
-8540
-8517
-8521
-8528
-8540
-8541
-8574
-8598
-8620
-8623
-8622
-8620
-8607
-8619
-8595
-8597
-8583
-8577
-8583
-8569
-8583
-8583
-8592
-8586
-8578
-8580
-8576
-8581
-8575
-8560
-8549
-8545
-8551
-8561
-8580
-8588
-8609
-8631
-8649
-8663
-8664
-8675
-8666
-8666
-8658
-8638
-8623
-8596
-8587
-8579
-8566
-8569
-8572
-8588
-8599
-8610
-8631
-8642
-8650
-8653
-8642
-8634
-8623
-8617
-8625
-8609
-8608
-8602
-8609
-8619
-8629
-8657
-8672
-8686
-8677
-8668
-8649
-8638
-8612
-8585
-8560
-8544
-8536
-8525
-8553
-8552
-8575
-8582
-8588
-8604
-8596
-8607
-8599
-8599
-8589
-8582
-8582
-8593
-8608
-8618
-8640
-8654
-8682
-8691
-8695
-8697
-8694
-8690
-8670
-8648
-8633
-8622
-8612
-8607
-8591
-8587
-8590
-8600
-8608
-8613
-8622
-8629
-8627
-8608
-8598
-8584
-8563
-8547
-8538
-8537
-8554
-8563
-8589
-8600
-8625
-8652
-8666
-8695
-8682
-8675
-8653
-8642
-8631
-8613
-8600
-8583
-8576
-8573
-8572
-8563
-8563
-8550
-8544
-8532
-8522
-8520
-8503
-8497
-8492
-8493
-8507
-8519
-8542
-8567
-8595
-8620
-8639
-8650
-8669
-8680
-8681
-8682
-8656
-8647
-8622
-8603
-8595
-8583
-8595
-8594
-8603
-8616
-8628
-8645
-8642
-8641
-8645
-8636
-8635
-8616
-8613
-8614
-8599
-8604
-8591
-8607
-8619
-8633
-8644
-8642
-8646
-8629
-8618
-8600
-8584
-8569
-8572
-8566
-8570
-8587
-8586
-8612
-8611
-8622
-8631
-8635
-8642
-8618
-8628
-8610
-8598
-8577
-8558
-8569
-8578
-8594
-8591
-8609
-8622
-8658
-8676
-8699
-8716
-8726
-8725
-8697
-8686
-8651
-8636
-8614
-8602
-8602
-8598
-8619
-8634
-8646
-8654
-8657
-8662
-8655
-8642
-8633
-8630
-8621
-8607
-8592
-8597
-8609
-8620
-8639
-8647
-8666
-8678
-8683
-8698
-8685
-8687
-8684
-8678
-8680
-8667
-8676
-8669
-8670
-8662
-8670
-8680
-8686
-8704
-8703
-8711
-8707
-8702
-8695
-8685
-8674
-8661
-8661
-8663
-8665
-8680
-8693
-8717
-8730
-8746
-8751
-8754
-8747
-8720
-8712
-8688
-8681
-8662
-8666
-8675
-8681
-8692
-8692
-8725
-8735
-8758
-8767
-8776
-8787
-8770
-8766
-8734
-8724
-8707
-8694
-8689
-8664
-8667
-8669
-8684
-8699
-8699
-8710
-8723
-8726
-8723
-8708
-8711
-8708
-8697
-8689
-8682
-8691
-8698
-8711
-8731
-8747
-8761
-8775
-8781
-8797
-8794
-8796
-8798
-8792
-8791
-8781
-8783
-8768
-8766
-8768
-8780
-8789
-8785
-8781
-8769
-8775
-8761
-8755
-8736
-8731
-8737
-8726
-8735
-8721
-8733
-8737
-8741
-8763
-8766
-8780
-8779
-8775
-8768
-8753
-8750
-8744
-8741
-8738
-8737
-8746
-8760
-8759
-8759
-8779
-8796
-8805
-8783
-8773
-8770
-8746
-8739
-8713
-8709
-8712
-8708
-8728
-8727
-8740
-8750
-8755
-8760
-8744
-8752
-8754
-8751
-8758
-8751
-8745
-8723
-8722
-8736
-8744
-8757
-8753
-8763
-8771
-8778
-8781
-8770
-8755
-8750
-8741
-8727
-8719
-8701
-8696
-8685
-8691
-8705
-8697
-8697
-8700
-8703
-8710
-8707
-8711
-8715
-8710
-8707
-8711
-8725
-8723
-8708
-8699
-8705
-8711
-8703
-8697
-8687
-8689
-8679
-8680
-8670
-8654
-8658
-8630
-8637
-8615
-8618
-8621
-8623
-8665
-8660
-8693
-8705
-8727
-8729
-8722
-8730
-8720
-8714
-8685
-8683
-8688
-8698
-8687
-8682
-8688
-8687
-8701
-8700
-8713
-8704
-8684
-8678
-8676
-8679
-8673
-8686
-8685
-8686
-8688
-8689
-8695
-8688
-8679
-8675
-8678
-8662
-8654
-8635
-8628
-8626
-8609
-8607
-8600
-8603
-8589
-8575
-8575
-8574
-8585
-8588
-8583
-8578
-8571
-8564
-8564
-8565
-8556
-8536
-8524
-8522
-8516
-8522
-8530
-8537
-8546
-8549
-8569
-8573
-8574
-8577
-8572
-8588
-8594
-8607
-8621
-8639
-8657
-8651
-8652
-8649
-8654
-8656
-8659
-8655
-8637
-8622
-8591
-8567
-8538
-8521
-8508
-8502
-8515
-8505
-8511
-8513
-8515
-8524
-8523
-8535
-8538
-8531
-8530
-8518
-8516
-8517
-8508
-8520
-8519
-8531
-8536
-8542
-8566
-8555
-8558
-8554
-8551
-8545
-8538
-8546
-8545
-8539
-8536
-8539
-8543
-8553
-8547
-8550
-8548
-8541
-8529
-8516
-8511
-8497
-8482
-8475
-8481
-8479
-8477
-8481
-8490
-8496
-8515
-8528
-8525
-8515
-8507
-8513
-8521
-8525
-8527
-8528
-8526
-8529
-8531
-8543
-8555
-8565
-8567
-8560
-8562
-8552
-8547
-8536
-8518
-8509
-8481
-8468
-8443
-8438
-8448
-8449
-8467
-8468
-8472
-8473
-8487
-8503
-8516
-8538
-8547
-8555
-8554
-8552
-8558
-8568
-8582
-8576
-8592
-8594
-8592
-8598
-8586
-8591
-8588
-8590
-8583
-8571
-8566
-8560
-8559
-8557
-8543
-8528
-8522
-8525
-8537
-8537
-8550
-8558
-8567
-8574
-8569
-8578
-8570
-8573
-8576
-8586
-8605
-8614
-8625
-8633
-8648
-8657
-8665
-8666
-8661
-8646
-8635
-8621
-8601
-8594
-8584
-8587
-8586
-8586
-8579
-8574
-8587
-8584
-8591
-8587
-8588
-8592
-8586
-8589
-8582
-8588
-8588
-8601
-8615
-8628
-8650
-8655
-8686
-8704
-8722
-8747
-8744
-8758
-8746
-8756
-8756
-8743
-8740
-8714
-8714
-8702
-8705
-8695
-8682
-8667
-8653
-8651
-8642
-8641
-8614
-8608
-8607
-8606
-8608
-8601
-8613
-8614
-8640
-8668
-8678
-8688
-8683
-8678
-8675
-8664
-8649
-8638
-8628
-8626
-8612
-8621
-8634
-8647
-8670
-8673
-8690
-8694
-8694
-8703
-8703
-8706
-8709
-8700
-8696
-8689
-8689
-8685
-8682
-8690
-8688
-8707
-8719
-8719
-8715
-8703
-8701
-8703
-8702
-8696
-8692
-8686
-8681
-8669
-8662
-8662
-8659
-8656
-8647
-8647
-8650
-8648
-8651
-8645
-8645
-8643
-8647
-8666
-8674
-8693
-8704
-8719
-8738
-8733
-8738
-8738
-8749
-8756
-8732
-8720
-8701
-8687
-8679
-8668
-8676
-8671
-8673
-8676
-8672
-8682
-8689
-8690
-8692
-8684
-8681
-8665
-8666
-8679
-8678
-8692
-8691
-8715
-8715
-8723
-8727
-8729
-8741
-8742
-8760
-8743
-8739
-8717
-8712
-8714
-8705
-8717
-8718
-8717
-8726
-8729
-8745
-8750
-8746
-8751
-8730
-8738
-8720
-8730
-8732
-8718
-8714
-8702
-8722
-8712
-8713
-8704
-8705
-8710
-8699
-8700
-8695
-8694
-8688
-8690
-8698
-8701
-8710
-8720
-8734
-8742
-8743
-8749
-8742
-8745
-8730
-8718
-8723
-8715
-8719
-8702
-8694
-8704
-8704
-8707
-8709
-8713
-8727
-8737
-8744
-8750
-8739
-8744
-8739
-8743
-8735
-8716
-8707
-8693
-8701
-8695
-8693
-8702
-8704
-8718
-8724
-8741
-8764
-8754
-8762
-8755
-8764
-8768
-8763
-8769
-8750
-8749
-8734
-8730
-8721
-8706
-8702
-8693
-8706
-8701
-8699
-8689
-8677
-8670
-8653
-8656
-8648
-8652
-8658
-8664
-8689
-8692
-8702
-8707
-8713
-8738
-8730
-8747
-8751
-8762
-8776
-8778
-8804
-8790
-8809
-8814
-8819
-8830
-8830
-8830
-8824
-8823
-8802
-8796
-8780
-8772
-8757
-8735
-8711
-8691
-8692
-8682
-8682
-8682
-8698
-8719
-8724
-8736
-8730
-8732
-8735
-8734
-8737
-8731
-8732
-8726
-8725
-8721
-8725
-8735
-8733
-8746
-8747
-8758
-8765
-8762
-8773
-8769
-8776
-8765
-8765
-8767
-8758
-8759
-8738
-8738
-8734
-8735
-8743
-8737
-8740
-8733
-8726
-8725
-8712
-8707
-8704
-8704
-8715
-8721
-8728
-8740
-8754
-8772
-8775
-8772
-8770
-8760
-8759
-8746
-8738
-8736
-8738
-8733
-8740
-8752
-8764
-8785
-8791
-8800
-8791
-8787
-8780
-8777
-8781
-8767
-8759
-8745
-8739
-8734
-8711
-8712
-8704
-8703
-8700
-8695
-8704
-8703
-8716
-8711
-8717
-8714
-8721
-8725
-8727
-8733
-8738
-8767
-8773
-8786
-8781
-8780
-8791
-8782
-8786
-8767
-8751
-8747
-8729
-8720
-8701
-8689
-8681
-8682
-8687
-8689
-8688
-8692
-8703
-8708
-8711
-8713
-8727
-8730
-8737
-8748
-8764
-8786
-8796
-8794
-8784
-8776
-8770
-8765
-8752
-8743
-8721
-8706
-8693
-8669
-8660
-8639
-8617
-8606
-8598
-8603
-8597
-8608
-8614
-8624
-8628
-8609
-8618
-8607
-8611
-8613
-8612
-8624
-8625
-8639
-8640
-8646
-8658
-8676
-8687
-8683
-8670
-8672
-8686
-8678
-8670
-8651
-8645
-8648
-8627
-8616
-8602
-8593
-8587
-8570
-8568
-8554
-8552
-8556
-8543
-8539
-8535
-8545
-8556
-8559
-8567
-8576
-8584
-8599
-8610
-8613
-8615
-8624
-8629
-8630
-8625
-8620
-8618
-8621
-8620
-8602
-8595
-8585
-8595
-8601
-8597
-8593
-8582
-8575
-8563
-8556
-8542
-8530
-8521
-8521
-8519
-8520
-8512
-8528
-8546
-8552
-8576
-8588
-8610
-8632
-8641
-8651
-8642
-8636
-8637
-8621
-8610
-8572
-8548
-8537
-8523
-8518
-8497
-8510
-8509
-8508
-8509
-8510
-8523
-8538
-8551
-8553
-8577
-8595
-8626
-8645
-8654
-8667
-8670
-8678
-8668
-8660
-8648
-8628
-8616
-8585
-8575
-8566
-8564
-8569
-8549
-8547
-8544
-8547
-8539
-8519
-8512
-8510
-8511
-8519
-8519
-8518
-8527
-8543
-8555
-8557
-8551
-8564
-8572
-8581
-8593
-8593
-8616
-8618
-8635
-8628
-8623
-8635
-8619
-8618
-8594
-8590
-8592
-8601
-8600
-8581
-8586
-8576
-8588
-8581
-8584
-8582
-8578
-8586
-8568
-8579
-8574
-8595
-8613
-8620
-8623
-8614
-8636
-8628
-8635
-8627
-8609
-8610
-8601
-8600
-8597
-8595
-8614
-8632
-8634
-8632
-8624
-8632
-8635
-8638
-8636
-8621
-8621
-8621
-8627
-8619
-8603
-8598
-8608
-8617
-8622
-8631
-8644
-8666
-8671
-8680
-8693
-8695
-8707
-8694
-8688
-8679
-8669
-8662
-8635
-8622
-8606
-8613
-8617
-8606
-8596
-8592
-8604
-8611
-8609
-8597
-8604
-8613
-8633
-8650
-8660
-8688
-8702
-8728
-8740
-8740
-8744
-8739
-8731
-8719
-8707
-8701
-8694
-8690
-8684
-8660
-8660
-8652
-8658
-8654
-8651
-8668
-8670
-8688
-8678
-8672
-8674
-8673
-8678
-8672
-8672
-8666
-8670
-8680
-8679
-8677
-8679
-8689
-8695
-8703
-8699
-8704
-8715
-8712
-8717
-8711
-8714
-8718
-8715
-8716
-8706
-8702
-8701
-8686
-8671
-8654
-8640
-8636
-8622
-8624
-8614
-8612
-8619
-8625
-8641
-8649
-8669
-8683
-8710
-8722
-8723
-8728
-8734
-8744
-8745
-8746
-8741
-8747
-8747
-8746
-8747
-8733
-8732
-8720
-8704
-8702
-8686
-8695
-8692
-8707
-8730
-8731
-8750
-8739
-8753
-8752
-8744
-8756
-8746
-8749
-8731
-8720
-8713
-8698
-8686
-8666
-8656
-8643
-8644
-8640
-8640
-8636
-8636
-8653
-8649
-8661
-8653
-8665
-8686
-8691
-8723
-8719
-8734
-8736
-8731
-8742
-8734
-8739
-8739
-8737
-8734
-8721
-8718
-8711
-8702
-8695
-8678
-8675
-8666
-8662
-8662
-8664
-8676
-8684
-8694
-8700
-8717
-8729
-8751
-8761
-8775
-8784
-8779
-8788
-8776
-8778
-8759
-8752
-8749
-8735
-8742
-8731
-8728
-8721
-8714
-8711
-8708
-8714
-8712
-8710
-8714
-8712
-8707
-8691
-8687
-8699
-8712
-8723
-8723
-8735
-8737
-8753
-8761
-8747
-8743
-8724
-8725
-8709
-8701
-8691
-8677
-8688
-8676
-8688
-8681
-8695
-8712
-8713
-8721
-8711
-8732
-8737
-8747
-8753
-8749
-8759
-8755
-8759
-8747
-8748
-8755
-8753
-8760
-8748
-8745
-8740
-8735
-8723
-8693
-8680
-8669
-8667
-8657
-8642
-8641
-8635
-8642
-8639
-8635
-8642
-8638
-8655
-8656
-8654
-8656
-8651
-8665
-8669
-8666
-8667
-8674
-8697
-8705
-8706
-8717
-8724
-8732
-8723
-8716
-8703
-8692
-8684
-8673
-8670
-8658
-8666
-8658
-8653
-8643
-8632
-8641
-8630
-8634
-8611
-8607
-8611
-8602
-8609
-8610
-8627
-8631
-8631
-8641
-8644
-8652
-8651
-8648
-8649
-8643
-8637
-8621
-8615
-8608
-8599
-8591
-8589
-8595
-8607
-8617
-8616
-8627
-8627
-8634
-8634
-8627
-8628
-8618
-8620
-8628
-8614
-8615
-8609
-8612
-8607
-8600
-8612
-8608
-8617
-8599
-8593
-8593
-8589
-8602
-8606
-8613
-8612
-8618
-8624
-8627
-8614
-8609
-8604
-8601
-8597
-8584
-8585
-8589
-8590
-8584
-8582
-8583
-8588
-8577
-8569
-8563
-8567
-8584
-8580
-8588
-8584
-8606
-8630
-8644
-8664
-8660
-8673
-8680
-8682
-8666
-8657
-8654
-8646
-8636
-8614
-8618
-8610
-8609
-8600
-8587
-8587
-8575
-8564
-8555
-8552
-8538
-8523
-8525
-8520
-8530
-8536
-8538
-8555
-8556
-8569
-8580
-8598
-8623
-8633
-8646
-8651
-8659
-8667
-8667
-8671
-8671
-8678
-8684
-8685
-8688
-8678
-8671
-8663
-8660
-8645
-8634
-8617
-8609
-8608
-8597
-8603
-8592
-8592
-8578
-8571
-8578
-8576
-8588
-8590
-8590
-8591
-8587
-8594
-8596
-8594
-8595
-8592
-8602
-8608
-8602
-8608
-8621
-8632
-8631
-8626
-8636
-8640
-8656
-8665
-8664
-8669
-8667
-8678
-8678
-8675
-8674
-8671
-8660
-8649
-8642
-8636
-8641
-8634
-8635
-8632
-8640
-8642
-8629
-8628
-8611
-8617
-8620
-8624
-8629
-8618
-8620
-8616
-8608
-8601
-8593
-8593
-8601
-8595
-8603
-8610
-8623
-8642
-8650
-8668
-8672
-8684
-8687
-8687
-8681
-8677
-8670
-8670
-8671
-8659
-8659
-8647
-8655
-8648
-8639
-8639
-8640
-8649
-8637
-8633
-8626
-8619
-8626
-8626
-8629
-8633
-8642
-8653
-8665
-8664
-8660
-8654
-8662
-8668
-8658
-8663
-8653
-8669
-8678
-8680
-8684
-8684
-8690
-8693
-8699
-8696
-8690
-8683
-8685
-8670
-8656
-8639
-8633
-8634
-8622
-8624
-8622
-8627
-8635
-8630
-8640
-8636
-8639
-8639
-8636
-8644
-8639
-8658
-8661
-8667
-8670
-8672
-8668
-8659
-8665
-8654
-8663
-8655
-8662
-8670
-8673
-8694
-8699
-8715
-8718
-8723
-8729
-8730
-8745
-8749
-8751
-8743
-8740
-8743
-8744
-8746
-8730
-8725
-8719
-8709
-8693
-8681
-8676
-8669
-8664
-8657
-8661
-8662
-8665
-8667
-8667
-8668
-8673
-8684
-8690
-8686
-8691
-8695
-8699
-8708
-8705
-8716
-8721
-8736
-8742
-8742
-8740
-8746
-8747
-8741
-8741
-8731
-8722
-8695
-8678
-8663
-8654
-8642
-8631
-8633
-8632
-8636
-8637
-8636
-8642
-8648
-8649
-8657
-8659
-8664
-8663
-8661
-8658
-8652
-8659
-8660
-8661
-8670
-8669
-8677
-8680
-8687
-8692
-8685
-8692
-8692
-8696
-8696
-8700
-8701
-8699
-8700
-8699
-8702
-8700
-8704
-8694
-8691
-8683
-8684
-8690
-8681
-8695
-8683
-8682
-8671
-8663
-8675
-8670
-8677
-8675
-8667
-8669
-8656
-8647
-8636
-8633
-8643
-8646
-8649
-8643
-8643
-8640
-8651
-8654
-8673
-8686
-8704
-8727
-8736
-8755
-8750
-8756
-8750
-8745
-8753
-8745
-8745
-8728
-8710
-8699
-8674
-8659
-8627
-8608
-8601
-8588
-8575
-8562
-8569
-8566
-8571
-8581
-8591
-8607
-8625
-8644
-8654
-8665
-8673
-8676
-8681
-8680
-8684
-8684
-8676
-8669
-8644
-8632
-8625
-8623
-8627
-8621
-8629
-8617
-8617
-8615
-8608
-8621
-8612
-8615
-8616
-8616
-8625
-8622
-8626
-8635
-8638
-8642
-8638
-8635
-8636
-8640
-8638
-8621
-8612
-8607
-8608
-8611
-8615
-8607
-8620
-8638
-8642
-8647
-8638
-8656
-8662
-8664
-8658
-8652
-8658
-8648
-8649
-8643
-8635
-8639
-8636
-8627
-8618
-8605
-8607
-8601
-8607
-8603
-8595
-8603
-8596
-8604
-8599
-8610
-8617
-8625
-8631
-8632
-8640
-8625
-8620
-8610
-8608
-8609
-8603
-8597
-8584
-8580
-8568
-8567
-8568
-8565
-8583
-8589
-8592
-8590
-8584
-8592
-8593
-8592
-8590
-8581
-8589
-8579
-8582
-8585
-8589
-8596
-8587
-8597
-8594
-8603
-8596
-8593
-8589
-8586
-8586
-8582
-8585
-8576
-8577
-8559
-8556
-8554
-8565
-8588
-8592
-8598
-8590
-8593
-8602
-8595
-8593
-8585
-8579
-8578
-8571
-8574
-8569
-8576
-8580
-8576
-8577
-8573
-8575
-8578
-8582
-8572
-8577
-8594
-8602
-8598
-8587
-8595
-8602
-8620
-8626
-8627
-8634
-8626
-8626
-8621
-8624
-8634
-8636
-8637
-8630
-8622
-8616
-8608
-8590
-8580
-8578
-8584
-8587
-8586
-8587
-8583
-8584
-8582
-8585
-8587
-8594
-8601
-8603
-8599
-8598
-8604
-8597
-8592
-8584
-8592
-8592
-8589
-8583
-8571
-8581
-8578
-8590
-8598
-8601
-8606
-8596
-8598
-8581
-8565
-8561
-8549
-8536
-8535
-8538
-8550
-8554
-8552
-8566
-8555
-8559
-8556
-8562
-8570
-8575
-8590
-8580
-8596
-8603
-8598
-8593
-8580
-8575
-8580
-8578
-8554
-8533
-8517
-8518
-8514
-8504
-8499
-8484
-8489
-8491
-8489
-8485
-8476
-8479
-8475
-8483
-8492
-8503
-8523
-8533
-8548
-8561
-8571
-8578
-8577
-8580
-8594
-8591
-8583
-8573
-8555
-8563
-8560
-8554
-8545
-8533
-8528
-8512
-8506
-8500
-8494
-8485
-8471
-8477
-8479
-8479
-8491
-8503
-8515
-8527
-8529
-8530
-8532
-8526
-8535
-8539
-8549
-8557
-8554
-8568
-8562
-8580
-8582
-8585
-8598
-8579
-8577
-8568
-8568
-8578
-8577
-8582
-8573
-8571
-8576
-8574
-8574
-8570
-8572
-8571
-8573
-8572
-8570
-8577
-8579
-8583
-8569
-8556
-8548
-8543
-8550
-8545
-8545
-8536
-8535
-8531
-8524
-8537
-8534
-8547
-8548
-8544
-8549
-8549
-8562
-8563
-8563
-8568
-8567
-8566
-8565
-8570
-8574
-8579
-8574
-8566
-8561
-8557
-8562
-8565
-8578
-8585
-8603
-8615
-8616
-8625
-8619
-8627
-8629
-8624
-8629
-8620
-8621
-8608
-8597
-8594
-8580
-8581
-8572
-8570
-8576
-8579
-8588
-8580
-8582
-8587
-8587
-8589
-8582
-8585
-8586
-8596
-8598
-8605
-8608
-8610
-8622
-8613
-8626
-8622
-8633
-8649
-8661
-8687
-8692
-8710
-8717
-8731
-8738
-8732
-8730
-8723
-8721
-8725
-8730
-8733
-8732
-8732
-8731
-8725
-8722
-8710
-8705
-8694
-8695
-8683
-8680
-8676
-8666
-8674
-8656
-8668
-8663
-8682
-8700
-8700
-8715
-8706
-8741
-8746
-8754
-8767
-8762
-8779
-8768
-8768
-8770
-8768
-8768
-8752
-8747
-8743
-8742
-8734
-8733
-8744
-8754
-8760
-8759
-8755
-8746
-8737
-8732
-8739
-8746
-8749
-8748
-8728
-8706
-8699
-8698
-8697
-8689
-8694
-8704
-8705
-8709
-8715
-8730
-8747
-8753
-8754
-8743
-8748
-8763
-8774
-8782
-8780
-8796
-8804
-8811
-8809
-8808
-8798
-8789
-8775
-8748
-8755
-8748
-8760
-8763
-8751
-8761
-8754
-8770
-8770
-8771
-8778
-8768
-8773
-8755
-8755
-8756
-8741
-8737
-8722
-8721
-8707
-8697
-8683
-8662
-8658
-8648
-8650
-8644
-8646
-8645
-8654
-8675
-8680
-8702
-8711
-8733
-8741
-8730
-8740
-8737
-8747
-8732
-8716
-8708
-8687
-8692
-8679
-8678
-8673
-8664
-8675
-8657
-8662
-8654
-8656
-8664
-8650
-8654
-8641
-8635
-8616
-8604
-8603
-8592
-8585
-8576
-8569
-8569
-8570
-8560
-8561
-8557
-8564
-8584
-8595
-8602
-8606
-8613
-8624
-8631
-8626
-8625
-8623
-8623
-8605
-8597
-8609
-8619
-8627
-8614
-8608
-8597
-8593
-8581
-8572
-8566
-8560
-8566
-8558
-8555
-8546
-8549
-8542
-8541
-8548
-8542
-8543
-8531
-8529
-8526
-8525
-8534
-8540
-8545
-8539
-8536
-8536
-8524
-8516
-8504
-8502
-8505
-8495
-8495
-8499
-8497
-8492
-8490
-8493
-8504
-8509
-8517
-8523
-8528
-8527
-8518
-8506
-8491
-8489
-8482
-8474
-8459
-8450
-8443
-8448
-8447
-8436
-8443
-8444
-8460
-8464
-8473
-8477
-8475
-8489
-8490
-8506
-8516
-8525
-8533
-8536
-8547
-8553
-8560
-8558
-8548
-8539
-8528
-8521
-8511
-8505
-8514
-8511
-8499
-8487
-8478
-8468
-8460
-8455
-8452
-8463
-8469
-8477
-8474
-8483
-8488
-8489
-8504
-8503
-8520
-8523
-8528
-8531
-8536
-8545
-8548
-8564
-8563
-8580
-8582
-8583
-8581
-8574
-8574
-8563
-8570
-8555
-8539
-8526
-8509
-8506
-8480
-8461
-8451
-8441
-8443
-8437
-8445
-8454
-8465
-8472
-8472
-8476
-8475
-8485
-8501
-8514
-8527
-8546
-8548
-8549
-8558
-8568
-8594
-8599
-8605
-8607
-8614
-8631
-8632
-8631
-8622
-8617
-8611
-8601
-8588
-8581
-8574
-8579
-8569
-8558
-8552
-8530
-8515
-8488
-8486
-8484
-8490
-8495
-8502
-8516
-8532
-8552
-8565
-8583
-8595
-8616
-8623
-8627
-8627
-8627
-8632
-8627
-8619
-8609
-8595
-8596
-8597
-8602
-8611
-8616
-8622
-8615
-8610
-8613
-8615
-8616
-8607
-8602
-8606
-8602
-8612
-8609
-8616
-8614
-8604
-8608
-8597
-8604
-8599
-8600
-8602
-8602
-8601
-8596
-8597
-8594
-8593
-8589
-8586
-8581
-8572
-8580
-8584
-8600
-8607
-8610
-8618
-8612
-8624
-8616
-8620
-8623
-8618
-8613
-8603
-8601
-8593
-8586
-8572
-8562
-8562
-8573
-8571
-8573
-8570
-8571
-8576
-8570
-8569
-8552
-8553
-8554
-8568
-8573
-8577
-8581
-8580
-8591
-8581
-8591
-8587
-8601
-8615
-8618
-8633
-8635
-8654
-8652
-8665
-8669
-8659
-8661
-8653
-8660
-8659
-8652
-8644
-8641
-8642
-8636
-8637
-8632
-8626
-8607
-8587
-8568
-8549
-8542
-8532
-8532
-8533
-8538
-8546
-8543
-8545
-8545
-8550
-8555
-8547
-8548
-8551
-8563
-8577
-8578
-8597
-8610
-8622
-8627
-8628
-8641
-8645
-8648
-8649
-8636
-8628
-8622
-8619
-8611
-8594
-8577
-8560
-8551
-8543
-8535
-8529
-8532
-8529
-8540
-8545
-8564
-8576
-8580
-8599
-8591
-8599
-8595
-8599
-8606
-8596
-8601
-8599
-8604
-8606
-8596
-8592
-8588
-8584
-8576
-8565
-8559
-8556
-8556
-8560
-8577
-8576
-8577
-8582
-8589
-8594
-8580
-8583
-8581
-8582
-8577
-8563
-8561
-8547
-8539
-8533
-8518
-8518
-8522
-8533
-8544
-8554
-8565
-8565
-8572
-8574
-8568
-8558
-8554
-8550
-8543
-8544
-8541
-8548
-8545
-8556
-8563
-8567
-8569
-8554
-8552
-8540
-8547
-8540
-8532
-8541
-8533
-8534
-8530
-8520
-8519
-8520
-8528
-8531
-8529
-8533
-8525
-8521
-8516
-8514
-8509
-8510
-8515
-8508
-8513
-8519
-8530
-8533
-8528
-8525
-8515
-8518
-8514
-8518
-8518
-8504
-8508
-8500
-8520
-8529
-8541
-8560
-8564
-8590
-8585
-8589
-8582
-8573
-8574
-8557
-8557
-8549
-8537
-8531
-8524
-8516
-8505
-8499
-8491
-8497
-8502
-8506
-8514
-8513
-8526
-8530
-8545
-8557
-8565
-8585
-8577
-8589
-8584
-8585
-8590
-8567
-8569
-8547
-8547
-8548
-8535
-8538
-8528
-8533
-8529
-8523
-8530
-8525
-8523
-8519
-8524
-8534
-8534
-8541
-8537
-8542
-8542
-8544
-8546
-8545
-8552
-8557
-8563
-8552
-8553
-8564
-8579
-8593
-8592
-8614
-8620
-8634
-8640
-8629
-8641
-8622
-8627
-8615
-8596
-8593
-8570
-8571
-8545
-8533
-8515
-8497
-8489
-8476
-8488
-8482
-8489
-8486
-8498
-8520
-8534
-8563
-8567
-8593
-8597
-8610
-8618
-8610
-8625
-8617
-8630
-8622
-8623
-8625
-8605
-8603
-8586
-8585
-8581
-8562
-8553
-8546
-8549
-8548
-8551
-8554
-8556
-8562
-8554
-8544
-8536
-8537
-8536
-8532
-8539
-8542
-8557
-8559
-8569
-8573
-8563
-8578
-8573
-8586
-8578
-8575
-8582
-8574
-8582
-8568
-8574
-8573
-8576
-8579
-8568
-8566
-8561
-8558
-8552
-8547
-8550
-8564
-8572
-8575
-8589
-8590
-8600
-8611
-8604
-8611
-8608
-8621
-8628
-8622
-8630
-8621
-8637
-8627
-8624
-8627
-8619
-8628
-8617
-8622
-8607
-8596
-8581
-8570
-8577
-8583
-8589
-8582
-8587
-8586
-8586
-8584
-8582
-8580
-8571
-8574
-8575
-8582
-8597
-8599
-8618
-8625
-8629
-8641
-8629
-8637
-8621
-8619
-8614
-8593
-8585
-8558
-8560
-8553
-8560
-8558
-8551
-8561
-8565
-8578
-8577
-8586
-8593
-8606
-8613
-8607
-8619
-8626
-8636
-8645
-8638
-8646
-8640
-8637
-8626
-8612
-8618
-8614
-8617
-8604
-8592
-8593
-8587
-8581
-8563
-8556
-8551
-8546
-8532
-8516
-8513
-8511
-8525
-8530
-8533
-8529
-8541
-8555
-8566
-8580
-8580
-8593
-8600
-8617
-8625
-8627
-8643
-8643
-8634
-8618
-8596
-8596
-8591
-8591
-8597
-8594
-8595
-8577
-8573
-8561
-8551
-8549
-8533
-8529
-8519
-8516
-8506
-8496
-8486
-8481
-8489
-8485
-8491
-8485
-8490
-8494
-8492
-8500
-8495
-8507
-8506
-8514
-8524
-8535
-8546
-8549
-8560
-8565
-8570
-8566
-8557
-8551
-8543
-8529
-8511
-8501
-8495
-8492
-8486
-8474
-8473
-8471
-8474
-8469
-8465
-8460
-8455
-8458
-8449
-8441
-8432
-8426
-8427
-8421
-8418
-8425
-8426
-8437
-8439
-8433
-8446
-8450
-8467
-8481
-8487
-8501
-8508
-8524
-8529
-8540
-8550
-8553
-8570
-8569
-8567
-8559
-8549
-8535
-8513
-8496
-8480
-8476
-8463
-8462
-8441
-8434
-8436
-8433
-8443
-8428
-8438
-8422
-8420
-8410
-8394
-8396
-8395
-8418
-8424
-8439
-8447
-8458
-8466
-8472
-8479
-8477
-8477
-8474
-8479
-8481
-8481
-8485
-8488
-8492
-8489
-8485
-8476
-8466
-8464
-8455
-8449
-8454
-8446
-8447
-8449
-8454
-8471
-8478
-8498
-8504
-8519
-8534
-8536
-8546
-8551
-8555
-8553
-8552
-8544
-8545
-8532
-8528
-8517
-8503
-8494
-8484
-8481
-8463
-8457
-8443
-8431
-8431
-8423
-8427
-8429
-8438
-8457
-8462
-8470
-8475
-8479
-8483
-8481
-8478
-8481
-8480
-8486
-8494
-8506
-8520
-8527
-8532
-8537
-8543
-8543
-8540
-8533
-8534
-8524
-8521
-8515
-8510
-8516
-8504
-8498
-8496
-8485
-8490
-8482
-8486
-8486
-8469
-8479
-8470
-8493
-8494
-8498
-8507
-8499
-8528
-8526
-8543
-8539
-8524
-8531
-8518
-8523
-8516
-8514
-8508
-8503
-8504
-8498
-8499
-8496
-8502
-8504
-8506
-8500
-8492
-8495
-8491
-8493
-8493
-8495
-8511
-8510
-8521
-8526
-8532
-8534
-8521
-8521
-8505
-8498
-8486
-8476
-8475
-8465
-8471
-8475
-8497
-8502
-8495
-8488
-8476
-8472
-8451
-8460
-8456
-8471
-8486
-8493
-8514
-8507
-8507
-8501
-8501
-8500
-8485
-8482
-8482
-8483
-8490
-8480
-8492
-8487
-8502
-8510
-8513
-8520
-8507
-8517
-8520
-8520
-8512
-8510
-8503
-8503
-8493
-8495
-8483
-8465
-8458
-8450
-8457
-8450
-8454
-8455
-8446
-8463
-8459
-8456
-8473
-8475
-8470
-8468
-8458
-8459
-8466
-8466
-8485
-8467
-8481
-8486
-8498
-8498
-8487
-8500
-8490
-8509
-8482
-8478
-8470
-8461
-8467
-8459
-8468
-8446
-8463
-8451
-8461
-8451
-8439
-8473
-8453
-8491
-8483
-8501
-8523
-8526
-8541
-8521
-8535
-8515
-8508
-8497
-8493
-8497
-8487
-8471
-8455
-8442
-8435
-8429
-8426
-8441
-8441
-8445
-8463
-8465
-8471
-8485
-8483
-8500
-8500
-8516
-8525
-8529
-8547
-8541
-8535
-8529
-8529
-8525
-8521
-8525
-8540
-8530
-8537
-8535
-8539
-8543
-8531
-8537
-8518
-8516
-8509
-8507
-8508
-8493
-8495
-8482
-8482
-8471
-8463
-8461
-8457
-8456
-8449
-8456
-8448
-8459
-8460
-8468
-8472
-8468
-8475
-8485
-8513
-8527
-8534
-8560
-8567
-8589
-8594
-8593
-8614
-8601
-8618
-8603
-8592
-8584
-8575
-8576
-8565
-8562
-8555
-8541
-8536
-8522
-8517
-8500
-8478
-8474
-8448
-8461
-8448
-8447
-8447
-8453
-8460
-8460
-8502
-8495
-8528
-8551
-8563
-8594
-8573
-8584
-8574
-8574
-8579
-8579
-8586
-8590
-8589
-8593
-8581
-8549
-8573
-8529
-8523
-8501
-8505
-8519
-8498
-8537
-8520
-8498
-8507
-8522
-8502
-8508
-8497
-8513
-8500
-8504
-8510
-8495
-8552
-8560
-8586
-8584
-8602
-8624
-8622
-8635
-8588
-8601
-8585
-8591
-8586
-8606
-8628
-8617
-8653
-8623
-8633
-8606
-8616
-8564
-8557
-8518
-8510
-8516
-8522
-8583
-8548
-8610
-8561
-8604
-8585
-8592
-8595
-8579
-8605
-8566
-8591
-8568
-8590
-8591
-8603
-8578
-8597
-8576
-8571
-8578
-8564
-8557
-8513
-8546
-8543
-8554
-8561
-8561
-8582
-8583
-8576
-8589
-8598
-8618
-8603
-8595
-8602
-8589
-8609
-8610
-8623
-8621
-8658
-8647
-8639
-8650
-8617
-8610
-8556
-8563
-8530
-8524
-8525
-8518
-8542
-8516
-8552
-8529
-8558
-8570
-8570
-8619
-8589
-8587
-8577
-8576
-8586
-8585
-8594
-8606
-8611
-8612
-8617
-8597
-8586
-8572
-8538
-8512
-8499
-8487
-8472
-8461
-8450
-8442
-8439
-8441
-8451
-8439
-8444
-8440
-8445
-8451
-8454
-8459
-8455
-8461
-8468
-8464
-8462
-8477
-8462
-8481
-8455
-8473
-8479
-8474
-8499
-8485
-8506
-8486
-8487
-8486
-8486
-8470
-8486
-8494
-8504
-8507
-8490
-8511
-8481
-8490
-8475
-8453
-8459
-8429
-8439
-8450
-8445
-8467
-8464
-8497
-8491
-8479
-8511
-8482
-8499
-8463
-8475
-8469
-8450
-8466
-8437
-8473
-8450
-8464
-8429
-8425
-8409
-8385
-8399
-8381
-8419
-8386
-8432
-8435
-8456
-8459
-8438
-8466
-8449
-8481
-8444
-8469
-8489
-8502
-8518
-8518
-8519
-8489
-8486
-8481
-8482
-8453
-8454
-8439
-8428
-8412
-8400
-8407
-8393
-8386
-8376
-8392
-8389
-8408
-8414
-8424
-8419
-8403
-8404
-8380
-8400
-8393
-8407
-8418
-8416
-8418
-8404
-8422
-8424
-8439
-8441
-8453
-8457
-8449
-8451
-8438
-8436
-8416
-8417
-8418
-8409
-8410
-8394
-8399
-8395
-8393
-8387
-8372
-8380
-8376
-8378
-8381
-8380
-8398
-8390
-8387
-8393
-8388
-8394
-8382
-8394
-8383
-8369
-8358
-8345
-8362
-8360
-8368
-8357
-8370
-8355
-8360
-8362
-8345
-8366
-8342
-8358
-8334
-8342
-8355
-8345
-8372
-8363
-8396
-8409
-8423
-8435
-8431
-8443
-8438
-8430
-8411
-8401
-8391
-8380
-8376
-8375
-8380
-8362
-8348
-8324
-8310
-8296
-8275
-8269
-8263
-8278
-8275
-8286
-8306
-8324
-8344
-8357
-8379
-8394
-8403
-8413
-8429
-8434
-8436
-8427
-8421
-8407
-8394
-8394
-8381
-8380
-8377
-8381
-8386
-8380
-8380
-8370
-8371
-8370
-8374
-8374
-8388
-8409
-8408
-8420
-8400
-8413
-8404
-8399
-8405
-8390
-8407
-8401
-8413
-8415
-8407
-8416
-8410
-8424
-8434
-8421
-8444
-8430
-8435
-8433
-8419
-8423
-8391
-8409
-8398
-8402
-8396
-8382
-8392
-8384
-8390
-8378
-8384
-8381
-8385
-8387
-8388
-8407
-8404
-8414
-8420
-8431
-8445
-8444
-8471
-8458
-8457
-8458
-8448
-8462
-8441
-8439
-8411
-8395
-8393
-8387
-8403
-8416
-8436
-8447
-8466
-8478
-8495
-8498
-8502
-8511
-8502
-8507
-8508
-8513
-8520
-8511
-8520
-8520
-8510
-8518
-8508
-8518
-8506
-8505
-8512
-8507
-8507
-8490
-8502
-8499
-8512
-8509
-8508
-8526
-8529
-8549
-8548
-8565
-8566
-8574
-8580
-8575
-8590
-8566
-8583
-8577
-8579
-8586
-8559
-8576
-8539
-8541
-8529
-8526
-8542
-8524
-8541
-8523
-8535
-8533
-8525
-8522
-8509
-8510
-8502
-8511
-8506
-8528
-8536
-8546
-8548
-8548
-8561
-8546
-8550
-8537
-8541
-8535
-8534
-8543
-8555
-8578
-8588
-8600
-8599
-8611
-8604
-8614
-8607
-8603
-8609
-8604
-8604
-8575
-8588
-8556
-8551
-8557
-8543
-8559
-8543
-8549
-8539
-8539
-8533
-8531
-8533
-8525
-8546
-8545
-8557
-8550
-8548
-8563
-8553
-8572
-8559
-8550
-8548
-8528
-8530
-8507
-8505
-8507
-8503
-8521
-8519
-8543
-8550
-8550
-8551
-8532
-8542
-8533
-8535
-8527
-8519
-8526
-8529
-8547
-8534
-8537
-8529
-8546
-8545
-8537
-8536
-8513
-8514
-8479
-8473
-8451
-8442
-8437
-8431
-8451
-8438
-8452
-8458
-8470
-8470
-8480
-8488
-8499
-8510
-8519
-8542
-8541
-8566
-8559
-8549
-8546
-8524
-8524
-8508
-8496
-8494
-8483
-8497
-8491
-8507
-8521
-8515
-8529
-8511
-8521
-8512
-8506
-8510
-8497
-8501
-8495
-8494
-8480
-8484
-8487
-8491
-8491
-8477
-8478
-8459
-8457
-8450
-8440
-8439
-8429
-8438
-8446
-8463
-8470
-8469
-8478
-8486
-8489
-8494
-8478
-8475
-8471
-8470
-8479
-8476
-8503
-8502
-8521
-8530
-8540
-8566
-8566
-8572
-8559
-8562
-8550
-8544
-8530
-8517
-8509
-8490
-8490
-8471
-8475
-8465
-8447
-8447
-8428
-8419
-8412
-8407
-8406
-8393
-8400
-8414
-8424
-8438
-8445
-8453
-8460
-8466
-8474
-8483
-8489
-8508
-8507
-8514
-8516
-8509
-8515
-8500
-8499
-8481
-8469
-8477
-8471
-8477
-8473
-8475
-8486
-8479
-8490
-8477
-8476
-8486
-8477
-8493
-8476
-8478
-8481
-8481
-8489
-8484
-8483
-8479
-8480
-8482
-8479
-8470
-8462
-8449
-8445
-8434
-8440
-8443
-8441
-8439
-8442
-8445
-8445
-8456
-8465
-8470
-8472
-8493
-8494
-8505
-8500
-8497
-8511
-8505
-8505
-8502
-8488
-8489
-8476
-8463
-8459
-8433
-8437
-8419
-8412
-8409
-8405
-8412
-8406
-8419
-8416
-8433
-8436
-8439
-8443
-8440
-8461
-8447
-8468
-8475
-8489
-8497
-8488
-8509
-8487
-8499
-8499
-8495
-8507
-8494
-8521
-8523
-8529
-8536
-8527
-8529
-8518
-8515
-8505
-8502
-8488
-8477
-8481
-8470
-8475
-8463
-8447
-8441
-8431
-8423
-8416
-8422
-8417
-8424
-8422
-8430
-8449
-8443
-8461
-8466
-8480
-8485
-8469
-8478
-8470
-8469
-8451
-8436
-8426
-8407
-8391
-8382
-8386
-8385
-8387
-8388
-8414
-8416
-8425
-8423
-8432
-8459
-8450
-8473
-8468
-8474
-8479
-8469
-8479
-8479
-8479
-8471
-8465
-8456
-8445
-8439
-8437
-8422
-8399
-8377
-8360
-8352
-8340
-8328
-8338
-8338
-8345
-8342
-8354
-8377
-8387
-8425
-8421
-8442
-8447
-8442
-8450
-8435
-8438
-8416
-8406
-8384
-8369
-8360
-8333
-8334
-8299
-8291
-8286
-8279
-8294
-8270
-8292
-8296
-8300
-8300
-8294
-8311
-8311
-8323
-8340
-8345
-8363
-8363
-8374
-8396
-8379
-8406
-8388
-8400
-8386
-8373
-8392
-8370
-8386
-8361
-8382
-8389
-8397
-8392
-8378
-8371
-8342
-8334
-8308
-8296
-8286
-8280
-8270
-8272
-8264
-8276
-8270
-8288
-8281
-8281
-8305
-8298
-8328
-8299
-8321
-8319
-8336
-8343
-8339
-8374
-8349
-8367
-8341
-8347
-8342
-8333
-8336
-8322
-8331
-8326
-8329
-8320
-8330
-8322
-8340
-8351
-8359
-8376
-8367
-8378
-8371
-8368
-8368
-8379
-8397
-8404
-8407
-8408
-8418
-8421
-8412
-8410
-8406
-8407
-8404
-8397
-8399
-8388
-8395
-8391
-8395
-8393
-8381
-8384
-8375
-8392
-8375
-8372
-8367
-8358
-8352
-8347
-8352
-8360
-8372
-8377
-8397
-8387
-8396
-8394
-8413
-8412
-8393
-8402
-8401
-8408
-8391
-8399
-8387
-8386
-8392
-8382
-8384
-8374
-8393
-8400
-8418
-8418
-8424
-8449
-8451
-8480
-8464
-8473
-8469
-8460
-8468
-8437
-8459
-8445
-8455
-8453
-8439
-8461
-8446
-8471
-8458
-8474
-8473
-8474
-8486
-8468
-8478
-8450
-8454
-8440
-8449
-8435
-8425
-8438
-8421
-8433
-8407
-8415
-8411
-8411
-8415
-8395
-8417
-8404
-8404
-8409
-8386
-8388
-8375
-8376
-8404
-8400
-8416
-8422
-8440
-8457
-8436
-8460
-8449
-8459
-8465
-8468
-8495
-8480
-8502
-8510
-8517
-8509
-8503
-8494
-8496
-8496
-8476
-8487
-8472
-8483
-8478
-8469
-8479
-8463
-8461
-8441
-8433
-8424
-8403
-8403
-8390
-8396
-8382
-8386
-8404
-8408
-8414
-8403
-8429
-8432
-8447
-8443
-8445
-8459
-8438
-8453
-8447
-8472
-8459
-8463
-8463
-8457
-8472
-8449
-8477
-8456
-8473
-8458
-8473
-8485
-8472
-8491
-8475
-8493
-8469
-8490
-8469
-8477
-8475
-8463
-8474
-8454
-8474
-8463
-8481
-8491
-8498
-8504
-8504
-8515
-8517
-8515
-8527
-8523
-8544
-8534
-8521
-8519
-8492
-8511
-8490
-8493
-8474
-8476
-8478
-8477
-8486
-8471
-8494
-8476
-8492
-8484
-8469
-8485
-8474
-8481
-8456
-8448
-8452
-8450
-8466
-8449
-8454
-8462
-8466
-8473
-8453
-8457
-8450
-8457
-8467
-8454
-8460
-8462
-8478
-8481
-8482
-8478
-8468
-8463
-8450
-8445
-8435
-8437
-8438
-8450
-8452
-8454
-8455
-8468
-8480
-8478
-8488
-8490
-8517
-8523
-8528
-8529
-8532
-8535
-8523
-8531
-8516
-8510
-8503
-8487
-8482
-8463
-8451
-8437
-8429
-8438
-8430
-8435
-8443
-8438
-8437
-8420
-8424
-8440
-8452
-8463
-8458
-8471
-8473
-8462
-8462
-8453
-8454
-8451
-8459
-8453
-8453
-8460
-8479
-8499
-8489
-8499
-8490
-8512
-8486
-8469
-8464
-8460
-8481
-8455
-8477
-8449
-8457
-8456
-8441
-8446
-8417
-8440
-8426
-8443
-8430
-8424
-8446
-8441
-8448
-8423
-8435
-8437
-8439
-8436
-8432
-8441
-8428
-8441
-8438
-8447
-8457
-8458
-8471
-8460
-8465
-8460
-8455
-8454
-8444
-8457
-8455
-8458
-8449
-8451
-8449
-8434
-8436
-8419
-8427
-8416
-8418
-8422
-8415
-8431
-8421
-8424
-8421
-8427
-8442
-8438
-8433
-8426
-8424
-8425
-8413
-8415
-8412
-8405
-8412
-8412
-8433
-8429
-8424
-8419
-8418
-8418
-8405
-8402
-8387
-8392
-8386
-8378
-8380
-8376
-8387
-8386
-8401
-8400
-8390
-8405
-8403
-8413
-8395
-8390
-8399
-8392
-8396
-8381
-8385
-8382
-8385
-8385
-8375
-8376
-8375
-8378
-8384
-8388
-8393
-8400
-8410
-8427
-8417
-8425
-8435
-8435
-8434
-8401
-8398
-8384
-8381
-8378
-8373
-8372
-8351
-8346
-8329
-8335
-8325
-8338
-8356
-8363
-8369
-8356
-8377
-8384
-8396
-8400
-8414
-8440
-8433
-8435
-8424
-8414
-8411
-8392
-8377
-8367
-8349
-8347
-8335
-8316
-8309
-8286
-8295
-8306
-8318
-8326
-8317
-8349
-8358
-8359
-8349
-8356
-8373
-8373
-8378
-8373
-8384
-8376
-8390
-8386
-8390
-8395
-8385
-8402
-8382
-8376
-8361
-8360
-8370
-8357
-8346
-8340
-8346
-8342
-8332
-8328
-8332
-8341
-8353
-8355
-8365
-8363
-8370
-8379
-8373
-8376
-8377
-8391
-8398
-8397
-8385
-8377
-8373
-8362
-8349
-8339
-8339
-8331
-8329
-8317
-8315
-8323
-8328
-8349
-8357
-8367
-8371
-8369
-8374
-8367
-8355
-8343
-8344
-8342
-8334
-8322
-8321
-8319
-8315
-8306
-8288
-8293
-8286
-8303
-8304
-8291
-8290
-8287
-8311
-8301
-8302
-8312
-8336
-8354
-8344
-8350
-8342
-8352
-8344
-8347
-8358
-8357
-8380
-8380
-8403
-8402
-8402
-8420
-8412
-8432
-8422
-8425
-8425
-8414
-8422
-8406
-8420
-8420
-8413
-8404
-8382
-8383
-8375
-8362
-8365
-8368
-8372
-8390
-8395
-8413
-8411
-8401
-8408
-8399
-8403
-8387
-8392
-8405
-8404
-8403
-8387
-8393
-8389
-8383
-8383
-8386
-8389
-8378
-8370
-8354
-8344
-8338
-8353
-8364
-8358
-8359
-8362
-8384
-8384
-8377
-8383
-8404
-8429
-8445
-8455
-8460
-8472
-8473
-8474
-8473
-8473
-8464
-8471
-8474
-8455
-8432
-8401
-8393
-8372
-8364
-8349
-8355
-8366
-8355
-8360
-8363
-8374
-8369
-8376
-8378
-8398
-8406
-8412
-8419
-8419
-8436
-8428
-8439
-8441
-8435
-8434
-8418
-8417
-8397
-8379
-8381
-8372
-8380
-8362
-8358
-8350
-8340
-8339
-8324
-8334
-8329
-8325
-8316
-8308
-8301
-8290
-8301
-8312
-8330
-8330
-8341
-8360
-8352
-8361
-8342
-8339
-8333
-8320
-8339
-8339
-8352
-8339
-8337
-8332
-8324
-8319
-8304
-8318
-8319
-8323
-8314
-8330
-8335
-8338
-8338
-8336
-8355
-8343
-8364
-8356
-8371
-8391
-8401
-8408
-8398
-8394
-8369
-8374
-8353
-8342
-8323
-8334
-8360
-8355
-8366
-8352
-8365
-8352
-8345
-8360
-8356
-8360
-8332
-8330
-8313
-8306
-8300
-8285
-8296
-8287
-8313
-8317
-8335
-8334
-8328
-8335
-8341
-8353
-8331
-8358
-8368
-8405
-8402
-8385
-8397
-8377
-8375
-8338
-8333
-8321
-8305
-8297
-8279
-8282
-8270
-8282
-8299
-8316
-8320
-8315
-8339
-8353
-8358
-8351
-8360
-8384
-8393
-8394
-8367
-8360
-8356
-8352
-8351
-8322
-8322
-8322
-8326
-8320
-8302
-8289
-8283
-8299
-8298
-8298
-8290
-8304
-8323
-8332
-8345
-8334
-8353
-8353
-8369
-8383
-8360
-8366
-8342
-8352
-8343
-8329
-8336
-8330
-8340
-8328
-8336
-8347
-8349
-8343
-8344
-8356
-8368
-8370
-8370
-8372
-8370
-8361
-8350
-8344
-8346
-8340
-8327
-8329
-8314
-8308
-8292
-8292
-8307
-8304
-8308
