03261932.PTO
MINE
2012/03/26 19:32:47.9800
100.0000 m/s  
10199 muestras
208
198
199
195
215
204
216
223
242
244
238
245
231
234
233
232
209
215
199
209
194
210
195
198
213
215
211
213
208
210
209
205
211
223
245
235
234
217
221
215
229
209
211
195
222
216
224
227
228
230
233
226
215
235
232
238
230
246
237
243
230
245
219
215
222
212
207
203
206
200
213
203
204
191
210
195
210
202
213
204
218
219
214
215
225
224
216
209
213
215
213
213
201
211
195
203
197
201
205
223
221
234
211
212
225
237
230
227
229
226
233
225
221
209
232
228
235
231
235
209
214
205
200
200
197
205
204
214
206
210
215
228
220
242
231
249
251
251
235
245
226
223
220
214
213
205
201
191
194
187
186
178
194
198
215
212
225
217
235
230
243
239
225
213
214
207
206
205
203
198
187
211
181
195
195
202
194
212
218
227
216
227
224
229
241
241
238
229
237
223
207
202
203
205
210
202
226
203
213
207
225
219
217
213
206
215
215
224
223
228
226
237
212
226
215
216
212
209
207
203
207
211
207
209
221
205
203
193
205
188
201
201
215
214
233
228
243
213
221
218
225
221
220
212
227
234
234
228
227
229
214
214
194
203
202
216
209
222
211
216
221
216
210
207
214
209
217
220
227
216
227
211
219
207
219
207
208
203
216
210
224
217
206
206
208
196
199
223
221
239
237
231
209
214
223
232
215
220
215
197
179
181
171
184
203
214
219
218
234
230
238
244
253
228
239
219
221
220
237
233
242
247
240
245
261
253
258
249
219
225
212
210
200
214
225
227
214
211
199
196
198
191
175
176
199
189
195
187
209
201
227
233
231
223
239
239
251
242
249
251
245
236
228
233
232
231
217
225
206
203
187
196
180
189
185
193
182
186
174
181
182
187
194
198
218
221
234
226
223
223
233
212
213
199
211
206
211
207
211
200
212
215
208
211
207
210
205
218
211
223
215
228
201
207
206
207
198
218
225
226
221
221
209
203
228
205
220
213
213
213
229
220
235
221
229
213
221
217
227
229
227
217
211
206
207
215
206
219
215
221
210
217
194
203
182
182
168
184
189
185
195
210
214
207
230
221
215
216
237
233
241
239
247
234
237
238
234
225
226
218
214
211
203
207
211
231
219
221
217
225
219
226
203
219
200
209
205
207
205
219
228
232
211
203
216
202
214
210
215
202
209
206
201
198
213
204
223
241
241
234
241
237
236
235
228
235
217
231
224
238
216
224
201
204
190
207
195
192
195
191
187
197
206
210
233
231
239
231
256
247
270
261
273
254
264
252
248
227
220
197
195
211
187
198
200
200
196
207
197
204
200
209
191
203
195
211
209
206
201
210
211
205
206
221
244
236
252
243
259
239
254
237
234
223
223
206
205
210
211
202
209
217
197
201
213
227
236
256
262
287
291
318
313
322
314
305
285
251
227
193
156
119
78
59
73
61
79
103
124
133
163
164
167
140
123
82
62
29
44
91
160
231
245
256
250
251
253
302
321
360
353
346
319
318
341
415
472
499
505
469
416
367
337
318
318
290
271
222
209
211
267
311
363
393
403
359
299
215
131
46
-17
-63
-106
-135
-148
-153
-160
-126
-97
-48
-50
-70
-136
-173
-181
-143
-123
-103
-56
-6
67
152
271
413
593
704
786
827
910
949
949
873
821
795
790
772
745
729
695
649
565
453
330
201
58
-98
-305
-497
-677
-758
-803
-837
-936
-929
-761
-553
-423
-354
-294
-196
-32
139
278
377
479
543
627
718
869
1017
1224
1349
1350
1307
1249
1165
1073
961
838
693
516
317
108
-56
-185
-295
-433
-561
-631
-598
-531
-446
-451
-507
-517
-447
-360
-261
-142
23
208
343
445
533
630
748
943
1094
1132
990
851
735
645
513
385
256
186
117
77
25
-26
-83
-156
-202
-254
-291
-375
-470
-533
-501
-445
-387
-338
-227
-54
160
387
559
652
641
635
637
673
750
879
901
822
675
654
751
866
899
884
799
689
563
423
288
111
-62
-242
-366
-461
-493
-537
-557
-539
-463
-450
-399
-281
-112
-16
41
51
33
23
53
120
235
405
553
691
796
948
1075
1119
1001
873
773
677
506
339
197
149
106
57
19
2
5
10
-3
-70
-187
-327
-439
-519
-487
-452
-383
-307
-159
-9
157
279
392
495
593
687
752
749
684
602
487
427
410
464
510
560
557
549
495
438
376
337
241
111
-28
-169
-257
-347
-394
-399
-299
-147
29
161
302
379
441
419
395
326
301
301
326
345
374
417
450
498
543
563
559
511
425
319
196
98
-26
-116
-220
-272
-282
-216
-109
13
139
248
335
395
423
406
375
321
273
208
177
157
188
230
318
403
494
558
553
506
435
336
230
132
28
-77
-165
-195
-221
-200
-133
-31
22
88
134
175
172
165
124
83
40
36
82
181
320
457
607
733
819
851
838
754
677
569
463
348
251
134
68
30
24
54
96
116
102
99
65
37
-24
-65
-137
-169
-214
-198
-190
-129
-51
71
199
335
483
585
661
698
691
611
525
433
388
350
349
346
353
343
361
378
405
419
421
376
303
204
88
-15
-115
-183
-225
-217
-188
-102
6
132
206
263
275
241
195
153
102
54
33
24
43
77
152
241
376
501
622
673
684
613
525
407
316
196
135
121
145
194
241
281
304
339
310
301
271
255
195
119
1
-90
-185
-205
-179
-119
-60
39
145
235
311
363
387
377
365
309
265
207
186
166
223
279
369
451
525
538
543
534
493
424
320
189
60
-18
-77
-95
-100
-59
-48
1
55
120
157
213
219
217
178
127
78
51
52
94
151
222
323
411
509
598
648
613
539
444
344
234
162
91
39
21
20
63
131
222
287
356
356
327
264
217
137
107
55
43
25
33
41
73
147
243
339
421
464
461
412
342
253
145
70
0
-24
-24
12
52
121
196
251
287
313
330
321
284
219
137
57
22
28
84
145
252
333
411
443
469
473
460
425
361
275
214
146
116
96
89
111
139
195
229
288
317
313
274
209
115
43
-37
-83
-99
-64
-4
81
165
251
326
372
424
433
440
427
402
339
271
197
164
141
171
212
285
358
401
407
377
349
303
271
211
169
108
71
43
39
24
71
119
213
270
323
329
319
257
201
141
97
67
45
86
102
156
201
267
322
390
426
445
423
382
314
233
161
102
57
37
81
119
181
243
313
319
353
338
329
283
243
173
117
59
16
-1
19
82
156
243
315
384
413
415
380
319
249
207
162
143
131
165
208
254
289
320
334
360
369
352
335
258
193
87
8
-57
-66
-61
6
61
149
210
258
286
303
295
272
238
189
148
96
79
56
91
133
210
299
416
469
515
503
475
397
332
265
205
163
145
128
133
142
173
197
223
263
260
274
241
192
116
57
-9
-36
-58
-30
5
81
151
214
288
324
362
372
369
328
290
227
202
156
145
142
170
205
288
348
409
443
429
388
325
265
196
159
122
121
87
107
113
177
220
298
351
398
394
377
316
249
172
100
53
19
29
35
70
111
140
170
229
242
262
265
248
201
153
99
53
21
43
85
171
259
353
441
496
517
491
473
415
374
309
262
207
174
164
158
161
196
239
265
296
291
279
231
184
108
50
-9
-17
-27
-16
19
77
145
225
292
348
384
413
399
359
318
258
199
138
135
119
176
238
302
351
399
387
378
340
289
217
173
138
90
61
22
35
49
83
139
213
260
333
333
317
265
204
143
105
77
65
74
98
133
188
252
327
382
409
450
431
398
341
273
188
143
99
108
116
162
191
233
269
271
281
261
245
208
175
116
79
29
13
19
61
111
193
270
332
373
387
373
340
303
245
193
147
155
145
166
171
211
259
315
351
382
387
380
344
289
227
157
117
81
80
96
144
173
223
261
305
307
327
295
276
241
214
154
107
56
32
29
62
123
191
245
291
314
297
271
219
194
153
133
119
119
121
152
175
218
256
317
374
399
407
385
326
259
211
156
134
127
164
179
221
252
288
311
345
356
355
337
296
253
187
134
69
41
17
55
75
134
179
232
249
247
239
213
173
149
110
83
67
69
99
138
198
261
338
377
406
398
409
361
311
244
194
159
149
139
136
161
198
219
235
261
261
280
271
247
181
144
99
73
51
63
95
151
202
280
327
361
383
371
352
307
283
229
191
159
133
105
119
145
198
243
305
325
323
317
283
227
181
145
96
81
67
103
125
154
186
248
296
342
363
375
338
309
269
221
163
137
141
143
180
207
254
277
316
309
303
281
272
235
205
157
133
95
73
75
93
127
163
226
259
280
277
268
229
203
149
133
115
107
115
141
152
201
252
288
325
363
375
357
339
280
245
189
181
153
160
184
226
259
295
301
310
313
296
289
263
235
195
151
106
83
70
97
131
194
227
285
318
336
317
295
264
224
186
159
133
105
114
123
160
191
251
278
323
331
325
284
254
205
180
149
143
147
172
191
213
269
289
329
331
338
319
305
261
218
147
113
71
64
56
83
110
165
211
242
251
262
271
233
213
182
169
136
148
136
135
143
198
252
333
366
390
387
363
328
251
202
167
160
141
152
167
193
205
236
242
275
289
303
295
278
234
195
148
123
106
115
155
185
233
253
284
292
292
268
265
230
216
185
172
136
136
140
169
197
213
258
298
330
321
320
271
232
180
159
120
115
116
131
145
167
193
230
253
279
282
277
290
261
239
189
178
152
155
174
206
230
274
294
320
327
322
308
281
262
216
195
157
136
113
129
129
175
216
255
259
266
249
232
198
166
144
138
138
149
153
163
204
213
251
281
323
339
353
316
284
236
217
181
171
155
173
192
206
225
236
257
282
316
291
279
249
229
167
130
74
64
71
98
148
205
247
293
325
343
320
306
290
242
223
189
181
164
189
187
207
216
259
285
307
317
303
277
230
181
133
109
89
99
97
135
141
167
181
221
213
227
236
242
207
186
171
159
149
152
176
212
253
283
331
331
347
331
319
283
244
199
175
150
135
131
127
158
193
226
240
277
280
279
245
220
162
134
96
84
70
111
132
181
212
254
295
315
318
319
307
280
270
228
199
176
169
151
178
195
230
263
294
300
300
283
253
223
190
173
149
128
108
127
121
167
195
237
270
298
279
269
237
212
174
139
127
116
127
128
139
161
203
225
267
279
305
296
291
253
228
175
174
160
162
176
199
220
230
247
238
255
245
248
215
210
165
148
114
97
75
107
142
179
225
266
285
300
306
285
265
234
229
201
207
183
201
203
243
265
283
289
313
297
280
267
226
191
157
132
103
105
121
147
169
204
225
250
263
285
270
279
267
254
214
204
178
164
166
171
187
215
271
284
299
284
273
239
221
191
171
153
147
136
158
173
197
241
264
297
301
307
292
289
242
232
206
197
179
199
184
206
229
236
256
267
271
274
282
265
217
195
162
127
130
121
143
168
215
236
264
267
265
255
251
235
237
211
195
183
157
149
154
189
207
269
282
322
304
310
282
259
240
211
180
174
171
167
192
207
210
234
263
268
284
277
274
241
235
197
167
149
163
180
213
232
252
271
284
300
277
271
255
241
207
215
191
196
170
173
175
182
217
255
270
284
287
258
241
210
181
145
165
141
157
163
183
173
214
241
259
272
277
255
249
214
198
189
179
176
173
190
201
236
240
253
251
265
263
258
235
220
187
171
153
155
158
166
206
214
253
264
291
287
288
254
237
199
177
147
139
128
138
150
163
187
227
236
253
279
262
258
244
233
199
194
179
201
189
205
198
227
238
246
261
273
274
281
265
230
205
172
157
136
139
154
188
201
234
251
250
255
271
254
238
230
210
203
190
199
185
206
221
259
263
290
288
300
263
249
207
194
175
165
149
147
147
163
179
185
205
217
245
239
239
216
216
181
175
160
147
142
162
177
207
232
254
295
283
273
256
252
215
207
197
213
195
200
195
213
206
229
237
250
249
250
235
202
187
165
153
137
158
149
168
174
198
206
243
269
274
266
271
251
222
199
176
156
132
145
141
171
202
239
258
281
285
294
264
247
214
208
189
165
147
136
155
173
204
228
260
267
287
259
253
225
223
205
209
188
177
178
182
198
219
251
255
271
264
275
249
224
190
181
157
160
166
182
211
231
228
245
261
266
265
255
237
213
195
164
155
135
151
149
178
190
232
251
279
277
264
249
232
203
179
171
159
161
156
167
156
176
199
229
256
275
275
273
242
222
189
187
191
202
204
206
222
231
244
253
256
243
262
239
232
209
209
182
171
151
143
157
183
210
234
257
259
270
266
262
234
243
239
226
211
203
191
207
209
226
222
248
266
259
252
240
233
224
207
196
184
193
213
207
221
212
222
231
250
249
243
230
221
211
185
177
159
172
170
199
204
231
258
279
267
284
275
265
251
245
222
208
199
185
189
197
221
239
253
255
260
244
249
221
216
195
211
188
193
194
193
210
226
235
251
273
265
268
261
255
219
220
195
191
189
196
195
217
221
247
239
249
260
251
244
226
211
191
187
164
164
157
202
213
243
259
274
271
269
250
227
216
203
193
177
165
153
179
183
205
207
214
208
229
219
219
214
210
209
212
190
186
189
184
191
201
218
224
252
235
229
228
238
208
206
169
174
169
173
178
195
218
249
270
279
277
257
243
214
202
168
171
177
175
179
200
209
231
254
266
262
262
260
244
238
213
201
196
186
171
185
185
209
209
220
222
241
238
245
249
222
212
219
209
201
218
215
228
223
255
245
262
264
270
243
254
233
217
194
191
154
137
151
159
186
197
231
244
256
243
244
218
211
187
193
183
189
179
188
204
216
224
239
256
243
247
230
224
209
207
185
193
195
212
210
231
221
226
223
229
215
218
235
230
212
201
183
163
173
179
195
205
235
239
261
247
253
233
225
206
196
189
195
201
213
224
228
236
227
255
253
261
264
283
251
237
213
189
187
178
163
166
175
180
199
215
239
235
266
259
250
233
237
212
206
190
195
187
211
216
215
234
247
252
249
244
238
229
207
217
196
207
207
213
213
219
215
224
235
245
241
231
223
214
210
197
209
207
209
195
219
212
229
232
245
242
240
235
235
213
195
184
182
183
188
190
177
217
219
235
234
257
250
256
232
233
217
215
200
184
176
176
198
206
221
219
235
217
201
183
168
142
161
145
163
163
179
191
203
223
233
249
265
279
267
273
245
250
233
237
213
220
218
239
248
255
237
253
229
243
232
226
229
215
210
202
197
176
177
194
194
194
220
232
246
247
254
236
241
230
213
211
209
209
205
221
220
230
224
231
205
214
218
224
206
210
206
193
189
195
193
219
241
246
259
245
255
248
248
220
221
202
208
184
187
169
170
173
186
189
199
213
222
216
202
214
202
201
195
201
178
183
196
201
198
219
243
246
244
245
237
231
238
216
205
183
187
179
205
203
212
205
231
229
235
220
229
215
207
209
191
177
179
188
191
210
220
237
238
239
215
214
203
205
187
181
176
169
173
167
176
195
207
217
235
236
234
225
237
212
203
188
199
203
207
205
221
223
229
251
258
261
270
267
251
234
223
225
210
227
206
214
198
207
216
228
233
249
231
225
213
192
196
193
194
175
186
193
212
227
228
236
252
229
232
226
211
200
199
201
197
199
221
227
235
254
249
263
247
251
227
227
215
212
205
197
185
180
168
180
172
170
198
215
229
237
251
252
252
248
232
210
217
205
204
191
215
227
253
256
247
257
244
249
219
225
211
213
206
216
208
226
225
225
216
232
234
244
250
234
213
198
199
188
183
179
192
183
203
209
215
209
231
225
232
217
217
207
204
205
187
187
208
224
237
257
268
267
257
260
238
229
204
205
179
191
175
188
191
196
213
225
234
245
259
247
254
237
235
214
211
191
201
193
214
214
223
225
243
239
239
247
256
255
233
229
207
196
187
197
187
199
215
222
225
235
235
229
224
219
208
204
214
193
206
193
205
203
225
228
242
241
252
239
246
216
207
205
190
174
176
172
169
188
186
209
211
230
231
246
221
223
220
204
189
203
199
191
199
197
193
192
207
199
211
216
223
217
209
204
190
175
191
189
197
219
234
232
224
227
235
237
238
236
213
224
197
205
190
211
184
195
185
209
216
217
221
229
218
221
216
210
223
232
239
237
257
233
246
241
219
213
223
206
207
197
185
174
188
185
175
185
185
196
205
217
211
224
218
230
199
214
187
193
185
201
206
216
233
238
245
242
251
237
241
225
218
203
206
205
216
203
228
230
244
241
265
260
262
264
255
254
243
235
217
224
203
213
219
227
221
251
238
253
240
248
238
219
214
195
178
165
187
188
201
191
198
208
223
225
234
235
245
235
227
209
203
181
182
187
193
208
214
229
229
229
229
239
223
241
223
221
198
190
167
171
172
193
210
225
239
251
258
246
251
228
251
219
230
223
221
205
220
210
211
212
223
232
234
229
204
195
198
197
198
203
209
223
209
211
194
211
220
227
223
233
223
219
206
202
192
176
190
199
216
220
239
242
249
224
217
202
205
189
184
177
166
164
167
182
190
211
225
225
229
233
217
219
209
210
192
197
193
207
190
207
205
195
206
213
209
218
241
233
234
225
227
223
219
215
215
210
211
204
206
205
223
217
236
232
219
213
196
199
181
187
183
210
208
221
212
225
222
231
226
237
233
227
213
203
201
198
207
209
216
213
242
225
243
235
233
215
221
204
201
195
199
199
203
204
193
203
217
223
223
239
220
221
194
205
191
189
184
190
192
212
235
253
252
249
241
224
241
239
237
217
229
214
226
205
219
203
230
219
247
231
231
220
226
213
200
194
195
202
192
213
208
221
215
230
214
228
240
245
233
243
238
233
231
213
201
201
206
204
216
204
215
217
237
226
224
214
229
221
221
202
204
201
197
204
204
225
229
237
231
234
220
225
216
214
191
201
206
204
209
221
223
233
251
254
258
243
266
234
228
201
195
182
198
205
197
200
230
240
257
257
271
267
254
253
237
227
217
215
205
211
202
191
201
221
211
226
235
231
222
220
208
211
195
197
195
197
213
207
228
227
239
241
253
235
223
216
209
199
204
202
207
220
227
215
213
230
235
234
233
247
235
225
220
230
201
206
204
209
194
196
207
207
229
242
225
219
225
226
218
211
233
219
219
222
214
200
228
214
217
216
223
215
215
211
198
196
194
209
219
218
217
245
233
242
226
223
212
229
213
216
220
220
210
218
207
205
225
211
215
223
226
211
228
215
203
187
195
190
205
209
226
226
245
258
253
259
251
250
229
229
206
205
189
194
171
173
175
181
185
191
197
203
219
221
229
224
239
215
220
204
205
205
209
213
229
233
254
242
256
246
251
245
231
239
208
211
223
227
214
231
217
230
229
238
216
227
216
212
213
193
183
193
193
195
206
195
207
210
222
217
224
208
219
213
211
214
223
210
214
216
223
233
250
253
237
241
239
240
227
227
217
229
203
213
197
219
228
235
238
249
250
249
256
257
233
213
204
199
197
193
203
197
206
207
209
196
199
190
202
193
184
189
195
203
201
197
199
217
212
224
233
255
233
239
221
213
217
221
212
208
204
197
207
203
208
200
221
213
227
224
231
227
229
203
203
175
187
188
203
209
196
205
211
218
199
207
222
221
216
225
219
213
207
203
181
195
206
221
221
233
241
234
235
229
225
209
225
221
229
231
244
223
225
211
218
200
214
197
202
193
190
181
186
187
177
190
202
209
205
224
217
235
223
230
221
225
215
208
197
192
195
197
223
203
207
209
228
221
229
218
230
219
227
215
217
206
219
211
215
208
210
221
221
235
222
229
227
236
214
214
189
191
169
176
169
190
205
215
215
220
224
225
235
233
225
207
229
204
209
211
225
220
228
225
223
217
232
223
220
215
207
196
183
197
177
193
191
223
223
264
262
269
254
254
225
223
220
215
209
211
202
205
208
208
227
225
237
219
229
198
209
205
221
214
213
204
215
207
213
221
220
225
227
229
216
223
213
213
190
206
199
209
200
210
195
195
197
202
198
217
218
204
201
194
199
179
195
197
211
210
225
227
249
251
250
251
257
255
255
243
238
224
200
197
180
189
183
210
203
207
210
223
217
215
199
211
206
205
204
218
225
211
215
212
201
194
211
204
218
203
211
190
197
179
171
176
187
188
184
203
212
214
210
222
213
220
225
236
233
233
228
228
222
226
211
207
205
205
203
198
201
184
199
193
203
195
203
201
218
227
235
225
226
223
228
245
259
248
231
237
217
232
235
245
223
239
249
252
229
230
222
235
223
220
203
201
203
215
211
209
227
233
238
238
227
215
243
223
221
207
204
189
200
201
189
190
192
198
205
229
223
233
225
235
227
247
242
247
235
231
221
229
228
226
210
210
214
207
215
220
226
212
223
213
211
196
211
203
199
187
210
225
229
246
237
228
209
208
190
195
191
191
177
205
188
198
213
236
226
234
224
227
219
219
210
197
196
192
200
205
215
217
235
219
219
221
231
230
235
236
232
219
213
211
209
202
205
215
216
225
210
224
227
238
220
222
226
236
234
220
215
204
199
201
201
201
215
221
229
228
236
221
232
217
217
203
217
217
217
205
225
206
216
217
223
233
231
231
224
226
224
239
230
237
225
225
223
220
218
225
220
231
224
224
223
213
214
203
221
223
223
219
235
225
230
225
229
213
220
201
195
195
192
196
196
204
206
225
221
229
213
229
212
220
190
211
210
219
213
217
207
204
216
217
217
205
224
229
237
225
238
216
231
216
213
202
220
219
221
230
235
214
213
235
231
226
219
212
195
201
187
197
193
199
192
210
206
215
211
227
225
221
208
206
214
205
213
225
227
219
239
227
227
203
212
193
200
195
199
203
198
194
189
201
205
216
227
231
237
231
211
225
221
229
205
216
217
225
209
213
206
201
203
213
212
219
241
230
241
231
231
223
227
219
213
195
223
215
230
227
234
240
227
225
207
201
201
215
211
214
216
225
209
223
211
217
205
205
197
201
195
217
225
221
209
211
230
216
229
221
234
209
219
200
197
188
215
203
200
191
189
191
197
201
195
193
206
218
221
232
227
247
234
253
225
230
244
259
243
239
234
227
239
236
227
227
236
212
213
181
182
178
214
193
195
179
207
205
225
216
219
212
216
228
218
217
209
200
191
205
207
219
209
229
210
228
225
227
219
223
209
207
199
201
205
216
235
229
243
236
247
239
241
241
235
213
213
201
204
201
187
191
177
181
182
213
224
247
233
241
209
213
201
207
203
213
198
201
190
201
192
196
203
207
195
199
223
207
223
212
227
228
253
243
240
229
250
246
244
236
227
221
198
201
183
197
182
199
179
198
191
194
209
215
197
206
203
210
215
225
226
239
251
241
228
224
231
240
253
243
239
239
251
229
231
221
225
220
215
209
223
217
223
244
219
228
238
244
233
252
243
245
232
245
221
237
235
238
216
212
214
207
214
209
207
188
194
189
216
201
221
203
216
189
191
181
197
211
220
215
218
218
217
225
217
221
220
226
219
229
224
236
228
231
225
225
228
233
226
223
217
208
214
204
199
190
208
199
213
214
218
211
230
225
233
219
229
216
218
216
218
215
219
229
218
219
219
222
187
196
188
203
192
217
203
211
227
230
226
235
242
244
249
231
227
223
229
225
223
197
210
205
217
202
204
198
210
195
206
206
216
217
220
225
208
209
212
225
220
227
203
217
208
206
199
221
226
231
230
222
224
231
237
235
227
215
233
234
227
223
233
217
222
211
201
192
211
193
195
193
192
201
205
217
201
197
183
195
196
219
211
225
216
213
182
200
219
225
234
229
229
211
217
217
219
205
225
213
215
209
233
221
230
213
213
206
229
226
243
229
220
207
197
206
191
209
206
203
193
204
201
230
217
229
219
223
219
233
235
233
225
221
229
209
211
214
237
213
218
206
230
226
239
217
207
203
206
215
215
214
202
204
208
218
202
215
235
247
233
239
223
227
223
244
238
231
227
240
239
235
251
235
234
229
228
215
223
217
228
205
202
195
214
205
215
221
207
195
202
207
216
231
229
225
204
211
211
223
215
225
205
211
197
201
182
195
199
194
181
182
196
209
228
229
222
214
227
227
240
237
247
229
217
210
203
196
215
208
195
193
198
207
199
223
203
213
194
197
199
219
215
220
191
199
192
199
209
219
216
197
204
190
194
205
206
204
228
218
227
227
244
238
253
229
218
214
206
206
207
208
195
199
194
193
187
206
207
235
227
232
236
258
265
269
247
242
231
226
224
232
226
198
193
190
190
188
207
202
203
197
197
210
232
227
213
196
207
209
214
221
222
226
223
233
209
215
222
236
219
233
216
229
233
235
212
223
221
229
233
231
241
235
229
212
219
200
209
198
204
191
201
205
223
219
237
242
245
231
223
224
230
231
230
217
186
196
190
211
228
230
221
237
215
225
233
245
260
247
239
227
222
231
245
231
229
213
228
215
233
229
241
205
213
200
197
200
200
198
184
201
208
212
229
256
235
230
214
221
221
234
233
255
230
237
220
216
227
237
229
214
212
207
211
213
229
203
211
181
195
191
217
225
237
219
209
217
222
229
249
242
233
227
212
220
206
208
193
195
179
203
200
205
208
223
203
202
197
194
211
213
217
207
215
209
204
197
223
217
218
197
199
189
212
211
197
195
196
197
203
213
233
232
220
226
213
220
216
233
223
231
201
206
215
226
212
215
215
215
216
207
229
209
216
196
183
173
187
185
196
184
191
181
200
205
220
221
218
215
211
206
217
233
228
225
199
211
211
229
225
231
227
237
228
237
222
230
229
228
215
199
201
205
224
209
197
187
200
191
207
205
212
201
213
213
218
229
243
233
227
241
221
231
230
243
215
225
225
217
203
216
217
223
213
218
209
196
204
221
214
204
203
197
201
196
204
197
193
185
191
198
222
224
242
236
230
225
230
237
251
261
235
238
218
221
213
217
211
225
204
219
202
212
219
233
199
192
208
203
208
223
219
214
229
218
214
212
237
227
229
217
207
203
216
225
233
214
217
219
201
222
232
235
202
211
188
203
208
232
218
223
214
223
223
228
222
227
211
205
211
196
203
220
217
194
199
207
220
221
229
231
226
221
233
226
223
225
237
218
209
212
197
216
222
232
207
201
181
207
213
223
213
208
205
209
192
201
221
217
207
207
214
209
229
223
233
207
224
213
223
216
228
217
216
209
210
190
211
225
218
219
202
211
199
196
186
198
196
216
220
231
223
243
228
221
200
202
220
227
237
220
221
183
198
199
215
187
213
195
202
205
227
220
235
215
206
187
199
209
239
245
221
229
218
231
230
247
239
244
239
247
231
239
246
253
215
197
207
189
198
205
215
207
213
199
199
201
215
201
210
193
213
209
221
223
225
218
217
219
209
224
222
216
202
212
180
193
217
232
227
230
213
214
209
208
204
215
222
217
223
227
237
266
265
240
233
198
219
225
256
249
249
241
233
234
237
237
244
222
204
209
203
206
213
227
199
213
209
222
229
263
254
245
243
239
217
231
241
226
203
200
193
169
195
192
201
183
201
191
205
210
223
219
209
203
207
207
222
241
241
241
238
243
243
260
246
255
230
225
213
220
217
244
221
214
201
206
206
207
219
195
191
174
191
178
198
203
229
214
234
243
257
253
269
247
242
227
234
224
225
228
210
207
198
204
186
206
215
234
211
203
211
224
223
239
217
205
209
213
219
211
210
187
199
189
192
181
206
198
208
204
218
209
220
219
220
211
215
220
221
235
241
259
242
230
217
233
223
239
235
219
193
193
185
183
190
199
215
223
206
205
229
235
247
247
240
233
243
233
239
225
221
208
228
221
213
218
214
200
173
183
188
201
209
227
201
211
209
221
221
243
238
243
235
243
224
228
241
242
237
222
221
217
227
229
221
201
209
195
203
193
209
211
215
213
201
203
232
245
242
242
226
231
231
236
223
223
199
198
195
215
220
235
230
232
215
211
217
220
238
228
222
216
218
200
210
207
204
191
208
196
200
215
230
221
194
191
207
219
223
239
228
211
201
208
191
209
212
209
181
181
181
184
199
220
207
199
212
219
229
237
249
249
239
223
229
208
231
246
238
215
210
206
198
206
210
203
201
209
195
198
198
214
198
191
186
212
217
235
255
255
241
238
234
237
233
239
245
218
213
197
208
200
215
201
196
185
211
199
215
216
227
215
224
228
237
250
255
251
231
229
218
229
217
220
208
207
191
201
194
209
209
212
213
215
214
221
239
229
216
209
209
201
226
229
224
221
218
211
212
211
224
227
223
231
212
225
217
233
219
229
204
201
203
214
202
214
208
219
211
216
215
223
215
207
183
183
194
190
206
198
193
179
198
188
199
205
225
211
225
217
228
244
251
249
229
223
219
221
213
234
221
229
209
205
191
214
233
228
205
203
196
212
225
242
240
241
234
221
230
229
235
217
215
198
200
171
182
171
175
173
187
177
190
210
225
215
214
226
236
263
259
262
232
225
203
213
211
223
219
217
198
195
192
186
204
216
223
202
217
202
195
208
233
208
203
201
212
209
231
248
255
225
223
213
201
198
205
207
197
201
206
210
203
231
205
199
204
206
201
222
245
245
248
253
250
245
256
256
257
243
238
216
216
204
216
197
187
175
195
198
204
199
189
186
187
196
207
216
228
233
206
208
210
235
218
223
217
212
201
213
203
211
212
210
193
189
209
220
242
249
254
230
239
225
235
221
237
214
212
202
215
223
240
237
221
204
191
201
199
227
221
226
203
217
196
202
199
219
203
200
184
189
191
200
201
199
207
207
219
214
246
225
236
218
209
205
216
207
211
219
223
217
221
226
232
231
218
224
211
231
226
244
215
215
186
195
180
204
207
219
209
205
204
198
192
203
211
211
221
208
210
215
230
217
209
203
216
211
233
233
227
217
215
218
197
211
220
212
198
215
207
224
229
239
217
217
197
201
190
208
202
205
203
191
177
175
197
193
207
205
218
213
223
229
236
226
225
220
224
225
245
238
222
210
190
188
199
219
225
239
221
219
202
211
208
229
223
214
215
210
200
212
216
202
181
170
193
186
206
199
193
185
205
203
226
223
249
253
238
234
240
244
248
250
227
217
221
214
207
228
226
227
201
209
201
213
220
232
213
219
215
227
234
245
247
226
216
196
205
222
231
221
209
192
187
174
186
195
209
206
193
203
217
234
223
246
244
254
235
246
236
253
232
237
207
207
201
207
215
223
207
211
218
219
221
214
224
195
197
183
196
195
214
212
205
181
199
197
223
229
238
230
215
212
209
215
217
226
213
209
209
231
233
262
226
213
202
214
225
256
247
235
210
205
204
200
223
223
223
198
208
188
193
201
213
204
223
224
242
245
265
266
263
259
235
239
229
237
233
226
206
207
213
225
218
219
203
200
202
195
185
202
216
215
217
197
208
202
226
225
225
209
215
205
211
204
238
224
209
192
204
199
211
228
207
205
213
225
215
238
223
231
221
231
201
204
216
220
201
188
181
181
193
208
216
200
215
206
213
196
217
224
229
212
221
223
239
251
246
226
212
224
217
231
242
235
221
219
197
210
212
226
216
225
193
202
195
214
224
250
217
209
218
218
219
218
234
212
227
206
219
214
217
205
190
184
187
187
196
199
194
180
180
190
187
202
218
241
223
230
231
247
237
258
241
235
232
235
237
244
233
217
214
204
201
199
215
219
219
199
201
180
192
192
200
213
211
199
210
223
228
237
225
227
203
206
203
229
217
233
209
215
199
221
214
234
236
240
229
228
218
225
232
239
217
193
196
194
205
203
201
173
181
177
181
206
251
236
231
221
219
223
232
237
213
203
203
211
200
220
193
213
193
209
193
204
209
227
223
208
207
197
216
227
232
216
218
207
216
207
230
213
220
212
215
207
228
235
241
226
220
217
214
211
205
220
211
214
198
204
199
221
214
218
207
215
213
225
233
233
217
207
212
203
224
221
239
225
218
205
216
207
227
231
229
204
223
217
226
241
235
218
214
207
193
214
223
237
231
217
197
196
195
224
211
223
221
225
214
216
235
238
230
211
212
201
219
230
235
214
210
203
208
219
226
223
218
215
219
214
221
248
252
251
232
234
230
253
246
254
225
219
199
213
193
208
217
218
201
216
220
227
257
243
238
232
243
240
259
261
270
239
239
239
227
232
250
247
229
218
210
217
211
219
200
203
196
204
200
217
214
224
213
214
183
191
220
243
242
239
227
237
228
242
237
227
228
207
205
195
217
206
216
192
189
184
211
208
217
211
211
224
217
231
230
238
233
221
198
209
199
215
211
214
197
195
181
181
188
206
201
197
203
199
212
217
244
229
232
222
233
228
239
230
220
208
221
209
212
231
229
223
210
209
186
197
209
225
219
215
211
216
209
221
201
202
209
221
218
229
241
235
229
225
228
212
241
235
245
229
232
211
229
210
214
211
214
190
193
190
207
212
223
210
186
204
205
221
221
227
214
213
203
203
196
219
231
214
200
205
201
202
214
201
183
161
175
165
184
189
209
199
205
201
213
206
230
225
223
226
223
230
243
249
235
213
200
200
185
192
191
203
190
202
189
201
201
207
211
208
211
206
217
222
235
237
241
225
231
217
223
223
231
212
197
200
214
211
228
216
209
207
209
216
207
235
232
226
217
231
230
232
240
250
225
223
232
222
219
217
219
203
202
194
193
199
223
213
214
199
218
207
230
229
229
213
219
216
207
219
221
219
212
213
207
217
226
233
214
219
213
217
209
231
245
232
234
229
215
234
234
240
228
207
207
192
220
213
221
213
221
200
207
211
215
212
213
201
205
212
208
233
224
225
212
213
201
216
215
230
223
227
207
216
219
231
238
230
222
229
213
208
228
223
209
200
217
201
220
226
230
209
205
208
199
207
226
222
218
230
219
223
214
227
208
201
187
201
193
221
220
232
220
229
213
219
231
247
233
206
200
216
209
213
232
222
228
217
221
205
232
230
241
220
209
197
215
231
240
226
209
212
214
221
215
227
208
205
188
209
196
220
225
230
199
210
208
217
224
236
243
224
217
220
215
224
254
237
223
212
217
215
231
225
223
208
199
195
196
211
213
221
202
200
177
196
196
217
208
211
189
192
195
217
200
209
192
203
204
215
240
241
247
225
222
208
235
239
267
244
234
212
227
217
207
202
213
205
210
202
207
225
227
237
213
207
195
227
225
237
221
215
201
210
193
198
201
194
187
189
192
192
217
220
217
209
221
211
218
211
237
226
228
205
206
210
237
222
213
219
215
233
233
245
231
217
191
199
190
212
211
219
199
209
188
190
207
223
219
210
217
217
226
221
239
229
234
233
242
231
248
248
254
225
209
190
195
212
223
233
218
212
211
212
210
235
232
221
217
219
204
231
233
236
215
215
213
219
209
214
221
198
207
199
196
195
220
210
197
206
203
193
224
229
219
207
208
206
207
229
238
241
233
223
209
207
215
235
225
218
199
201
193
204
211
213
201
209
219
221
234
240
241
231
224
220
236
241
247
231
227
211
207
193
201
198
201
203
197
202
206
218
211
215
189
196
201
221
216
243
218
213
205
212
187
199
221
213
219
210
219
221
239
239
237
217
226
212
225
215
242
224
224
209
217
206
230
226
212
209
200
209
213
235
222
220
199
207
199
217
212
212
201
196
169
190
183
198
202
194
189
200
211
211
217
217
231
206
215
212
230
230
231
213
201
180
198
200
222
220
213
204
198
205
203
215
220
252
227
233
225
225
217
215
200
187
181
185
201
209
213
201
200
193
199
206
245
245
248
225
232
219
241
244
225
208
215
211
203
225
233
245
231
235
215
224
221
248
230
240
231
233
225
234
226
218
195
194
179
189
200
213
221
211
211
205
220
223
239
228
238
216
214
201
203
211
206
195
183
185
171
188
191
195
167
189
171
196
201
235
216
223
212
222
209
221
236
241
225
203
208
207
221
231
220
212
231
215
212
203
224
205
210
201
209
210
243
252
241
239
227
231
222
224
226
223
200
210
201
223
239
248
235
238
218
218
224
230
238
220
217
207
211
197
215
229
228
206
215
203
230
229
265
260
241
223
237
229
238
247
242
227
223
234
220
233
233
239
219
214
202
203
201
216
189
177
173
179
186
201
219
209
217
209
205
203
226
227
247
224
230
227
247
241
247
225
242
225
225
207
224
218
203
199
189
207
205
220
219
240
235
239
238
239
225
230
235
233
232
227
233
230
242
217
215
195
211
195
210
202
201
189
191
186
193
201
200
188
191
198
209
230
234
248
235
223
217
241
226
240
237
230
212
217
209
225
236
219
193
185
178
167
189
201
195
182
195
187
205
218
245
238
236
215
210
209
222
234
220
211
195
192
195
215
205
206
185
197
184
196
212
230
217
235
220
233
234
247
249
233
222
212
216
205
225
222
231
227
218
208
217
220
236
219
200
190
196
195
205
217
208
201
197
211
202
227
237
246
216
215
194
205
208
225
201
199
195
197
197
201
211
206
207
214
216
210
235
238
247
223
230
220
231
227
222
199
199
193
195
190
203
221
205
198
188
198
198
217
223
229
231
239
228
232
235
254
241
237
226
218
218
211
225
204
199
191
220
208
229
221
225
204
221
210
220
211
219
221
209
209
205
215
221
228
203
193
201
214
219
243
227
225
208
218
200
213
226
238
232
218
208
209
213
215
225
208
218
216
235
237
261
248
244
240
218
211
233
236
224
220
211
205
200
209
206
209
203
200
191
215
213
239
231
229
205
217
225
254
249
240
230
219
220
208
224
228
240
219
213
202
209
209
233
229
215
200
199
187
205
213
206
199
204
197
193
214
209
234
215
229
215
227
235
255
222
213
211
204
207
214
223
215
207
196
200
200
227
235
238
231
230
209
223
233
237
219
225
206
199
204
209
232
225
216
200
200
197
217
227
229
215
232
221
230
231
240
241
227
215
213
210
213
221
211
193
177
190
190
212
219
232
221
233
224
218
215
224
205
202
209
207
215
224
237
219
209
199
217
202
228
231
237
228
238
230
239
254
253
237
229
218
210
217
231
235
213
215
205
218
203
217
214
216
198
197
197
215
215
231
216
198
202
195
201
187
198
181
178
171
202
195
219
216
214
194
193
199
222
229
240
242
244
235
232
225
231
240
226
222
205
216
218
229
215
209
191
189
187
195
217
222
209
201
219
208
231
231
242
229
234
217
229
220
230
206
206
195
191
179
191
194
193
197
179
178
171
200
193
201
181
191
179
207
207
224
219
220
211
220
223
233
239
236
241
208
217
201
233
233
249
228
230
217
223
204
218
214
211
205
209
214
229
243
230
217
214
219
212
229
220
224
206
215
208
214
219
222
209
211
210
213
223
231
241
231
228
221
231
222
239
234
241
221
233
221
219
214
237
222
224
229
219
233
233
234
225
237
219
229
216
238
235
247
221
209
195
207
206
237
214
200
210
205
215
215
225
217
233
220
223
219
243
231
243
207
216
221
222
224
219
203
200
225
210
218
226
245
227
225
225
227
209
238
230
223
209
203
195
201
213
216
210
191
187
174
181
191
205
193
208
205
221
222
237
228
232
223
221
217
213
217
209
201
190
197
188
216
212
225
203
204
196
204
203
206
208
214
201
195
205
224
237
238
230
209
213
209
214
224
222
191
199
184
209
209
227
229
219
203
204
196
203
223
215
217
203
203
205
228
234
234
221
214
201
209
187
200
188
171
167
181
185
203
228
207
208
201
214
210
237
235
247
222
225
210
231
241
256
250
242
235
227
217
209
211
189
198
185
195
184
214
198
204
194
195
201
235
253
257
250
235
234
235
251
245
256
238
226
206
201
194
216
223
215
187
187
185
205
199
211
207
199
210
216
236
234
269
244
254
253
257
247
263
243
229
222
222
198
201
202
201
208
191
192
176
190
190
220
203
203
201
215
210
225
214
217
208
218
204
202
218
213
219
206
201
186
201
199
216
194
205
199
219
205
219
217
225
215
231
230
236
253
243
244
215
219
219
227
231
244
205
199
199
185
169
188
196
189
181
192
218
225
240
236
223
198
214
214
237
237
243
213
207
209
209
212
229
225
211
202
199
201
225
240
225
225
225
229
219
242
234
251
223
221
201
215
214
231
235
218
208
216
223
239
246
228
236
222
229
232
241
232
240
223
207
193
195
199
204
201
175
174
160
177
159
183
188
197
185
203
205
220
218
214
201
210
218
225
229
231
217
196
203
197
201
202
231
231
227
206
223
224
235
232
227
212
201
196
200
214
217
219
210
209
193
204
216
223
211
216
206
214
209
241
227
229
230
225
225
220
228
219
209
196
195
194
226
227
243
227
224
225
217
212
226
227
225
217
207
202
202
217
216
209
196
192
193
208
210
232
215
223
211
216
210
218
208
201
199
195
195
195
240
219
209
189
201
181
195
194
213
201
195
193
196
207
233
242
233
223
220
229
219
236
215
221
205
211
190
198
206
202
187
190
182
180
191
208
219
199
207
208
224
228
245
247
253
237
243
245
251
247
262
246
224
208
216
212
217
209
194
192
189
192
189
206
211
213
205
224
222
251
257
267
254
250
255
262
269
270
275
254
237
221
211
202
226
203
204
183
189
199
214
216
212
201
205
206
198
211
211
209
193
198
189
208
210
233
219
237
221
235
231
258
245
243
231
221
206
201
215
214
225
205
203
191
215
209
226
213
217
203
198
188
189
191
207
201
195
203
205
220
222
225
204
206
209
221
216
222
204
213
209
213
207
231
256
249
240
220
232
225
236
225
222
197
217
196
225
225
239
220
221
211
201
201
215
213
198
189
184
189
187
211
194
197
187
204
201
227
235
257
237
226
208
204
210
217
224
203
201
196
209
207
227
209
225
205
227
214
223
231
235
232
217
227
239
239
245
241
221
210
192
195
189
203
208
210
191
192
181
191
198
189
169
166
182
189
201
212
225
212
225
222
234
233
246
231
219
193
205
201
210
217
230
223
231
241
238
250
245
245
227
224
201
223
215
250
231
223
222
220
217
229
227
223
218
202
192
193
202
203
215
209
193
185
216
220
243
243
249
250
241
253
244
253
243
232
207
212
199
213
211
217
186
186
169
184
190
205
206
203
195
210
212
222
236
226
217
209
215
203
225
220
227
198
214
210
204
214
219
196
195
187
182
183
211
221
219
219
217
220
221
229
217
229
224
224
213
227
233
245
220
217
203
199
199
215
220
204
196
186
194
193
214
206
230
210
221
223
228
227
246
225
202
192
192
207
219
235
215
212
210
207
207
224
227
224
206
209
197
206
208
225
202
183
195
195
215
243
262
241
256
240
239
243
258
237
231
213
203
191
199
195
196
183
190
197
186
191
206
221
210
209
203
208
221
237
215
223
211
223
209
221
214
214
216
207
214
211
229
235
235
203
199
191
205
206
234
238
227
213
213
203
205
223
220
216
206
223
211
236
241
238
210
220
199
201
211
241
231
216
198
206
187
187
206
190
181
185
203
198
222
229
238
234
244
233
256
256
265
261
242
237
221
224
224
239
221
209
190
193
191
217
199
217
190
202
199
216
213
232
221
216
201
191
206
216
221
218
216
203
230
238
251
250
264
240
237
233
246
249
260
253
223
209
210
210
204
223
207
210
194
200
200
213
216
225
212
213
208
219
229
235
219
199
197
192
219
228
238
212
207
193
205
212
237
232
247
222
218
217
225
233
228
213
217
213
201
208
212
213
200
205
195
211
225
228
231
223
216
208
202
206
201
203
200
196
207
194
210
213
238
213
216
213
226
215
245
233
219
207
203
202
207
217
206
193
186
189
182
207
199
204
180
196
180
192
203
229
230
229
219
215
203
201
215
219
211
212
226
210
221
228
214
189
205
199
204
206
227
223
197
217
209
213
219
241
225
234
213
223
214
228
215
223
212
214
201
200
208
219
210
191
187
187
206
206
222
219
215
216
231
229
226
221
219
199
197
201
194
221
215
212
183
187
169
189
189
215
209
211
210
233
209
223
237
252
221
234
225
221
226
232
225
215
227
223
219
226
247
227
227
214
219
205
220
219
220
200
193
197
193
202
197
207
204
223
223
233
228
249
235
228
197
204
199
215
217
202
191
190
183
191
206
201
210
203
217
211
237
232
247
234
217
199
211
204
220
229
221
205
197
199
188
199
203
208
193
204
205
249
241
252
217
214
211
216
238
241
251
235
236
221
217
211
233
212
209
191
188
179
213
216
223
215
209
185
192
183
203
208
201
206
190
200
214
240
227
224
199
209
194
217
211
203
204
191
199
213
225
231
237
221
210
201
211
212
245
218
226
211
223
213
217
236
247
218
215
206
196
205
201
203
183
182
191
215
225
247
234
237
212
232
216
235
247
246
233
216
214
208
222
220
225
200
207
201
217
213
237
227
221
215
203
193
216
221
218
211
200
208
209
228
228
240
219
228
224
229
243
243
250
239
204
220
226
234
234
234
229
211
211
205
215
216
227
206
217
209
219
221
246
227
213
214
220
217
233
239
235
232
227
227
217
246
255
261
242
235
225
223
209
208
177
165
158
165
165
188
203
193
200
193
189
182
211
214
232
215
227
215
236
247
241
221
215
203
201
213
223
235
227
215
199
206
225
232
227
236
217
217
208
206
211
229
216
208
206
207
209
203
215
200
186
172
179
173
193
191
199
187
201
210
215
215
251
233
231
219
214
224
234
229
203
217
208
212
207
233
225
229
206
211
197
217
231
235
227
218
222
216
229
229
219
211
229
221
235
226
239
227
224
211
201
197
221
232
228
217
211
215
209
229
237
236
217
224
211
225
224
227
219
225
203
211
221
223
230
237
227
217
223
209
219
218
217
200
214
202
206
221
227
243
223
222
235
237
246
253
241
228
213
211
184
199
183
191
164
163
156
171
184
218
209
210
229
236
258
265
277
269
249
234
225
203
237
238
233
217
217
199
195
206
205
199
210
206
210
211
217
228
217
206
203
213
216
235
237
225
199
202
187
201
193
210
214
207
209
215
217
216
225
212
212
199
227
221
238
224
219
188
207
200
200
209
225
214
205
200
201
197
191
205
191
191
201
212
212
225
219
235
225
227
220
229
240
245
231
216
229
219
222
226
227
201
195
179
194
189
200
186
195
187
187
193
216
217
223
222
216
214
205
213
206
223
212
217
203
209
201
224
217
214
185
190
189
195
208
207
218
215
229
224
237
236
252
239
243
237
247
247
256
241
232
223
221
222
221
226
218
220
216
221
207
218
228
233
225
215
209
216
219
235
227
217
207
201
207
205
203
188
183
186
193
185
213
205
205
183
197
191
208
214
223
215
224
219
205
209
219
227
219
217
194
197
196
217
217
211
183
