03302142.PTO
CURE
2012/03/30 21:42:47.9000
100.0000 m/s  
8940 muestras
-9672
-9665
-6683
-12253
-6508
-10714
-9168
-8274
-10978
-6063
-12756
-5861
-11732
-8385
-8226
-10993
-6986
-10952
-7511
-11015
-8517
-8304
-10101
-9123
-8453
-10239
-7882
-9092
-10515
-10561
-5576
-10019
-12755
-3249
-15067
-5610
-9676
-11211
-5722
-13079
-5210
-13025
-6934
-8418
-11904
-6624
-10675
-8428
-9935
-8318
-9784
-8882
-9133
-9989
-8477
-9631
-8640
-9868
-8797
-9719
-9160
-9016
-9837
-9163
-9063
-9776
-9346
-8842
-9788
-8016
-10758
-8505
-8918
-10163
-7635
-10650
-8300
-9642
-9640
-8660
-9727
-8946
-9736
-8372
-10125
-9184
-8530
-9523
-9207
-9830
-8190
-10505
-8269
-8891
-11486
-7310
-10423
-8596
-9461
-10102
-8169
-10335
-8336
-10153
-9003
-9173
-9950
-8557
-10186
-9007
-8873
-9934
-8413
-10112
-8599
-9577
-9332
-8784
-9881
-8031
-10104
-8657
-10112
-8441
-9922
-9111
-9228
-9861
-8450
-10489
-8281
-10089
-9079
-9544
-9311
-9108
-9851
-9055
-9457
-9249
-9328
-9888
-8891
-9615
-9614
-8955
-9652
-9114
-9429
-9231
-9537
-9630
-8647
-10500
-9282
-8072
-10899
-8454
-9463
-9183
-9872
-8060
-10268
-9771
-8052
-11259
-7482
-10714
-8711
-9469
-9460
-10507
-8248
-8655
-11251
-7780
-11532
-7291
-11063
-9212
-8856
-11268
-7461
-11424
-8176
-10614
-9674
-8753
-10454
-8482
-10410
-8856
-9899
-9690
-9117
-9903
-9221
-9538
-10058
-8798
-9998
-9418
-9558
-9709
-9129
-10046
-8320
-10731
-8604
-10065
-9190
-9504
-10481
-8034
-10721
-8700
-9950
-9585
-9186
-9980
-9101
-9775
-9334
-9821
-10328
-8111
-10827
-9684
-9162
-9188
-10414
-10750
-6833
-12333
-8105
-9723
-10348
-8659
-10501
-9261
-9645
-8835
-10950
-7324
-10345
-10524
-8555
-9584
-9727
-9228
-9353
-9927
-8543
-10624
-8488
-10233
-8907
-9769
-9926
-9255
-9945
-9113
-9954
-8984
-10835
-7663
-11890
-8006
-9475
-10399
-8104
-12365
-6720
-12358
-8191
-9530
-10753
-7684
-11892
-7307
-11665
-8798
-9175
-10816
-8123
-11266
-8320
-10512
-9194
-9774
-10012
-8904
-10355
-8709
-10351
-9201
-9529
-9919
-9204
-9877
-9407
-9550
-9970
-9199
-10109
-9854
-9363
-9704
-9686
-9717
-9767
-9544
-9196
-10423
-9364
-9740
-9621
-9660
-9462
-9374
-10021
-9230
-10543
-8479
-9840
-9831
-9379
-10793
-8078
-10070
-9506
-10190
-9672
-8452
-10771
-9011
-10159
-9490
-9192
-10163
-8984
-10309
-9227
-9837
-9670
-9228
-10198
-9272
-9980
-9573
-9820
-9816
-9671
-9761
-9734
-9864
-9483
-9925
-9892
-9392
-9961
-9951
-9585
-9982
-9294
-9527
-10206
-9130
-9777
-9858
-9156
-9913
-9236
-10133
-9408
-9274
-9698
-9456
-9883
-9083
-9983
-9543
-9513
-9765
-9603
-9789
-9664
-9872
-9589
-9602
-9742
-9696
-9837
-9575
-9865
-9621
-9715
-9947
-9519
-9977
-9513
-9883
-9676
-9600
-9940
-9690
-9746
-9621
-9675
-9632
-9678
-9539
-9690
-9783
-9388
-9893
-9256
-9909
-9878
-9169
-10156
-8961
-10339
-9262
-9662
-9863
-9519
-9889
-9353
-9939
-9618
-10025
-9464
-10142
-9170
-10436
-8931
-10414
-9721
-9052
-10645
-8528
-10705
-8925
-9922
-9863
-9451
-10114
-9611
-9723
-9832
-9690
-9628
-9892
-9373
-9957
-9347
-10061
-9624
-9480
-9892
-9421
-9930
-9605
-9735
-9888
-9489
-9962
-9627
-9653
-9980
-9591
-9905
-9537
-9905
-9715
-9722
-9955
-9714
-9899
-9472
-9883
-9663
-9703
-9679
-9690
-9794
-9544
-9714
-9399
-9908
-9683
-9791
-9811
-9559
-10147
-9288
-9938
-9679
-9444
-10221
-9427
-9994
-9554
-9749
-9807
-9729
-9782
-9663
-10001
-9484
-9965
-9560
-9825
-9804
-9568
-9895
-9642
-10034
-9613
-9767
-9739
-9616
-9944
-9733
-10050
-9587
-9832
-9689
-9747
-9908
-9467
-9951
-9526
-9897
-9714
-9643
-9907
-9629
-10100
-9630
-9936
-9763
-9764
-9963
-9417
-10115
-9547
-9887
-9766
-9592
-9959
-9767
-9883
-9630
-10009
-9721
-9876
-9771
-9640
-9971
-9642
-9971
-9828
-9600
-9961
-9614
-9974
-9775
-9751
-9887
-9743
-9892
-9693
-10035
-9618
-10046
-9922
-9736
-10074
-9679
-10117
-9628
-10021
-9928
-9572
-10188
-9743
-10276
-9660
-9697
-10315
-9707
-10228
-9786
-9970
-10074
-9654
-10415
-9800
-9865
-10370
-9642
-9954
-9893
-9831
-10330
-9704
-10251
-9831
-10054
-10341
-9737
-10537
-9709
-10216
-9806
-9811
-10212
-9899
-10184
-9724
-10514
-9667
-9968
-10163
-9549
-10494
-9518
-10412
-9821
-10015
-10118
-9757
-10604
-9530
-10471
-9610
-10217
-9537
-10378
-9513
-10211
-10204
-9898
-10693
-9824
-10609
-8999
-11385
-9427
-10536
-9708
-9990
-9943
-9723
-10874
-9814
-9725
-10046
-10212
-9660
-11197
-9444
-9625
-10605
-9529
-10486
-10769
-8899
-12433
-6713
-13423
-8225
-10237
-12220
-8444
-12502
-5200
-17304
-2090
-15247
-9160
-5235
-19162
-91
-17822
-5748
-10189
-12255
-5664
-16588
-1147
-14604
-8262
-10692
-10141
-3762
-18129
-3891
-11337
-8962
-10462
-7823
-9918
-9732
-7772
-11538
-3512
-17106
-2485
-14249
-6652
-10625
-10886
-3527
-19439
4281
-21538
-3025
-10409
-11555
-3315
-24450
10738
-24890
-3500
-6976
-18849
3804
-22058
1145
-17137
-5456
-8016
-15207
-1940
-16098
-4466
-14385
-6184
-10833
-10031
-7624
-11790
-7014
-12585
-5697
-13531
-6769
-11273
-9912
-6804
-12174
-6437
-14518
-4608
-12524
-7280
-10387
-10606
-5476
-16463
-2006
-15836
-6032
-8951
-13927
-3517
-16484
-2819
-14645
-7588
-7762
-13238
-3265
-16464
-2771
-14180
-7026
-10473
-10604
-5927
-14900
-3450
-16021
-4153
-12042
-10083
-7169
-12215
-6616
-12417
-7492
-10428
-8498
-10552
-9119
-8815
-11046
-8187
-10315
-8906
-9854
-9273
-8826
-10916
-7995
-10777
-8659
-8925
-10652
-8155
-10908
-8200
-9912
-9892
-9173
-9831
-8957
-9880
-9125
-9791
-9266
-9532
-9584
-9098
-9204
-9724
-10071
-8851
-9974
-10138
-8518
-10609
-9529
-9237
-10123
-8828
-9989
-9487
-8771
-10460
-8940
-9500
-10232
-7905
-11320
-7682
-10278
-10435
-9325
-9157
-7655
-12663
-6280
-10911
-9496
-9451
-9786
-8080
-12209
-6587
-10687
-9887
-8509
-10850
-8412
-10642
-9764
-8508
-11117
-9543
-8632
-8915
-10916
-8768
-10022
-9656
-9142
-10475
-8428
-10989
-6947
-12985
-6993
-10125
-11403
-5923
-14536
-4771
-13650
-7093
-9911
-10832
-6296
-14041
-5286
-13418
-7083
-10252
-9694
-9026
-11722
-7104
-10728
-9512
-9950
-8690
-10589
-9993
-8514
-9581
-10803
-7031
-12278
-8147
-9824
-11863
-6270
-13147
-6636
-11249
-9972
-8123
-11515
-7272
-12347
-7761
-10380
-10254
-8840
-10522
-8726
-10744
-8297
-11945
-6779
-12658
-8268
-9314
-12171
-6340
-13706
-5783
-12440
-9083
-9006
-12213
-7189
-12238
-8139
-10437
-10280
-8017
-12164
-6722
-12418
-8662
-9185
-11910
-8266
-10368
-9817
-9433
-9856
-11915
-5233
-14551
-7605
-9780
-9898
-10826
-9192
-7770
-11511
-9894
-11690
-7733
-10915
-10139
-8273
-11038
-10933
-3334
-19561
237
-17396
-5530
-7764
-19859
6325
-27687
3959
-16470
-10157
-2392
-20021
1932
-21494
-1053
-15556
-10778
-3862
-14012
-7600
-14056
-3450
-17125
-4854
-11631
-9242
-7189
-15218
-5920
-12703
-5636
-15400
-6118
-9672
-15375
-2219
-15521
-4823
-15869
-4233
-10447
-12641
-3898
-16970
-698
-24982
5451
-17672
-12032
-56
-24535
6095
-21905
-2865
-10792
-12027
-3477
-20250
2441
-18251
-7584
-8179
-13536
-5186
-14949
-3556
-15817
-4561
-12273
-9725
-8468
-14496
-2253
-16914
-6124
-10849
-11536
-2687
-16361
-7744
-9607
-8716
-8970
-12152
-6597
-14114
-3768
-13993
-9742
-5223
-16847
-5159
-7998
-16323
468
-17193
-5464
-8368
-21312
9059
-25703
713
-15488
-8708
-6592
-17553
3395
-22086
6010
-26176
1979
-14967
-8870
-5257
-18084
3437
-26423
9964
-29217
4707
-18941
-7683
-1651
-28173
16098
-34068
5170
-15746
-6049
-8811
-14388
632
-24504
8887
-24861
167
-13076
-12458
2692
-26076
5020
-18416
-7277
-8132
-11352
-7442
-11872
-6298
-16108
1945
-21999
1227
-10419
-20010
6295
-25504
4288
-19957
-5120
-7387
-19176
8610
-30586
5750
-18365
-7392
-7376
-17364
3932
-26254
5845
-19783
-5171
-5925
-20793
6762
-26170
4520
-16773
-12278
2871
-27599
11162
-24394
-3161
-5287
-19144
695
-17629
-5713
-10920
-6188
-12749
-6360
-12610
-6013
-10767
-8536
-7532
-14667
-498
-19041
-959
-14242
-8680
-5169
-16604
-2569
-15188
-6374
-9906
-8778
-8933
-9668
-8210
-10416
-8376
-10793
-7312
-9718
-13200
-2408
-16128
-5454
-7429
-18496
5398
-25996
3697
-14513
-13100
2635
-25127
6391
-21498
-1717
-12245
-10726
-5999
-14475
-1107
-17593
-3200
-13986
-4694
-11364
-10347
-7680
-8972
-13202
-3537
-13332
-9980
-2799
-19916
4144
-22109
255
-14800
-9758
-4266
-16490
233
-19415
-225
-16602
-5118
-7672
-12200
-8019
-11718
-4400
-15057
-3343
-13139
-12064
-2808
-17313
-3376
-4836
-26892
8031
-15978
-10822
-7939
-12816
-316
-25095
11575
-28556
1742
-10423
-14292
1150
-29585
11128
-19784
-5289
-15754
1585
-17874
-13428
7248
-29481
7295
-19763
-3515
-8663
-15079
-3132
-14565
-3701
-16011
-2344
-12413
-8241
-9984
-7577
-9536
-10840
-5195
-16108
-935
-17134
-4311
-9141
-15265
-1501
-15584
-7691
-5903
-13689
-8551
-5110
-15793
-3118
-15200
-6879
-6439
-20257
5172
-20576
-6133
-6558
-13784
-6203
-15553
-2165
-14911
-5173
-11131
-10558
-6079
-13470
-5076
-13677
-4548
-13741
-8780
-4516
-16068
-3850
-13626
-7510
-10719
-8340
-10195
-9714
-8638
-13401
-3137
-17762
-1041
-14391
-8410
-6449
-14934
-1814
-17420
-126
-16738
-6105
-10239
-9873
-5384
-16630
1827
-23881
3500
-17799
-8777
-536
-24417
4430
-19707
-3073
-12328
-10124
-6229
-14367
-3502
-14955
-4741
-10908
-9838
-8782
-10877
-8371
-8904
-12621
-6227
-11693
-8978
-6522
-16649
-3099
-14721
-5893
-12108
-10642
-3085
-17382
340
-17745
-6127
-4709
-18865
190
-16394
-7451
-8017
-11005
-9827
-9085
-8126
-10479
-5716
-17118
-345
-15242
-8428
-7717
-12078
-4465
-16819
-1440
-14765
-7245
-10980
-8530
-7939
-13214
-4724
-14152
-3598
-15091
-4817
-11157
-10765
-6262
-14333
-4871
-14950
-5169
-12391
-6270
-12596
-6707
-9289
-12597
-4364
-15458
-3581
-12443
-8242
-11895
-7603
-8525
-12283
-6298
-11555
-8303
-9055
-12343
-4974
-12623
-8063
-9815
-10039
-8327
-12512
-5229
-13521
-4342
-18596
4183
-21006
-3904
-4035
-28280
13830
-32353
5708
-13360
-17805
7590
-30110
9221
-20813
-5648
-11011
-10738
-3747
-20864
8296
-33713
19928
-37340
5033
-4388
-33862
29064
-54472
31609
-35594
-4411
627
-27769
13874
-36497
14806
-29519
5111
-16412
-14039
3369
-29490
14821
-31811
1894
-7642
-19476
1069
-22122
7796
-29588
7420
-15917
-21589
15435
-33187
7570
-22190
-2838
-10400
-15144
469
-24625
3635
-19128
-3984
-16387
-3946
-9553
-19028
2575
-13456
-4480
-12894
-8195
-8224
-11747
-4547
-21664
718
-8644
-19963
3956
-21582
-2055
-9329
-15751
-1621
-16275
-3521
-12761
-12142
-401
-24977
4915
-20614
-8743
-269
-16250
-1525
-26913
15982
-30980
2237
-12952
-9677
-7528
-15387
5402
-35122
18472
-32178
6034
-12131
-18728
8855
-29978
9968
-24990
-2871
-4327
-19790
1341
-19064
878
-19069
-1936
-12345
-12229
-672
-20396
849
-16043
-8482
-6671
-11562
-11857
-4773
-15425
-2924
-14686
-7573
-7459
-12362
-1378
-18702
-1356
-16300
-3778
-13042
-11190
-1316
-21993
1259
-14011
-11662
-1576
-21575
4500
-19635
-2440
-11069
-12082
-2011
-17441
-1093
-19665
2082
-17452
-1553
-14461
-6447
-7941
-15904
3981
-21812
677
-15663
-5779
-10781
-8725
-7369
-13127
-5182
-14367
-4642
-13643
-6515
-10637
-10113
-8159
-12387
-5393
-12762
-7050
-9854
-11713
-5326
-13458
-7016
-10428
-8863
-7850
-12004
-7172
-10915
-7189
-10805
-5980
-11141
-8913
-8370
-9681
-7849
-11340
-6730
-11290
-7095
-11085
-7819
-10963
-6936
-9097
-10092
-6514
-10695
-5629
-14405
-6141
-9758
-13708
-5884
-11756
-10080
-9978
-10834
-8220
-11147
-9176
-9017
-10159
-8277
-8142
-8165
-9031
-9015
-8939
-9538
-9666
-7898
-10660
-8344
-8623
-11402
-5908
-8773
-8824
-8262
-9272
-7900
-8625
-9103
-8624
-9486
-8984
-10613
-7962
-10111
-12669
-9031
-11107
-7278
-14478
-11334
-4125
-14794
-8224
-8906
-12867
-3967
-18175
-271
-16856
-6088
-6611
-19090
3817
-24548
106
-8192
-19892
-685
-12800
-13813
2634
-23973
-532
-9497
-12691
-7563
-15385
-4010
-10589
-8543
-19134
3140
-29527
13873
-26436
-1324
-13074
-8771
-2642
-38804
38676
-58732
34422
-43486
4205
4717
-55756
72803
-98803
56723
-31587
-31073
47376
-87317
68428
-72490
22235
-7235
-45756
48668
-77205
54679
-65701
21525
-7208
-44072
51992
-82942
54426
-49832
355
8337
-45089
34951
-51485
22828
-18078
-15091
8066
-27436
12810
-27100
2190
-8717
-16883
2069
-24770
6892
-27307
3284
-13957
-21242
10545
-36771
14954
-26664
-4806
-2086
-27268
13359
-33624
9000
-22787
-6510
-4322
-20005
4654
-22703
2737
-16957
-3407
-7882
-11455
-1562
-15266
-2635
-13570
-10349
-1766
-21574
-1533
-12977
-8749
-13518
-7259
-6766
-19976
3844
-20777
-3034
-13974
-9549
-7892
-9099
-10675
-10453
-3755
-23177
4044
-19263
-158
-15760
-8868
-971
-24562
12643
-27700
6371
-17690
-8080
-2997
-16928
1016
-22675
1390
-17221
-7461
-5951
-16961
149
-14872
-12633
2825
-27760
14358
-31417
3776
-8822
-21802
8240
-34424
14013
-31923
9843
-22098
-8849
-256
-27323
11010
-24739
541
-9480
-15142
-3448
-14853
-4144
-16159
-3965
-10175
-11970
-2923
-16304
-540
-14706
-1105
-16136
-2318
-9522
-13761
-1586
-16077
-759
-21083
3129
-18143
-8654
-3829
-18744
2127
-20980
-485
-12515
-11319
-4178
-16160
112
-17316
-5380
-8356
-12632
-3790
-16884
-1556
-14099
-8653
-6299
-14370
-1884
-15335
-4195
-12756
-8131
-7697
-13979
-4506
-14026
-4491
-14844
-3360
-12843
-8427
-3366
-18151
804
-16615
-2735
-11290
-8275
-6408
-15101
265
-17224
-2441
-10438
-11006
-6555
-10709
-8212
-11119
-6384
-12821
-8474
-10568
-10697
-10067
-9365
-12289
-8359
-8117
-14166
-4561
-12012
-8330
-6602
-12292
-6856
-9122
-11282
-2569
-14887
-4929
-7794
-16136
1426
-17744
-3371
-11319
-8298
-4836
-15564
-2500
-10488
-9734
-8860
-8447
-12789
-4259
-12584
-12651
-1584
-19163
-3182
-11949
-11222
-3528
-19669
4077
-20051
-4822
-6797
-15518
-58
-18465
483
-15525
-5104
-8767
-11578
-2942
-15594
-3452
-10667
-9236
-7947
-10417
-7144
-10979
-8815
-10395
-10457
-7431
-12126
-9243
-10687
-8112
-11349
-8912
-8244
-10505
-7224
-12512
-4407
-13294
-5441
-8440
-12696
-3679
-13289
-3769
-13094
-9357
-7665
-9954
-7066
-11621
-5804
-12557
-7756
-8339
-12673
-8366
-6872
-13550
-7104
-10770
-9955
-6743
-13907
-3101
-13921
-7032
-8310
-10053
-6224
-11612
-6388
-10572
-7761
-10844
-6954
-10341
-10672
-7488
-10556
-7495
-11415
-6853
-10920
-8659
-8205
-11204
-5787
-13143
-6704
-10277
-9513
-6500
-13704
-6916
-10320
-7671
-12338
-8391
-7210
-13033
-5306
-10999
-9794
-6559
-11544
-7258
-7924
-11581
-5891
-11752
-8762
-6692
-13209
-6059
-10532
-10039
-7693
-12371
-6091
-14435
-5358
-11832
-9375
-6683
-13264
-4943
-13701
-5086
-13691
-6930
-10580
-9984
-9045
-10390
-7460
-11459
-6888
-11014
-7232
-10924
-5957
-12845
-7495
-9387
-9430
-8607
-9891
-7213
-12213
-6642
-12257
-7132
-11533
-7803
-8609
-10741
-7853
-10855
-5822
-13693
-6317
-10761
-9883
-8955
-10823
-5341
-14982
-4131
-15676
-5256
-8437
-11888
-6263
-15251
-376
-20292
425
-15181
-9978
-1652
-22728
3360
-19030
-4422
-10620
-10963
-7539
-12429
-3378
-17344
-68
-17707
-2889
-12070
-10587
-2874
-20600
2234
-18478
-3702
-8438
-13990
-9209
-8625
-5965
-15743
-8312
-8506
-10408
-10614
-2764
-20394
-476
-11552
-15767
3544
-24177
2611
-13421
-11885
-594
-17589
839
-17349
-4234
-11401
-9238
-8374
-12261
-4819
-15023
-3945
-14421
-4623
-13314
-7097
-9248
-12274
-5859
-14305
-4961
-10089
-11579
-7137
-8388
-12764
-5927
-11847
-8434
-6943
-13653
-7181
-7766
-9870
-9881
-5306
-15737
-4473
-10602
-13367
-3669
-14776
-3109
-18381
1460
-17674
-6381
-6235
-19692
7363
-26163
4053
-18054
-6026
-6878
-15541
-442
-18645
619
-19255
-1544
-12576
-9615
-5385
-14927
-2027
-15136
-4063
-11569
-8906
-7515
-11732
-6901
-12721
-6409
-11541
-8742
-9880
-10762
-6679
-11963
-7677
-11979
-7647
-8904
-9369
-11224
-8080
-8964
-10222
-8361
-11228
-5969
-11713
-4816
-12213
-6755
-9084
-9601
-7063
-11919
-8633
-9431
-5707
-14192
-4312
-11338
-8159
-9880
-8536
-6751
-14568
-4102
-11984
-8238
-10621
-9001
-6655
-10319
-11034
-5828
-14492
-7024
-5308
-15436
-4734
-12067
-5596
-12788
-4838
-11808
-8069
-8183
-14526
4343
-26933
3530
-8658
-19979
8311
-25395
2569
-14524
-5297
-7967
-15618
3244
-21437
2836
-19225
1163
-14462
-12678
2086
-19854
-755
-15272
-5857
-10799
-8860
-4319
-15019
-4238
-14429
-4736
-7418
-16409
2210
-20232
-159
-12113
-12060
-607
-17001
-5092
-8312
-9721
-9146
-5134
-11169
-5484
-12614
-3598
-11095
-9037
-7801
-11014
-3358
-15994
-1853
-14898
-3944
-10464
-10056
-3942
-16139
538
-17816
-4142
-8044
-11879
-4656
-13661
-5789
-7960
-12366
-6891
-7609
-9653
-8227
-8128
-6166
-12574
-3429
-13965
-2899
-13756
-6952
-4067
-16896
1357
-18394
-2710
-8349
-9507
-10069
-8205
-6707
-10656
-4175
-14591
-1530
-15682
-3246
-8997
-12737
-2344
-15668
-3791
-11568
-6612
-10413
-7420
-9247
-9717
-5590
-13145
-2627
-12901
-5444
-9703
-10911
-4200
-11991
-6157
-10678
-6627
-11115
-5026
-8398
-8643
-8053
-10141
-2374
-16004
-646
-11487
-8686
-6879
-11168
-5678
-11312
-3367
-16136
-2307
-10109
-12362
-2747
-13709
-5698
-9768
-8615
-7221
-9542
-9096
-7889
-8285
-9463
-6272
-12832
-2999
-11533
-6462
-5951
-15233
476
-15775
-3767
-9957
-10298
-2857
-16399
-1538
-13171
-8424
-5125
-13042
-4058
-12223
-6196
-8115
-9360
-8376
-8634
-6207
-11620
-4708
-11235
-5804
-11010
-7075
-7735
-10982
-4431
-12789
-4398
-11503
-6324
-9397
-8583
-7729
-9070
-6093
-12666
-4092
-11117
-7898
-7083
-10945
-6076
-10257
-8013
-6910
-11196
-4431
-9832
-9308
-5596
-10401
-6245
-11000
-5615
-9493
-8062
-5746
-10424
-7497
-8429
-6818
-9169
-7771
-7095
-10033
-7003
-7384
-11498
-4270
-12023
-6381
-7725
-11697
-4515
-12428
-4620
-11706
-6904
-7873
-10664
-5435
-10845
-5713
-11019
-7774
-7646
-9397
-7794
-8986
-7782
-8813
-7509
-8133
-7410
-7709
-7981
-9454
-5898
-8459
-9396
-5989
-10391
-6294
-9052
-8515
-8224
-8419
-7653
-9798
-6496
-9875
-7597
-8695
-7530
-10149
-8510
-6036
-10823
-6655
-10607
-6204
-9873
-8731
-6093
-11094
-5831
-10130
-6703
-7885
-9709
-6292
-9538
-6943
-8643
-7295
-7886
-9703
-6550
-8886
-7382
-8737
-8219
-7960
-8732
-7236
-9348
-7513
-8952
-8715
-8267
-9516
-7475
-9534
-7774
-8869
-8958
-7435
-9181
-7673
-8927
-7757
-8929
-7566
-8214
-8860
-7821
-8717
-7936
-8733
-7616
-8678
-7787
-8464
-8744
-8486
-7616
-8454
-8193
-8722
-7628
-8517
-8768
-7036
-10415
-6275
-10161
-6843
-9976
-8477
-7088
-11128
-5531
-10649
-7040
-9433
-8960
-7185
-9895
-9320
-6803
-9749
-8356
-7842
-10280
-6245
-10088
-7192
-8851
-8798
-6415
-9911
-7366
-8596
-9600
-5647
-11529
-6165
-9113
-8868
-5988
-11803
-5091
-10785
-6598
-8743
-9176
-7369
-9677
-7071
-8823
-9882
-7975
-8263
-9063
-7632
-10121
-7156
-9390
-7203
-9038
-7395
-9336
-8006
-7930
-10744
-5525
-10654
-6867
-9976
-6664
-9656
-7979
-7462
-11544
-3911
-11875
-6253
-8815
-8643
-7755
-9058
-6691
-12189
-5006
-11096
-7286
-8718
-10233
-4168
-14422
-3147
-10203
-11946
-1851
-14764
-4985
-8569
-12571
-4552
-10828
-6734
-10150
-9026
-5127
-12488
-5588
-10401
-8536
-4823
-14297
-3847
-9964
-9268
-5576
-11989
-5104
-10841
-8320
-6592
-11392
-4900
-11781
-6392
-7011
-13183
-2992
-11540
-7193
-7761
-10866
-3515
-13286
-5871
-8574
-11022
-6739
-8911
-6290
-12656
-4273
-11393
-5364
-10382
-9161
-6408
-12268
-1955
-16856
-1113
-12950
-7327
-7061
-9556
-5666
-18096
1685
-14493
-3465
-11483
-10232
-1871
-15993
-1240
-13639
-5977
-7631
-11600
-3173
-12900
-5594
-9031
-8245
-7158
-10954
-2774
-14169
-5055
-7676
-12637
-1616
-15484
-3368
-9637
-9874
-4657
-12533
-3828
-11561
-6148
-9476
-7980
-7894
-8642
-7388
-8826
-6577
-12020
-4270
-12440
-6131
-8162
-11380
-3862
-10936
-8622
-6761
-9779
-7461
-8026
-9328
-6967
-9594
-7313
-8795
-8127
-8896
-7176
-9810
-6201
-9835
-7928
-6789
-10498
-4317
-11754
-6250
-9787
-8711
-7021
-9864
-5643
-12803
-5026
-8560
-12362
-1872
-14976
-3513
-8819
-10067
-6067
-11495
-5016
-11709
-3546
-10647
-8562
-7247
-9233
-6879
-8792
-8645
-7920
-8676
-8311
-8663
-7245
-8597
-9195
-5828
-10873
-5810
-9376
-8280
-7304
-9494
-6681
-8345
-8874
-7603
-7963
-7460
-9361
-6729
-8030
-9847
-5467
-10586
-6775
-9030
-10088
-4798
-11169
-6859
-7601
-11062
-4619
-11807
-5293
-9053
-9053
-5345
-11796
-4779
-11326
-6498
-8725
-8704
-7800
-8168
-8294
-9348
-5972
-10433
-5059
-10686
-6710
-8293
-8735
-7047
-9427
-6050
-10422
-6209
-9146
-7583
-7968
-8876
-7002
-10049
-6076
-9384
-7992
-7538
-9095
-6896
-9544
-7145
-9106
-7934
-7937
-9064
-7129
-8962
-8158
-7835
-8579
-8051
-7804
-8862
-7721
-8293
-8084
-8545
-8144
-8011
-8671
-8083
-8285
-7926
-8567
-8319
-8043
-8416
-7839
-8286
-8659
-7442
-8694
-7636
-8332
-8029
-8304
-8635
-7267
-9516
-7207
-8309
-8634
-7504
-8722
-8223
-8574
-7967
-8129
-8530
-8247
-7842
-8647
-8302
-8014
-9071
-7375
-8579
-8214
-7812
-8682
-7587
-8885
-7751
-8194
-7617
-8431
-8165
-7375
-10174
-6332
-8718
-8555
-7509
-8554
-7484
-9486
-6824
-8695
-8197
-8381
-7661
-9893
-7080
-7289
-10939
-5466
-10490
-7572
-8671
-8136
-7778
-9061
-7637
-8762
-7671
-9783
-6696
-9602
-7968
-7848
-8643
-7202
-9058
-7855
-8379
-7374
-9367
-7121
-9326
-7779
-7423
-10147
-5898
-10389
-6770
-9266
-7856
-7624
-9980
-6215
-10753
-6321
-9721
-7783
-7527
-9734
-7071
-8990
-7863
-9209
-7124
-9050
-7700
-8195
-8187
-8258
-8646
-6978
-9678
-6950
-9085
-7600
-8050
-8877
-7049
-9486
-7421
-8286
-8610
-7760
-8839
-7973
-8152
-8247
-8139
-8625
-7705
-8448
-8481
-8069
-8426
-7967
-8298
-8423
-8219
-8437
-8238
-8328
-8617
-8096
-8082
-8351
-8091
-8128
-8273
-7895
-8347
-8080
-7990
-8629
-7820
-8390
-8244
-8224
-8020
-8374
-8269
-7889
-8699
-7566
-8585
-8329
-8062
-8485
-8193
-8588
-8178
-8449
-8463
-8000
-8508
-8244
-8404
-8195
-8250
-8477
-8346
-8306
-8264
-8202
-8457
-8432
-7769
-8722
-7994
-8446
-8236
-8261
-8100
-8315
-8573
-7813
-8607
-8261
-8064
-8422
-7965
-8600
-8031
-8547
-8620
-7800
-9172
-7430
-8889
-8236
-8422
-8619
-7805
-9235
-7959
-8434
-8442
-8112
-9200
-7687
-8743
-8402
-8532
-8496
-7395
-9515
-6961
-9510
-7388
-8438
-8461
-7698
-9561
-7101
-9478
-7546
-9182
-8276
-8163
-8804
-8224
-8659
-7993
-8796
-7762
-8572
-8120
-8487
-8617
-8236
-8219
-8553
-8475
-8205
-8490
-8131
-8534
-8394
-8648
-7935
-8325
-8960
-7936
-8346
-9031
-7801
-8647
-8584
-8184
-8915
-8064
-8557
-8468
-8430
-8587
-7655
-9006
-8364
-7968
-9104
-7246
-9834
-7365
-8694
-8858
-7534
-9565
-7035
-10225
-7185
-9090
-8351
-7781
-9923
-6611
-9970
-7628
-8577
-8765
-7857
-9264
-8087
-9130
-7664
-8885
-8374
-8182
-8890
-7533
-9276
-7882
-8579
-8551
-7980
-9233
-7626
-9087
-8170
-8455
-9057
-7966
-9268
-8054
-8535
-8615
-8154
-9141
-7998
-8755
-8653
-8184
-9097
-8128
-8802
-8493
-8692
-8733
-8303
-9030
-8196
-8602
-8651
-8598
-8911
-8394
-8789
-8298
-9024
-8657
-8122
-9280
-7720
-9074
-8546
-8072
-9475
-7775
-8911
-8219
-8532
-9289
-7754
-9424
-8356
-8750
-8812
-8235
-9573
-8068
-8890
-8994
-8274
-9097
-8296
-8771
-8730
-8524
-8330
-8848
-9036
-7822
-9287
-7995
-9283
-8171
-8643
-8974
-7781
-9696
-7510
-9437
-8226
-8566
-9279
-7890
-9484
-8485
-9037
-8679
-8455
-9262
-8296
-9162
-8603
-8444
-8760
-9047
-8594
-8487
-9281
-8480
-8656
-8489
-8700
-9480
-8289
-8541
-9259
-8060
-9575
-7756
-9339
-8471
-7961
-10426
-7682
-9359
-8823
-8282
-9776
-7816
-9396
-8575
-8889
-9560
-7071
-10944
-7558
-9343
-8846
-8755
-9769
-7050
-11115
-7745
-9079
-8993
-8418
-9371
-8119
-9774
-8062
-9273
-9085
-8408
-9747
-7408
-10294
-8102
-8712
-9463
-8021
-10151
-7730
-10131
-8014
-9182
-9207
-8310
-9883
-7837
-10170
-7931
-9273
-9700
-7882
-10217
-7621
-10438
-8872
-8527
-9895
-8178
-9884
-8120
-9720
-8580
-8976
-9224
-8749
-9530
-8340
-9247
-9138
-8477
-9449
-8468
-9559
-9173
-8108
-10353
-8047
-9383
-8828
-9047
-9386
-8404
-9775
-8521
-9356
-9182
-8858
-9234
-9192
-8947
-8996
-9610
-8757
-9019
-9428
-8710
-9156
-9129
-9197
-8736
-9181
-9211
-8848
-8946
-9007
-9457
-8377
-9398
-9168
-8805
-9580
-8543
-9248
-9267
-9055
-9287
-8453
-9718
-8959
-8818
-9090
-8706
-9779
-8596
-9113
-9311
-9066
-9244
-8832
-9234
-8968
-9198
-8897
-9153
-9107
-9026
-9258
-8788
-9410
-9036
-9459
-9012
-8903
-9468
-9135
-8597
-9717
-9496
-8300
-9591
-8963
-9390
-9591
-8640
-9454
-9702
-8585
-9066
-9487
-9036
-8999
-9379
-8751
-9619
-9215
-8885
-9413
-8986
-9613
-8447
-9973
-8793
-9255
-9641
-8196
-10199
-8483
-9468
-9101
-9057
-9683
-8231
-10418
-8666
-9068
-9676
-9018
-9549
-8864
-9999
-8953
-9283
-9424
-8852
-9763
-9276
-9494
-8925
-9652
-9488
-8770
-9644
-8690
-10120
-8833
-9176
-9577
-8749
-9895
-8748
-9654
-9000
-9046
-9944
-8633
-10207
-8219
-9635
-10114
-8004
-10820
-7672
-10348
-9117
-8890
-9334
-9684
-9544
-8272
-11043
-7454
-10676
-8871
-8935
-10491
-8121
-10070
-9466
-9564
-8990
-9398
-11084
-6962
-10977
-9804
-7737
-11241
-8026
-11048
-8189
-10274
-9442
-8415
-11446
-7028
-10911
-10048
-7311
-11675
-8130
-9720
-9840
-8796
-11316
-6058
-12763
-7446
-9971
-10553
-6815
-12692
-6041
-12201
-6980
-10988
-9722
-8081
-11801
-7424
-11892
-7403
-11122
-8565
-10754
-9325
-8957
-10457
-7940
-10795
-7652
-11121
-8301
-9610
-10487
-7944
-10751
-9039
-9604
-9499
-9296
-10415
-8896
-10657
-8678
-10546
-8843
-9626
-10585
-7878
-11880
-7144
-11167
-9731
-8337
-10293
-10080
-8741
-10173
-9906
-8725
-11435
-7501
-11709
-8616
-9603
-9984
-9085
-10732
-8273
-10312
-10093
-8166
-10316
-9735
-9718
-8439
-11188
-9726
-7417
-12632
-6367
-12426
-7607
-10578
-9643
-8592
-12439
-6419
-12567
-7292
-11327
-9196
-9076
-10840
-8286
-10349
-9644
-10167
-9002
-9649
-10048
-9718
-9891
-9335
-9264
-9969
-10556
-8357
-10064
-9412
-8677
-11481
-7970
-11234
-8516
-10948
-7946
-11685
-9273
-8849
-12709
-5526
-13730
-6690
-11761
-8740
-9936
-10394
-8037
-12551
-6509
-12861
-7220
-11129
-9394
-8486
-12233
-6885
-11403
-8745
-10383
-9666
-9384
-10519
-8003
-10886
-7986
-9675
-10913
-8965
-10317
-8541
-10985
-10106
-7849
-11489
-9265
-8407
-11369
-9374
-7992
-10906
-9027
-9952
-9320
-9660
-13056
-4811
-13594
-8535
-7271
-15607
-4626
-12441
-7459
-12664
-7929
-9556
-12545
-4212
-18028
-489
-15876
-8151
-6552
-16396
-2426
-16258
-3137
-14190
-8304
-9623
-10954
-6305
-14634
-4273
-14251
-6622
-11471
-9084
-9324
-10572
-9045
-11893
-6185
-13907
-6098
-12848
-8055
-9836
-11972
-6623
-12605
-7500
-12421
-7707
-10806
-10139
-9206
-11068
-8291
-11316
-8633
-10736
-9911
-9199
-10676
-8889
-11128
-8594
-9875
-11111
-7324
-12166
-7962
-10730
-9217
-9662
-10609
-8225
-12034
-7699
-11142
-9476
-10137
-9993
-9581
-10150
-9639
-10093
-9279
-10509
-9408
-10178
-9447
-10107
-9787
-9626
-10342
-9255
-10713
-10404
-9072
-10316
-9478
-10590
-8259
-11490
-9658
-8660
-10604
-9458
-10738
-7202
-13603
-6389
-10194
-12407
-7325
-10507
-11336
-8760
-8452
-13975
-6989
-10845
-11169
-8226
-9836
-11491
-8733
-10196
-10471
-8396
-11864
-7977
-10780
-11207
-8166
-11213
-9919
-8970
-11609
-8188
-11180
-9902
-9055
-11863
-7193
-11817
-8638
-10382
-10133
-10000
-11087
-6150
-14489
-9262
-8092
-9562
-12764
-8384
-9316
-11708
-7645
-13130
-6683
-11749
-9658
-10786
-8640
-10607
-12467
-5092
-15876
-4548
-12899
-9849
-6598
-16150
-2397
-15811
-7006
-10234
-11235
-7737
-12824
-6657
-13057
-5971
-13358
-8363
-9578
-11421
-7021
-13839
-6944
-11598
-8430
-10271
-11495
-7965
-11571
-7756
-11766
-8763
-10101
-10438
-9683
-9479
-9658
-10582
-9487
-11408
-7297
-13339
-8270
-10350
-10887
-8241
-12053
-8217
-10818
-9320
-10056
-10187
-9361
-10336
-9276
-10074
-10682
-8307
-10921
-10012
-9940
-9746
-9701
-10997
-8929
-10406
-9164
-11504
-7488
-11275
-10443
-8365
-11739
-7425
-13408
-7504
-10197
-11938
-7360
-12072
-8205
-11130
-10242
-8102
-12578
-7057
-11970
-9899
-7689
-13051
-6258
-12732
-8272
-9756
-11881
-7270
-12490
-9240
-9068
-12168
-7994
-11232
-10589
-8072
-12145
-7502
-12695
-8215
-9569
-11767
-8484
-10932
-9622
-9986
-10519
-9770
-9196
-11863
-9446
-8885
-12177
-7875
-11405
-10378
-7218
-12967
-6228
-13352
-7569
-10439
-11707
-6649
-13925
-6677
-12438
-9255
-8249
-12517
-8756
-10904
-8622
-12099
-8997
-10086
-10082
-8008
-15152
-3926
-14525
-7606
-9509
-12752
-5308
-16180
-3986
-14207
-9140
-7506
-14190
-6534
-12783
-8331
-10357
-10902
-9347
-10133
-9384
-11631
-8706
-11648
-8577
-10896
-10382
-8873
-12175
-7922
-11468
-9853
-9626
-10049
-9776
-9885
-10317
-11283
-7567
-12282
-9013
-8490
-12571
-8713
-10346
-10005
-10586
-9523
-11061
-9497
-10343
-10554
-8845
-11934
-8307
-11260
-9393
-10512
-9982
-9620
-10919
-8586
-12594
-7558
-11990
-9841
-8642
-12114
-8100
-11512
-9152
-10248
-10159
-10127
-9744
-10027
-10212
-9355
-10759
-9655
-10459
-9235
-10954
-9732
-9525
-11039
-9081
-10239
-10403
-10025
-10223
-9954
-10597
-10098
-9976
-10545
-9843
-10190
-10179
-10450
-10061
-10039
-10308
-9727
-10440
-9766
-10211
-10163
-10173
-10570
-9417
-10579
-10058
-10009
-10006
-9875
-10495
-9607
-10343
-9674
-10325
-10119
-10176
-10170
-9783
-10774
-9473
-10787
-9743
-10487
-9571
-10195
-10665
-9569
-10834
-9729
-10980
-9441
-10726
-9755
-10795
-9819
-9781
-10672
-9683
-11437
-8514
-11360
-9466
-10434
-10321
-9457
-11033
-9227
-11326
-9180
-10684
-9748
-10373
-10306
-9645
-11286
-8787
-11105
-9476
-10413
-10582
-9459
-11050
-9321
-10981
-9947
-9539
-11099
-8916
-11064
-9893
-9737
-10752
-9453
-11255
-8748
-11207
-9732
-9691
-11326
-9033
-11261
-9246
-10698
-10118
-9761
-10986
-9394
-11134
-9458
-10068
-10340
-10094
-10046
-9912
-11158
-9259
-10884
-9543
-10090
-10300
-10359
-10800
-8465
-12035
-9175
-11037
-9140
-10481
-11410
-8045
-12677
-7113
-14131
-7806
-9821
-13047
-6737
-13351
-7739
-12506
-8860
-10080
-11033
-8574
-11897
-8616
-11138
-9338
-10292
-10779
-9392
-10838
-9620
-10877
-9847
-10031
-10713
-9743
-10837
-9828
-10954
-8870
-10766
-10418
-9833
-10359
-10287
-10719
-8934
-11659
-9056
-10812
-10034
-10000
-10328
-10086
-10925
-9368
-10664
-9495
-11952
-8911
-10336
-10891
-8946
-11442
-8840
-11735
-10149
-9535
-12542
-8087
-10756
-11908
-7405
-12549
-9685
-8964
-12606
-9021
-11282
-9104
-11967
-7769
-12701
-9892
-7043
-15760
-5004
-15001
-7877
-10591
-12254
-8140
-11806
-7470
-15114
-6302
-12558
-10381
-8575
-12543
-8030
-12800
-9519
-8900
-12338
-9880
-10375
-10664
-10457
-9924
-10099
-12088
-7212
-13598
-8116
-11966
-10979
-5497
-17116
-5081
-11918
-10828
-9911
-12555
-5885
-14641
-6748
-11574
-11467
-8675
-12331
-7709
-13920
-6934
-12485
-9831
-8405
-13816
-6386
-14448
-7577
-11923
-10182
-9601
-11645
-8454
-12235
-8793
-12254
-9154
-10011
-10871
-10201
-9869
-10855
-10142
-10434
-10466
-9826
-10932
-10499
-9494
-11372
-9280
-10764
-10445
-10412
-10685
-10472
-10786
-8365
-12973
-7795
-12912
-7809
-12441
-8569
-9983
-12351
-8091
-12076
-9714
-11432
-7578
-14779
-5625
-14396
-9178
-7931
-13987
-7392
-12265
-7913
-12605
-9581
-10485
-12535
-6774
-14024
-9987
-12395
-7095
-13229
-12427
-3043
-19163
-2402
-18840
-1903
-15537
-12822
-707
-25402
5925
-25697
-841
-14261
-12579
-2828
-22315
3450
-23530
-859
-16036
-10062
-9008
-12246
-7659
-15662
-1776
-13700
-10936
-11655
-8508
-13861
-2574
-24763
-187
-13227
-14685
-685
-25022
5157
-25293
-1324
-13167
-11818
-3837
-20849
688
-22752
-4547
-10028
-15204
-1560
-19668
-7773
-6295
-15821
-5033
-19303
-619
-15353
-15208
509
-26070
5502
-20315
-10569
-2323
-19163
-1182
-23080
449
-16471
-11528
-1672
-23588
2365
-21127
-3101
-14433
-11107
-3284
-24786
5292
-20736
-7674
-8186
-15538
-6739
-12486
-9973
-13070
-4943
-16930
-7444
-8636
-19415
967
-17822
-9595
-7983
-15869
-1227
-23377
-608
-14089
-13648
-3244
-21424
15
-18356
-7304
-8721
-15476
-5063
-16177
-5089
-15560
-6486
-11545
-13315
-6044
-15424
-5473
-13614
-11064
-8273
-12203
-10112
-11022
-7330
-16708
-7662
-4614
-20883
-2998
-13097
-9728
-10873
-12637
-4821
-18482
-2966
-14639
-9218
-10111
-13333
-5010
-17267
-4740
-14833
-8876
-9480
-13099
-5977
-17145
-2403
-17437
-6558
-10257
-15322
-2669
-19375
-3513
-14500
-9821
-8582
-14399
-6292
-14531
-8328
-11473
-10735
-9669
-11314
-9775
-11322
-9400
-11759
-9032
-12066
-10704
-9403
-12095
-8068
-13444
-7911
-12081
-10687
-9377
-13266
-7196
-12587
-9245
-10159
-10813
-9512
-12354
-9907
-11260
-10117
-8264
-12830
-9206
-11765
-10118
-9412
-13445
-7011
-12298
-9338
-12237
-9548
-9871
-12696
-6393
-15222
-6967
-11918
-11926
-7718
-13228
-9350
-11854
-8654
-12297
-10009
-10015
-11497
-9284
-12548
-8084
-11874
-10418
-9745
-12070
-8211
-12910
-8833
-11472
-10626
-9800
-11799
-8894
-12077
-9464
-11832
-8946
-11570
-9927
-10526
-11059
-9137
-12160
-8672
-11938
-9276
-11365
-10365
-10034
-11567
-9488
-11677
-9477
-11244
-10495
-10711
-10553
-10008
-11355
-10069
-10338
-10426
-10870
-10111
-10927
-10174
-10849
-10317
-10731
-10824
-9214
-11633
-9462
-11485
-9963
-10488
-11404
-9380
-12248
-8515
-11788
-10387
-10073
-11230
-10227
-11511
-9571
-10696
-10379
-11437
-9265
-11632
-10460
-10920
-9867
-11161
-11119
-8111
-12522
-10269
-10665
-9564
-11633
-10107
-11226
-10928
-9037
-12657
-8619
-11787
-10207
-10965
-10497
-8941
-12407
-7772
-13526
-7284
-11644
-11701
-8708
-13184
-7582
-13088
-7915
-11757
-11119
-8583
-12233
-9638
-10206
-11446
-9120
-11860
-9792
-10634
-10757
-9532
-11743
-8774
-12328
-8363
-12824
-8916
-11075
-10682
-9827
-11764
-9232
-11983
-7860
-12591
-9046
-9357
-11579
-10643
-9084
-11393
-10555
-9484
-11179
-10115
-11260
-8575
-12593
-8673
-10753
-11160
-8276
-12826
-8407
-11860
-9826
-10065
-11489
-8867
-11880
-9598
-10172
-11583
-9304
-10923
-10192
-10125
-11340
-8041
-13142
-8303
-10880
-10002
-9996
-11597
-7796
-14302
-6263
-12664
-9770
-9984
-12347
-7529
-13115
-8140
-11799
-9660
-9962
-11186
-9022
-11927
-8768
-11064
-9920
-10602
-10655
-9469
-11546
-9668
-10809
-9600
-11688
-9030
-9456
-12284
-8519
-10682
-9939
-10464
-9631
-10749
-10615
-8855
-11383
-9452
-11007
-9737
-9664
-10621
-9523
-10776
-9719
-10216
-9747
-10203
-10273
-9994
-9895
-9787
-10638
-9529
-11250
-8887
-10306
-10393
-9228
-11553
-7929
-11836
-9217
-10731
-9362
-10205
-11257
-7637
-13504
-6867
-12736
-9224
-9559
-12436
-6307
-14368
-6343
-11975
-10310
-8000
-13466
-5550
-14164
-7979
-9860
-11505
-8357
-12173
-7804
-12137
-8067
-11104
-10554
-9180
-10978
-8667
-12034
-8063
-11216
-10672
-8360
-12028
-8436
-11615
-8678
-10567
-11007
-7829
-12812
-7608
-11283
-9223
-9530
-11334
-9576
-9397
-9854
-10695
-9354
-10803
-8969
-11859
-7933
-11198
-9718
-10810
-10146
-7823
-12248
-8598
-11091
-8785
-11066
-9345
-9495
-10892
-9713
-9163
-9672
-11540
-8760
-10308
-9184
-10558
-10223
-8527
-10726
-9826
-9749
-10718
-9033
-9862
-10269
-9828
-10436
-9611
-10657
-8850
-9969
-10490
-8720
-11495
-8537
-10536
-10348
-8663
-10618
-8830
-11293
-9443
-9528
-10538
-9468
-10161
-9792
-9809
-9892
-9685
-10135
-9853
-9408
-10346
-9450
-10573
-9255
-9451
-10620
-8923
-10242
-9111
-10147
-9443
-9410
-10700
-8407
-10665
-9864
-9189
-10442
-9435
-9782
-10036
-9560
-10024
-9841
-9383
-10344
-9261
-9880
-9895
-9690
-10296
-9364
-10110
-9650
-9668
-9909
-9327
-9866
-9537
-9806
-9759
-9166
-10359
-9384
-9732
-9751
-9509
-10001
-9630
-9871
-9585
-10077
-9271
-10219
-9710
-9739
-9696
-9598
-9851
-9517
-9913
-9300
-9988
-9610
-9553
-9706
-9674
-9598
-10002
-9400
-9813
-9808
-9911
-9424
-9995
-9677
-9163
-10410
-9127
-10184
-9150
-9824
-9834
-9464
-9876
-9442
-10079
-9499
-9814
-9485
-9908
-9664
-9910
-9719
-9254
-10202
-8954
-10587
-9225
-9803
-10374
-8589
-11047
-8564
-10461
-9448
-9396
-10299
-9091
-10614
-8545
-10477
-9328
-9764
-9784
-9375
-10216
-9248
-10190
-9317
-10011
-9476
-9945
-9594
-9481
-10171
-9670
-9624
-9417
-10172
-9633
-9316
-10078
-10131
-8911
-10156
-9651
-9584
-9975
-9332
-10045
-9216
-9811
-9690
-9457
-9944
-9574
-9891
-9468
-9811
-9629
-9365
-9790
-9407
-10159
-9347
-9728
-9646
-9627
-9782
-9450
-9774
-10032
-9352
-9647
-9930
-9029
-10651
-8786
-10442
-9390
-9345
-10715
-8586
-10921
-8629
-10318
-9517
-9377
-10539
-8557
-10989
-8379
-10480
-9355
-9828
-9769
-9222
-10881
-8394
-11563
-7516
-11384
-8509
-9491
-11632
-6238
-13202
-7067
-10501
-10598
-7935
-11778
-7701
-11347
-8313
-10194
-10292
-8085
-12037
-7021
-11402
-9558
-8003
-11894
-8644
-9402
-10395
-9779
-9376
-10258
-9090
-10022
-9356
-10535
-8771
-9938
-9946
-8869
-10999
-8038
-11086
-8926
-10045
-9732
-8946
-11006
-7963
-10419
-9333
-9934
-9636
-9168
-10887
-8147
-11485
-8736
-9895
-10173
-8714
-10904
-7970
-10709
-8850
-10540
-8782
-10108
-9691
-8741
-10695
-8497
-10982
-8160
-10511
-9452
-9430
-10532
-9091
-9992
-10068
-9216
-9813
-9442
-9806
-10348
-8786
-10560
-8522
-10853
-8904
-9086
-11081
-8837
-10055
-9270
-10150
-9345
-9596
-9916
-9692
-9907
-9277
-10242
-9365
-9777
-9730
-9473
-10227
-9218
-10367
-9431
-10060
-9437
-9562
-10285
-9062
-10419
-9006
-10497
-9265
-10108
-10198
-8731
-10713
-8714
-10383
-9083
-10175
-9525
-9194
-10574
-8383
-10957
-8836
-10165
-9274
-9565
-10079
-9204
-10810
-8661
-10789
-9093
-10640
-9306
-9667
-10847
-8516
-11252
-8726
-10148
-9582
-9466
-10250
-9113
-10334
-9859
-9744
-9527
-9924
-9941
-9145
-9890
-10055
-9262
-9803
-9662
-10297
-9656
-9748
-9697
-10314
-9838
-9626
-10014
-9475
-10167
-9705
-9304
-10212
-9917
-9332
-10693
-8726
-10562
-9235
-10002
-10304
-9023
-10645
-8873
-10627
-9263
-10068
-9655
-9571
-10306
-9648
-9921
-9357
-10193
-9880
-9728
-9668
-9996
-9562
-9865
-9848
-9857
-9871
-9793
-9796
-10162
-9676
-9503
-10228
-9318
-10031
-10028
-9703
-9790
-10002
-9548
-9932
-9454
-9861
-10288
-9167
-10113
-9703
-9661
-10077
-9741
-9748
-9507
-9829
-10046
-9592
-9975
-9571
-10060
-9545
-9785
-9727
-9889
-9692
-9743
-10306
-9176
-10457
-9457
-9980
-9521
-9833
-9948
-9519
-10012
-9451
-10166
-9575
-9970
-9830
-9664
-9936
-9765
-9712
-9864
-9506
-9955
-9632
-10180
-9521
-9799
-10118
-9265
-10567
-9088
-10244
-9222
-10001
-9959
-9418
-10554
-8526
-10569
-9422
-10003
-9623
-9502
-10086
-9353
-10403
-8837
-10469
-9341
-9920
-9856
-9313
-10021
-9366
-10183
-9076
-10311
-9310
-9951
-9779
-9433
-10204
-9341
-10032
-9487
-9909
-9546
-9679
-10023
-9675
-9821
-9739
-9840
-9750
-9856
-9743
-9440
-9963
-9649
-9815
-9693
-9844
-9682
-9699
-9772
-9234
-10019
-9436
-9988
-9539
-9897
-9481
-9566
-10092
-9151
-10155
-9292
-9815
-9565
-9724
-9831
-9665
-10206
-8850
-10074
-9788
-9625
-9938
-9276
-10250
-9541
-9839
-9602
-9724
-9915
-9360
-10232
-9313
-10145
-9577
-9698
-10147
-9319
-10207
-9417
-9988
-9656
-9677
-10145
-9390
-9853
-9605
-9683
-9933
-9633
-9855
-9232
-10164
-9723
-9437
-9907
-9379
-10320
-9196
-10231
-9526
-9744
-10051
-8908
-10537
-9476
-9884
-9949
-9546
-10013
-9529
-10111
-9701
-9498
-10084
-9392
-10127
-9444
-9741
-9819
-9501
-9883
-9557
-10486
-8773
-10583
-9277
-10143
-9983
-8722
-11171
-8304
-10872
-9079
-9821
-9826
-9284
-10804
-8518
-11113
-8507
-10228
-9520
-9401
-10836
-8366
-11098
-8686
-10239
-9711
-9331
-10581
-8528
-11043
-8826
-10331
-9488
-9378
-10462
-9132
-10489
-9156
-10865
-8712
-10518
-9700
-9405
-10331
-9063
-10442
-8947
-10707
-8627
-10799
-9190
-9730
-10477
-8645
-11304
-8241
-11051
-8966
-9930
-9921
-8990
-10965
-8445
-10925
-8755
-10640
-9556
-9183
-10829
-8632
-10382
-9799
-9997
-9247
-10312
-9771
-9429
-10727
-8696
-10153
-9989
-9983
-9768
-9288
-10918
-8503
-9898
-10346
-9296
-10063
-9671
-9453
-10301
-10025
-9412
-9607
-10971
-8922
-9315
-11104
-8160
-11056
-8583
-10359
-9852
-9727
-10165
-8733
-12397
-7522
-10550
-9547
-9553
-11446
-6977
-13723
-6403
-11298
-11810
-5025
-14789
-5529
-12883
-9045
-8616
-12487
-6537
-12811
-8492
-9780
-10195
-9345
-9804
-9378
-10136
-10313
-9616
-9901
-9811
-11470
-6936
-12028
-10286
-7510
-12131
-7555
-11862
-8683
-10512
-10271
-8836
-12623
-7131
-11044
-10330
-8411
-12134
-7822
-11466
-9204
-10014
-9990
-10001
-9724
-9548
-11256
-8137
-11095
-8458
-11467
-9236
-10682
-8751
-10647
-11524
-5621
-14621
-8446
-7724
-13802
-6567
-11824
-9386
-8671
-13132
-5552
-14257
-6992
-8980
-13084
-5190
-14653
-6227
-10581
-10765
-8568
-11188
-7833
-12693
-6481
-12221
-9995
-9344
-10396
-8914
-11136
-8651
-10310
-9329
-11508
-8216
-9769
-11328
-8356
-10123
-9898
-9761
-10466
-8902
-10334
-9166
-10565
-9153
-10000
-10361
-8641
-11003
-9060
-10803
-8966
-9890
-10854
-7936
-10941
-10327
-7261
-13478
-6865
-11544
-10336
-7718
-13214
-6288
-12965
-7671
-10511
-9818
-8784
-11293
-7702
-12442
-7894
-10922
-9585
-9664
-10411
-8558
-11479
-8192
-10667
-8875
-10587
-9484
-9138
-10987
-8575
-10857
-8515
-10618
-9615
-9651
-9495
-9827
-10699
-8114
-10853
-9723
-9184
-10595
-9117
-10087
-9787
-9628
-10033
-9026
-10406
-9304
-10099
-9558
-9986
-10281
-9055
-11012
-9052
-9784
-9979
-9537
-9860
-9411
-10066
-9924
-9466
-9377
-10440
-9758
-9357
-10165
-9714
-9326
-10795
-9107
-9638
-10278
-9402
-10130
-8989
-10817
-9412
-9384
-10135
-9589
-10246
-9044
-10556
-10067
-8691
-10879
-9463
-9187
-10756
-8820
-10187
-10487
-8916
-10306
-9263
-10115
-10175
-8556
-12030
-7374
-11249
-10062
-8499
-11200
-7665
-12544
-7949
-10644
-8974
-9888
-10113
-9437
-10383
-7697
-12699
-7104
-11035
-9961
-8288
-11088
-9058
-11095
-7878
-10767
-9582
-10075
-10212
-8143
-11385
-7874
-11535
-9128
-9663
-10707
-8753
-10455
-8964
-10800
-9172
-10263
-9157
-10312
-9738
-9202
-10762
-8610
-10643
-9164
-10108
-10308
-8613
-10709
-9030
-10464
-9469
-9721
-10308
-9418
-10150
-9298
-9973
-9557
-10319
-9671
-9905
-9975
-10069
-9753
-10382
-9136
-10404
-9449
-9994
-10206
-8676
-11096
-8667
-11137
-8544
-11004
-9195
-9662
-10647
-8557
-11734
-7471
-11586
-8495
-10683
-9922
-8771
-11808
-7518
-11867
-8585
-10387
-9952
-8747
-11384
-8395
-10819
-9321
-9693
-9600
-9872
-10248
-9339
-10433
-9095
-10285
-9641
-9904
-9789
-9632
-10037
-9608
-9998
-10071
-9793
-9208
-10263
-9647
-10046
-10155
-9476
-9507
-9800
-9769
-9946
-9752
-9820
-9717
-9712
-10122
-9422
-10283
-9497
-9997
-10123
-9671
-9941
-9642
-9835
-9857
-9698
-9784
-9520
-9816
-10081
-9735
-10053
-9589
-10082
-9502
-9929
-9967
-9373
-10249
-9591
-9997
-9745
-9917
-9972
-9333
-10435
-9208
-10354
-9459
-9735
-10460
-8827
-10765
-9204
-10265
-9794
-9336
-10571
-9036
-10346
-9933
-9513
-10177
-9459
-9813
-9595
-9799
-9883
-9715
-9711
-9764
-9826
-9858
-9915
-9681
-10191
-9307
-10187
-9328
-9855
-10353
-8977
-10534
-8959
-10513
-9509
-9769
-10154
-8934
-11028
-8521
-10874
-9317
-10166
-9856
-9642
-10577
-8752
-11086
-8538
-10620
-9155
-10205
-9729
-9289
-11218
-8422
-10668
-9376
-9682
-10084
-9800
-9713
-9140
-11428
-8854
-9387
-10606
-8884
-10516
-9808
-10589
-7507
-12751
-9045
-7884
-14331
-2568
-15887
-8347
-7998
-11877
-7758
-13875
-3729
-14928
-6883
-12049
-9386
-7801
-13165
-5580
-13595
-6396
-11575
-9981
-9144
-11553
-6827
-11757
-10366
-8591
-10142
-9617
-9802
-9535
-11110
-7941
-10523
-10452
-8111
-11637
-8268
-9642
-11214
-9343
-8700
-11602
-9112
-9804
-10479
-8717
-11114
-9180
-9794
-11021
-8561
-10273
-11176
-8784
-10393
-9807
-9159
-10991
-9072
-9862
-10749
-8315
-11593
-8341
-10820
-9701
-8962
-11774
-7446
-12450
-7746
-11251
-9792
-8663
-11201
-8240
-11647
-8210
-11476
-9529
-9526
-10728
-10057
-9510
-9950
-10613
-8608
-11433
-9225
-10336
-9578
-10153
-10063
-9199
-11079
-8357
-10694
-9327
-10030
-10246
-8904
-11233
-8638
-10895
-9182
-10143
-10707
-8525
-11069
-8954
-10644
-9510
-10008
-10585
-9607
-10501
-9587
-10200
-9861
-10305
-9989
-10029
-9980
-9884
-9928
-9948
-9951
-10071
-9707
-10122
-10239
-9559
-10551
-9362
-10381
-9836
-9974
-10194
-9481
-10831
-8715
-11296
-9287
-9805
-11167
-8472
-11786
-8503
-10826
-9827
-8905
-11628
-8385
-11250
-9541
-9709
-10508
-9373
-9874
-9838
-9799
-9717
-11211
-9140
-9320
-11141
-8951
-10660
-9367
-8891
-12501
-8292
-11106
-8086
-11078
-10194
-8495
-12449
-6434
-13638
-6863
-11491
-10076
-8179
-12734
-6507
-13003
-7878
-11235
-9546
-9689
-10969
-8461
-11737
-8492
-11273
-9277
-9821
-10657
-9229
-10557
-9293
-10638
-9541
-9974
-10172
-9540
-10191
-9351
-10944
-9121
-9842
-10608
-9310
-9947
-9925
-9685
-10336
-9448
-10877
-9595
-9423
-11231
-8602
-11264
-8812
-10090
-9840
-9725
-10439
-9150
-10640
-9476
-10414
-9644
-10074
-9653
-10137
-10080
-10116
-9913
-9885
-9946
-10283
-9916
-9334
-10661
-9938
-9759
-9718
-10282
-9488
-10239
-9181
-10220
-10392
-9290
-10880
-9250
-9842
-9631
-10658
-9623
-9839
-10208
-9614
-9959
-10322
-10162
-9224
-10755
-9157
-10842
-9451
-10299
-9887
-9333
-10309
-9300
-10741
-8714
-10632
-9575
-9958
-9983
-9738
-10124
-9346
-10435
-9214
-10405
-9805
-9985
-10321
-9709
-10304
-9670
-10514
-9754
-9841
-10576
-9270
-10617
-9966
-9644
-10588
-9525
-10250
-9974
-9761
-10238
-8704
-10391
-10237
-9203
-10856
-9145
-10759
-9342
-9735
-11444
-8707
-10606
-9726
-9767
-10330
-9704
-10293
-9924
-9972
-9970
-10296
-9925
-10115
-10051
-9816
-10769
-9239
-9957
-10314
-9698
-9785
-9940
-9989
-9836
-10443
-9367
-10634
-9084
-10368
-9805
-10222
-10075
-9125
-10945
-9220
-11220
-9022
-10263
-9769
-9662
-10456
-9344
-10499
-9191
-10507
-9584
-10611
-9025
-9898
-11594
-8195
-11339
-9985
-8898
-11213
-9235
-9747
-10719
-9340
-9890
-11100
-9558
-10090
-9785
-9972
-9893
-9547
-10363
-9431
-11218
-8574
-11389
-8813
-10072
-11399
-7297
-13825
-6815
-12725
-9715
-8717
-12585
-7447
-12053
-7969
-11209
-9914
-10209
-9874
-10297
-9687
-9720
-10391
-9600
-10887
-8409
-11042
-9039
-10515
-9816
-9277
-10826
-9364
-10356
-10138
-9331
-10826
-9728
-9391
-9236
-12111
-8059
-11031
-10647
-8250
-12234
-7524
-12263
-7407
-12019
-8011
-11181
-9111
-9934
-13257
-3066
-17164
-5168
-11580
-10792
-8057
-12795
-6194
-14069
-6581
-12435
-8654
-9788
-11442
-8227
-11777
-7665
-12629
-7356
-10112
-11711
-7851
-11163
-9209
-10367
-9989
-9838
-10546
-8633
-10940
-9856
-10580
-8261
-11791
-9720
-8895
-12755
-6680
-11932
-8291
-11394
-9416
-8839
-11193
-8500
-11376
-8845
-10686
-9413
-10080
-10563
-9187
-10319
-9657
-9743
-10597
-8956
-10676
-9242
-10524
-9533
-9021
-10955
-9381
-10109
-8892
-10857
-9065
-9980
-9361
-11198
-9305
-9019
-12048
-7649
-11771
-8750
-10859
-10092
-9350
-10744
-8558
-12360
-8329
-10987
-9238
-9601
-11232
-9465
-10143
-9223
-10874
-8965
-11093
-8531
-10300
-10645
-8441
-10560
-9268
-11665
-8175
-11426
-9803
-9144
-11735
-8189
-11133
-7841
-11972
-8546
-9348
-11943
-7682
-11396
-8797
-11285
-8034
-11585
-9660
-8719
-11621
-7537
-12394
-7790
-11268
-9945
-9273
-11469
-8437
-10982
-9305
-10935
-9166
-9819
-10486
-9227
-10621
-8804
-10798
-9131
-9694
-10431
-8751
-11101
-8203
-11403
-9089
-9482
-10676
-8347
-11432
-8334
-10922
-9485
-9892
-10214
-9268
-10500
-9271
-10608
-9243
-10347
-10038
-9794
-10092
-9639
-10251
-9751
-10404
-9577
-10233
-9741
-9735
-10216
-9471
-10472
-9278
-10522
-9579
-9941
-9971
-9390
-10262
-9326
-10364
-9305
-10321
-9730
-9867
-10220
-9780
-10095
-9264
-10541
-9523
-10017
-9768
-9683
-10511
-8918
-10736
-9585
-9484
-10756
-8908
-10682
-9659
-10110
-10182
-9293
-10138
-9397
-10524
-8986
-10480
-9525
-9680
-10618
-8674
-10650
-9284
-10136
-9322
-9875
-10242
-9057
-10448
-9509
-10062
-9438
-10116
-9864
-9215
-10411
-9284
-10365
-9575
-9467
-10303
-9121
-10556
-9337
-10089
-9612
-9676
-10044
-9199
-10296
-9109
-9923
-9335
-9818
-9720
-9903
-9939
-9462
-9952
-9371
-9925
-9437
-10042
-9336
-9664
-9856
-9811
-10182
-9119
-10138
-9525
-10148
-9763
-9280
-10233
-9278
-10132
-9583
-9747
-9906
-9443
-10082
-9504
-10047
-9636
-9674
-9944
-9568
-10016
-9618
-9841
-9864
-9547
-9863
-9588
-10105
-9953
-9551
-9973
-9553
-9984
-9378
-9584
-9803
-9755
-9739
-9502
-9865
-9482
-9760
-9950
-9322
-9998
-9449
-9654
-10044
-9239
-10400
-8929
-10382
-9428
-10027
-9932
-9326
-10421
-8895
-10289
-9645
-10437
-9663
-9749
-9819
-9526
-10118
-9880
-9802
-9337
-10230
-9232
-9966
-9889
-9026
-10845
-8547
-9938
-10068
-9060
-9882
-10512
-9350
-9353
-9958
-9742
-10914
-6784
-12090
-8519
-9324
-10602
-8006
-12315
-8083
-10697
-9293
-10554
-10102
-9797
-9488
-9655
-10276
-8639
-10649
-7938
-12162
-8255
-10299
-9743
-8609
-10783
-7508
-11860
-7462
-11538
-9415
-8402
-11833
-7697
-11325
-8907
-9834
-10539
-7832
-11647
-8377
-10006
-10075
-8782
-11502
-6487
-12966
-8524
-8648
-11917
-6924
-12800
-6780
-11183
-9519
-8507
-11034
-7839
-10882
-8743
-10830
-8361
-10503
-9175
-9247
-9620
-10046
-10484
-8590
-11626
-7946
-10828
-9232
-8519
-12546
-6345
-11010
-9530
-8037
-11635
-7148
-12086
-7210
-11092
-9329
-8550
-11547
-7020
-12020
-7323
-10669
-9216
-9354
-10349
-8456
-10795
-8241
-10548
-9383
-9277
-9953
-9369
-9905
-9236
-9950
-9345
-9982
-9441
-10235
-8966
-9340
-11123
-8355
-10871
-8521
-9315
-10315
-10299
-9394
-9476
-10294
-8472
-11204
-8651
-9550
-10218
-8954
-10037
-9803
-8434
-10379
-9566
-10566
-9336
-8942
-11114
-7590
-10506
-10487
-9173
-8194
-11376
-9304
-8749
-11027
-8011
-11171
-9020
-9712
-10406
-8986
-10980
-8641
-10176
-9192
-9692
-10702
-7177
-12428
-7875
-9997
-10522
-7943
-11662
-7357
-12064
-7880
-10994
-9605
-8628
-11097
-7395
-12371
-6752
-11174
-9158
-10022
-10536
-7637
-12047
-7333
-11081
-8985
-10319
-9049
-9279
-10505
-8466
-11451
-7522
-10910
-9264
-9385
-9691
-10318
-9409
-9260
-10593
-8732
-10881
-7951
-11031
-8903
-9898
-10413
-9263
-10448
-8574
-10699
-8748
-10353
-10298
-9192
-9007
-9256
-11077
-9018
-9346
-10294
-9611
-9824
-9584
-9991
-9913
-9897
-8810
-10822
-11028
-7732
-11026
-10346
-8691
-9403
-10059
-9445
-10604
-8571
-10217
-9685
-10004
-10281
-5772
-15596
-5087
-11153
-11464
-6026
-13439
-6670
-12739
-6414
-11504
-10395
-7825
-10806
-9083
-11767
-6754
-12745
-5936
-12892
-9432
-7256
-13941
-5764
-13916
-4633
-14584
-6154
-10998
-12054
-4436
-16843
-2525
-14598
-5957
-12580
-8462
-7943
-14681
-3331
-16571
-4125
-11951
-9820
-7071
-13379
-5599
-13709
-6459
-11742
-9773
-7535
-12091
-7153
-12054
-6928
-11703
-9884
-8218
-11249
-7812
-10778
-8692
-10417
-9325
-9693
-10366
-8515
-11168
-7589
-11768
-8398
-9809
-9652
-9119
-12414
-4895
-14940
-6239
-10665
-10251
-7442
-14196
-5456
-12513
-8213
-11065
-8570
-10660
-10714
-6715
-13413
-6595
-11568
-8611
-9793
-12088
-5787
-12737
-9272
-8724
-10838
-8592
-9568
-10455
-9955
-8670
-11228
-8983
-10092
-9274
-10874
-9619
-9008
-10413
-8384
-12484
-7965
-10597
-10374
-9119
-10943
-8518
-11386
-8581
-11282
-9958
-7720
-12117
-7954
-11281
-8545
-10475
-10291
-9070
-11553
-7800
-11939
-8268
-11327
-8048
-10822
-10030
-8995
-11237
-7719
-12446
-6203
-12801
-9548
-8659
-11504
-8194
-11613
-7561
-11610
-9243
-9885
-10017
-8728
-11341
-7999
-11222
-9782
-10110
-9219
-9758
-10515
-9725
-9944
-8596
-11972
-8321
-10493
-9761
-9276
-11188
-8427
-10927
-9989
-9308
-10582
-9287
-9849
-10830
-8168
-10229
-10325
-10526
-8151
-10138
-10312
-10312
-9303
-8375
-13200
-5456
-14021
-7425
-10748
-9433
-8088
-14776
-2874
-16432
-6078
-11784
-8020
-11016
-11156
-5340
-15981
-4303
-15429
-4526
-13009
-8514
-9495
-12335
-6335
-13763
-5855
-13244
-6012
-13708
-7618
-10753
-9538
-7586
-13768
-6779
-12114
-7319
-13664
-5479
-12056
-12319
-3563
-17460
-2967
-13549
-10161
-5379
-16774
-3120
-14903
-5959
-12106
-10490
-6485
-14121
-4463
-14781
-6556
-12456
-9130
-7553
-12769
-7309
-11775
-7322
-12838
-7582
-10374
-10738
-7442
-12993
-6912
-11814
-8039
-10250
-10070
-8160
-12003
-7250
-11994
-8202
-10110
-10719
-7194
-12790
-6946
-11633
-9231
-8070
-13093
-6135
-12675
-7202
-11447
-9611
-8315
-12468
-6062
-13369
-6860
-11466
-9099
-9092
-11748
-7113
-12028
-8338
-10325
-9328
-9687
-9877
-10206
-9824
-8793
-10502
-9413
-9443
-10039
-9593
-9797
-9744
-9419
-10870
-8272
-11165
-9300
-9381
-10902
-8833
-10370
-8637
-10797
-9343
-9088
-10372
-9208
-10281
-9375
-9766
-10069
-9852
-9386
-9577
-10177
-8991
-10665
-9701
-9834
-9073
-9848
-10099
-9283
-10679
-8498
-10936
-9259
-9624
-10253
-9165
-10675
-9139
-9894
-9704
-9720
-10238
-9253
-10274
-9664
-9581
-10099
-9227
-10245
-9337
-9817
-9876
-9689
-9976
-9760
-9310
-10322
-10148
-8788
-10453
-9218
-10049
-9486
-9651
-10449
-9244
-10129
-9141
-10094
-10149
-9325
-9982
-9516
-10177
-9885
-9595
-10005
-9527
-10196
-9277
-10205
-10186
-8565
-11034
-8945
-10098
-10228
-8987
-10652
-8499
-11234
-8564
-10110
-10041
-9040
-10962
-7983
-11133
-8986
-9975
-9793
-9776
-10452
-9049
-10215
-9254
-10081
-9462
-9888
-9943
-10134
-9658
-9774
-9871
-9770
-9979
-9352
-10203
-9717
-10036
-9312
-10467
-9673
-9249
-10557
-9159
-10579
-9045
-10187
-10060
-9455
-10486
-9095
-10031
-9943
-9813
-9923
-9613
-9953
-9797
-9464
-10137
-9552
-10166
-9505
-10077
-9590
-10257
-9578
-9243
-10463
-8639
-10502
-9402
-9934
-9834
-9773
-9468
-10344
-10298
-8393
-10502
-9861
-9211
-9040
-10883
-10037
-8052
-11221
-8292
-11164
-9278
-9041
-11646
-7953
-11796
-7449
-12149
-8985
-9282
-10222
-10019
-10372
-8389
-12183
-6493
-14137
-5390
-11818
-10967
-6033
-13800
-6320
-12496
-6796
-12362
-8835
-8850
-12376
-6130
-13558
-7001
-11280
-9563
-8860
-11401
-8507
-11237
-8002
-11710
-8892
-9539
-10819
-8153
-11438
-8381
-10555
-9984
-8597
-11682
-8267
-10792
-9277
-9789
-10377
-8739
-10590
-8748
-11015
-8710
-10042
-10927
-8754
-9387
-10976
-8533
-10341
-10020
-8943
-11114
-8013
-11787
-8284
-10753
-9171
-9520
-11115
-7494
-11814
-9184
-9517
-9961
-9753
-10157
-9599
-9946
-9590
-10679
-9000
-10231
-10424
-8161
-12817
-7135
-10701
-9409
-9948
-9235
-9361
-13954
-3321
-15085
-7008
-9682
-11895
-7377
-12001
-6464
-13977
-6091
-11513
-10066
-7938
-13301
-5907
-12614
-8807
-10469
-9777
-8588
-13133
-6819
-11146
-9461
-10257
-9901
-9478
-9827
-10059
-9848
-8883
-11822
-7751
-12142
-8058
-10222
-11111
-8046
-12322
-7967
-11038
-9532
-9652
-10784
-8631
-11129
-8286
-10980
-9286
-9827
-10878
-7982
-11892
-9439
-10289
-9164
-10479
-10250
-8689
-11136
-8277
-11272
-8724
-10267
-10743
-8507
-11751
-8106
-11173
-8814
-10479
-10471
-8497
-11724
-8447
-11039
-9485
-9997
-10382
-9375
-10134
-9956
-10154
-9427
-10243
-9725
-9792
-10485
-9077
-9997
-10397
-8068
-11438
-10586
-8563
-11373
-8901
-10965
-9101
-10081
-11285
-8037
-11636
-8396
-10874
-9553
-9539
-10954
-8546
-11646
-8971
-9798
-11270
-9070
-10675
-9891
-9867
-10406
-9968
-9932
-9543
-10598
-9194
-10991
-8843
-11562
-8941
-10042
-11439
-7980
-12903
-6960
-11763
-9595
-9752
-10931
-8713
-11988
-8009
-11873
-8775
-10252
-11256
-8578
-11133
-9142
-10968
-9686
-9345
-12040
-8435
-11681
-9873
-8866
-11585
-8901
-10602
-9258
-10876
-9944
-9981
-10697
-9234
-10455
-10098
-9840
-10522
-10138
-10000
-10850
-9617
-10626
-10105
-10088
-10214
-9813
-10829
-9741
-10355
-10257
-10161
-10448
-9591
-10735
-9697
-10547
-10678
-9510
-10851
-9323
-10229
-10796
-10450
-10139
-9314
-11724
-9601
-10166
-10756
-9107
-12074
-8645
-10868
-10528
-9679
-11094
-9205
-11541
-9280
-11136
-9627
-10652
-10841
-8799
-11760
-9613
-10922
-10555
-9358
-11047
-10166
-10206
-10165
-10196
-10589
-10518
-9869
-10594
-10687
-9323
-11451
-10148
-9767
-10735
-10230
-9953
-11125
-9767
-10107
-10569
-10089
-10891
-9699
-11383
-9182
-11400
-10210
-10129
-11652
-9292
-10853
-11041
-9512
-10573
-11944
-8193
-12109
-9470
-9792
-12365
-8620
-11310
-9659
-11862
-9249
-11246
-10536
-9295
-12611
-7969
-12539
-7896
-12238
-10505
-8741
-13149
-7507
-13280
-8469
-11891
-10128
-9861
-11496
-8928
-12309
-8593
-12235
-9033
-11629
-10174
-9656
-11947
-9128
-11814
-9643
-10710
-10282
-11122
-10148
-10451
-10909
-9759
-11299
-10108
-10768
-10053
-11317
-10344
-10602
-10691
-10337
-11170
-9008
-11842
-9828
-10717
-10629
-10183
-11071
-9872
-10744
-10040
-11208
-9764
-11096
-10325
-10664
-10719
-9997
-11128
-10028
-11011
-10201
-10737
-10287
-10622
-10925
-10176
-11143
-9786
-10624
-10823
-10275
-10764
-9858
-11215
-10457
-10227
-11600
-9492
-11261
-10445
-10744
-10761
-9860
-11177
-9732
-11413
-9831
-11436
-10250
-10421
-11518
-8740
-12264
-9948
-9994
-12071
-7486
-13769
-8297
-11607
-11729
-6496
-16882
-4757
-13438
-9523
-10935
-11977
-6406
-15863
-5279
-14170
-9700
-10222
-11428
-7470
-16007
-4877
-13402
-11121
-8092
-13812
-8025
-13365
-7389
-14724
-6522
-12283
-10933
-8943
-14549
-4558
-16785
-5860
-13856
-8568
-11258
-11981
-7554
-14721
-7345
-14048
-7161
-12611
-9502
-11283
-11386
-7839
-14175
-7641
-13054
-8948
-11356
-10559
-9820
-13187
-7475
-13422
-9736
-10220
-10802
-11206
-10052
-10556
-10566
-10362
-11878
-9613
-10241
-11468
-10969
-10194
-10946
-10314
-11334
-8705
-13575
-8601
-10731
-11281
-9758
-11302
-11638
-10184
-9377
-13246
-9218
-11439
-11086
-10028
-10504
-10648
-9613
-11286
-10812
-10528
-9728
-11382
-10716
-12480
-8125
-12558
-10676
-7709
-14425
-8101
-12933
-8983
-10947
-11565
-10203
-11424
-9465
-13355
-8049
-12237
-11058
-9885
-11894
-8018
-14671
-6828
-13411
-9813
-10310
-12791
-6285
-15438
-7976
-11918
-11313
-8314
-13707
-8812
-9724
-14460
-6993
-13583
-9405
-11529
-13123
-7166
-15048
-4935
-15621
-8879
-8925
-14929
-5486
-16029
-5778
-13336
-10815
-9289
-13348
-8237
-13143
-8606
-12502
-9179
-12229
-8642
-12750
-8807
-12136
-10353
-9863
-12647
-6579
-16564
-5175
-14957
-8434
-10952
-12716
-9552
-11243
-10877
-13360
-4303
-17679
-5609
-12511
-13333
-6295
-15671
-6593
-10511
-14552
-11022
-7290
-14570
-8053
-11085
-12127
-9385
-12482
-7942
-15564
-5728
-13678
-9481
-11016
-13268
-5218
-18112
-4239
-15797
-9497
-8617
-17405
-2215
-17091
-8176
-9619
-14268
-6223
-16304
-7302
-9720
-13404
-7675
-17814
-2655
-14472
-12191
-6790
-16818
-5662
-15483
-6454
-16166
-5504
-13960
-9696
-10347
-13361
-5541
-18068
-1899
-20696
-30
-19829
-9431
-5149
-22029
1763
-24522
-396
-17576
-11229
-1905
-26401
2251
-20488
-3958
-14041
-13927
753
-32254
14607
-30656
-5565
-4158
-26214
12406
-35990
9110
-23087
-8047
-7176
-22401
1934
-17126
-7944
-25151
10084
-28259
-5739
-9185
-15792
-136
-31222
14140
-34784
5657
-13076
-26722
17129
-41861
13484
-26718
-5851
-4862
-28113
15425
-39044
12009
-23796
-11371
1986
-31329
11045
-30842
876
-12499
-19170
2127
-25846
477
-18699
-6574
-12797
-17202
-1795
-18110
-5339
-17466
-4863
-17489
-5744
-16344
-11760
-545
-35890
12606
-22930
-6352
-10411
-18672
5348
-28955
140
-17970
-6083
-13855
-9422
-13401
-11970
-5371
-17526
-5761
-16866
-2156
-23078
-609
-19199
-6142
-6527
-25502
5502
-22949
2747
-28975
-2375
-410
-34662
15977
-32595
-2566
-4154
-29207
12401
-32408
4058
-14607
-16897
674
-27543
3927
-20405
-6114
-10597
-12294
-8564
-16154
-6349
-8421
-16717
-7388
-13052
-7692
-14866
-13932
-2432
-18195
-2522
-23664
3917
-25544
-1130
-7979
-28089
16665
-37897
5127
-18834
-10787
-153
-35023
15290
-32951
11128
-26431
-15558
19477
-53707
31049
-41998
4862
-10606
-31366
30053
-62326
31815
-31606
-10651
6857
-41552
24762
-41165
7354
-14342
-16412
2171
-23157
255
-22276
-1278
-15018
-8311
-11772
-13975
-6226
-13475
-7255
-16267
-1089
-21734
-3801
-10756
-16935
-4319
-15829
-6507
-16499
-3802
-19079
-1175
-18488
-8647
-5202
-21664
4739
-28068
226
-15198
-12124
-5272
-20879
3722
-27015
2347
-17232
-14084
2679
-25408
2624
-23815
1037
-18452
-9737
-2972
-23914
5610
-27915
