03301917.PTO
ABLN
2012/03/30 19:17:44.2400
100.0000 m/s  
8599 muestras
-2288
-2183
-2318
-2409
-2262
-2319
-2239
-2358
-2311
-2393
-2296
-2340
-2280
-2337
-2373
-2397
-2424
-2383
-2404
-2276
-2435
-2250
-2528
-2471
-2442
-2437
-2336
-2354
-2296
-2413
-2297
-2323
-2217
-2368
-2262
-2303
-2442
-2375
-2310
-2257
-2393
-2264
-2510
-2423
-2360
-2424
-2367
-2367
-2312
-2524
-2342
-2423
-2244
-2351
-2351
-2349
-2526
-2384
-2456
-2310
-2370
-2216
-2412
-2344
-2331
-2378
-2309
-2343
-2291
-2467
-2304
-2441
-2348
-2378
-2316
-2344
-2516
-2331
-2469
-2286
-2358
-2232
-2407
-2315
-2291
-2344
-2170
-2333
-2285
-2493
-2304
-2482
-2159
-2390
-2254
-2326
-2492
-2228
-2480
-2216
-2349
-2267
-2420
-2237
-2453
-2328
-2297
-2508
-2313
-2558
-2348
-2357
-2443
-2242
-2326
-2439
-2432
-2401
-2514
-2400
-2494
-2324
-2405
-2499
-2234
-2597
-2225
-2497
-2428
-2277
-2600
-2403
-2228
-2577
-2199
-2354
-2551
-2109
-2594
-2330
-2293
-2511
-2358
-2248
-2673
-2110
-2430
-2429
-2163
-2698
-2258
-2417
-2527
-2343
-2305
-2530
-2278
-2421
-2536
-2361
-2451
-2467
-2454
-2327
-2439
-2356
-2415
-2418
-2254
-2483
-2248
-2334
-2349
-2214
-2294
-2406
-2419
-2291
-2484
-2275
-2418
-2248
-2457
-2247
-2276
-2384
-2120
-2329
-2237
-2514
-2240
-2474
-2287
-2346
-2341
-2385
-2471
-2306
-2417
-2223
-2373
-2249
-2575
-2325
-2424
-2508
-2334
-2407
-2438
-2444
-2294
-2493
-2310
-2396
-2352
-2351
-2433
-2405
-2420
-2369
-2346
-2306
-2467
-2317
-2368
-2439
-2337
-2375
-2387
-2507
-2244
-2425
-2399
-2325
-2394
-2416
-2428
-2256
-2482
-2291
-2394
-2302
-2472
-2309
-2249
-2411
-2326
-2399
-2358
-2480
-2254
-2429
-2295
-2419
-2303
-2409
-2433
-2222
-2419
-2325
-2401
-2342
-2521
-2382
-2344
-2509
-2454
-2278
-2430
-2467
-2222
-2453
-2378
-2340
-2376
-2360
-2375
-2331
-2409
-2360
-2239
-2243
-2480
-2256
-2279
-2411
-2257
-2311
-2388
-2395
-2211
-2450
-2374
-2313
-2368
-2369
-2384
-2390
-2401
-2268
-2291
-2209
-2490
-2257
-2289
-2497
-2241
-2310
-2410
-2388
-2293
-2400
-2339
-2303
-2247
-2371
-2326
-2275
-2463
-2363
-2334
-2412
-2495
-2364
-2403
-2422
-2362
-2327
-2387
-2487
-2291
-2388
-2461
-2373
-2384
-2519
-2425
-2345
-2486
-2440
-2377
-2377
-2382
-2345
-2316
-2339
-2346
-2262
-2386
-2349
-2335
-2386
-2416
-2225
-2335
-2482
-2265
-2335
-2388
-2415
-2331
-2450
-2504
-2409
-2310
-2507
-2363
-2263
-2503
-2389
-2303
-2419
-2448
-2317
-2446
-2414
-2376
-2331
-2369
-2517
-2350
-2347
-2383
-2214
-2315
-2410
-2219
-2186
-2326
-2298
-2291
-2306
-2417
-2320
-2311
-2444
-2350
-2254
-2343
-2409
-2219
-2319
-2289
-2325
-2266
-2368
-2374
-2309
-2426
-2409
-2448
-2389
-2540
-2266
-2340
-2396
-2262
-2297
-2323
-2349
-2220
-2451
-2405
-2388
-2376
-2506
-2383
-2271
-2489
-2307
-2334
-2325
-2440
-2366
-2391
-2509
-2401
-2404
-2427
-2502
-2292
-2404
-2406
-2347
-2344
-2355
-2324
-2285
-2498
-2345
-2369
-2295
-2477
-2317
-2323
-2481
-2275
-2381
-2307
-2457
-2317
-2493
-2399
-2466
-2417
-2326
-2360
-2224
-2386
-2288
-2303
-2262
-2506
-2196
-2444
-2343
-2279
-2372
-2304
-2598
-2183
-2431
-2352
-2299
-2296
-2366
-2334
-2269
-2474
-2268
-2385
-2239
-2363
-2266
-2269
-2354
-2175
-2326
-2291
-2410
-2214
-2425
-2375
-2322
-2336
-2425
-2384
-2289
-2467
-2205
-2396
-2218
-2436
-2284
-2381
-2480
-2272
-2338
-2295
-2455
-2248
-2499
-2388
-2327
-2332
-2490
-2404
-2354
-2459
-2276
-2469
-2331
-2552
-2421
-2434
-2449
-2344
-2362
-2312
-2529
-2320
-2468
-2316
-2277
-2282
-2390
-2407
-2347
-2444
-2237
-2426
-2309
-2520
-2365
-2470
-2426
-2315
-2410
-2347
-2563
-2303
-2527
-2360
-2390
-2339
-2436
-2405
-2347
-2507
-2302
-2498
-2324
-2530
-2350
-2434
-2412
-2305
-2448
-2332
-2507
-2234
-2374
-2198
-2260
-2250
-2294
-2362
-2259
-2459
-2243
-2344
-2328
-2511
-2422
-2495
-2470
-2387
-2397
-2436
-2428
-2348
-2516
-2200
-2443
-2260
-2323
-2408
-2309
-2469
-2248
-2368
-2353
-2481
-2354
-2405
-2350
-2261
-2326
-2333
-2495
-2324
-2530
-2366
-2401
-2395
-2411
-2483
-2383
-2473
-2258
-2350
-2294
-2429
-2384
-2416
-2341
-2278
-2320
-2234
-2417
-2303
-2407
-2295
-2345
-2358
-2398
-2419
-2369
-2429
-2211
-2338
-2247
-2357
-2379
-2378
-2400
-2302
-2421
-2332
-2397
-2358
-2412
-2355
-2355
-2345
-2398
-2415
-2421
-2455
-2351
-2453
-2329
-2430
-2408
-2428
-2351
-2300
-2326
-2280
-2364
-2235
-2248
-2189
-2232
-2295
-2288
-2393
-2373
-2370
-2294
-2253
-2340
-2357
-2371
-2458
-2337
-2261
-2365
-2263
-2375
-2358
-2352
-2371
-2346
-2364
-2361
-2438
-2428
-2407
-2336
-2389
-2398
-2381
-2408
-2443
-2317
-2340
-2389
-2322
-2375
-2433
-2449
-2373
-2410
-2399
-2385
-2421
-2409
-2365
-2349
-2425
-2343
-2452
-2501
-2380
-2409
-2356
-2429
-2415
-2386
-2460
-2390
-2335
-2409
-2334
-2316
-2351
-2423
-2389
-2352
-2426
-2427
-2438
-2466
-2520
-2357
-2399
-2400
-2384
-2461
-2493
-2451
-2397
-2423
-2422
-2374
-2394
-2461
-2335
-2382
-2343
-2273
-2284
-2350
-2320
-2253
-2249
-2325
-2359
-2371
-2487
-2302
-2274
-2290
-2320
-2286
-2341
-2433
-2270
-2337
-2323
-2381
-2318
-2427
-2429
-2232
-2357
-2339
-2375
-2287
-2443
-2300
-2195
-2305
-2393
-2339
-2272
-2450
-2244
-2296
-2221
-2260
-2198
-2327
-2359
-2192
-2254
-2275
-2357
-2265
-2533
-2392
-2373
-2355
-2345
-2282
-2257
-2552
-2325
-2409
-2352
-2377
-2301
-2400
-2432
-2240
-2379
-2372
-2399
-2379
-2614
-2328
-2279
-2305
-2303
-2353
-2305
-2537
-2330
-2360
-2308
-2391
-2329
-2458
-2517
-2333
-2408
-2414
-2394
-2203
-2479
-2360
-2290
-2304
-2324
-2234
-2356
-2516
-2249
-2370
-2306
-2386
-2267
-2451
-2417
-2220
-2357
-2314
-2451
-2363
-2438
-2291
-2281
-2300
-2313
-2299
-2314
-2501
-2239
-2326
-2266
-2357
-2250
-2391
-2382
-2215
-2318
-2273
-2440
-2288
-2536
-2319
-2361
-2333
-2309
-2298
-2304
-2477
-2192
-2275
-2233
-2357
-2214
-2455
-2387
-2306
-2441
-2355
-2383
-2357
-2602
-2328
-2321
-2285
-2378
-2348
-2400
-2562
-2326
-2411
-2331
-2388
-2287
-2442
-2444
-2302
-2405
-2350
-2355
-2272
-2419
-2300
-2287
-2290
-2375
-2336
-2400
-2552
-2265
-2370
-2308
-2399
-2302
-2456
-2437
-2237
-2299
-2284
-2396
-2335
-2600
-2340
-2342
-2306
-2288
-2317
-2320
-2520
-2256
-2339
-2267
-2389
-2255
-2422
-2444
-2272
-2398
-2271
-2329
-2203
-2433
-2213
-2233
-2262
-2364
-2377
-2303
-2522
-2228
-2328
-2246
-2338
-2233
-2408
-2407
-2176
-2275
-2241
-2334
-2344
-2639
-2357
-2307
-2384
-2397
-2356
-2373
-2487
-2185
-2322
-2276
-2303
-2287
-2455
-2446
-2283
-2365
-2338
-2378
-2301
-2499
-2294
-2385
-2412
-2412
-2360
-2363
-2532
-2220
-2337
-2303
-2383
-2264
-2398
-2420
-2243
-2330
-2314
-2349
-2295
-2587
-2436
-2388
-2385
-2386
-2363
-2411
-2577
-2323
-2399
-2358
-2395
-2340
-2471
-2454
-2303
-2402
-2348
-2395
-2330
-2520
-2399
-2320
-2387
-2393
-2338
-2439
-2544
-2346
-2396
-2385
-2458
-2399
-2521
-2489
-2352
-2405
-2356
-2364
-2333
-2420
-2301
-2251
-2252
-2247
-2221
-2326
-2424
-2334
-2381
-2348
-2401
-2313
-2441
-2456
-2345
-2353
-2330
-2374
-2369
-2546
-2439
-2380
-2400
-2410
-2382
-2455
-2530
-2363
-2344
-2310
-2296
-2289
-2409
-2426
-2332
-2342
-2383
-2368
-2389
-2537
-2461
-2402
-2443
-2408
-2346
-2412
-2447
-2362
-2362
-2341
-2349
-2319
-2365
-2383
-2288
-2296
-2358
-2325
-2353
-2472
-2364
-2297
-2304
-2303
-2304
-2377
-2448
-2357
-2327
-2354
-2374
-2388
-2450
-2437
-2378
-2366
-2372
-2356
-2360
-2420
-2386
-2354
-2379
-2441
-2400
-2441
-2465
-2384
-2320
-2380
-2372
-2334
-2408
-2370
-2377
-2357
-2391
-2327
-2500
-2436
-2304
-2272
-2201
-2254
-2255
-2388
-2324
-2272
-2206
-2248
-2247
-2312
-2338
-2424
-2365
-2272
-2356
-2283
-2375
-2348
-2385
-2284
-2360
-2396
-2355
-2477
-2415
-2392
-2328
-2390
-2321
-2401
-2432
-2357
-2337
-2254
-2314
-2277
-2424
-2403
-2402
-2358
-2361
-2372
-2361
-2488
-2429
-2485
-2345
-2405
-2339
-2406
-2442
-2404
-2373
-2296
-2412
-2305
-2415
-2340
-2389
-2326
-2372
-2280
-2285
-2456
-2327
-2464
-2372
-2426
-2346
-2468
-2469
-2372
-2400
-2379
-2423
-2339
-2499
-2334
-2389
-2360
-2292
-2234
-2255
-2404
-2326
-2395
-2310
-2399
-2342
-2385
-2341
-2388
-2304
-2273
-2314
-2318
-2503
-2307
-2469
-2295
-2357
-2318
-2330
-2479
-2280
-2395
-2253
-2305
-2197
-2336
-2337
-2249
-2297
-2248
-2325
-2292
-2454
-2358
-2419
-2240
-2301
-2324
-2371
-2441
-2371
-2449
-2250
-2356
-2241
-2435
-2311
-2348
-2353
-2245
-2272
-2226
-2463
-2281
-2369
-2285
-2352
-2282
-2449
-2540
-2321
-2436
-2301
-2421
-2331
-2541
-2367
-2354
-2424
-2278
-2359
-2235
-2490
-2240
-2402
-2352
-2344
-2384
-2456
-2520
-2311
-2426
-2262
-2417
-2188
-2472
-2393
-2358
-2407
-2316
-2315
-2241
-2546
-2262
-2543
-2360
-2324
-2290
-2377
-2409
-2214
-2360
-2196
-2313
-2195
-2590
-2437
-2466
-2612
-2393
-2418
-2439
-2627
-2291
-2413
-2232
-2312
-2283
-2292
-2438
-2149
-2378
-2242
-2340
-2230
-2427
-2238
-2346
-2509
-2291
-2434
-2309
-2533
-2240
-2431
-2418
-2435
-2393
-2493
-2521
-2278
-2456
-2337
-2388
-2299
-2551
-2291
-2305
-2419
-2261
-2348
-2268
-2443
-2330
-2409
-2356
-2305
-2328
-2394
-2452
-2332
-2510
-2385
-2392
-2341
-2498
-2401
-2414
-2521
-2278
-2332
-2323
-2513
-2265
-2507
-2402
-2287
-2361
-2406
-2441
-2242
-2505
-2318
-2352
-2203
-2396
-2286
-2213
-2380
-2303
-2391
-2344
-2480
-2304
-2396
-2323
-2329
-2335
-2380
-2466
-2290
-2526
-2512
-2362
-2396
-2485
-2403
-2390
-2509
-2372
-2328
-2305
-2429
-2238
-2261
-2467
-2346
-2350
-2398
-2433
-2305
-2353
-2317
-2316
-2264
-2483
-2246
-2303
-2393
-2280
-2299
-2255
-2498
-2173
-2442
-2395
-2336
-2276
-2290
-2378
-2223
-2362
-2281
-2273
-2257
-2321
-2217
-2282
-2341
-2324
-2399
-2367
-2546
-2402
-2376
-2522
-2415
-2331
-2391
-2403
-2270
-2497
-2435
-2382
-2394
-2513
-2371
-2383
-2547
-2317
-2258
-2302
-2420
-2187
-2414
-2452
-2363
-2264
-2302
-2339
-2189
-2343
-2386
-2248
-2261
-2406
-2213
-2404
-2460
-2426
-2446
-2457
-2553
-2384
-2377
-2537
-2306
-2353
-2461
-2362
-2401
-2416
-2480
-2375
-2445
-2381
-2350
-2243
-2341
-2378
-2184
-2373
-2369
-2231
-2271
-2374
-2269
-2291
-2424
-2378
-2337
-2391
-2384
-2338
-2357
-2418
-2413
-2487
-2559
-2396
-2372
-2355
-2222
-2173
-2070
-2200
-2133
-2001
-2186
-2104
-2114
-2316
-2385
-2302
-2396
-2466
-2420
-2580
-2901
-3124
-3265
-3531
-3521
-3343
-3278
-3355
-3211
-3062
-2970
-2602
-2298
-2133
-2014
-1744
-1713
-1481
-1028
-753
-751
-889
-899
-1063
-899
-624
-566
-984
-1240
-1740
-2333
-2450
-2771
-2958
-3334
-3646
-4196
-4488
-4512
-4416
-4257
-4106
-3879
-4268
-4302
-4097
-3803
-3396
-2745
-2364
-2239
-2171
-2348
-2444
-2489
-2078
-1924
-1543
-912
-286
186
488
904
631
391
-42
-675
-1178
-1433
-1670
-2206
-2745
-3752
-4640
-5197
-5131
-4922
-4450
-3791
-3342
-3044
-2830
-2517
-2479
-2324
-2458
-2708
-3066
-2701
-2308
-1867
-1292
-1315
-1593
-2148
-2160
-2268
-1703
-1270
-1298
-1719
-2311
-2612
-3074
-2830
-2633
-2488
-2562
-2540
-2451
-2275
-1826
-1412
-1253
-1527
-1680
-2221
-2404
-2423
-2355
-2397
-2747
-3062
-3786
-3743
-3219
-2432
-1733
-1038
-964
-1364
-1532
-2016
-2126
-2474
-2692
-3263
-3736
-3879
-3825
-3466
-2893
-2418
-2587
-2750
-3316
-3423
-3416
-2729
-2267
-2170
-2102
-2581
-2715
-2657
-1759
-1074
-359
-190
-470
-912
-1208
-1195
-1589
-1818
-2493
-3064
-3807
-3970
-4048
-3953
-3526
-3322
-2930
-2652
-1835
-1326
-571
-220
-444
-1198
-2097
-2714
-3278
-3040
-2806
-2470
-2511
-2553
-2769
-2748
-2283
-1680
-1161
-1341
-1549
-2268
-2604
-2832
-2990
-3227
-3655
-3953
-4388
-3942
-3386
-2290
-1391
-645
-444
-933
-1344
-1907
-2316
-2680
-2537
-2899
-3048
-3297
-3373
-3198
-2624
-1921
-1621
-1349
-1569
-1560
-1775
-1462
-1661
-2323
-3043
-4059
-4476
-4624
-4021
-3466
-2825
-2416
-2256
-2131
-1933
-1466
-1138
-638
-802
-1346
-2409
-3009
-3443
-3197
-2689
-2298
-1841
-1784
-1116
-974
-292
-82
-349
-995
-1820
-2727
-3575
-3727
-3840
-3436
-3549
-3569
-3740
-3645
-3109
-2514
-2094
-2009
-2040
-2776
-3093
-3398
-3311
-3035
-2954
-2886
-3023
-2870
-2704
-1928
-1380
-627
-334
-570
-844
-1450
-1620
-1775
-1652
-2070
-2515
-3394
-4096
-4310
-3915
-3159
-2494
-1831
-1842
-1717
-1973
-1563
-1435
-1411
-1804
-2789
-3497
-4000
-3802
-3452
-2644
-2335
-2065
-1980
-1801
-1227
-973
-751
-1330
-2232
-3225
-3839
-3972
-3654
-3092
-2763
-2532
-2700
-2304
-2152
-1548
-955
-678
-708
-1208
-1716
-2556
-2843
-3082
-3068
-3319
-3386
-3797
-3778
-3300
-2617
-1631
-1407
-1262
-1745
-2076
-2539
-2833
-2886
-2948
-2964
-3074
-3092
-3116
-2762
-2635
-1639
-1047
-653
-565
-1148
-1386
-2020
-2209
-2657
-3180
-3907
-4301
-4550
-3957
-3078
-2182
-1235
-1264
-1211
-1460
-1390
-1280
-1011
-1251
-1680
-2496
-3355
-3555
-3838
-3246
-2670
-2251
-1686
-1420
-1301
-1095
-1098
-1179
-1434
-2134
-2621
-3376
-3838
-4022
-4280
-4144
-3900
-3569
-3236
-2434
-1858
-1231
-818
-912
-1223
-1865
-2360
-2849
-3013
-3165
-3098
-3170
-3050
-2694
-2356
-1682
-1198
-878
-742
-887
-1331
-1698
-2168
-2602
-3008
-3388
-3658
-3985
-4054
-3747
-3263
-2646
-1898
-1382
-1176
-1306
-1650
-2033
-1973
-1985
-2328
-2577
-2911
-3252
-3316
-3073
-2871
-2545
-2335
-1989
-1569
-1421
-1062
-1286
-1879
-2469
-3236
-3603
-3698
-3307
-2905
-2579
-2210
-1956
-1668
-1437
-1299
-1384
-1363
-1477
-1796
-2218
-2659
-3082
-3375
-3445
-3430
-3405
-3201
-2962
-2605
-2211
-1898
-1744
-1848
-2031
-2312
-2443
-2757
-2885
-3048
-3005
-2895
-2842
-2646
-2527
-2296
-1979
-1367
-1064
-744
-954
-1405
-1750
-2590
-2907
-3199
-3572
-3409
-3313
-3244
-2770
-2337
-2125
-2059
-2048
-2102
-2325
-2308
-2163
-2139
-2319
-2482
-2894
-3378
-3278
-3162
-2845
-2314
-1966
-1626
-1509
-1502
-1685
-1937
-2059
-2203
-2563
-2953
-3254
-3529
-3424
-3119
-2816
-2670
-2083
-1718
-1332
-1088
-1264
-1446
-2070
-2241
-2656
-3125
-3284
-3441
-3314
-2838
-2241
-1816
-1602
-1320
-1358
-1584
-1587
-1786
-2061
-2651
-2819
-3312
-3413
-3120
-3135
-2592
-2494
-2188
-1880
-1594
-1360
-1268
-1570
-1952
-2529
-3411
-3525
-3660
-3683
-3558
-3310
-3190
-2933
-2487
-2071
-1544
-1019
-743
-822
-965
-1362
-1851
-2508
-3028
-3384
-3549
-3157
-3017
-2744
-2365
-2060
-1772
-1549
-1221
-1327
-1689
-2274
-2566
-3151
-3461
-3574
-3815
-3923
-3826
-3431
-3082
-2193
-1668
-1085
-860
-744
-1020
-1619
-1876
-2386
-2841
-3239
-3374
-3638
-3611
-3417
-2850
-2301
-1681
-1271
-1204
-884
-924
-968
-1328
-1695
-2357
-2978
-3180
-3529
-3430
-3229
-2970
-2630
-2358
-1940
-1784
-1689
-1616
-1785
-2051
-2134
-2692
-2952
-3076
-3279
-3163
-3245
-2539
-2422
-2052
-1586
-1516
-1304
-1209
-1366
-1708
-2247
-2646
-2808
-3168
-3058
-3211
-3053
-3037
-2810
-2716
-2358
-1963
-1639
-1464
-1599
-1628
-2448
-2629
-2821
-3226
-3196
-3153
-3112
-3036
-2637
-2142
-1750
-1344
-1175
-1258
-1578
-1557
-1897
-2249
-2589
-2907
-3405
-3396
-3347
-3290
-2726
-2541
-1937
-1798
-1408
-1564
-1617
-1826
-1915
-2148
-2592
-2647
-3116
-3220
-3394
-3145
-3034
-2749
-2407
-2099
-1952
-1799
-1588
-1789
-1782
-1949
-2435
-2919
-3255
-3279
-3095
-2675
-2161
-1847
-1719
-1468
-1477
-1352
-1357
-1454
-1597
-2343
-2718
-3386
-3547
-3757
-3770
-3306
-2960
-2558
-2232
-1774
-1623
-1441
-1622
-1793
-2270
-2654
-2868
-3062
-3108
-3048
-2782
-2887
-2573
-2347
-2092
-1697
-1425
-1253
-1399
-1480
-1869
-2226
-2581
-2983
-3372
-3676
-3571
-3365
-3152
-2638
-2200
-1966
-1438
-1180
-1162
-1384
-1702
-2134
-2618
-2811
-3076
-3226
-3413
-3434
-3186
-2639
-2051
-1653
-1398
-1421
-1603
-1915
-2282
-2472
-2786
-3130
-3253
-3421
-3179
-2977
-2593
-2201
-1942
-1664
-1564
-1462
-1466
-1645
-1905
-2160
-2703
-3025
-3443
-3522
-3198
-2962
-2648
-2365
-2075
-1789
-1470
-1352
-1115
-1210
-1536
-1895
-2337
-2779
-3253
-3493
-3703
-3625
-3373
-3002
-2744
-2202
-1727
-1469
-1252
-1327
-1483
-2009
-2410
-2861
-3033
-3165
-3070
-2951
-2880
-2567
-2417
-1900
-1680
-1321
-1242
-1336
-1462
-1864
-2122
-2599
-2867
-3258
-3326
-3401
-3243
-2757
-2603
-1989
-1795
-1731
-1602
-1712
-1909
-2093
-2296
-2651
-2785
-3517
-3505
-3569
-3510
-2951
-2554
-1935
-1578
-1074
-1237
-1110
-1370
-1780
-2255
-2660
-3094
-3194
-3485
-3359
-2912
-2947
-2247
-2139
-1553
-1459
-1217
-1440
-1426
-1827
-2341
-2558
-3238
-3305
-3651
-3404
-3407
-3017
-2742
-2219
-1988
-1757
-1321
-1419
-1201
-1299
-1652
-2231
-2551
-3004
-3219
-3323
-3312
-3181
-3158
-2569
-2323
-1830
-1495
-1394
-1460
-1784
-2011
-2490
-2804
-3170
-3161
-3400
-3034
-2766
-2432
-2031
-1863
-1433
-1437
-1050
-1448
-1741
-2036
-2480
-2964
-3107
-3193
-3465
-3258
-3279
-2731
-2525
-2042
-1667
-1575
-1313
-1383
-1531
-1781
-1888
-2417
-2710
-3090
-3246
-3413
-3405
-3051
-2752
-2257
-1893
-1539
-1647
-1484
-1737
-1947
-2328
-2718
-2915
-3305
-3198
-3258
-2915
-2687
-2310
-2067
-1979
-1520
-1594
-1424
-1498
-1933
-2403
-2589
-2931
-3293
-3284
-3347
-2989
-3045
-2380
-2124
-1962
-1445
-1384
-1397
-1557
-1648
-2140
-2290
-2628
-2824
-3117
-3150
-3069
-3114
-2876
-2422
-1958
-1808
-1264
-1426
-1579
-1707
-2075
-2447
-2825
-2857
-3254
-3185
-3066
-2949
-2790
-2308
-1969
-1857
-1445
-1549
-1612
-1955
-2164
-2594
-3025
-3204
-3352
-3435
-3491
-2972
-2810
-2337
-1855
-1645
-1581
-1383
-1271
-1705
-1662
-2010
-2284
-2715
-2974
-3159
-3336
-3119
-2944
-2716
-2610
-2066
-1946
-1829
-1552
-1748
-2114
-2283
-2674
-2902
-3049
-3128
-3060
-3059
-2505
-2339
-2168
-1782
-1622
-1677
-1542
-1668
-1986
-2228
-2797
-3054
-3377
-3400
-3225
-3119
-2867
-2441
-2304
-2161
-1619
-1616
-1606
-1669
-1924
-2118
-2276
-2408
-2692
-2872
-2775
-2903
-2950
-2520
-2491
-2246
-1919
-1794
-1741
-1869
-1884
-2184
-2438
-2656
-2743
-3068
-2907
-2731
-2710
-2376
-2086
-1663
-1651
-1448
-1448
-1684
-1887
-1887
-2497
-2877
-2943
-3280
-3296
-3249
-3096
-2913
-2384
-2114
-2018
-1852
-1646
-1769
-1948
-2037
-2241
-2539
-2739
-2795
-3023
-2945
-2827
-2626
-2452
-2276
-1932
-1849
-1676
-1605
-1757
-2075
-2265
-2640
-2986
-3052
-3092
-3096
-3070
-2840
-2685
-2352
-2023
-1760
-1723
-1531
-1630
-1930
-2113
-2452
-2737
-3073
-3010
-3127
-3024
-2586
-2375
-2066
-1848
-1564
-1640
-1711
-1653
-1996
-2379
-2379
-2583
-2961
-2879
-3121
-3033
-3015
-2765
-2437
-2339
-2057
-1918
-1969
-1937
-1903
-2272
-2163
-2308
-2486
-2752
-2759
-2697
-2786
-2423
-2250
-2052
-1996
-1752
-1800
-1895
-1895
-2002
-2168
-2565
-2636
-3049
-2982
-2822
-2832
-2549
-2307
-2043
-2044
-1971
-1978
-2017
-2288
-2268
-2555
-2779
-2741
-2912
-2957
-2984
-2731
-2680
-2323
-2142
-1991
-1979
-1849
-1804
-1979
-1834
-2174
-2354
-2649
-2637
-2897
-2891
-2743
-2866
-2660
-2610
-2163
-2161
-1931
-1856
-1946
-2236
-2393
-2581
-2926
-2917
-3066
-2866
-2899
-2448
-2404
-2108
-1798
-1743
-1607
-1788
-1707
-2153
-2163
-2515
-2647
-2770
-2964
-2840
-2942
-2766
-2555
-2292
-2286
-1888
-1969
-1802
-1772
-1933
-2020
-2360
-2423
-2717
-2646
-2842
-2724
-2826
-2623
-2470
-2327
-1896
-1982
-1784
-1961
-1893
-2196
-2396
-2476
-2847
-2872
-3004
-2769
-2652
-2468
-2151
-1998
-1995
-1836
-1846
-1976
-1976
-2255
-2419
-2809
-2797
-3075
-3023
-2976
-2934
-2629
-2616
-2211
-2202
-1860
-1802
-1724
-1871
-1982
-2183
-2471
-2499
-2751
-2690
-2906
-2692
-2620
-2517
-2302
-2136
-1979
-1897
-1780
-1993
-1973
-2244
-2428
-2662
-2845
-2950
-3084
-2890
-2807
-2526
-2416
-2072
-1991
-1803
-1685
-1883
-2006
-2359
-2353
-2665
-2623
-2759
-2872
-2858
-2700
-2465
-2281
-1834
-1871
-1661
-1831
-1854
-2030
-2161
-2314
-2601
-2629
-2894
-2805
-2783
-2616
-2571
-2328
-2296
-2091
-1908
-1985
-1853
-1990
-2028
-2392
-2453
-2849
-2829
-2771
-2966
-2667
-2692
-2401
-2295
-1997
-1915
-1870
-1915
-1971
-2109
-2367
-2416
-2749
-2640
-2885
-2859
-2827
-2677
-2444
-2313
-2089
-2060
-1877
-1973
-1862
-2045
-2243
-2461
-2668
-2814
-2845
-2743
-2774
-2623
-2594
-2468
-2366
-2054
-1980
-1880
-1856
-2052
-2091
-2364
-2417
-2643
-2792
-2905
-2918
-2857
-2662
-2346
-2178
-1962
-1956
-1975
-2085
-2037
-2223
-2397
-2570
-2789
-2803
-2937
-2768
-2673
-2460
-2278
-2071
-1810
-1804
-1724
-1864
-1864
-2105
-2346
-2555
-2717
-2739
-2838
-2701
-2683
-2600
-2382
-2201
-2148
-1952
-2056
-1952
-1995
-2081
-2077
-2341
-2466
-2681
-2760
-2868
-2601
-2497
-2426
-2151
-2001
-1881
-1806
-1821
-1936
-2140
-2333
-2447
-2780
-2800
-2787
-3026
-2806
-2714
-2641
-2290
-2124
-1900
-1831
-1974
-2016
-2252
-2468
-2444
-2632
-2747
-2741
-2843
-2828
-2627
-2474
-2308
-2245
-2092
-1992
-1885
-1948
-2070
-2227
-2492
-2566
-2817
-2783
-2827
-2864
-2736
-2562
-2414
-2230
-1979
-1901
-1937
-1988
-2107
-2266
-2444
-2532
-2667
-2860
-2803
-2748
-2693
-2509
-2219
-2147
-1978
-1907
-1987
-2020
-2085
-2184
-2362
-2535
-2681
-2864
-2872
-2694
-2564
-2434
-2264
-2163
-2249
-2034
-1996
-1978
-1960
-2081
-2245
-2503
-2509
-2632
-2734
-2674
-2515
-2508
-2324
-2141
-2073
-1944
-1942
-2016
-2175
-2150
-2202
-2348
-2488
-2620
-2787
-2829
-2737
-2548
-2455
-2350
-2074
-2118
-2003
-1888
-2013
-2058
-2287
-2454
-2644
-2679
-2637
-2693
-2567
-2489
-2426
-2315
-1977
-1979
-1980
-1965
-2027
-2171
-2368
-2443
-2667
-2744
-2842
-2878
-2941
-2707
-2483
-2295
-2193
-2037
-1943
-2097
-1972
-2118
-2230
-2350
-2475
-2656
-2740
-2659
-2694
-2542
-2428
-2296
-2228
-1934
-1891
-1913
-1933
-2088
-2233
-2549
-2589
-2729
-2762
-2785
-2633
-2735
-2592
-2283
-2165
-2076
-1978
-1820
-2099
-1911
-2102
-2315
-2434
-2540
-2623
-2819
-2546
-2563
-2427
-2358
-2193
-2204
-2101
-1881
-2029
-2071
-2297
-2379
-2598
-2602
-2683
-2690
-2774
-2629
-2599
-2662
-2330
-2279
-2018
-1980
-1970
-2185
-2293
-2344
-2395
-2599
-2699
-2672
-2828
-2505
-2445
-2339
-2135
-2059
-1996
-2093
-1990
-2128
-2210
-2316
-2499
-2676
-2811
-2786
-2851
-2732
-2628
-2423
-2456
-2159
-2068
-2051
-2028
-2100
-2173
-2419
-2305
-2455
-2603
-2749
-2688
-2816
-2630
-2412
-2360
-2108
-2012
-1981
-2135
-1999
-2070
-2248
-2408
-2557
-2732
-2802
-2735
-2682
-2524
-2451
-2236
-2282
-2161
-1991
-2027
-2003
-2002
-2182
-2482
-2414
-2602
-2606
-2668
-2549
-2478
-2619
-2253
-2219
-2084
-2018
-1925
-2108
-2199
-2259
-2462
-2640
-2783
-2695
-2936
-2676
-2645
-2541
-2461
-2348
-2239
-2165
-1910
-1973
-1966
-2199
-2213
-2602
-2653
-2594
-2638
-2543
-2569
-2509
-2565
-2253
-2135
-2019
-2031
-2019
-2144
-2246
-2207
-2402
-2497
-2693
-2620
-2823
-2698
-2447
-2420
-2265
-2198
-2131
-2259
-2049
-2185
-2223
-2309
-2404
-2527
-2749
-2588
-2672
-2672
-2674
-2475
-2490
-2344
-2119
-2066
-2118
-2076
-2166
-2547
-2431
-2606
-2677
-2634
-2677
-2638
-2541
-2332
-2209
-2140
-2049
-1910
-2100
-2019
-1983
-2186
-2294
-2429
-2498
-2737
-2674
-2597
-2528
-2516
-2398
-2248
-2293
-2064
-2045
-2150
-2189
-2243
-2484
-2537
-2509
-2538
-2614
-2642
-2602
-2681
-2433
-2231
-2178
-2209
-2103
-2249
-2367
-2201
-2302
-2409
-2553
-2650
-2782
-2701
-2557
-2473
-2362
-2227
-2178
-2240
-2141
-2087
-2089
-2196
-2226
-2410
-2581
-2511
-2574
-2594
-2563
-2490
-2424
-2368
-2208
-2116
-2202
-2134
-2208
-2391
-2399
-2437
-2492
-2612
-2623
-2660
-2637
-2529
-2359
-2320
-2201
-2108
-2150
-2098
-2083
-2084
-2279
-2353
-2528
-2692
-2659
-2634
-2599
-2546
-2478
-2240
-2238
-2229
-1995
-2050
-2086
-2218
-2312
-2378
-2502
-2531
-2656
-2662
-2645
-2588
-2449
-2283
-2142
-2110
-2047
-2131
-2101
-2187
-2187
-2329
-2461
-2510
-2613
-2607
-2618
-2472
-2450
-2335
-2332
-2188
-2167
-2014
-2083
-2267
-2271
-2503
-2527
-2675
-2665
-2716
-2676
-2623
-2550
-2444
-2366
-2179
-2183
-2088
-2159
-2162
-2216
-2306
-2375
-2493
-2557
-2716
-2720
-2684
-2463
-2406
-2256
-2166
-2120
-2023
-2098
-2081
-2278
-2364
-2550
-2601
-2694
-2698
-2634
-2686
-2522
-2498
-2343
-2281
-2119
-2088
-2046
-2165
-2252
-2259
-2390
-2367
-2481
-2476
-2640
-2534
-2475
-2370
-2281
-2174
-2155
-2242
-2166
-2223
-2094
-2279
-2346
-2498
-2646
-2594
-2658
-2567
-2546
-2330
-2290
-2186
-2051
-2161
-2070
-2082
-2247
-2297
-2255
-2517
-2445
-2545
-2546
-2583
-2572
-2345
-2422
-2226
-2219
-2123
-2212
-2084
-2210
-2253
-2306
-2431
-2473
-2710
-2551
-2704
-2555
-2532
-2424
-2373
-2405
-2256
-2286
-2128
-2174
-2162
-2363
-2386
-2556
-2660
-2555
-2602
-2486
-2537
-2297
-2343
-2201
-2154
-2058
-2109
-2171
-2130
-2394
-2294
-2463
-2516
-2675
-2570
-2682
-2575
-2469
-2417
-2272
-2307
-2059
-2303
-2170
-2211
-2281
-2461
-2514
-2491
-2640
-2533
-2522
-2340
-2434
-2205
-2229
-2149
-2011
-2062
-2069
-2234
-2197
-2487
-2465
-2586
-2593
-2657
-2572
-2459
-2545
-2232
-2263
-2221
-2260
-2069
-2172
-2230
-2221
-2325
-2373
-2514
-2348
-2565
-2427
-2368
-2331
-2344
-2254
-2167
-2208
-2031
-2132
-2170
-2431
-2302
-2538
-2604
-2486
-2550
-2572
-2605
-2398
-2530
-2265
-2172
-2121
-2315
-2230
-2118
-2377
-2357
-2485
-2579
-2807
-2629
-2669
-2562
-2380
-2251
-2229
-2194
-1970
-2213
-2048
-2200
-2240
-2426
-2509
-2521
-2736
-2599
-2596
-2559
-2624
-2314
-2402
-2355
-2152
-2166
-2286
-2356
-2223
-2515
-2520
-2460
-2428
-2640
-2463
-2366
-2522
-2294
-2277
-2253
-2293
-2107
-2215
-2285
-2284
-2316
-2532
-2568
-2409
-2664
-2551
-2530
-2492
-2545
-2330
-2189
-2254
-2123
-2113
-2197
-2351
-2240
-2404
-2534
-2447
-2440
-2587
-2544
-2330
-2438
-2322
-2177
-2190
-2253
-2152
-2146
-2365
-2298
-2321
-2515
-2675
-2544
-2607
-2647
-2422
-2328
-2315
-2257
-2129
-2254
-2231
-2153
-2203
-2339
-2365
-2437
-2652
-2538
-2482
-2593
-2505
-2379
-2347
-2374
-2221
-2137
-2303
-2242
-2213
-2363
-2423
-2313
-2420
-2512
-2492
-2491
-2587
-2560
-2297
-2357
-2260
-2144
-2194
-2292
-2199
-2318
-2545
-2305
-2360
-2568
-2650
-2525
-2479
-2417
-2309
-2256
-2307
-2270
-2083
-2279
-2284
-2282
-2331
-2490
-2419
-2415
-2624
-2419
-2362
-2352
-2425
-2253
-2275
-2282
-2162
-2118
-2239
-2319
-2134
-2446
-2418
-2459
-2486
-2596
-2514
-2386
-2547
-2338
-2290
-2201
-2306
-2141
-2251
-2378
-2236
-2286
-2406
-2540
-2411
-2568
-2482
-2464
-2423
-2411
-2304
-2179
-2305
-2152
-2259
-2263
-2420
-2323
-2424
-2560
-2526
-2585
-2566
-2677
-2354
-2456
-2353
-2260
-2216
-2276
-2200
-2157
-2365
-2225
-2369
-2371
-2639
-2471
-2554
-2640
-2380
-2396
-2304
-2327
-2167
-2299
-2152
-2247
-2241
-2336
-2457
-2273
-2565
-2501
-2496
-2488
-2624
-2378
-2400
-2364
-2181
-2269
-2210
-2366
-2246
-2472
-2401
-2440
-2481
-2504
-2516
-2382
-2459
-2329
-2282
-2199
-2353
-2161
-2207
-2281
-2235
-2365
-2286
-2412
-2332
-2465
-2448
-2455
-2442
-2493
-2396
-2281
-2421
-2185
-2298
-2223
-2385
-2367
-2407
-2552
-2398
-2508
-2502
-2548
-2350
-2344
-2300
-2311
-2246
-2321
-2325
-2202
-2382
-2243
-2392
-2426
-2566
-2490
-2495
-2510
-2387
-2419
-2302
-2435
-2269
-2325
-2259
-2299
-2344
-2381
-2506
-2426
-2562
-2436
-2523
-2489
-2517
-2465
-2290
-2360
-2286
-2262
-2201
-2315
-2238
-2363
-2367
-2340
-2421
-2460
-2544
-2414
-2470
-2302
-2374
-2256
-2296
-2306
-2312
-2411
-2356
-2410
-2338
-2574
-2447
-2540
-2481
-2402
-2464
-2439
-2398
-2231
-2289
-2169
-2232
-2159
-2264
-2248
-2278
-2342
-2255
-2410
-2376
-2518
-2408
-2452
-2352
-2301
-2295
-2222
-2215
-2159
-2293
-2172
-2396
-2426
-2589
-2581
-2549
-2599
-2527
-2579
-2417
-2479
-2351
-2319
-2238
-2187
-2131
-2163
-2256
-2354
-2453
-2356
-2391
-2342
-2450
-2396
-2435
-2412
-2255
-2387
-2303
-2246
-2328
-2489
-2462
-2497
-2470
-2506
-2612
-2535
-2530
-2408
-2413
-2326
-2385
-2322
-2296
-2288
-2287
-2342
-2324
-2459
-2442
-2545
-2482
-2501
-2508
-2432
-2386
-2307
-2308
-2246
-2256
-2254
-2254
-2356
-2410
-2371
-2375
-2513
-2627
-2631
-2601
-2542
-2393
-2413
-2334
-2297
-2380
-2352
-2373
-2277
-2297
-2277
-2336
-2424
-2441
-2369
-2426
-2435
-2336
-2319
-2404
-2264
-2181
-2206
-2151
-2271
-2216
-2332
-2348
-2375
-2415
-2416
-2367
-2505
-2444
-2293
-2397
-2288
-2251
-2237
-2286
-2251
-2210
-2327
-2293
-2362
-2550
-2581
-2501
-2358
-2416
-2355
-2357
-2501
-2327
-2211
-2241
-2238
-2260
-2292
-2418
-2483
-2462
-2553
-2597
-2439
-2484
-2556
-2331
-2280
-2267
-2185
-2203
-2321
-2347
-2149
-2283
-2329
-2271
-2473
-2601
-2469
-2369
-2359
-2268
-2273
-2270
-2353
-2230
-2278
-2329
-2346
-2328
-2575
-2534
-2339
-2558
-2405
-2347
-2329
-2385
-2279
-2068
-2098
-2275
-2173
-2298
-2409
-2285
-2208
-2337
-2506
-2314
-2503
-2409
-2281
-2317
-2234
-2295
-2268
-2343
-2232
-2226
-2257
-2453
-2362
-2385
-2706
-2284
-2477
-2419
-2370
-2314
-2391
-2372
-2190
-2225
-2088
-2326
-2126
-2486
-2311
-2307
-2377
-2304
-2522
-2490
-2613
-2420
-2386
-2246
-2343
-2256
-2428
-2398
-2139
-2370
-2404
-2400
-2456
-2623
-2519
-2422
-2420
-2536
-2359
-2338
-2485
-2132
-2283
-2267
-2287
-2311
-2408
-2486
-2426
-2474
-2523
-2650
-2435
-2686
-2438
-2336
-2296
-2210
-2267
-2249
-2456
-2331
-2380
-2334
-2482
-2374
-2493
-2554
-2312
-2406
-2403
-2357
-2310
-2475
-2261
-2306
-2342
-2322
-2436
-2415
-2585
-2480
-2472
-2297
-2387
-2311
-2350
-2368
-2181
-2275
-2191
-2309
-2154
-2387
-2350
-2314
-2304
-2400
-2400
-2321
-2569
-2258
-2346
-2235
-2313
-2269
-2433
-2495
-2345
-2455
-2365
-2490
-2349
-2617
-2525
-2390
-2448
-2476
-2341
-2270
-2443
-2215
-2284
-2259
-2286
-2339
-2332
-2459
-2349
-2366
-2484
-2489
-2431
-2482
-2491
-2281
-2397
-2369
-2298
-2398
-2425
-2256
-2245
-2284
-2323
-2414
-2443
-2592
-2444
-2430
-2393
-2392
-2315
-2472
-2280
-2223
-2355
-2215
-2330
-2341
-2513
-2502
-2480
-2483
-2602
-2421
-2549
-2516
-2261
-2350
-2239
-2299
-2268
-2408
-2411
-2336
-2407
-2518
-2454
-2465
-2714
-2444
-2345
-2422
-2303
-2276
-2318
-2345
-2206
-2192
-2277
-2294
-2260
-2451
-2579
-2462
-2478
-2482
-2303
-2401
-2492
-2255
-2325
-2275
-2323
-2346
-2369
-2463
-2439
-2436
-2469
-2575
-2458
-2603
-2536
-2368
-2313
-2376
-2269
-2281
-2374
-2238
-2332
-2281
-2379
-2310
-2494
-2577
-2426
-2483
-2419
-2434
-2357
-2420
-2433
-2283
-2381
-2385
-2325
-2398
-2447
-2413
-2385
-2421
-2505
-2474
-2421
-2458
-2265
-2281
-2325
-2329
-2271
-2349
-2341
-2237
-2343
-2384
-2418
-2488
-2615
-2476
-2431
-2328
-2351
-2323
-2335
-2320
-2176
-2245
-2274
-2345
-2380
-2498
-2519
-2514
-2514
-2493
-2404
-2494
-2457
-2396
-2353
-2256
-2297
-2206
-2295
-2324
-2322
-2275
-2335
-2305
-2303
-2421
-2362
-2280
-2232
-2240
-2154
-2356
-2301
-2218
-2216
-2235
-2291
-2271
-2453
-2367
-2338
-2353
-2344
-2283
-2349
-2295
-2292
-2282
-2141
-2291
-2224
-2319
-2439
-2398
-2291
-2384
-2401
-2416
-2591
-2485
-2397
-2313
-2337
-2204
-2275
-2295
-2273
-2237
-2242
-2364
-2355
-2484
-2423
-2509
-2331
-2352
-2347
-2304
-2450
-2254
-2290
-2372
-2362
-2397
-2371
-2332
-2444
-2394
-2367
-2385
-2483
-2489
-2424
-2413
-2260
-2296
-2211
-2319
-2388
-2391
-2421
-2283
-2408
-2329
-2469
-2428
-2459
-2408
-2339
-2366
-2211
-2367
-2201
-2361
-2191
-2349
-2420
-2355
-2468
-2438
-2456
-2305
-2468
-2332
-2474
-2347
-2344
-2253
-2241
-2261
-2292
-2538
-2344
-2400
-2306
-2353
-2268
-2468
-2470
-2308
-2413
-2282
-2438
-2298
-2366
-2357
-2349
-2322
-2273
-2373
-2282
-2503
-2377
-2479
-2391
-2438
-2390
-2445
-2473
-2298
-2466
-2312
-2448
-2286
-2490
-2424
-2503
-2462
-2390
-2450
-2420
-2571
-2339
-2462
-2285
-2368
-2295
-2416
-2380
-2282
-2347
-2269
-2417
-2363
-2564
-2409
-2521
-2462
-2420
-2352
-2270
-2454
-2225
-2341
-2215
-2291
-2287
-2426
-2468
-2390
-2559
-2386
-2478
-2386
-2542
-2303
-2327
-2343
-2209
-2275
-2226
-2370
-2259
-2516
-2281
-2409
-2386
-2498
-2524
-2392
-2535
-2311
-2395
-2218
-2465
-2222
-2262
-2265
-2221
-2290
-2313
-2480
-2245
-2542
-2420
-2466
-2376
-2359
-2383
-2200
-2312
-2113
-2189
-2195
-2394
-2305
-2262
-2451
-2384
-2488
-2432
-2541
-2351
-2421
-2363
-2307
-2242
-2345
-2357
-2252
-2482
-2288
-2399
-2322
-2541
-2373
-2425
-2504
-2412
-2392
-2344
-2423
-2243
-2332
-2224
-2363
-2178
-2433
-2382
-2284
-2532
-2292
-2435
-2389
-2449
-2345
-2379
-2401
-2338
-2342
-2321
-2398
-2227
-2379
-2312
-2361
-2356
-2433
-2491
-2355
-2492
-2399
-2425
-2323
-2390
-2212
-2238
-2325
-2259
-2319
-2342
-2433
-2284
-2488
-2345
-2321
-2307
-2347
-2344
-2221
-2337
-2192
-2265
-2183
-2331
-2215
-2223
-2330
-2281
-2294
-2335
-2457
-2256
-2392
-2279
-2255
-2255
-2374
-2439
-2346
-2408
-2327
-2442
-2405
-2555
-2470
-2507
-2553
-2407
-2471
-2416
-2420
-2264
-2308
-2258
-2259
-2303
-2413
-2387
-2274
-2453
-2311
-2363
-2426
-2465
-2352
-2330
-2330
-2313
-2349
-2322
-2421
-2277
-2432
-2406
-2362
-2366
-2456
-2421
-2339
-2478
-2398
-2403
-2362
-2485
-2310
-2341
-2421
-2344
-2281
-2320
-2435
-2358
-2512
-2413
-2360
-2351
-2423
-2360
-2256
-2369
-2329
-2274
-2298
-2416
-2318
-2330
-2418
-2363
-2337
-2441
-2504
-2333
-2442
-2376
-2304
-2332
-2329
-2333
-2192
-2302
-2279
-2221
-2322
-2427
-2284
-2392
-2541
-2454
-2395
-2449
-2465
-2252
-2316
-2313
-2248
-2284
-2391
-2291
-2304
-2362
-2310
-2346
-2380
-2481
-2333
-2377
-2435
-2344
-2269
-2428
-2394
-2245
-2320
-2355
-2326
-2346
-2553
-2373
-2361
-2482
-2477
-2369
-2442
-2430
-2251
-2237
-2337
-2351
-2234
-2449
-2384
-2295
-2352
-2405
-2277
-2368
-2449
-2299
-2340
-2451
-2430
-2230
-2375
-2383
-2262
-2260
-2345
-2380
-2319
-2522
-2521
-2427
-2484
-2517
-2397
-2373
-2410
-2235
-2287
-2273
-2299
-2194
-2363
-2337
-2228
-2318
-2296
-2416
-2234
-2476
-2421
-2352
-2421
-2405
-2207
-2247
-2412
-2253
-2283
-2335
-2416
-2213
-2478
-2419
-2297
-2294
-2460
-2486
-2322
-2555
-2271
-2246
-2178
-2261
-2171
-2270
-2396
-2231
-2302
-2328
-2547
-2356
-2414
-2427
-2307
-2272
-2392
-2317
-2212
-2382
-2295
-2295
-2241
-2533
-2354
-2387
-2604
-2392
-2423
-2512
-2477
-2271
-2475
-2277
-2267
-2281
-2395
-2466
-2301
-2549
-2431
-2484
-2406
-2499
-2351
-2311
-2389
-2308
-2314
-2217
-2423
-2234
-2385
-2393
-2379
-2359
-2434
-2448
-2288
-2540
-2391
-2457
-2403
-2546
-2380
-2394
-2456
-2233
-2391
-2342
-2534
-2334
-2494
-2461
-2413
-2395
-2460
-2517
-2276
-2423
-2225
-2303
-2233
-2410
-2270
-2251
-2376
-2346
-2370
-2288
-2464
-2270
-2429
-2355
-2346
-2271
-2373
-2358
-2204
-2380
-2185
-2270
-2178
-2384
-2372
-2313
-2471
-2443
-2514
-2465
-2545
-2306
-2461
-2354
-2288
-2364
-2398
-2428
-2239
-2402
-2242
-2316
-2312
-2565
-2463
-2451
-2479
-2244
-2438
-2326
-2436
-2328
-2378
-2347
-2368
-2341
-2430
-2443
-2263
-2535
-2316
-2472
-2388
-2389
-2411
-2366
-2421
-2327
-2351
-2239
-2470
-2209
-2414
-2345
-2312
-2396
-2342
-2483
-2344
-2516
-2320
-2350
-2279
-2335
-2301
-2354
-2321
-2222
-2342
-2260
-2449
-2326
-2477
-2357
-2342
-2319
-2334
-2351
-2182
-2369
-2129
-2394
-2288
-2317
-2385
-2320
-2447
-2341
-2399
-2292
-2407
-2245
-2379
-2267
-2173
-2258
-2208
-2321
-2302
-2377
-2327
-2360
-2296
-2477
-2348
-2317
-2343
-2179
-2260
-2240
-2252
-2149
-2341
-2235
-2242
-2293
-2322
-2467
-2381
-2534
-2406
-2399
-2331
-2384
-2322
-2285
-2374
-2248
-2369
-2263
-2387
-2336
-2480
-2393
-2337
-2437
-2376
-2452
-2405
-2477
-2296
-2348
-2236
-2399
-2255
-2345
-2390
-2255
-2354
-2266
-2470
-2352
-2523
-2384
-2361
-2266
-2313
-2345
-2303
-2450
-2243
-2373
-2342
-2516
-2433
-2513
-2503
-2335
-2438
-2331
-2482
-2387
-2417
-2295
-2317
-2287
-2325
-2423
-2324
-2405
-2251
-2381
-2328
-2378
-2379
-2442
-2405
-2330
-2354
-2254
-2334
-2264
-2475
-2354
-2383
-2425
-2337
-2399
-2451
-2551
-2457
-2512
-2401
-2505
-2392
-2381
-2350
-2260
-2315
-2241
-2405
-2357
-2514
-2397
-2434
-2499
-2428
-2483
-2415
-2431
-2282
-2349
-2325
-2329
-2353
-2355
-2375
-2382
-2437
-2379
-2501
-2492
-2505
-2378
-2422
-2427
-2380
-2479
-2453
-2441
-2297
-2443
-2381
-2396
-2400
-2425
-2341
-2308
-2372
-2325
-2396
-2405
-2451
-2286
-2354
-2347
-2362
-2355
-2333
-2317
-2279
-2344
-2340
-2389
-2456
-2498
-2418
-2387
-2407
-2367
-2406
-2446
-2436
-2339
-2360
-2436
-2397
-2510
-2520
-2568
-2462
-2517
-2415
-2268
-2385
-2343
-2288
-2262
-2298
-2279
-2351
-2354
-2345
-2231
-2299
-2298
-2254
-2367
-2431
-2280
-2229
-2337
-2278
-2418
-2499
-2466
-2377
-2313
-2333
-2417
-2388
-2475
-2455
-2297
-2356
-2320
-2312
-2445
-2527
-2439
-2354
-2362
-2380
-2325
-2360
-2453
-2378
-2332
-2430
-2415
-2365
-2507
-2397
-2345
-2340
-2353
-2398
-2326
-2462
-2344
-2308
-2481
-2401
-2333
-2527
-2412
-2312
-2272
-2319
-2398
-2384
-2504
-2441
-2418
-2351
-2333
-2348
-2340
-2483
-2424
-2280
-2465
-2403
-2428
-2533
-2478
-2383
-2340
-2318
-2366
-2390
-2507
-2401
-2180
-2430
-2204
-2210
-2396
-2421
-2395
-2281
-2302
-2441
-2268
-2281
-2395
-2139
-2347
-2278
-2224
-2415
-2391
-2313
-2328
-2298
-2361
-2347
-2203
-2495
-2330
-2254
-2304
-2257
-2310
-2353
-2509
-2373
-2367
-2380
-2367
-2368
-2592
-2364
-2281
-2359
-2301
-2401
-2419
-2584
-2337
-2359
-2435
-2442
-2213
-2433
-2534
-2302
-2320
-2293
-2434
-2347
-2552
-2334
-2340
-2381
-2303
-2306
-2356
-2485
-2263
-2374
-2435
-2432
-2329
-2477
-2498
-2354
-2328
-2247
-2260
-2241
-2489
-2369
-2227
-2369
-2376
-2341
-2414
-2569
-2428
-2435
-2389
-2498
-2393
-2378
-2518
-2284
-2320
-2298
-2420
-2407
-2392
-2358
-2261
-2210
-2439
-2259
-2225
-2501
-2145
-2331
-2230
-2208
-2203
-2293
-2390
-2193
-2319
-2255
-2385
-2301
-2578
-2433
-2333
-2378
-2217
-2328
-2259
-2413
-2286
-2371
-2255
-2376
-2262
-2372
-2507
-2240
-2348
-2368
-2399
-2311
-2551
-2371
-2380
-2313
-2284
-2316
-2189
-2364
-2289
-2308
-2301
-2354
-2293
-2423
-2384
-2310
-2432
-2348
-2386
-2365
-2489
-2388
-2315
-2310
-2394
-2375
-2329
-2587
-2295
-2353
-2398
-2414
-2471
-2427
-2462
-2332
-2255
-2357
-2557
-2314
-2606
-2435
-2272
-2425
-2388
-2393
-2456
-2586
-2385
-2458
-2280
-2410
-2309
-2386
-2476
-2287
-2378
-2338
-2269
-2265
-2492
-2375
-2271
-2324
-2450
-2311
-2411
-2508
-2248
-2254
-2304
-2285
-2280
-2509
-2352
-2289
-2344
-2340
-2398
-2313
-2640
-2374
-2320
-2390
-2363
-2392
-2282
-2528
-2253
-2309
-2492
-2524
-2333
-2481
-2412
-2306
-2291
-2257
-2379
-2156
-2528
-2231
-2263
-2304
-2242
-2332
-2300
-2578
-2388
-2376
-2428
-2427
-2302
-2494
-2398
-2270
-2370
-2258
-2336
-2308
-2484
-2321
-2374
-2399
-2388
-2458
-2364
-2564
-2396
-2344
-2407
-2327
-2172
-2475
-2355
-2271
-2475
-2222
-2428
-2466
-2467
-2443
-2316
-2294
-2468
-2304
-2381
-2606
-2283
-2333
-2327
-2379
-2255
-2443
-2480
-2380
-2446
-2423
-2432
-2363
-2589
-2366
-2450
-2445
-2415
-2318
-2343
-2514
-2278
-2299
-2390
-2378
-2196
-2434
-2314
-2304
-2382
-2283
-2448
-2249
-2379
-2250
-2097
-2214
-2226
-2269
-2401
-2525
-2374
-2454
-2394
-2442
-2374
-2472
-2519
-2341
-2330
-2338
-2328
-2336
-2513
-2338
-2341
-2319
-2347
-2358
-2438
-2466
-2395
-2341
-2383
-2414
-2249
-2460
-2365
-2331
-2306
-2284
-2340
-2331
-2434
-2335
-2328
-2334
-2361
-2349
-2449
-2461
-2278
-2290
-2325
-2422
-2372
-2456
-2440
-2333
-2309
-2380
-2384
-2333
-2590
-2359
-2338
-2362
-2377
-2331
-2383
-2422
-2242
-2320
-2269
-2361
-2325
-2490
-2419
-2321
-2304
-2394
-2362
-2352
-2553
-2328
-2355
-2396
-2411
-2364
-2449
-2480
-2356
-2373
-2407
-2386
-2267
-2408
-2424
-2336
-2373
-2332
-2298
-2317
-2435
-2387
-2260
-2240
-2344
-2301
-2375
-2468
-2339
-2359
-2343
-2378
-2374
-2480
-2462
-2415
-2378
-2397
-2382
-2306
-2527
-2371
-2325
-2335
-2366
-2402
-2363
-2482
-2385
-2287
-2384
-2364
-2299
-2511
-2401
-2331
-2424
-2411
-2378
-2454
-2465
-2320
-2277
-2335
-2391
-2293
-2365
-2449
-2356
-2281
-2423
-2428
-2392
-2527
-2510
-2417
-2382
-2413
-2420
-2465
-2583
-2431
-2365
-2401
-2326
-2335
-2409
-2414
-2359
-2314
-2271
-2337
-2346
-2395
-2356
-2333
-2266
-2323
-2297
-2329
-2375
-2333
-2357
-2312
-2470
-2442
-2516
-2503
-2501
-2430
-2496
-2412
-2287
-2438
-2354
-2332
-2275
-2293
-2237
-2351
-2334
-2363
-2324
-2317
-2357
-2263
-2385
-2349
-2319
-2224
-2382
-2334
-2284
-2406
-2370
-2290
-2289
-2373
-2305
-2392
-2405
-2438
-2310
-2339
-2333
-2308
-2370
-2344
-2478
-2317
-2369
-2350
-2379
-2471
-2432
-2403
-2377
-2395
-2336
-2520
-2436
-2420
-2339
-2283
-2361
-2306
-2365
-2391
-2406
-2245
-2330
-2287
-2347
-2376
-2335
-2382
-2316
-2391
-2298
-2409
-2353
-2327
-2312
-2331
-2326
-2347
-2472
-2395
-2395
-2360
-2420
-2240
-2385
-2367
-2338
-2358
-2266
-2348
-2248
-2369
-2248
-2351
-2318
-2307
-2358
-2425
-2536
-2395
-2499
-2398
-2382
-2449
-2394
-2345
-2399
-2259
-2258
-2347
-2270
-2437
-2421
-2384
-2368
-2354
-2311
-2373
-2420
-2239
-2340
-2238
-2280
-2312
-2381
-2373
-2299
-2397
-2391
-2404
-2315
-2625
-2350
-2461
-2357
-2277
-2400
-2362
-2461
-2392
-2424
-2218
-2479
-2234
-2499
-2414
-2381
-2529
-2345
-2422
-2384
-2469
-2354
-2468
-2334
-2460
-2372
-2285
-2473
-2337
-2373
-2396
-2394
-2371
-2412
-2386
-2431
-2349
-2305
-2392
-2247
-2512
-2382
-2537
-2430
-2468
-2484
-2372
-2594
-2335
-2492
-2334
-2358
-2309
-2423
-2297
-2315
-2360
-2362
-2447
-2379
-2482
-2407
-2446
-2306
-2390
-2284
-2363
-2279
-2288
-2421
-2192
-2368
-2363
-2384
-2504
-2366
-2465
-2499
-2380
-2355
-2436
-2261
-2346
-2314
-2188
-2362
-2313
-2321
-2292
-2327
-2226
-2374
-2283
-2433
-2339
-2336
-2407
-2207
-2273
-2241
-2421
-2265
-2511
-2380
-2335
-2215
-2336
-2411
-2264
-2527
-2340
-2454
-2280
-2504
-2414
-2285
-2490
-2373
-2324
-2362
-2415
-2284
-2405
-2330
-2380
-2228
-2389
-2537
-2260
-2458
-2378
-2415
-2361
-2425
-2413
-2367
-2355
-2374
-2416
-2316
-2566
-2252
-2438
-2459
-2344
-2353
-2422
-2466
-2293
-2439
-2325
-2424
-2217
-2516
-2353
-2223
-2525
-2233
-2359
-2415
-2334
-2358
-2410
-2352
-2449
-2339
-2480
-2474
-2293
-2471
-2379
-2426
-2255
-2419
-2312
-2226
-2433
-2283
-2378
-2352
-2395
-2256
-2393
-2190
-2243
-2289
-2290
-2472
-2262
-2522
-2357
-2393
-2379
-2514
-2449
-2345
-2407
-2306
-2332
-2323
-2507
-2330
-2467
-2432
-2406
-2370
-2370
-2416
-2271
-2454
-2369
-2354
-2280
-2425
-2363
-2281
-2533
-2408
-2392
-2388
-2500
-2361
-2401
-2399
-2339
-2410
-2409
-2474
-2322
-2462
-2392
-2395
-2350
-2464
-2373
-2357
-2500
-2328
-2392
-2381
-2457
-2301
-2430
-2422
-2464
-2385
-2382
-2440
-2257
-2447
-2392
-2358
-2298
-2440
-2343
-2278
-2464
-2386
-2317
-2431
-2493
-2332
-2421
-2422
-2356
-2363
-2508
-2484
-2332
-2523
-2447
-2471
-2412
-2359
-2383
-2268
-2411
-2353
-2294
-2313
-2433
-2312
-2341
-2411
-2280
-2253
-2351
-2375
-2203
-2380
-2355
-2328
-2302
-2395
-2306
-2283
-2490
-2331
-2360
-2348
-2401
-2357
-2374
-2478
-2437
-2363
-2397
-2442
-2278
-2444
-2361
-2321
-2358
-2409
-2438
-2412
-2580
-2447
-2450
-2375
-2484
-2296
-2341
-2444
-2263
-2276
-2230
-2312
-2219
-2353
-2376
-2389
-2389
-2506
-2301
-2315
-2438
-2295
-2413
-2389
-2526
-2384
-2435
-2554
-2442
-2386
-2511
-2459
-2368
-2479
-2476
-2436
-2445
-2459
-2374
-2381
-2434
-2387
-2305
-2443
-2357
-2308
-2299
-2418
-2299
-2320
-2387
-2412
-2447
-2260
-2543
-2273
-2411
-2477
-2271
-2309
-2366
-2262
-2207
-2390
-2319
-2346
-2246
-2420
-2355
-2329
-2486
-2387
-2280
-2339
-2430
-2255
-2390
-2405
-2256
-2313
-2353
-2324
-2190
-2251
-2278
-2286
-2318
-2334
-2339
-2338
-2387
-2401
-2343
-2359
-2445
-2305
-2343
-2415
-2320
-2234
-2349
-2370
-2354
-2495
-2408
-2412
-2412
-2478
-2439
-2366
-2454
-2358
-2327
-2382
-2473
-2356
-2403
-2459
-2361
-2348
-2395
-2458
-2329
-2467
-2467
-2283
-2363
-2449
-2267
-2305
-2384
-2303
-2318
-2219
-2444
-2260
-2312
-2680
-2326
-2433
-2484
-2380
-2311
-2283
-2346
-2209
-2342
-2402
-2320
-2288
-2387
-2269
-2300
-2456
-2499
-2443
-2457
-2430
-2307
-2363
-2394
-2440
-2285
-2426
-2337
-2284
-2335
-2450
-2275
-2311
-2467
-2272
-2445
-2201
-2343
-2232
-2319
-2362
-2277
-2266
-2270
-2452
-2194
-2441
-2403
-2310
-2373
-2453
-2366
-2448
-2485
-2381
-2374
-2299
-2522
-2200
-2392
-2432
-2254
-2391
-2248
-2413
-2316
-2412
-2493
-2463
-2391
-2450
-2389
-2332
-2513
-2350
-2390
-2333
-2469
-2331
-2367
-2413
-2305
-2349
-2388
-2523
-2347
-2469
-2403
-2388
-2376
-2385
-2331
-2337
-2378
-2275
-2337
-2331
-2445
-2274
-2390
-2368
-2416
-2427
-2381
-2519
-2301
-2451
-2371
-2326
-2280
-2472
-2499
-2364
-2473
-2292
-2365
-2253
-2475
-2411
-2357
-2382
-2295
-2307
-2218
-2489
-2089
-2405
-2225
-2164
-2369
-2112
-2443
-2313
-2250
-2305
-2352
-2173
-2498
-2180
-2336
-2425
-2183
-2394
-2355
-2444
-2316
-2553
-2267
-2292
-2267
-2243
-2355
-2317
-2404
-2402
-2429
-2311
-2375
-2300
-2409
-2314
-2204
-2344
-2332
-2442
-2259
-2463
-2389
-2301
-2407
-2326
-2459
-2328
-2459
-2304
-2302
-2328
-2410
-2360
-2364
-2452
-2321
-2306
-2247
-2400
-2296
-2488
-2281
-2368
-2394
-2396
-2545
-2371
-2486
-2351
-2299
-2190
-2426
-2193
-2368
-2379
-2206
-2420
-2282
-2435
-2422
-2428
-2347
-2418
-2318
-2458
-2430
-2368
-2524
-2278
-2320
-2356
-2321
-2413
-2429
-2333
-2354
-2331
-2288
-2405
-2285
-2341
-2319
-2267
-2310
-2355
-2386
-2294
-2415
-2185
-2359
-2274
-2310
-2413
-2371
-2435
-2359
-2428
-2315
-2525
-2362
-2459
-2342
-2247
-2333
-2377
-2485
-2377
-2424
-2349
-2433
-2365
-2459
-2438
-2493
-2431
-2285
-2340
-2292
-2367
-2293
-2387
-2322
-2304
-2310
-2351
-2441
-2398
-2459
-2339
-2447
-2421
-2413
-2418
-2368
-2416
-2311
-2379
-2311
-2428
-2446
-2424
-2405
-2383
-2438
-2431
-2484
-2391
-2430
-2299
-2324
-2333
-2340
-2412
-2395
-2341
-2277
-2358
-2335
-2373
-2332
-2408
-2389
-2310
-2385
-2331
-2347
-2389
-2411
-2338
-2346
-2367
-2384
-2441
-2415
-2399
-2311
-2494
-2416
-2307
-2418
-2393
-2366
-2352
-2431
-2284
-2311
-2358
-2287
-2236
-2281
-2297
-2265
-2350
-2381
-2345
-2358
-2380
-2286
-2323
-2297
-2349
-2256
-2289
-2401
-2362
-2426
-2410
-2427
-2350
-2407
-2397
-2359
-2470
-2441
-2346
-2325
-2371
-2365
-2295
-2360
-2376
-2325
-2386
-2446
-2426
-2419
-2494
-2413
-2405
-2401
-2413
-2482
-2435
-2453
-2344
-2309
-2361
-2252
-2191
-2362
-2392
-2352
-2432
-2448
-2447
-2384
-2475
-2396
-2312
-2319
-2318
-2256
-2384
-2484
-2316
-2368
-2382
-2393
-2382
-2423
-2403
-2367
-2254
-2328
-2408
-2349
-2455
-2328
-2280
-2308
-2297
-2344
-2374
-2435
-2383
-2404
-2400
-2291
-2252
-2373
-2398
-2254
-2334
-2359
-2375
-2366
-2482
-2401
-2319
-2312
-2315
-2340
-2338
-2442
-2275
-2367
-2358
-2330
-2269
-2368
-2382
-2228
-2295
-2300
-2346
-2255
-2426
-2332
-2217
-2246
-2315
-2300
-2309
-2480
-2304
-2353
-2333
-2360
-2283
-2463
-2535
-2319
-2429
-2357
-2381
-2301
-2409
-2248
-2292
-2346
-2345
-2389
-2336
-2619
-2404
-2436
-2407
-2482
-2383
-2471
-2510
-2282
-2312
-2240
-2350
-2293
-2492
-2350
-2349
-2290
-2276
-2340
-2347
-2540
-2280
-2350
-2295
-2274
-2302
-2457
-2521
-2359
-2473
-2407
-2417
-2292
-2473
-2368
-2291
-2399
-2415
-2462
-2387
-2581
-2262
-2314
-2312
-2310
-2282
-2386
-2379
-2167
-2290
-2219
-2241
-2121
-2355
-2241
-2320
-2313
-2269
-2245
-2200
-2456
-2267
-2361
-2340
-2389
-2245
-2374
-2441
-2285
-2402
-2388
-2421
-2340
-2547
-2348
-2303
-2290
-2246
-2283
-2258
-2485
-2318
-2336
-2284
-2366
-2351
-2346
-2429
-2365
-2375
-2354
-2389
-2295
-2483
-2302
-2303
-2351
-2384
-2385
-2410
-2624
-2363
-2380
-2265
-2429
-2347
-2489
-2504
-2190
-2311
-2296
-2330
-2252
-2555
-2411
-2373
-2398
-2413
-2400
-2400
-2605
-2293
-2303
-2285
-2362
-2310
-2506
-2476
-2263
-2422
-2338
-2410
-2243
-2465
-2413
-2348
-2397
-2371
-2371
-2400
-2559
-2215
-2317
-2279
-2351
-2288
-2383
-2429
-2204
-2324
-2295
-2383
-2305
-2505
-2335
-2266
-2308
-2279
-2247
-2375
-2478
-2191
-2306
-2244
-2415
-2308
-2469
-2468
-2222
-2384
-2372
-2403
-2225
-2450
-2325
-2145
-2286
-2340
-2306
-2338
-2573
-2386
-2324
-2404
-2344
-2284
-2493
-2520
-2348
-2410
-2424
-2399
-2337
-2511
-2350
-2218
-2293
-2329
-2303
-2327
-2464
-2304
-2345
-2380
-2419
-2335
-2454
-2409
-2337
-2278
-2289
-2386
-2301
-2547
-2403
-2346
-2330
-2359
-2345
-2416
-2447
-2384
-2332
-2308
-2425
-2325
-2466
-2456
-2325
-2335
-2349
-2298
-2345
-2533
-2391
-2339
-2431
-2359
-2350
-2425
-2535
-2313
-2294
-2319
-2340
-2310
-2389
-2513
-2305
-2320
-2296
-2248
-2230
-2405
-2329
-2259
-2291
-2244
-2233
-2272
-2441
-2420
-2347
-2370
-2349
-2353
-2432
-2457
-2405
-2285
-2438
-2401
-2378
-2591
-2486
-2319
-2414
-2361
-2326
-2467
-2409
-2379
-2234
-2335
-2355
-2349
-2434
-2422
-2451
-2376
-2451
-2315
-2379
-2370
-2408
-2356
-2252
-2477
-2323
-2415
-2348
-2243
-2298
-2347
-2382
-2367
-2419
-2365
-2381
-2269
-2378
-2308
-2391
-2475
-2421
-2455
-2350
-2414
-2346
-2441
-2398
-2430
-2273
-2309
-2335
-2212
-2444
-2340
-2378
-2315
-2380
-2275
-2393
-2438
-2382
-2415
-2300
-2475
-2272
-2490
-2349
-2374
-2388
-2309
-2411
-2296
-2473
-2339
-2408
-2282
-2305
-2211
-2398
-2416
-2379
-2451
-2265
-2396
-2230
-2420
-2298
-2389
-2335
-2303
-2335
-2287
-2465
-2308
-2444
-2308
-2450
-2414
-2442
-2443
-2404
-2421
-2303
-2423
-2292
-2460
-2289
-2335
-2298
-2340
-2419
-2441
-2509
-2361
-2530
-2273
-2417
-2356
-2496
-2474
-2306
-2414
-2246
-2376
-2332
-2533
-2350
-2384
-2302
-2283
-2386
-2287
-2524
-2374
-2515
-2419
-2424
-2412
-2450
-2439
-2469
-2492
-2281
-2382
-2226
-2451
-2336
-2406
-2419
-2349
-2331
-2445
-2608
-2306
-2520
-2314
-2409
-2313
-2303
-2398
-2227
-2323
-2250
-2342
-2274
-2470
-2289
-2349
-2394
-2255
-2317
-2274
-2383
-2229
-2388
-2254
-2290
-2210
-2347
-2419
-2236
-2503
-2351
-2398
-2340
-2412
-2302
-2358
-2379
-2250
-2272
-2352
-2355
-2098
-2396
-2288
-2317
-2253
-2334
-2370
-2269
-2497
-2306
-2360
-2272
-2504
-2368
-2378
-2415
-2315
-2401
-2279
-2506
-2296
-2496
-2431
-2371
-2390
-2546
-2543
-2366
-2570
-2373
-2367
-2153
-2416
-2277
-2312
-2485
-2250
-2355
-2329
-2480
-2419
-2519
-2440
-2443
-2394
-2376
-2319
-2261
-2433
-2350
-2366
-2323
-2522
-2383
-2435
-2556
-2427
-2413
-2426
-2537
-2287
-2393
-2443
-2344
-2279
-2447
-2523
-2307
-2466
-2372
-2323
-2266
-2346
-2251
-2225
-2406
-2306
-2261
-2333
-2476
-2268
-2419
-2415
-2281
-2276
-2358
-2376
-2256
-2487
-2345
-2345
-2305
-2375
-2411
-2305
-2514
-2369
-2283
-2325
-2286
-2223
-2365
-2327
-2291
-2385
-2407
-2410
-2293
-2419
-2467
-2294
-2297
-2447
-2414
-2442
-2467
-2407
-2304
-2363
-2442
-2304
-2400
-2463
-2352
-2245
-2313
-2371
-2289
-2432
-2442
-2326
-2330
-2397
-2309
-2318
-2452
-2331
-2281
-2386
-2392
-2259
-2326
-2444
-2368
-2284
-2458
-2357
-2336
-2464
-2484
-2304
-2418
-2531
-2331
-2525
-2356
-2434
-2389
-2367
-2488
-2313
-2217
-2384
-2320
-2229
-2381
-2277
-2321
-2274
-2348
-2341
-2393
-2372
-2360
-2269
-2316
-2408
-2206
-2354
-2298
-2272
-2241
-2365
-2304
-2226
-2420
-2247
-2236
-2339
-2496
-2399
-2406
-2493
-2327
-2288
-2381
-2376
-2151
-2300
-2284
-2237
-2235
-2428
-2326
-2199
-2448
-2216
-2256
-2358
-2402
-2262
-2398
-2409
-2316
-2199
-2266
-2409
-2234
-2488
-2411
-2322
-2305
-2490
-2323
-2273
-2397
-2204
-2312
-2265
-2424
-2291
-2363
-2433
-2342
-2331
-2346
-2444
-2244
-2446
-2364
-2305
-2256
-2400
-2299
-2249
-2477
-2264
-2294
-2347
-2451
-2228
-2380
-2410
-2354
-2348
-2505
-2450
-2207
-2475
-2328
-2316
-2262
-2434
-2356
-2335
-2445
-2267
-2295
-2288
-2492
-2269
-2402
-2490
-2238
-2259
-2299
-2304
-2152
-2324
-2249
-2330
-2349
-2435
-2387
-2268
-2421
-2284
-2308
-2277
-2488
-2212
-2311
-2360
-2279
-2309
-2301
-2484
-2237
-2515
-2296
-2355
-2353
-2439
-2371
-2300
-2522
-2272
-2394
-2304
-2502
-2287
-2436
-2397
-2299
-2281
-2299
-2480
-2219
-2520
-2311
-2380
-2334
-2431
-2417
-2339
-2491
-2270
-2346
-2272
-2485
-2290
-2435
-2343
-2253
-2344
-2300
-2503
-2247
-2520
-2310
-2413
-2368
-2424
-2468
-2350
-2519
-2243
-2406
-2268
-2512
-2344
-2434
-2435
-2338
-2423
-2322
-2517
-2291
-2505
-2331
-2346
-2291
-2373
-2392
-2352
-2497
-2290
-2417
-2287
-2464
-2370
-2401
-2390
-2338
-2338
-2267
-2494
-2310
-2482
-2350
-2342
-2302
-2325
-2365
-2271
-2439
-2169
-2312
-2279
-2427
-2381
-2400
-2418
-2328
-2420
-2323
-2460
-2280
-2483
-2332
-2357
-2320
-2399
-2463
-2342
-2532
-2305
-2435
-2333
-2458
-2395
-2447
-2467
-2395
-2489
-2342
-2436
-2350
-2484
-2343
-2386
-2397
-2362
-2389
-2311
-2428
-2244
-2383
-2337
-2441
-2365
-2368
-2438
-2282
-2381
-2278
-2427
-2284
-2351
-2298
-2322
-2353
-2363
-2460
-2441
-2564
-2361
-2463
-2381
-2519
-2448
-2445
-2446
-2284
-2366
-2284
-2461
-2427
-2496
-2385
-2311
-2287
-2299
-2427
-2408
-2379
-2296
-2351
-2287
-2317
-2356
-2399
-2342
-2275
-2290
-2239
-2271
-2273
-2326
-2341
-2342
-2330
-2371
-2421
-2463
-2454
-2360
-2356
-2309
-2358
-2391
-2387
-2340
-2303
-2323
-2306
-2370
-2401
-2456
-2276
-2278
-2289
-2256
-2383
-2306
-2297
-2222
-2286
-2279
-2340
-2393
-2386
-2376
-2292
-2367
-2391
-2333
-2490
-2522
-2343
-2406
-2260
-2334
-2359
-2382
-2460
-2380
-2452
-2423
-2403
-2470
-2452
-2382
-2373
-2366
-2328
-2316
-2427
-2405
-2394
-2360
-2403
-2384
-2478
-2461
-2279
-2308
-2303
-2295
-2287
-2389
-2373
-2310
-2287
-2375
-2417
-2402
-2504
-2451
-2361
-2381
-2351
-2363
-2413
-2545
-2399
-2324
-2329
-2346
-2407
-2449
-2541
-2363
-2439
-2327
-2233
-2250
-2387
-2291
-2197
-2284
-2328
-2337
-2327
-2497
-2285
-2322
-2306
-2332
-2271
-2397
-2515
-2304
-2304
-2284
-2317
-2274
-2468
-2444
-2340
-2374
-2366
-2350
-2295
-2396
-2359
-2363
-2346
-2422
-2426
-2437
-2459
-2327
-2388
-2311
-2378
-2300
-2525
-2437
-2295
-2347
-2336
-2392
-2312
-2566
-2312
-2362
-2320
-2422
-2441
-2435
-2461
-2169
-2304
-2286
-2348
-2352
-2537
-2377
-2373
-2360
-2355
-2377
-2283
-2548
-2292
-2310
-2304
-2395
-2349
-2477
-2519
-2310
-2430
-2303
-2317
-2277
-2532
-2422
-2265
-2269
-2360
-2309
-2343
-2594
-2268
-2293
-2285
-2346
-2313
-2363
-2450
-2273
-2377
-2266
-2305
-2291
-2445
-2398
-2264
-2306
-2299
-2323
-2267
-2509
-2309
-2291
-2305
-2329
-2238
-2338
-2402
-2171
-2267
-2183
-2257
-2127
-2309
-2288
-2227
-2358
-2269
-2242
-2278
-2450
-2275
-2370
-2371
-2286
-2268
-2253
-2381
-2232
-2305
-2324
-2413
-2348
-2473
-2456
-2291
-2377
-2333
-2365
-2234
-2370
-2268
-2314
-2317
-2377
-2357
-2396
-2548
-2386
-2419
-2372
-2464
-2370
-2471
-2399
-2298
-2339
-2355
-2420
-2357
-2502
-2396
-2378
-2409
-2438
-2349
-2461
-2510
-2266
-2391
-2365
-2450
-2348
-2473
-2441
-2324
-2358
-2339
-2404
-2353
-2584
-2357
-2391
-2347
-2347
-2337
-2404
-2544
-2251
-2423
-2269
-2279
-2227
-2306
-2349
-2237
-2339
-2282
-2340
-2186
-2426
-2367
-2323
-2341
-2350
-2250
-2344
-2530
-2318
