03311332.PTO
CURN
2012/03/31 13:32:09.3900
100.0000 m/s  
10367 muestras
-8402
-6827
-8591
-7115
-7983
-7994
-6885
-8554
-7195
-8164
-7764
-7191
-8462
-7001
-8219
-7657
-7516
-8055
-7132
-8014
-7547
-7710
-7873
-7361
-7864
-7420
-7650
-7920
-7437
-7831
-7745
-7772
-7643
-7842
-7597
-7596
-7862
-7660
-7377
-8096
-7344
-7442
-7807
-7378
-7896
-7264
-8141
-7266
-8167
-7939
-7279
-8252
-7182
-7750
-7589
-7235
-8165
-7149
-7718
-7791
-7172
-8448
-7050
-7904
-7571
-7631
-7821
-7294
-8145
-7029
-7885
-7526
-7293
-7806
-7257
-7709
-7614
-7525
-7591
-7481
-7705
-7542
-7551
-7528
-7669
-7516
-7525
-7571
-7594
-7555
-7356
-7688
-7262
-7617
-7510
-7451
-7537
-7336
-7561
-7570
-7553
-7561
-7405
-7570
-7626
-7378
-7723
-7021
-7790
-7474
-7351
-8072
-7086
-7888
-7261
-7572
-7811
-7343
-7647
-7302
-7847
-7271
-7794
-7299
-7684
-7484
-7105
-7964
-6963
-8098
-6991
-7411
-7644
-7096
-7997
-7041
-7640
-7393
-7343
-7527
-7103
-7668
-7241
-7360
-7588
-7425
-7620
-7195
-7517
-7636
-7474
-7413
-7431
-7287
-7520
-7354
-7461
-7604
-7218
-7666
-7087
-7326
-7768
-7256
-7436
-7209
-7681
-7568
-7081
-7873
-6951
-7646
-7153
-7369
-7778
-6788
-8069
-7268
-7523
-7362
-7281
-7659
-7438
-7640
-7133
-7396
-7511
-7185
-7551
-7349
-7143
-7677
-7051
-7305
-7471
-7318
-7397
-7239
-7733
-7280
-7485
-7362
-7160
-7576
-7047
-7782
-7485
-7373
-7723
-6909
-7633
-7407
-7471
-7583
-6927
-7584
-7226
-7431
-7309
-7101
-7724
-7015
-7377
-7478
-7003
-7694
-7537
-7461
-7320
-7476
-7488
-7322
-7489
-7009
-7735
-6927
-7582
-7554
-7033
-7833
-7065
-7702
-7294
-7641
-7305
-7124
-7638
-7391
-7533
-7063
-7472
-7307
-7411
-7549
-7336
-7223
-7580
-7652
-6976
-7534
-6993
-7355
-7720
-6864
-7692
-7180
-7189
-7810
-7068
-7635
-6961
-7464
-7751
-6855
-7932
-6946
-7388
-7527
-7281
-7535
-6887
-7696
-7202
-7220
-7507
-7267
-7578
-7246
-7396
-7217
-7050
-7503
-7167
-7487
-7358
-7145
-7688
-7004
-7830
-7211
-7256
-7899
-6896
-8054
-6998
-7528
-7589
-7146
-7839
-6995
-7554
-7331
-7115
-7727
-6933
-7469
-7396
-7028
-7666
-6934
-7694
-7020
-7546
-7221
-7492
-7495
-6919
-7666
-6810
-7768
-7336
-7514
-7485
-7174
-7805
-7210
-7121
-7527
-7274
-7882
-6979
-7493
-7328
-7145
-7681
-6915
-7478
-7102
-7795
-6887
-7526
-7534
-6993
-7991
-7209
-7166
-7945
-6769
-7887
-7366
-7051
-7729
-6610
-8158
-7046
-7626
-7678
-6822
-7715
-7409
-7079
-7941
-6351
-8052
-7989
-6363
-8169
-6731
-7106
-8199
-6681
-7630
-7549
-6226
-8532
-6712
-8043
-7371
-6967
-8168
-6326
-8105
-7388
-6989
-7106
-7700
-7337
-6618
-7941
-6730
-7359
-7889
-6398
-6943
-8883
-6114
-7633
-8010
-4973
-9768
-5530
-7888
-7552
-5665
-9361
-5871
-8693
-6655
-7166
-8017
-6851
-7824
-6833
-7580
-7191
-7631
-6813
-7915
-6698
-7504
-8042
-6441
-8112
-6844
-7765
-7303
-7165
-7783
-6700
-7476
-7643
-7202
-7701
-7260
-7332
-7554
-7062
-7487
-7751
-7172
-7667
-6897
-7989
-7563
-6315
-8905
-5654
-9072
-6506
-7138
-8782
-5206
-10431
-4719
-8643
-7081
-6722
-9072
-5296
-9971
-6015
-7013
-9031
-5919
-7914
-8651
-5257
-9762
-5334
-8509
-8256
-4962
-11144
-3465
-10143
-5885
-7602
-9297
-4675
-10984
-4183
-8206
-8558
-6194
-8668
-5977
-8764
-7972
-5826
-9760
-5554
-8350
-8289
-5144
-10382
-5337
-8658
-7601
-6452
-9230
-5137
-8907
-6740
-7050
-8178
-6025
-8690
-6371
-8017
-7203
-7257
-8108
-6595
-8415
-7031
-7909
-6561
-8182
-7743
-6459
-9163
-6141
-8113
-7986
-6658
-8811
-6027
-8550
-7230
-6560
-9003
-6314
-8369
-6964
-7598
-8032
-6177
-8623
-6977
-7694
-7561
-6653
-8436
-6598
-8053
-6764
-7227
-8352
-6407
-8838
-6115
-7994
-7902
-6281
-9324
-5356
-8594
-7571
-5400
-10617
-4797
-8698
-7798
-5816
-10553
-4173
-10084
-5334
-7544
-8972
-4627
-11305
-3676
-10069
-6733
-6535
-10050
-4361
-10532
-5528
-7945
-8250
-5487
-9600
-5916
-7824
-8183
-5656
-8891
-7571
-6273
-8929
-6841
-7458
-8577
-6103
-8972
-6133
-7958
-8865
-5117
-9991
-5913
-7944
-8209
-6345
-9083
-5948
-8362
-6947
-7340
-7928
-6854
-8173
-7470
-6892
-7786
-8137
-6203
-8236
-7165
-6946
-7897
-7277
-7705
-7454
-7913
-6927
-8172
-6699
-8248
-7016
-7230
-8434
-6005
-8532
-5823
-9254
-6383
-7308
-9025
-5786
-9211
-5940
-8239
-7225
-6786
-8583
-6528
-7866
-7834
-7212
-7564
-7408
-7957
-7135
-7189
-7596
-7402
-7805
-7523
-7608
-7015
-8185
-7253
-7347
-7799
-6893
-7894
-7432
-7670
-7725
-6881
-8294
-7221
-7876
-7513
-7210
-8391
-6797
-8505
-6448
-7734
-7920
-6932
-8010
-6968
-7598
-7455
-7650
-7459
-7789
-6981
-7312
-7304
-7496
-7685
-7104
-7591
-7569
-7440
-7833
-7640
-7395
-7458
-7652
-7589
-7251
-7708
-7640
-7476
-7563
-7743
-7167
-8453
-6856
-7544
-7862
-6841
-8304
-6838
-8362
-7366
-7595
-7300
-7696
-7955
-6371
-8528
-6688
-8437
-7165
-7668
-8536
-5682
-9261
-6421
-8088
-8266
-6368
-9279
-6420
-8215
-7638
-7261
-8556
-5896
-8813
-6946
-7263
-8925
-5573
-9137
-6695
-7840
-8617
-5819
-9554
-5954
-8204
-8168
-6616
-8858
-5891
-9276
-7486
-6220
-9246
-6733
-7742
-8384
-7019
-8937
-6227
-7513
-9174
-5628
-9197
-6712
-7462
-8350
-6529
-8848
-6518
-8283
-7572
-7388
-8345
-6542
-8208
-7645
-7364
-8258
-6793
-8005
-8004
-7034
-8929
-6736
-7742
-8504
-6396
-9042
-7000
-7569
-8500
-6774
-8368
-7040
-8224
-7481
-7273
-8459
-7026
-8288
-7092
-8320
-7307
-7255
-8716
-6169
-8910
-7049
-7518
-7816
-6545
-9737
-6053
-7569
-8739
-6550
-8654
-7096
-8173
-7700
-6736
-9238
-6484
-7700
-8886
-6422
-8478
-7643
-7483
-7943
-6895
-8763
-7105
-7334
-7903
-7536
-8202
-7102
-9089
-6328
-7251
-9995
-4725
-9269
-8460
-5009
-10156
-6051
-8047
-8047
-6646
-9235
-6466
-8763
-6930
-7701
-8152
-6856
-8724
-6871
-8434
-7944
-6725
-8895
-6125
-8544
-7849
-6594
-9299
-6101
-9060
-6944
-8147
-8096
-6681
-9369
-6698
-8297
-7172
-8268
-7627
-8030
-7915
-6337
-9640
-5720
-8992
-7624
-7105
-9235
-5708
-9895
-6419
-8252
-8470
-6097
-9445
-6772
-7976
-8429
-6860
-8326
-7149
-8375
-7769
-7813
-8235
-6676
-9071
-7280
-7453
-8061
-7146
-8378
-7378
-7916
-8072
-6790
-8739
-6864
-7981
-8043
-7194
-8485
-6689
-8664
-7901
-7631
-8065
-7793
-7456
-8177
-7764
-7610
-8153
-7212
-8399
-7342
-7870
-7522
-7700
-8273
-7374
-8003
-7584
-8110
-7435
-7971
-8147
-7640
-8366
-7570
-8200
-7520
-7614
-8093
-7203
-8587
-7571
-8096
-7827
-7494
-8274
-7234
-8375
-7282
-7744
-7917
-7699
-8296
-7451
-7894
-7711
-7486
-7927
-7304
-8144
-7700
-7596
-8358
-7111
-8183
-7603
-7651
-7762
-7224
-8769
-6787
-7909
-8065
-7048
-8760
-6890
-8589
-7327
-7784
-8020
-7397
-7909
-7352
-8238
-7164
-8391
-7616
-7857
-7740
-8065
-8063
-7280
-8172
-7585
-7933
-8325
-7500
-8631
-7013
-7982
-8341
-7225
-8718
-7087
-8202
-7555
-8118
-7536
-7677
-8643
-6658
-8753
-7590
-7690
-8999
-6752
-9067
-7532
-7725
-8754
-6803
-9074
-7138
-7827
-8354
-7248
-8886
-7158
-8112
-8356
-7567
-8350
-7381
-8573
-7078
-8043
-8558
-7244
-8673
-7192
-8123
-7909
-7724
-8457
-7441
-7969
-8177
-7786
-7872
-8139
-7788
-8154
-7739
-8036
-8040
-7623
-8291
-7590
-8174
-7706
-7704
-8331
-7656
-7919
-7682
-7819
-7755
-7901
-8011
-7831
-8292
-7901
-8031
-7898
-8240
-7907
-7911
-7851
-7494
-8408
-7509
-8243
-7811
-7986
-8126
-7337
-8432
-7523
-7900
-8032
-7493
-8399
-7603
-7915
-7744
-7705
-8290
-7357
-7963
-7464
-8108
-7990
-7789
-7850
-7572
-8090
-7674
-7986
-7600
-7777
-7848
-7922
-8091
-7813
-8017
-7810
-7869
-8045
-7347
-8120
-8043
-7881
-7832
-7357
-8030
-7965
-8135
-7810
-7608
-8072
-7816
-7791
-7840
-7748
-8051
-7927
-8175
-7675
-7931
-7718
-7776
-7822
-7822
-7899
-7329
-8380
-7472
-8179
-7795
-7632
-7937
-7364
-8626
-7393
-7962
-7682
-7987
-7947
-7070
-8388
-6921
-8223
-7839
-7520
-8399
-7264
-8027
-7708
-8128
-7818
-7721
-8046
-7852
-8116
-7411
-7847
-8261
-7680
-8078
-8006
-7569
-8283
-7710
-7884
-7910
-7440
-8377
-7624
-8130
-7726
-7434
-8229
-7665
-8093
-7543
-7773
-8171
-7788
-7837
-7669
-7924
-8078
-7821
-7747
-7716
-7762
-8099
-7964
-7867
-7892
-7662
-8132
-8048
-8031
-7852
-7579
-8144
-7975
-8040
-8114
-7785
-7973
-7820
-8164
-8229
-7690
-8163
-7645
-8207
-7938
-7537
-8218
-7726
-8010
-7848
-7904
-7979
-7767
-8054
-7795
-7488
-7802
-7928
-8086
-7727
-7660
-7871
-7779
-7949
-7680
-7940
-8062
-7578
-7935
-7599
-7831
-8365
-7287
-8085
-7908
-7798
-8280
-7447
-8201
-7445
-7705
-8251
-7634
-8008
-7641
-7948
-7953
-7726
-7756
-7805
-7894
-7861
-8068
-7940
-7708
-7898
-7927
-7873
-7831
-7833
-7863
-7672
-8082
-7678
-7648
-7792
-7895
-8293
-7846
-7948
-7794
-7859
-7920
-7901
-7825
-7687
-8033
-7712
-7904
-7994
-7743
-8148
-7753
-7954
-7942
-7902
-8147
-7807
-8062
-7664
-7653
-7929
-8153
-7608
-7636
-7919
-7904
-7928
-7426
-7982
-7926
-8017
-7885
-7739
-7922
-7544
-7631
-7662
-7901
-7912
-7599
-7876
-7953
-7914
-7597
-7724
-7914
-7803
-7923
-7766
-7890
-7722
-7937
-8035
-7984
-7913
-7665
-8002
-8079
-7926
-7901
-7864
-8001
-7867
-7701
-7779
-7769
-7952
-7855
-8035
-8227
-7994
-7887
-7909
-7942
-8075
-7841
-7793
-7972
-7969
-8088
-7867
-7874
-8228
-8149
-7846
-7998
-7882
-8172
-7920
-7825
-8228
-7912
-8166
-7714
-7917
-8084
-7905
-8381
-7817
-8221
-7844
-7787
-8298
-7634
-7954
-7603
-8090
-8220
-7296
-8174
-7819
-8217
-8303
-7151
-8641
-7560
-8084
-7654
-8190
-8479
-7234
-9015
-7046
-8911
-7301
-8096
-8810
-7281
-9210
-6739
-8934
-7489
-7740
-8248
-7110
-8868
-7184
-8764
-7620
-7902
-8145
-7115
-8665
-8001
-8160
-7596
-8086
-8069
-7492
-8046
-7626
-8149
-7899
-7283
-8438
-7634
-8261
-7824
-7305
-8206
-7356
-8232
-7630
-8450
-8163
-7873
-8333
-7585
-8058
-7507
-8163
-8306
-7714
-8053
-7879
-8060
-7441
-7578
-7890
-7627
-8205
-7654
-8316
-7782
-7898
-7417
-7431
-8366
-7635
-8517
-7746
-8152
-7856
-7488
-7865
-7419
-7925
-8228
-7995
-8083
-8055
-7585
-7718
-7573
-7944
-7588
-8004
-8104
-7956
-8057
-7386
-7963
-7282
-7712
-8287
-7690
-8517
-7446
-7543
-7653
-7235
-7962
-7381
-8483
-7874
-7972
-8124
-6908
-7950
-7154
-8120
-8419
-7444
-8781
-7311
-7832
-7501
-7331
-7742
-7556
-8879
-7093
-8878
-7604
-7219
-7969
-6396
-8685
-7754
-7661
-8916
-7055
-7767
-7968
-7196
-7596
-6703
-8508
-7654
-7608
-8758
-7072
-8043
-7831
-6327
-9224
-7397
-7253
-9006
-6453
-9110
-6863
-7584
-9174
-6161
-7916
-7688
-7742
-8118
-7395
-8803
-6356
-8408
-8441
-6407
-9552
-6093
-8583
-8370
-6362
-8952
-7071
-7298
-8842
-6886
-8327
-8054
-6616
-9154
-5804
-9541
-7146
-7064
-9023
-5564
-9768
-6613
-8989
-7704
-7217
-8878
-5956
-8965
-7094
-8052
-8175
-6858
-8615
-6767
-8334
-7350
-7666
-8821
-6872
-9483
-6191
-8353
-8308
-6856
-9175
-6647
-8875
-7567
-7480
-8777
-6555
-8256
-7824
-7105
-8769
-6717
-8557
-7701
-7590
-8719
-6774
-8519
-7450
-7336
-8592
-7209
-8013
-7647
-7022
-8597
-7030
-7943
-7666
-7832
-8205
-7676
-8213
-7561
-8071
-7834
-7581
-7820
-8359
-7447
-7876
-7606
-7651
-8341
-7529
-7857
-7366
-7676
-7948
-7606
-7829
-7695
-7998
-7739
-7853
-8065
-7551
-7774
-7898
-7836
-7942
-7755
-7645
-7835
-7591
-8151
-7523
-7731
-7898
-7816
-8420
-7481
-7912
-7353
-8011
-7856
-7380
-8125
-7482
-7923
-7717
-7684
-7891
-7155
-7841
-7448
-7721
-7971
-7205
-8502
-7014
-8016
-7661
-7167
-8303
-7362
-8439
-7588
-7791
-7627
-7264
-7785
-7461
-8037
-8164
-7991
-8099
-7877
-7746
-7453
-7636
-7940
-7957
-8084
-7758
-7883
-7515
-7622
-7721
-7606
-7894
-7589
-7669
-7356
-7364
-7492
-7486
-7596
-7512
-7766
-7674
-7833
-7724
-7490
-7487
-7528
-7908
-8007
-7954
-7943
-7523
-7672
-7505
-7393
-7565
-7729
-7942
-7844
-7889
-7481
-7617
-7567
-7744
-7810
-8182
-7807
-7705
-7763
-7448
-7961
-7168
-7747
-7706
-7696
-8073
-7292
-7700
-7367
-7613
-7918
-7543
-7899
-7535
-7796
-7517
-7665
-7533
-7354
-7726
-7078
-8101
-7675
-7826
-7790
-7143
-7783
-7233
-7730
-7704
-8009
-7860
-7513
-7955
-7208
-7755
-7432
-7455
-7872
-7512
-7964
-7508
-7505
-7525
-7564
-7829
-7656
-7729
-7599
-7471
-7450
-7432
-7517
-7546
-7828
-7598
-7492
-7624
-7208
-7535
-7340
-7539
-7613
-6948
-7789
-7605
-7713
-7903
-7114
-7667
-7308
-7549
-7576
-7295
-7887
-7179
-7638
-7400
-7238
-7458
-7545
-7882
-7483
-7559
-7518
-7590
-7050
-7956
-7106
-7695
-7860
-6953
-8405
-7029
-8029
-7172
-7206
-7920
-6798
-8026
-7095
-7917
-7510
-6845
-8100
-6970
-8064
-7517
-6974
-7957
-7233
-7983
-7132
-7279
-7799
-7063
-7723
-7116
-7765
-7893
-7200
-7775
-7007
-7949
-7568
-7279
-7864
-7150
-7990
-7475
-7643
-7807
-7292
-7755
-7273
-7290
-7445
-7364
-7744
-7325
-7408
-7586
-7286
-7638
-7564
-7655
-7864
-7554
-7650
-7625
-7472
-7488
-7128
-7587
-7597
-7349
-7526
-7245
-7605
-7434
-7573
-7556
-7404
-7782
-7616
-7931
-7696
-7612
-7455
-7323
-7466
-7315
-7693
-7579
-7726
-7590
-7399
-7396
-7137
-7494
-7462
-7527
-7633
-7499
-7742
-7611
-7558
-7373
-7626
-7843
-7345
-7891
-7541
-7319
-7384
-7379
-7390
-7277
-7774
-7420
-7380
-7793
-7405
-7234
-7711
-7209
-7609
-7704
-7499
-7509
-7479
-7538
-7148
-7550
-7716
-7618
-7416
-7800
-7500
-7661
-7669
-7453
-7669
-7460
-7987
-7736
-7641
-7529
-7228
-7654
-7466
-7674
-7606
-7503
-8078
-7359
-7563
-7402
-7378
-7721
-7231
-7815
-7441
-7721
-7712
-7442
-7748
-7329
-7674
-7514
-7770
-7656
-7438
-7646
-7355
-7765
-7295
-7652
-7658
-7570
-7706
-7201
-7935
-7524
-7627
-7580
-7546
-7902
-7301
-7629
-7156
-7403
-7664
-7264
-8014
-7290
-7888
-7545
-7794
-7561
-7484
-8127
-7292
-8675
-6991
-8337
-7439
-7136
-8177
-6920
-8320
-7205
-7705
-7894
-7575
-7586
-7560
-7457
-7678
-7947
-7688
-7951
-7766
-7806
-7797
-7806
-7671
-7461
-7968
-7925
-7751
-7586
-7411
-7612
-7645
-7694
-7671
-7677
-7654
-7927
-7604
-7554
-7364
-7738
-8052
-7855
-7652
-7652
-8041
-7566
-7676
-7408
-7678
-7954
-7910
-7890
-7619
-7702
-7731
-7797
-7817
-7757
-7650
-8005
-7737
-8040
-7630
-7637
-7984
-7749
-8230
-7599
-8000
-7835
-7578
-7926
-7701
-8181
-7880
-7767
-8021
-7548
-7863
-7588
-7608
-7830
-7762
-8142
-7774
-7825
-7858
-7682
-7651
-7628
-7597
-7956
-7852
-7914
-7646
-7809
-7749
-7497
-7919
-7760
-8164
-7689
-8075
-7830
-7643
-7959
-7499
-7894
-7503
-7670
-7884
-7918
-7799
-7594
-7960
-7619
-7932
-7801
-7760
-7783
-7486
-7786
-7884
-7775
-7878
-7584
-7720
-8306
-7608
-8319
-7406
-7824
-8009
-7432
-8333
-7571
-8065
-7545
-7834
-7773
-7865
-8015
-7713
-8119
-7643
-7840
-7928
-7879
-7822
-8187
-7785
-7835
-7975
-7745
-8058
-7844
-8098
-7635
-7871
-8018
-7673
-8232
-7637
-7996
-7592
-7600
-8211
-7762
-8226
-7633
-7866
-7894
-7801
-7969
-7751
-8248
-7807
-7981
-8021
-7553
-8422
-7380
-7996
-8073
-7211
-8654
-7150
-8290
-7900
-7372
-8629
-7272
-8284
-7960
-7641
-8387
-7694
-7953
-8154
-7578
-7970
-8152
-7995
-7985
-7634
-7966
-8049
-7643
-7831
-7972
-8006
-7881
-7827
-7960
-7939
-7981
-7701
-7902
-7901
-8087
-8065
-7554
-8095
-7673
-8238
-7596
-7629
-8046
-7626
-8392
-7385
-8218
-7810
-7818
-8004
-7643
-8366
-7651
-7902
-8120
-7785
-8141
-7864
-7853
-7722
-7807
-8300
-7485
-8670
-7746
-7948
-8211
-7557
-8349
-7352
-8468
-7943
-7637
-8378
-7666
-8332
-7697
-7612
-8179
-7709
-7946
-7786
-7893
-7752
-8141
-7565
-8290
-7745
-7590
-8420
-7093
-8762
-7450
-7768
-8640
-7067
-8316
-7257
-7836
-8410
-6943
-8655
-7525
-7832
-8134
-7305
-8474
-7404
-8217
-7634
-7766
-8222
-7465
-8424
-7531
-7925
-7945
-7516
-8197
-7658
-7952
-7941
-7735
-8421
-7728
-7939
-7945
-7613
-8082
-7532
-8037
-7777
-8018
-7786
-7807
-7958
-7737
-7969
-7710
-7913
-7535
-8021
-7893
-8099
-7778
-7736
-8145
-7830
-8009
-7839
-7855
-8406
-8107
-8039
-8117
-7801
-8105
-7658
-8168
-7928
-7822
-8112
-7810
-8123
-7669
-7901
-7890
-7703
-8125
-7726
-8163
-7668
-7687
-8039
-7468
-8313
-7590
-8085
-8034
-7715
-8328
-7601
-8189
-7914
-7864
-7891
-7642
-8194
-7742
-8003
-8031
-7498
-8073
-7876
-8061
-8075
-7692
-8194
-7804
-7840
-7917
-7858
-8020
-7913
-7830
-7758
-7833
-7879
-8231
-8031
-8131
-7787
-8067
-8184
-7895
-8052
-7576
-8158
-7911
-8001
-7924
-7902
-7991
-7857
-7983
-7943
-8131
-7730
-8093
-7838
-7931
-7740
-7595
-7979
-7622
-8208
-7716
-7813
-7995
-7696
-8242
-7678
-7872
-7926
-7655
-8032
-7580
-7866
-7994
-7605
-7969
-7607
-7977
-7941
-7718
-8008
-7618
-8165
-7864
-7865
-7881
-7730
-8132
-7767
-7982
-7897
-7861
-8037
-7933
-7926
-7758
-7819
-7795
-7902
-7819
-7575
-7696
-7748
-8010
-7759
-7684
-7817
-7758
-8006
-7700
-7864
-7894
-7710
-7930
-7647
-8015
-7806
-7705
-8137
-7580
-8030
-7637
-7622
-7874
-7633
-7988
-7442
-8005
-7778
-7619
-7688
-7403
-8118
-7736
-7851
-7746
-7546
-7789
-7563
-7893
-7731
-7752
-7760
-7606
-7929
-7683
-7803
-7812
-7612
-7936
-7586
-7778
-7703
-7649
-7875
-7622
-7821
-7658
-7738
-7771
-7689
-7604
-7563
-7582
-7764
-7561
-7854
-7687
-7531
-7891
-7561
-7942
-7637
-7722
-7630
-7595
-7657
-7411
-7746
-7710
-7782
-7632
-7490
-7693
-7724
-7770
-7579
-7583
-7595
-7420
-7841
-7770
-7887
-7783
-7681
-7822
-7547
-7724
-7266
-7760
-7984
-7386
-7668
-7295
-7814
-7988
-7464
-7734
-7542
-7597
-7630
-7468
-7740
-7470
-7562
-7649
-7556
-7691
-7358
-7681
-7774
-7921
-7711
-7337
-7722
-7709
-7921
-7566
-7352
-7769
-7580
-7860
-7618
-7452
-7748
-7379
-7759
-7666
-7593
-7707
-7436
-7689
-7485
-7655
-7491
-7426
-7813
-7666
-7775
-7640
-7667
-7698
-7498
-7623
-7658
-7634
-7624
-7554
-7754
-7562
-7515
-7666
-7578
-7518
-7622
-7679
-7746
-7757
-7605
-7647
-7523
-7695
-7493
-7621
-7753
-7650
-7774
-7592
-7721
-7538
-7515
-7630
-7637
-7713
-7435
-7598
-7703
-7771
-7714
-7490
-7589
-7476
-7557
-7439
-7476
-7733
-7609
-7622
-7511
-7619
-7746
-7616
-7729
-7506
-7589
-7442
-7589
-7816
-7621
-7613
-7449
-7715
-7438
-7461
-7705
-7820
-7934
-7597
-7665
-7799
-7645
-7543
-7414
-7513
-7674
-7537
-7553
-7575
-7699
-7546
-7388
-7461
-7513
-7583
-7522
-7641
-7556
-7558
-7448
-7382
-7566
-7565
-7584
-7486
-7538
-7454
-7471
-7623
-7571
-7569
-7402
-7323
-7547
-7642
-7694
-7702
-7577
-7598
-7685
-7682
-7577
-7543
-7633
-7604
-7581
-7657
-7483
-7609
-7694
-7606
-7694
-7597
-7582
-7569
-7535
-7497
-7500
-7519
-7583
-7590
-7447
-7394
-7469
-7497
-7573
-7609
-7530
-7481
-7475
-7593
-7474
-7540
-7660
-7541
-7547
-7500
-7606
-7705
-7600
-7686
-7654
-7639
-7566
-7443
-7620
-7515
-7436
-7478
-7613
-7628
-7502
-7579
-7596
-7663
-7645
-7593
-7667
-7578
-7576
-7425
-7441
-7585
-7528
-7619
-7548
-7582
-7552
-7564
-7528
-7556
-7546
-7591
-7601
-7552
-7613
-7448
-7580
-7417
-7503
-7548
-7299
-7448
-7487
-7643
-7516
-7501
-7518
-7543
-7670
-7496
-7538
-7442
-7479
-7509
-7543
-7569
-7516
-7531
-7432
-7524
-7600
-7488
-7530
-7514
-7597
-7627
-7636
-7769
-7514
-7542
-7506
-7516
-7582
-7526
-7668
-7662
-7527
-7567
-7501
-7468
-7433
-7565
-7585
-7383
-7442
-7265
-7644
-7597
-7268
-7465
-7302
-7664
-7618
-7403
-7823
-7266
-7545
-7433
-7345
-7752
-7266
-7755
-7508
-7815
-7604
-7226
-7891
-7447
-7628
-7262
-7652
-7561
-7089
-7860
-7051
-7828
-7480
-7213
-7875
-7009
-7697
-7424
-7196
-7570
-7539
-7437
-7639
-7457
-7217
-7613
-7213
-7799
-7468
-7426
-7757
-7353
-8053
-6823
-7771
-7608
-7143
-7879
-6959
-7685
-6868
-7693
-7660
-7184
-7413
-7526
-7332
-7390
-7800
-6812
-7694
-7448
-7595
-7369
-7586
-7514
-7326
-7553
-7105
-8198
-7043
-7661
-7782
-7059
-8023
-6940
-7942
-7271
-7156
-7882
-6868
-8180
-6949
-7659
-7568
-6949
-8154
-6883
-7814
-7220
-7336
-7944
-7033
-7919
-7209
-7483
-7659
-7240
-8015
-7115
-7555
-7598
-7598
-7880
-7194
-7873
-7310
-7515
-7761
-7460
-7547
-7185
-7424
-7295
-7344
-7429
-7359
-7464
-7566
-7450
-7497
-7357
-7345
-7512
-7481
-7458
-7391
-7506
-7377
-7389
-7457
-7364
-7529
-7543
-7319
-7410
-7372
-7570
-7421
-7444
-7428
-7526
-7371
-7488
-7751
-7293
-7732
-7338
-7668
-7587
-7164
-7941
-6987
-7497
-7920
-6970
-8013
-7032
-7481
-7710
-7091
-7289
-7375
-8162
-6944
-8015
-6910
-7186
-7774
-7174
-8061
-6622
-8241
-7282
-7353
-7895
-7257
-8385
-6784
-8171
-7246
-6635
-8283
-6717
-7866
-7703
-6975
-7574
-7469
-7500
-7531
-7403
-7240
-7946
-7268
-7540
-7536
-7655
-7542
-7162
-8014
-7287
-7680
-7668
-7376
-7504
-7622
-7391
-7196
-7865
-7232
-7696
-7119
-8155
-7461
-7054
-9015
-6075
-8474
-7609
-6977
-8820
-5503
-8885
-6852
-6755
-8755
-5665
-9339
-6190
-8081
-7465
-6262
-9319
-5483
-9067
-6594
-7523
-9036
-4863
-9523
-7315
-6011
-9670
-5069
-9436
-6548
-6825
-9914
-4645
-9578
-5873
-8394
-7952
-5945
-9528
-6550
-7687
-7567
-7414
-7734
-7635
-7549
-6726
-8592
-6931
-6754
-9176
-5412
-9017
-7074
-6783
-9001
-5804
-9172
-6579
-7941
-7306
-7373
-7921
-6516
-8799
-6410
-8055
-7253
-7339
-8166
-6268
-8525
-6721
-7521
-8254
-6656
-8312
-6766
-7890
-7338
-6954
-7749
-7162
-7527
-7533
-7334
-6963
-7966
-6890
-7815
-7179
-7339
-7638
-6835
-8344
-6636
-8035
-7112
-7209
-7853
-6471
-8405
-6689
-7829
-7323
-7071
-8052
-6920
-8030
-6898
-7534
-7540
-7201
-7845
-7161
-7542
-7286
-7448
-7721
-7393
-7409
-7326
-7279
-7496
-7424
-7272
-7631
-7213
-7259
-7505
-7269
-7295
-7341
-7320
-7329
-7521
-7312
-7297
-7585
-7121
-7425
-7263
-7043
-7835
-7218
-7392
-7345
-7178
-7674
-7166
-7454
-7432
-7136
-7471
-7292
-7585
-7150
-7372
-7503
-7424
-7746
-7091
-7457
-7176
-7480
-7396
-7219
-7744
-7314
-7355
-7159
-7259
-7585
-7342
-7526
-7451
-7288
-7487
-7327
-7334
-7261
-7280
-7227
-7290
-7492
-7588
-7320
-7222
-7186
-7353
-7295
-7187
-7549
-7236
-7619
-7268
-7292
-7493
-7255
-7427
-7117
-7400
-7289
-7271
-7446
-7274
-7150
-7292
-7500
-7109
-7241
-7356
-7134
-7496
-7199
-7180
-7412
-7065
-7701
-7215
-7271
-7541
-6771
-7890
-6945
-7448
-7604
-6868
-7756
-7022
-7670
-7272
-7257
-7499
-7209
-7610
-6981
-7113
-7824
-6867
-7516
-7229
-7160
-7642
-6799
-7985
-7017
-7346
-7615
-7208
-7216
-7497
-7273
-6947
-7955
-6901
-7428
-7385
-6968
-7687
-6870
-7567
-7504
-6479
-7712
-6927
-7106
-8183
-6327
-7716
-7421
-6724
-8070
-6736
-7475
-7528
-6890
-7065
-7375
-6602
-7816
-6589
-7408
-7842
-5964
-8530
-6261
-7889
-6955
-7097
-7870
-6585
-8126
-6847
-7350
-7318
-7162
-7867
-6923
-7310
-7695
-7027
-7863
-6248
-8296
-6929
-6870
-8327
-6221
-8428
-6452
-7500
-7770
-6387
-8230
-6521
-7622
-7820
-6592
-8032
-7095
-7255
-8040
-6606
-7984
-7227
-6736
-8468
-6374
-8014
-7150
-7362
-7723
-6699
-8449
-6546
-7421
-7419
-7351
-7631
-6749
-7663
-7474
-7163
-7695
-6980
-7606
-7434
-7033
-7843
-6988
-7418
-7198
-7458
-7583
-6792
-7525
-7381
-7085
-7731
-6900
-7395
-7414
-7152
-7706
-6925
-7666
-7393
-7211
-7553
-7281
-7452
-7257
-7304
-7488
-7378
-7246
-7459
-7383
-7560
-7464
-7227
-7674
-7303
-7554
-7281
-7252
-7721
-7469
-7689
-7458
-7531
-7362
-7119
-7870
-7228
-7259
-7427
-6873
-8067
-6848
-7591
-7532
-6956
-8032
-6921
-7641
-7283
-7435
-7608
-7198
-7488
-7300
-7779
-7357
-7444
-7479
-7523
-7719
-7577
-7700
-7281
-7691
-7153
-7752
-7525
-7306
-7522
-7295
-8126
-7257
-7828
-7439
-7531
-7758
-7371
-7827
-7229
-7597
-7542
-7518
-7682
-7485
-7651
-7656
-7578
-7605
-7836
-7474
-7880
-7362
-7463
-7741
-7365
-7788
-7486
-7588
-7785
-7606
-7574
-7596
-7420
-7972
-6804
-8389
-7565
-7186
-8118
-6988
-8143
-7066
-8136
-7011
-7636
-8223
-7142
-8434
-7127
-7723
-7900
-7499
-7768
-7401
-7720
-7452
-7947
-7920
-7426
-7899
-7634
-7680
-7813
-7250
-7868
-7748
-7394
-8021
-7303
-7726
-7765
-7749
-7749
-7448
-7874
-7495
-7863
-7832
-7462
-7739
-7384
-7918
-7452
-7323
-8091
-7086
-7958
-7606
-7490
-7830
-6900
-8326
-7215
-7730
-8229
-6513
-8360
-7231
-7818
-7690
-7247
-8384
-6818
-8612
-7333
-7406
-8502
-6865
-8207
-7895
-7219
-8357
-7207
-7824
-7859
-7231
-8070
-7106
-8437
-6931
-7727
-8337
-6943
-7811
-8428
-6979
-8176
-7585
-6681
-9716
-5725
-8701
-7604
-7104
-8592
-6574
-8946
-6474
-8569
-7426
-6940
-9697
-4988
-10016
-6384
-7305
-10308
-3850
-12018
-5148
-8399
-9063
-4557
-11163
-5313
-8482
-9100
-4744
-9921
-7075
-6884
-9489
-5357
-9185
-7501
-7138
-8133
-7737
-7601
-7404
-7788
-7857
-7317
-7777
-8118
-6506
-8628
-6339
-8607
-7489
-6994
-7965
-7307
-8023
-7149
-7980
-6974
-8475
-6913
-7880
-7777
-6795
-8539
-7149
-7984
-7190
-7354
-7936
-7330
-7758
-7086
-7684
-7677
-7147
-8329
-7062
-7513
-8247
-6863
-8581
-6853
-7703
-8048
-6696
-8629
-6870
-7901
-7329
-7221
-8073
-7093
-8211
-7024
-7908
-7907
-6592
-8446
-7053
-7305
-8112
-7131
-8301
-6743
-8567
-7026
-7106
-8741
-6035
-8781
-7178
-7495
-7910
-7294
-8197
-6740
-8434
-7240
-7496
-8111
-6910
-8401
-6977
-7913
-7950
-7228
-8382
-6701
-8042
-7593
-7268
-8284
-7047
-7838
-7325
-7903
-7683
-7122
-8314
-7099
-8060
-7439
-7388
-7617
-7417
-8081
-7106
-8302
-7298
-7775
-8063
-7192
-8058
-7298
-8171
-7610
-7749
-7943
-7171
-8300
-7307
-7742
-7683
-7444
-7946
-7311
-7978
-7431
-7696
-7881
-7366
-8168
-7460
-7612
-7956
-7370
-8168
-7091
-7564
-8123
-7081
-8401
-7177
-7820
-8107
-7255
-8224
-7227
-8027
-7621
-7770
-7854
-7573
-7817
-7402
-8284
-7324
-7946
-7856
-7344
-8203
-7502
-7697
-7662
-7702
-7812
-7760
-7626
-7772
-7732
-7644
-7887
-7310
-7792
-7710
-7826
-7847
-7517
-7696
-7679
-7788
-7549
-7879
-7313
-7829
-7799
-7376
-7870
-7444
-8269
-7229
-8009
-7560
-7329
-8307
-6966
-8348
-7214
-7659
-7857
-7807
-7845
-7593
-8217
-7379
-8044
-7561
-7746
-7394
-7941
-7578
-7669
-7610
-7907
-8244
-6965
-8845
-6732
-7741
-8397
-6982
-8257
-7342
-8034
-7864
-7199
-8374
-7544
-7651
-8445
-7034
-8628
-7244
-7833
-8292
-7139
-8439
-7294
-8016
-7489
-7880
-7763
-7452
-7949
-7465
-8233
-7629
-7497
-8175
-7427
-8020
-7729
-7680
-7922
-7638
-8179
-7558
-7807
-7785
-7614
-7726
-7967
-7615
-7827
-7720
-7702
-7902
-7531
-7851
-7540
-7746
-7862
-7664
-7817
-7659
-8329
-7602
-7397
-8418
-7125
-8454
-7518
-7563
-8581
-6841
-8718
-7436
-8084
-8203
-6974
-8937
-7112
-8175
-8122
-7363
-8483
-7364
-8140
-7527
-7949
-8379
-7053
-8277
-7692
-7559
-8072
-7821
-7973
-7710
-8357
-7436
-7745
-8009
-7662
-7906
-7433
-8042
-7982
-7470
-8180
-7908
-7780
-8331
-7341
-7931
-7810
-7771
-7830
-7852
-8174
-7665
-8047
-7908
-8015
-7834
-7746
-7990
-7889
-7425
-8481
-7791
-7753
-8276
-7402
-8659
-6881
-8366
-8121
-7087
-9055
-6652
-8840
-7804
-7613
-8883
-6806
-8662
-7307
-8039
-8161
-7510
-8287
-7523
-8148
-7936
-7824
-8153
-7811
-7970
-8321
-7768
-8272
-7782
-7989
-8065
-7768
-8298
-7679
-8246
-8069
-8030
-7902
-7870
-7976
-7858
-8168
-7743
-8373
-7861
-8129
-8112
-7943
-8255
-7703
-8227
-7771
-8081
-7948
-7962
-8163
-7853
-7977
-7838
-7968
-8099
-8045
-8107
-8041
-7959
-8051
-7935
-8021
-7946
-8133
-8027
-8083
-8084
-8062
-8044
-7967
-8059
-7926
-7956
-7951
-7994
-8006
-8073
-8076
-8136
-8116
-8146
-8111
-8174
-8170
-8267
-8311
-8217
-8273
-8060
-8106
-8074
-8136
-8077
-8087
-8163
-8061
-8129
-8046
-8214
-8113
-7971
-8108
-8000
-8142
-8110
-8039
-8301
-8005
-8236
-8014
-7918
-8188
-7827
-8232
-7902
-8068
-8119
-8020
-8199
-8006
-8230
-8065
-8067
-8181
-8201
-8095
-8268
-7941
-8119
-8219
-8143
-8286
-7859
-8244
-8128
-8332
-8142
-8081
-8182
-8181
-8259
-7898
-8127
-7782
-8142
-7962
-7934
-8090
-7757
-8155
-8013
-8071
-8015
-7938
-8183
-7950
-8047
-7976
-7899
-8163
-7890
-8181
-7989
-8019
-8282
-7978
-8280
-8011
-8063
-8002
-7960
-8154
-7986
-8096
-7835
-8112
-8129
-8024
-7975
-8061
-8029
-7928
-8148
-8011
-8228
-7977
-8097
-8006
-8049
-8192
-7978
-8119
-8028
-8071
-7988
-7990
-8036
-8024
-8084
-8067
-8183
-8183
-8068
-8139
-8081
-8138
-8063
-8200
-8276
-8187
-8139
-8066
-8138
-8020
-8040
-8139
-8141
-8097
-8129
-8163
-8201
-8132
-8014
-7969
-8111
-8093
-8143
-8194
-8146
-8236
-8206
-8178
-8194
-8128
-8163
-8236
-8127
-8247
-8177
-8161
-8119
-8152
-8212
-8063
-8185
-8111
-8179
-8181
-8067
-8167
-8123
-8218
-8174
-8139
-8181
-8151
-8278
-8142
-8143
-8137
-8116
-8232
-8130
-8138
-8114
-8043
-8155
-8198
-8191
-8208
-8122
-8181
-8212
-8224
-8257
-8128
-8248
-8152
-8178
-8194
-8043
-8365
-8164
-8249
-8237
-8245
-8361
-8129
-8305
-8161
-8331
-8215
-8164
-8244
-8141
-8258
-8122
-8287
-8329
-8229
-8242
-8175
-8265
-8251
-8137
-8258
-8235
-8361
-8242
-8169
-8275
-8107
-8243
-8137
-8258
-8180
-8088
-8305
-8124
-8207
-8080
-8190
-8198
-8003
-8136
-8031
-8115
-8158
-8177
-8157
-8121
-8266
-8219
-8211
-8201
-8152
-8293
-8177
-8257
-8347
-8109
-8314
-8247
-8231
-8287
-8099
-8241
-8093
-8166
-8184
-8198
-8219
-8330
-8442
-8223
-8277
-8089
-8284
-8263
-8335
-8329
-8114
-8304
-8230
-8311
-8241
-8112
-8020
-8102
-8148
-8036
-8233
-8065
-8226
-8242
-8060
-8272
-7922
-8176
-8096
-8019
-8203
-7998
-8239
-8100
-8141
-8175
-8019
-8127
-8195
-8222
-8193
-8167
-8098
-8185
-8204
-8216
-8279
-8228
-8206
-8165
-8183
-8138
-8098
-8113
-8235
-8207
-8192
-8146
-8168
-8154
-8184
-8189
-8113
-8222
-8075
-8231
-8144
-8227
-8210
-8100
-8255
-8035
-8193
-8126
-8048
-8238
-8055
-8193
-8113
-7995
-8177
-7990
-8160
-8072
-8076
-8068
-7881
-8070
-7968
-8152
-8213
-8262
-8200
-8235
-8393
-8046
-8188
-8020
-8123
-8176
-7950
-8208
-8020
-8171
-8140
-8061
-8136
-7986
-8091
-7980
-8007
-8100
-8052
-8102
-8125
-8181
-8111
-8017
-8120
-8212
-8238
-8217
-8143
-8100
-7999
-7986
-8024
-8018
-8097
-8079
-8159
-8111
-8049
-8128
-7995
-8095
-8021
-8046
-8079
-7968
-8071
-7996
-8088
-8121
-8121
-8081
-8058
-8087
-8147
-8247
-8189
-8242
-8202
-8137
-8163
-8072
-8034
-8045
-8125
-8117
-8020
-8070
-8031
-8126
-8112
-8027
-7987
-7906
-7979
-8046
-8114
-7966
-7850
-7887
-8011
-8150
-8008
-7991
-8087
-8125
-8200
-8007
-7931
-7952
-8068
-8162
-8033
-8093
-8054
-8093
-8112
-8069
-8079
-7972
-8030
-8080
-8067
-8110
-8062
-8048
-8013
-7955
-7910
-8020
-8006
-7940
-7976
-7903
-8062
-7935
-7998
-8017
-7911
-8169
-8006
-8039
-8124
-7976
-8043
-8007
-8028
-8079
-8004
-8137
-8141
-8058
-7967
-7819
-7933
-8007
-7993
-8027
-7905
-8076
-7997
-7857
-8051
-7767
-8011
-7897
-7913
-7882
-7881
-8057
-7735
-8231
-7698
-8011
-8123
-7714
-8282
-7956
-8012
-7921
-7956
-8072
-7820
-8058
-7982
-7822
-8048
-8058
-7861
-7945
-8098
-7984
-8144
-8003
-8043
-7992
-7944
-7925
-7771
-8065
-7726
-7977
-8043
-7870
-8065
-7778
-7912
-7895
-7881
-8111
-7715
-8158
-7932
-7916
-8174
-7700
-8377
-7532
-8282
-8294
-7478
-8447
-7674
-8145
-7996
-7896
-8027
-7739
-8150
-7703
-8199
-7778
-8103
-8014
-7661
-8453
-7542
-8196
-8082
-7802
-8036
-7807
-8153
-7810
-8020
-8010
-7900
-8161
-8143
-7912
-7885
-8054
-7797
-7945
-8055
-7686
-8043
-7903
-7933
-8048
-7961
-7964
-8049
-8100
-7781
-8273
-7957
-7972
-8068
-7824
-7924
-7945
-8053
-7882
-8258
-7888
-8032
-8121
-7845
-8190
-7915
-8251
-8132
-8196
-8176
-8015
-8191
-7869
-8109
-7909
-8010
-7976
-7819
-8330
-8072
-8055
-8259
-8111
-8285
-8076
-8056
-8291
-8089
-8228
-8097
-8102
-8230
-8130
-8001
-8253
-8085
-7905
-8247
-7934
-8334
-8116
-8199
-8317
-8022
-8522
-7726
-8192
-8530
-7861
-8372
-8009
-8401
-8013
-8031
-8197
-8051
-8746
-7695
-8008
-8336
-8122
-7943
-7937
-8159
-8134
-7601
-8204
-8211
-7698
-8148
-7659
-8413
-7642
-8364
-7867
-7938
-8647
-7164
-8516
-7473
-8150
-7896
-7907
-8016
-7355
-8678
-7187
-8367
-7679
-8072
-8142
-7749
-8631
-6825
-8702
-7641
-7746
-8608
-6993
-8581
-7919
-7994
-7946
-7665
-8151
-7609
-8591
-7677
-7783
-8299
-7631
-8313
-7723
-7783
-8143
-7906
-8458
-7282
-8241
-7926
-7657
-8641
-6992
-8299
-7789
-7822
-8343
-7623
-8312
-7644
-7824
-8096
-7700
-8326
-7909
-8045
-7985
-7858
-8373
-7811
-8112
-7805
-8062
-7973
-8111
-8151
-7993
-8128
-7899
-8009
-7814
-8209
-8019
-8128
-8192
-7903
-8259
-8034
-7932
-8246
-7772
-8212
-7849
-7882
-8412
-7609
-8131
-8035
-7923
-8098
-7954
-8132
-7879
-7965
-7880
-7919
-8276
-7775
-8202
-8120
-7944
-8345
-7908
-8432
-7863
-7986
-8432
-7856
-8330
-7978
-8040
-8260
-7871
-8089
-7966
-7936
-8269
-7961
-8168
-8195
-7946
-8253
-7988
-8183
-8007
-8025
-8259
-7855
-8310
-8174
-8045
-8090
-8022
-8242
-8094
-8007
-8156
-8118
-8068
-8307
-7994
-8301
-7945
-8177
-8300
-7919
-8254
-7901
-8386
-7835
-8217
-8004
-7920
-8356
-7816
-8335
-7860
-8375
-7967
-7850
-8527
-7781
-8359
-7936
-8084
-8228
-7813
-8295
-7900
-8111
-8224
-7981
-8094
-8397
-7805
-8143
-7848
-8408
-8223
-7463
-8664
-7578
-8147
-8186
-7904
-8134
-7759
-8398
-7665
-8185
-8304
-7861
-8279
-7988
-8630
-7537
-8609
-7841
-8321
-8564
-7433
-8975
-7235
-8684
-7870
-7922
-8318
-7865
-8475
-7880
-8273
-8013
-8059
-8243
-7713
-8602
-8159
-7197
-8992
-7429
-8206
-8007
-7798
-8605
-7385
-8722
-7688
-7926
-8666
-7477
-8486
-7786
-7872
-8389
-7718
-8198
-7751
-8287
-7878
-8081
-8150
-7788
-8321
-7902
-8269
-8013
-8020
-8080
-7917
-8225
-7867
-8104
-7887
-8084
-8231
-7931
-8217
-7778
-8433
-8058
-8071
-8232
-7751
-8297
-7729
-8221
-7983
-7912
-8189
-7813
-8255
-7623
-8214
-8020
-7929
-8451
-7754
-8297
-8020
-8174
-8155
-7904
-8340
-7626
-8181
-8273
-8126
-8410
-7852
-7953
-8065
-8406
-7789
-8225
-8146
-7727
-8571
-7341
-8434
-8578
-7432
-8377
-8054
-8191
-7621
-8277
-8130
-8034
-8426
-7225
-8913
-7899
-7888
-8174
-7852
-8344
-7602
-8161
-8309
-7418
-8432
-8137
-7255
-8832
-7226
-8511
-7699
-8104
-8570
-6801
-9271
-7363
-8353
-8350
-7385
-9174
-7285
-8705
-7724
-7916
-8708
-7460
-9070
-7059
-8849
-7830
-7989
-8697
-7466
-8987
-7266
-8495
-8328
-8010
-8415
-7984
-8091
-8737
-7552
-8704
-8141
-7262
-9499
-6592
-8754
-8188
-7599
-8916
-6968
-8930
-7583
-8240
-8787
-6691
-9093
-7558
-8291
-8692
-7034
-8897
-7585
-8384
-7915
-8075
-8088
-8016
-8449
-7872
-8324
-7878
-8383
-8060
-8392
-8140
-7739
-8616
-8078
-7836
-8713
-7650
-8477
-7685
-8046
-8600
-7211
-8757
-7856
-7731
-8493
-7670
-7955
-8478
-7637
-8527
-8008
-7954
-8715
-7224
-8536
-8521
-7138
-9244
-7427
-7957
-8867
-6993
-9202
-7217
-8427
-8372
-7713
-8900
-7322
-8804
-7631
-8175
-8505
-7737
-8312
-8068
-8308
-7897
-8413
-8103
-7967
-8245
-8146
-8348
-8321
-8010
-8383
-7950
-7944
-8674
-7465
-8439
-8009
-7586
-8831
-7284
-8650
-8104
-7455
-8796
-7180
-8585
-7766
-8144
-8323
-7465
-8625
-7528
-8352
-7859
-8047
-8101
-7894
-8242
-8077
-8238
-7811
-7990
-8058
-8094
-8046
-8193
-7894
-8510
-7892
-8111
-8328
-7503
-8574
-7985
-8055
-8196
-7943
-8276
-8086
-7893
-8125
-8050
-8241
-7960
-7770
-8284
-7714
-8198
-7771
-8124
-8276
-7529
-8683
-7791
-8299
-8145
-7834
-8627
-7560
-8372
-7773
-8150
-8321
-7934
-8385
-7954
-8221
-7982
-8305
-8112
-7992
-8130
-8232
-8408
-7698
-8155
-8183
-7996
-8651
-7816
-8170
-7938
-8510
-8280
-7797
-8712
-7819
-8625
-8012
-8160
-8313
-7838
-8756
-7601
-8243
-8276
-7872
-8468
-7940
-8336
-7972
-8322
-7837
-8481
-8019
-7897
-8823
-7787
-8593
-7785
-8385
-7950
-8140
-8215
-7603
-8707
-7726
-8227
-8089
-7818
-8355
-7716
-8204
-8197
-7960
-8410
-8091
-8433
-7961
-7985
-8460
-7808
-8177
-8101
-8142
-8571
-7699
-8358
-8411
-7995
-8433
-8066
-8468
-8101
-8403
-8101
-8218
-8509
-8087
-8543
-8131
-8119
-7948
-8229
-8334
-8051
-8284
-8258
-8018
-8483
-8194
-8228
-8058
-8078
-8430
-7945
-8450
-7892
-8590
-8059
-8228
-8581
-7842
-8557
-7933
-8561
-8170
-8066
-8429
-7922
-8476
-8152
-7983
-8132
-8112
-8166
-8048
-8174
-8167
-8162
-8119
-8183
-8093
-8111
-8092
-8060
-8221
-8018
-8226
-8014
-8153
-7888
-8003
-8336
-8081
-8383
-7897
-8211
-8254
-8238
-8331
-8080
-8354
-8115
-8215
-8369
-8147
-8315
-8108
-8056
-8252
-7955
-8390
-8193
-8281
-8382
-8171
-8463
-8038
-8321
-8234
-8115
-8273
-8150
-8308
-8327
-8202
-8206
-8153
-8102
-8332
-8326
-8320
-8236
-8307
-8313
-8261
-8181
-8199
-8317
-8217
-8346
-8215
-8293
-8300
-8179
-8236
-8212
-8426
-8237
-8248
-8206
-8046
-8187
-8277
-8143
-8339
-8274
-8158
-8230
-7894
-8459
-8128
-8340
-8437
-7827
-8424
-8322
-8146
-8382
-8146
-8225
-8201
-7947
-8425
-8027
-8417
-8321
-8131
-8603
-7837
-8515
-8113
-8301
-8403
-7940
-8595
-8056
-8390
-8366
-8202
-8202
-8353
-8119
-8293
-8435
-8309
-8363
-8175
-8312
-8251
-8218
-8109
-8323
-7962
-8555
-8083
-8289
-8159
-8237
-8435
-7900
-8803
-7530
-8309
-8784
-7542
-8273
-8405
-7979
-8570
-8152
-8531
-7951
-8080
-8993
-7534
-8571
-8000
-7759
-8562
-7896
-8484
-8193
-8287
-8516
-8163
-7980
-8211
-8486
-7896
-8311
-8017
-8035
-8366
-7855
-8341
-8180
-8050
-8333
-8078
-8278
-8125
-7981
-8313
-8025
-8182
-8170
-8054
-8311
-8222
-8141
-8253
-8184
-7989
-8199
-8138
-8108
-8139
-8099
-8274
-8049
-8271
-8141
-7963
-8305
-8138
-8113
-8070
-7949
-8495
-7972
-8037
-8222
-7977
-8385
-7866
-8489
-7959
-8345
-7993
-8124
-8526
-7792
-8355
-7721
-8628
-7622
-8595
-8308
-7448
-8848
-7363
-8715
-7687
-8071
-8655
-7383
-8889
-7452
-8450
-8207
-7936
-8610
-7512
-8742
-7778
-8315
-8233
-7747
-8674
-7755
-8575
-7935
-8055
-8530
-7659
-8559
-7725
-8293
-8188
-7834
-8592
-7684
-8420
-7973
-8170
-8508
-7802
-8552
-7938
-8316
-8269
-7954
-8530
-7896
-8503
-8298
-8150
-8260
-8154
-8220
-7974
-8148
-7885
-8330
-8208
-8189
-8504
-7980
-8287
-8139
-8116
-8542
-7931
-8448
-8003
-8013
-8480
-7655
-8464
-7977
-8275
-8309
-7856
-8625
-8133
-8283
-8184
-8347
-8335
-8005
-8407
-8108
-8360
-8438
-8031
-8627
-8141
-8224
-8482
-7928
-8588
-7892
-8455
-8435
-7572
-8781
-7562
-8375
-8406
-7668
-8760
-7435
-8486
-8067
-7894
-8516
-7628
-8582
-7965
-8307
-8471
-8098
-8615
-8085
-8449
-8137
-8278
-8356
-7911
-8416
-7911
-8264
-8200
-8002
-8235
-7915
-8319
-8313
-8133
-8339
-8199
-8222
-8436
-7888
-8209
-8316
-7927
-8525
-7987
-8220
-8108
-8054
-8532
-7858
-8721
-8008
-8266
-8593
-7890
-8766
-7957
-7996
-8482
-7620
-8685
-8314
-7576
-9153
-7627
-8214
-8504
-7752
-8688
-7741
-8274
-8201
-7891
-8558
-7918
-8360
-8106
-7608
-8781
-7729
-8090
-8536
-7561
-8776
-8126
-7923
-8669
-7619
-8646
-8013
-8134
-8524
-7752
-8941
-7771
-8314
-8390
-7978
-8606
-7847
-8675
-8163
-8112
-8612
-7919
-8589
-8058
-8165
-8445
-8288
-8036
-8164
-8264
-8126
-8546
-8020
-8483
-8382
-8097
-8232
-8277
-8198
-8536
-7834
-8581
-8629
-7598
-9123
-7634
-8794
-8054
-7934
-9376
-6918
-9677
-7629
-8320
-9015
-7131
-9879
-7123
-8907
-8493
-7686
-9077
-7434
-9085
-8050
-8298
-8710
-7739
-8640
-8038
-8293
-8397
-7831
-8371
-8226
-8237
-8403
-8337
-8332
-8001
-8296
-8091
-8002
-8344
-8144
-8216
-8118
-8456
-8205
-7539
-8689
-7949
-7944
-8779
-7581
-8995
-7774
-8486
-8572
-7515
-9326
-7416
-8692
-8024
-8151
-8748
-7465
-8939
-7513
-8309
-8473
-7685
-8843
-7536
-8017
-8661
-7464
-8499
-8013
-7903
-8634
-7455
-8502
-8414
-7354
-8511
-7849
-7986
-8462
-7508
-8732
-8018
-8282
-8709
-7596
-8761
-8098
-8288
-8648
-7380
-9001
-8122
-8033
-8573
-7446
-8786
-7608
-8753
-8089
-8182
-8590
-7438
-9044
-7513
-8683
-8355
-7602
-8890
-7537
-8486
-8186
-7833
-8656
-7596
-8752
-7610
-8503
-8590
-7840
-8936
-7522
-8985
-7949
-8171
-8466
-7977
-8425
-8016
-8677
-7518
-8353
-8220
-7731
-8894
-7576
-8734
-7723
-7680
-9137
-6858
-9527
-7606
-8097
-9049
-6865
-9426
-6895
-8775
-8114
-7860
-8880
-7203
-9225
-7370
-8606
-7978
-8162
-8197
-7639
-8743
-7811
-8517
-8066
-8051
-8333
-7968
-8094
-8490
-7730
-8751
-7661
-9010
-7704
-8178
-8382
-7793
-9020
-7136
-9441
-6678
-8982
-7814
-7619
-9222
-6428
-9556
-7181
-7997
-8964
-6258
-9878
-6821
-8279
-8280
-7106
-9920
-6267
-9185
-6974
-8836
-8446
-6987
-9021
-7434
-8977
-7062
-8758
-8043
-7480
-8779
-7408
-8637
-7604
-8456
-7768
-8887
-7808
-7899
-9410
-6071
-10130
-6877
-8880
-8131
-7300
-9708
-6573
-9423
-7217
-8831
-8066
-7417
-9029
-7241
-8644
-8317
-7785
-8491
-8458
-7849
-8319
-8154
-7811
-8776
-7263
-8647
-8223
-7693
-9124
-7427
-8898
-7611
-8080
-8641
-7589
-9085
-7132
-8599
-8392
-7618
-8974
-7050
-9135
-7412
-8297
-8790
-6882
-9567
-6926
-9154
-8484
-7779
-9251
-7235
-9148
-7576
-8535
-8378
-7441
-9234
-7508
-8676
-8322
-7872
-8781
-7683
-8622
-8081
-8005
-8583
-8012
-8492
-8112
-8412
-8506
-8115
-8625
-8063
-8631
-8154
-8084
-8960
-7645
-8941
-8222
-8334
-8616
-7815
-8917
-7746
-8957
-8364
-8562
-8423
-8195
-8769
-7806
-8874
-7708
-8532
-8658
-8082
-8973
-8324
-8407
-8518
-7966
-8894
-8169
-8429
-8680
-7769
-8798
-7593
-9104
-8249
-8172
-8929
-7691
-9282
-7905
-8582
-8666
-7938
-8770
-8034
-8381
-8367
-8136
-8768
-8111
-8360
-8369
-7925
-8755
-8229
-8623
-8699
-8349
-8527
-7966
-8272
-8518
-8267
-8588
-8266
-8563
-8450
-8401
-8474
-8150
-8531
-8368
-8092
-8194
-8529
-8389
-8562
-7906
-8449
-8346
-8401
-8629
-7887
-8906
-8153
-8838
-8493
-7768
-9001
-7815
-8505
-8317
-8291
-8500
-8308
-8669
-8163
-8634
-7894
-8471
-7992
-8370
-8569
-8047
-8629
-8448
-8557
-8366
-8226
-8380
-8455
-8211
-8932
-8157
-8297
-8261
-8135
-8577
-8261
-8661
-8356
-8498
-8677
-8281
-8423
-8243
-8173
-8623
-8284
-8320
-8521
-8359
-8520
-8525
-8364
-8412
-8254
-8556
-8450
-8369
-8493
-8327
-8499
-8150
-8238
-8507
-8299
-8342
-8308
-8464
-8432
-8196
-8331
-8491
-8356
-8337
-8315
-8389
-8501
-8264
-8286
-8105
-8456
-8186
-8381
-8391
-8084
-8456
-8379
-8386
-8452
-8651
-8083
-8303
-8695
-8355
-8337
-8227
-8517
-8749
-8310
-8476
-8750
-7959
-8396
-8553
-8037
-8508
-8455
-8271
-7783
-9251
-7979
-8149
-8416
-8174
-8515
-7974
-9283
-7685
-8779
-8019
-8728
-7601
-8667
-8755
-7487
-9650
-6895
-9656
-7789
-8567
-8917
-7423
-9699
-7291
-9214
-8273
-8305
-8866
-7821
-8963
-8273
-8480
-8594
-8202
-8357
-8301
-8395
-8926
-7565
-9182
-8294
-8502
-9242
-7582
-8953
-7963
-8396
-8708
-8041
-8474
-8331
-8028
-8699
-8164
-8994
-8075
-8500
-8583
-7490
-9949
-7717
-8769
-8891
-7821
-9199
-8126
-8730
-8308
-8840
-8371
-8678
-8890
-8360
-8945
-7762
-9503
-7676
-8513
-8844
-7590
-9551
-7632
-8672
-8572
-8186
-8794
-8413
-7954
-8755
-8506
-7749
-9253
-7736
-8912
-8556
-8044
-9042
-7638
-9478
-8136
-8331
-9472
-7327
-9801
-7762
-8016
-9354
-7321
-9811
-7482
-9345
-8449
-8416
-9476
-6501
-10621
-6603
-8999
-9298
-6460
-10418
-6740
-9499
-8251
-8012
-9462
-7241
-9936
-7416
-9270
-8220
-8252
-9543
-6770
-9955
-7024
-8472
-8936
-7453
-9765
-7455
-9129
-8072
-8049
-9367
-7430
-9326
-8345
-8475
-9038
-7684
-9503
-7562
-8906
-8892
-7435
-9439
-7584
-8755
-8842
-8132
-9043
-8121
-8563
-8575
-7917
-9086
-7984
-8488
-8359
-7880
-9565
-7146
-9214
-7951
-8170
-9630
-6645
-9198
-8101
-8307
-8829
-7910
-8651
-8375
-8312
-8430
-8395
-8374
-8834
-8178
-8262
-8558
-8196
-8184
-8858
-8427
-8285
-8405
-8252
-8593
-8510
-8283
-8414
-8265
-8266
-8563
-8432
-8495
-8282
-8347
-8368
-8325
-8032
-8607
-8193
-8505
-8743
-8216
-8806
-8231
-8900
-8134
-8356
-8672
-8088
-9126
-7927
-8533
-8631
-7758
-8989
-8252
-8394
-8600
-8318
-8698
-8175
-8587
-8374
-8386
-8711
-8088
-8592
-8651
-8391
-8342
-7897
-8519
-8387
-8570
-8679
-8357
-8600
-8175
-8623
-8380
-8302
-8355
-8174
-8589
-8313
-8240
-8529
-8380
-8411
-8273
-8135
-8651
-8453
-8567
-8395
-8350
-8439
-8136
-8518
-8456
-8465
-8320
-8199
-8573
-8426
-8376
-8239
-8476
-8221
-8217
-8496
-8228
-8647
-8079
-8344
-8361
-8600
-8374
-8043
-8852
-8325
-8637
-8348
-8392
-8539
-8045
-8553
-8292
-8390
-8425
-8279
-8485
-8217
-8291
-8240
-8611
-8365
-8429
-8478
-8294
-8607
-8171
-8539
-8375
-8404
-8540
-8253
-8551
-8237
-8382
-8532
-8363
-8475
-8016
-8503
-8542
-8065
-8661
-7874
-8397
-8394
-8340
-8733
-7828
-8774
-8001
-8321
-8325
-8059
-8685
-8192
-8434
-7996
-8856
-8111
-8674
-8254
-7658
-9441
-7291
-9107
-7571
-8329
-9176
-6735
-9716
-7223
-8728
-8316
-7794
-8586
-7609
-8651
-8047
-8138
-8198
-8699
-7283
-8863
-8013
-7868
-8912
-7237
-8795
-7745
-7888
-8909
-7699
-9182
-7962
-8183
-8725
-7374
-9103
-7565
-8195
-8738
-7504
-8720
-8097
-8304
-8655
-7813
-8859
-8034
-7909
-9215
-7408
-8933
-8145
-7416
-9130
-7039
-9035
-7843
-7814
-8763
-7249
-9489
-7130
-8382
-8407
-7596
-9058
-7066
-9210
-8156
-7844
-8719
-7025
-8875
-7970
-7937
-8481
-7971
-8598
-7633
-8673
-8251
-8046
-8156
-7858
-8685
-7941
-8568
-8137
-8323
-8437
-8011
-8709
-7553
-8582
-7965
-8107
-8848
-7569
-8587
-7581
-8415
-8108
-7894
-8767
-7544
-8666
-7799
-8225
-8435
-7948
-8644
-7721
-8349
-8110
-8156
-8135
-8294
-8495
-7219
-8718
-8262
-7975
-8876
-7473
-8903
-8043
-8256
-8785
-7485
-8782
-7402
-8453
-8432
-7233
-8861
-7904
-8047
-8567
-7850
-8335
-7592
-8663
-8495
-7437
-9047
-8257
-7527
-8997
-7742
-7699
-8984
-7178
-9020
-7373
-8557
-8699
-7771
-8944
-6982
-9021
-7399
-8391
-8190
-8062
-7982
-8184
-8083
-7739
-8942
-7083
-9252
-7310
-8235
-8110
-7531
-9171
-7316
-8556
-7679
-8579
-8546
-7726
-8761
-7233
-8679
-8038
-7884
-8584
-7265
-9091
-7589
-8263
-8812
-7397
-8767
-7923
-8091
-8234
-7757
-8563
-7602
-8632
-8273
-7886
-8767
-7686
-8894
-8182
-8239
-8279
-8084
-8687
-7992
-8595
-7595
-8467
-9290
-7223
-9161
-7649
-8038
-8815
-7272
-8978
-7462
-8901
-7973
-8406
-8765
-7707
-8018
-8410
-8108
-7305
-9418
-6981
-8727
-8396
-6805
-9716
-7114
-8147
-8859
-6830
-9714
-7154
-8351
-8976
-7082
-9650
-7269
-8215
-8962
-6991
-9511
-7618
-7966
-9400
-6363
-9743
-6333
-9309
-7930
-7000
-10124
-6306
-10204
-7327
-8257
-8876
-7904
-8389
-8345
-8218
-7997
-8957
-7748
-8555
-8087
-8220
-8546
-7974
-8182
-8233
-8423
-8470
-8347
-7826
-8600
-8590
-7590
-9074
-8006
-8035
-8761
-8245
-8408
-8064
-8832
-7608
-8503
-8433
-7831
-8808
-8171
-8675
-8188
-8341
-8001
-8508
-8276
-8409
-8192
-7998
-8712
-8117
-8578
-8177
-8727
-8353
-8569
-8347
-8275
-8596
-8286
-8425
-8590
-8242
-8504
-8634
-7927
-9095
-7946
-8388
-8922
-7998
-9001
-8069
-8488
-8569
-7780
-8999
-8201
-8583
-8349
-8154
-9025
-7932
-8901
-8089
-8411
-8922
-7600
-9292
-7664
-9272
-7767
-8284
-9763
-6251
-10947
-6691
-9012
-9375
-6937
-10078
-6888
-9809
-7562
-8288
-9642
-7023
-9784
-7953
-7879
-9952
-6481
-10141
-7950
-8328
-8922
-7240
-10688
-5512
-10958
-7426
-7267
-11093
-5955
-10426
-7261
-8285
-9581
-7141
-9446
-8272
-8267
-8682
-8169
-8620
-8953
-7391
-9123
-8395
-7750
-8925
-8088
-9160
-7584
-8741
-8744
-7893
-8733
-7982
-8850
-8255
-8386
-8787
-8325
-8659
-8211
-8839
-8083
-8966
-8463
-7887
-9494
-7884
-8526
-8994
-8178
-8835
-8211
-8368
-9327
-7788
-8571
-8556
-8202
-9047
-8024
-8438
-9003
-7566
-8876
-9235
-7510
-9695
-7536
-8471
-9263
-7746
-9387
-7653
-9144
-8395
-8482
-9076
-7706
-9477
-8295
-8703
-8566
-8228
-8742
-8180
-8931
-8262
-8741
-8658
-8706
-8721
-8599
-8587
-8451
-8954
-8168
-8925
-8426
-8420
-8952
-8235
-8396
-8663
-8290
-8730
-8486
-8382
-8825
-8147
-9006
-8509
-8449
-8671
-8388
-8837
-7996
-8934
-8933
-7755
-9529
-8254
-8752
-8494
-8339
-9242
-7792
-9879
-7389
-9147
-9290
-7558
-10142
-7456
-9143
-8654
-7813
-9694
-7861
-9187
-8638
-8231
-9016
-8344
-8694
-8198
-9119
-8419
-8870
-9055
-8053
-9433
-8108
-9041
-8448
-8353
-9407
-7650
-9475
-8030
-8710
-8835
-7777
-9649
-7921
-8711
-8895
-7627
-9930
-7735
-8349
-9757
-7353
-9553
-8164
-8671
-8756
-8276
-8973
-8438
-8575
-8765
-8444
-8711
-9009
-7919
-9273
-8040
-9226
-8944
-7740
-9552
-8160
-8821
-8730
-8176
-9109
-8222
-9357
-7500
-9102
-8892
-7838
-9592
-7526
-9221
-7797
-9809
-7893
-8542
-9529
-7268
-10292
-6598
-9984
-8610
-7676
-10216
-7060
-9911
-8002
-8612
-8817
-8166
-9541
-7676
-9050
-8005
-8850
-8612
-7862
-9417
-7680
-8852
-8634
-7865
-9247
-7645
-9073
-8430
-8333
-8369
-7711
-10492
-6883
-9270
-9201
-7468
-9546
-7717
-9231
-8033
-8383
-9336
-7843
-8849
-8665
-8507
-9185
-7922
-8684
-8926
-8287
-8963
-8694
-8043
-9316
-7887
-8712
-9230
-7303
-9468
-7808
-8619
-8954
-8121
-8410
-8501
-8699
-8488
-7944
-9157
-8182
-8242
-9051
-7816
-9250
-7446
-9276
-7825
-8594
-8529
-7981
-9133
-7514
-9433
-8023
-8655
-7704
-9015
-8179
-8360
-9383
-6605
-10013
-7228
-8571
-8932
-6951
-10105
-6769
-9124
-8540
-7236
-9917
-6914
-9198
-8078
-7812
-9604
-7166
-9638
-7992
-8211
-9108
-7462
-9347
-8267
-8401
-8258
-8207
-8672
-7843
-9832
-7731
-7966
-9406
-7316
-9434
-7503
-8484
-9510
-6804
-9902
-7908
-7836
-9270
-7558
-9191
-7517
-8616
-8946
-7666
-9168
-7987
-8598
-8533
-8002
-8568
-8204
-8693
-8050
-8281
-8727
-8156
-8068
-8447
-8491
-7785
-9391
-7294
-8595
-8534
-7363
-9588
-6848
-9111
-8489
-8142
-8795
-8065
-8920
-7882
-8430
-8494
-8037
-8836
-8366
-8496
-8630
-7678
-9220
-7831
-8656
-7857
-8754
-8874
-7091
-9470
-7407
-8949
-8131
-7872
-9403
-7095
-9707
-7787
-8169
-9420
-6114
-11438
-5624
-9108
-11245
-3323
-13771
-5233
-7953
-11571
-4269
-12973
-4341
-9673
-10509
-5398
-11578
-4935
-11619
-6335
-8478
-11950
-2829
-12881
-5830
-9147
-9286
-5534
-12315
-4917
-10826
-7444
-7962
-10387
-5191
-11465
-6325
-9147
-9099
-6241
-10995
-5186
-11897
-5965
-8414
-11647
-3794
-12836
-4857
-9063
-10659
-4236
-11953
-8398
-4444
-12790
-6119
-7889
-11810
-2887
-14041
-5133
-7791
-12160
-3078
-13407
-5468
-9121
-9555
-5337
-12388
-4965
-10671
-8293
-6316
-11241
-5499
-9951
-8141
-7547
-10042
-6288
-9709
-8049
-7244
-10357
-6691
-8620
-9607
-6952
-10179
-8081
-8380
-9238
-6222
-9945
-7950
-8033
-9685
-6608
-9692
-7707
-8125
-9553
-6933
-9308
-8136
-8301
-8377
-8797
-8066
-8167
-8790
-7445
-9253
-7894
-8450
-8789
-7760
-9281
-6930
-9040
-8597
-8118
-9166
-5844
-11532
-5872
-8228
-10376
-6609
-9852
-6783
-10326
-6471
-8866
-9734
-5667
-10928
-6208
-9387
-9381
-5558
-11994
-5537
-9418
-8884
-6175
-10942
-6172
-10006
-7155
-8048
-9515
-7123
-9553
-7324
-8668
-8191
-8850
-7802
-8210
-8588
-7224
-9608
-6570
-9559
-8388
-8213
-8051
-8869
-8694
-7345
-9876
-5934
-12023
-5823
-8798
-10571
-4890
-11851
-6601
-8606
-9324
-6976
-9998
-7509
-8347
-9406
-7040
-9882
-7254
-8417
-9249
-7603
-9432
-8094
-8731
-8582
-8841
-7975
-9113
-7983
-9343
-8106
-9097
-8247
-8271
-9683
-6863
-11201
-6408
-9841
-8494
-7887
-10295
-5933
-10989
-7005
-8415
-10348
-6069
-10148
-7833
-8335
-10075
-6849
-10085
-7627
-8490
-8691
-7680
-10052
-7433
-8856
-9009
-7825
-9165
-8058
-9236
-8473
-7687
-9399
-7599
-9073
-7871
-8739
-8816
-7771
-9466
-8371
-8012
-8840
-8498
-8355
-9444
-8012
-8691
-8818
-8185
-8674
-8512
-8799
-8645
-8581
-8111
-8541
-8722
-8526
-8947
-8123
-9358
-8622
-8506
-8623
-8368
-9036
-9074
-8146
-8616
-9428
-7843
-9421
-8473
-8625
-8864
-8361
-8568
-8592
-10467
-6730
-9193
-9834
-7039
-11657
-4548
-12558
-6752
-6983
-13951
-1315
-15022
-4935
-8675
-12267
-2676
-13077
-6602
-8212
-11364
-5254
-11298
-8641
-7068
-11569
-5637
-11178
-7233
-8530
-10559
-6945
-8935
-9285
-8753
-8278
-9207
-7491
-10200
-7852
-9359
-8243
-8578
-9366
-8634
-8695
-9234
-9095
-7376
-10903
-7627
-10075
-8482
-8065
-11111
-5619
-10818
-8940
-6691
-12044
-6160
-10301
-9050
-7686
-10600
-6533
-11061
-7228
-9647
-9581
-7586
-10222
-7204
-9948
-8692
-8233
-9670
-8135
-8807
-9994
-8138
-9434
-8537
-8136
-10742
-6647
-10738
-8159
-8315
-12196
-3910
-13176
-7223
-8242
-11501
-4441
-13902
-5794
-9748
-9900
-7140
-10926
-6771
-11065
-7359
-9729
-8997
-7082
-12220
-5708
-9482
-11010
-6092
-10550
-8568
-8326
-10152
-7480
-9393
-9009
-8475
-9866
-7787
-9624
-8918
-8730
-8929
-8237
-9870
-8575
-9052
-8091
-10072
-8293
-9003
-9872
-7558
-10467
-7855
-9083
-9659
-8179
-9303
-8380
-8703
-10182
-7189
-9845
-9465
-7876
-9938
-7941
-9440
-9045
-8769
-9407
-8696
-9066
-9435
-7367
-10524
-8011
-9417
-8838
-8216
-11111
-6595
-11058
-7880
-8389
-10704
-7124
-9978
-8808
-8154
-10031
-7870
-9743
-8643
-8672
-8764
-8592
-10462
-7306
-10005
-8509
-8439
-9411
-8203
-9573
-8718
-8751
-8934
-9037
-8802
-8899
-9401
-8557
-8896
-9397
-7919
-9537
-9047
-8451
-9700
-7809
-9807
-8752
-8705
-10328
-7363
-10237
-8706
-8678
-9951
-7769
-9871
-8589
-9221
-9051
-8475
-9635
-8565
-9267
-8980
-8887
-8416
-8926
-10263
-8085
-8404
-9993
-8562
-9599
-8300
-8793
-9796
-8050
-9874
-8307
-9033
-9053
-9211
-8615
-7883
-10105
-8567
-9035
-9435
-7720
-9754
-8929
-8371
-9865
-7786
-10575
-7583
-9130
-10256
-6282
-11533
-7841
-9385
-9649
-6758
-11537
-6690
-10531
-8253
-7862
-11426
-5789
-11149
-7487
-8959
-10310
-6728
-10953
-7763
-9008
-9669
-6960
-11009
-8149
-8726
-9590
-7960
-10410
-7465
-9659
-8670
-8826
-9742
-7916
-9886
-8134
-9399
-9005
-7890
-10250
-7359
-9835
-9479
-7189
-10979
-7592
-8931
-9526
-8571
-9415
-8204
-10382
-7497
-9866
-9744
-6925
-11963
-6504
-9678
-10030
-6784
-11636
-6881
-10296
-9309
-7933
-10631
-7067
-10154
-8742
-8026
-10751
-7614
-9913
-9073
-7978
-10460
-7481
-10333
-9198
-7798
-10630
-7405
-9864
-9028
-8018
-10329
-7733
-9906
-8501
-9014
-9733
-6901
-10775
-8560
-8630
-10584
-6306
-11123
-8828
-6504
-12867
-5766
-10020
-10488
-5371
-13419
-5212
-10073
-10958
-5299
-12350
-6192
-10656
-8844
-7558
-11193
-6962
-10384
-8376
-9253
-9187
-8617
-9990
-7530
-9674
-9539
-8476
-9083
-8637
-9524
-9153
-8692
-9497
-8393
-8972
-9274
-8671
-9416
-8770
-9456
-8626
-8708
-9277
-8216
-9770
-8144
-8604
-10237
-8429
-9276
-8962
-8740
-9143
-8316
-9782
-8543
-9200
-9758
-8006
-10323
-8090
-9316
-9763
-7355
-10070
-9142
-8868
-9427
-8766
-9064
-9513
-8764
-8734
-8955
-9537
-8648
-8762
-9366
-9193
-9275
-8035
-10191
-7664
-9975
-8695
-8233
-11030
-6345
-10902
-8054
-8185
-10851
-6187
-11675
-7274
-8947
-10486
-5857
-12135
-6386
-9775
-9067
-8343
-9589
-7972
-10193
-7541
-10021
-7777
-9539
-9065
-8695
-9052
-8423
-9715
-8465
-8749
-9435
-8647
-9350
-9358
-8502
-9249
-8673
-8703
-9579
-8378
-9179
-8924
-8909
-9280
-8304
-11396
-6617
-9875
-9631
-6839
-10828
-7388
-10319
-8953
-9035
-10251
-7358
-10428
-8283
-9190
-9720
-8071
-10821
-8513
-8873
-8669
-7849
-9567
-9047
-10258
-8593
-9193
-9070
-8611
-9993
-7618
-10301
-9133
-8970
-9168
-7903
-11066
-7740
-8955
-10194
-7219
-9712
-7458
-12062
-6183
-10644
-10026
-6000
-13885
-4118
-12210
-7517
-10050
-8053
-11617
-8760
-4980
-15946
-3333
-13578
-7247
-10373
-4819
-9394
-15610
3616
-22254
-1593
-7588
-18368
5642
-21731
-2059
-9426
-12637
-701
-19718
776
-13924
-9092
-4127
-16597
-969
-13387
-8243
-5860
-15088
-2602
-13020
-7094
-7351
-13161
-1413
-16631
-2297
-12120
-11685
1126
-17934
-3685
-11304
-9629
-5857
-13378
-4996
-9730
-10624
-5226
-12414
-7478
-7310
-12252
-4216
-13088
-6196
-9411
-11623
-4014
-13937
-5144
-10428
-10987
-4582
-13566
-4794
-10500
-9417
-5768
-12969
-4795
-11112
-9252
-6703
-10999
-6649
-10203
-8424
-8532
-9656
-6787
-10840
-8713
-7642
-10362
-7852
-8851
-9219
-7733
-11157
-8109
-7341
-11143
-7533
-8999
-8566
-8151
-10566
-7660
-8950
-10109
-7814
-8634
-8610
-9384
-10125
-8301
-9059
-7870
-9282
-8700
-8904
-9439
-7198
-10500
-7816
-8671
-9665
-8134
-8894
-7857
-9915
-7796
-8854
-9218
-7785
-10483
-6819
-10537
-8498
-7478
-11515
-6101
-11331
-8123
-7738
-10841
-7066
-10529
-7836
-8635
-10005
-7522
-10350
-8364
-8438
-9739
-7493
-9867
-8073
-9406
-9229
-7540
-9787
-8513
-9684
-7782
-10280
-8485
-8312
-10189
-7106
-10817
-7513
-9097
-9777
-8429
-9494
-7769
-10202
-8428
-9078
-9741
-8337
-9415
-9039
-8790
-9300
-8632
-9004
-9555
-8407
-9878
-8641
-8437
-9825
-9257
-8536
-9206
-9046
-8496
-10625
-7771
-10240
-8919
-8165
-9939
-7582
-10688
-8336
-9371
-9475
-8652
-9906
-8007
-9755
-9534
-9078
-10584
-7667
-9526
-10203
-8363
-10060
-8116
-9755
-9440
-8545
-9958
-8631
-8960
-10207
-7884
-9928
-9110
-9035
-10377
-7841
-10873
-7574
-9386
-10283
-7756
-10034
-9080
-8653
-10262
-9112
-7655
-11173
-7794
-9731
-9797
-6928
-12109
-6705
-10690
-9710
-7284
-12395
-5962
-10850
-9099
-7531
-11264
-8129
-9688
-9442
-8562
-9593
-8828
-9030
-10117
-8731
-9994
-8781
-9219
-9475
-8434
-10055
-8954
-8749
-9346
-9380
-9065
-8823
-9557
-9378
-8608
-9818
-8679
-9042
-9916
-9057
-9653
-8438
-9428
-9325
-8954
-10102
-8473
-9974
-8834
-8827
-9657
-8673
-10261
-8419
-9888
-9242
-9284
-9638
-8769
-9855
-8287
-10216
-9376
-8818
-9600
-8926
-9833
-9090
-9234
-9812
-8338
-10171
-9288
-8811
-10415
-7682
-10841
-8824
-8717
-10456
-7535
-11115
-8858
-9376
-10017
-8033
-10408
-8521
-9970
-9367
-8617
-10924
-7902
-10253
-9530
-8270
-11251
-8238
-10231
-9154
-8902
-10249
-7849
-10685
-8873
-9797
-9757
-8522
-10471
-8986
-9777
-9630
-8905
-10082
-9876
-9155
-9844
-9008
-10125
-9607
-9321
-9292
-10124
-9806
-9158
-10472
-8488
-11157
-7398
-10519
-10402
-7971
-11656
-7557
-11067
-8850
-10079
-9339
-8781
-11740
-6697
-12190
-9035
-9184
-10696
-7362
-12664
-7127
-10907
-9829
-7954
-12157
-7560
-11219
-9060
-9798
-10236
-8853
-10537
-9670
-9882
-10009
-9598
-8854
-10499
-9538
-10559
-9089
-9529
-11029
-8065
-11127
-9571
-9179
-10728
-8705
-10952
-8850
-9705
-10997
-8278
-10829
-9651
-8988
-11597
-7103
-11228
-9969
-7979
-12513
-5987
-12755
-8756
-8801
-12270
-6078
-13582
-7403
-9670
-11756
-6938
-12178
-8917
-9226
-10594
-9855
-9941
-8712
-10973
-9195
-8522
-12372
-8535
-9677
-11587
-7161
-12151
-8613
-8972
-12216
-7027
-12474
-7858
-10074
-11069
-7261
-13039
-7008
-11618
-9313
-9432
-11819
-7083
-12144
-7988
-10929
-10414
-8695
-11118
-8412
-10460
-9965
-9188
-10401
-9918
-9666
-10010
-10004
-9785
-9712
-10055
-9732
-10033
-9460
-9857
-10285
-9383
-10238
-9383
-9698
-10184
-9486
-10220
-9341
-10209
-10100
-9028
-10558
-9919
-9082
-9758
-9527
-10838
-9776
-9703
-10591
-8432
-11224
-9483
-8835
-11105
-9336
-10003
-9868
-9701
-9441
-10845
-9355
-9530
-10063
-9352
-11008
-8151
-11155
-9220
-9538
-10741
-8169
-11533
-8544
-10703
-9665
-9504
-10450
-8990
-11013
-8625
-10407
-9269
-9851
-10215
-9063
-10194
-9220
-10014
-9373
-9685
-9794
-9614
-9654
-10180
-9855
-9562
-10038
-9319
-10279
-9684
-9706
-10078
-9081
-10297
-9249
-9812
-10009
-8894
-10739
-9207
-9731
-9843
-9454
-10378
-9099
-9917
-9549
-9482
-10110
-9237
-9819
-9737
-9526
-10136
-9080
-9872
-9423
-9578
-9959
-8939
-10202
-8985
-10325
-9762
-9163
-9868
-9376
-10084
-9748
-9616
-9486
-9764
-8960
-10149
-9548
-9418
-10156
-9234
-9983
-9587
-9662
-10067
-9683
-9973
-9494
-10060
-9232
-9894
-10135
-8528
-10619
-9036
-9886
-9740
-9049
-10427
-8612
-10294
-9640
-9199
-10563
-8658
-10423
-9359
-9232
-10448
-8415
-10411
-9434
-9872
-9508
-9233
-10087
-8991
-10453
-9154
-9504
-10075
-9250
-10080
-9523
-9171
-9656
-9701
-9588
-9519
-9376
-9423
-9417
-9619
-9653
-9407
-9525
-9527
-9869
-9553
-9619
-9460
-9422
-9841
-9250
-10073
-9551
-9626
-9925
-9185
-9816
-9301
-9828
-9671
-9206
-9762
-9404
-9863
-9511
-9427
-10142
-9504
-9151
-9922
-9424
-8865
-10369
-9031
-9457
-10412
-8466
-9921
-9857
-8875
-9804
-9371
-9353
-9888
-9465
-9230
-9871
-9555
-9091
-9865
-9424
-9574
-8846
-10991
-8689
-9516
-10398
-7667
-11936
-7444
-10689
-9662
-8029
-11497
-7883
-11033
-9005
-8635
-10399
-9177
-10117
-8881
-10026
-9393
-8938
-10380
-8958
-9998
-9187
-10302
-8846
-9644
-9890
-9012
-10207
-8590
-10254
-8659
-10574
-8532
-10300
-9276
-9069
-10876
-7404
-11656
-7891
-11114
-9155
-8878
-11353
-7512
-11569
-7949
-9990
-9906
-8257
-11135
-8587
-9921
-9938
-8641
-10109
-9489
-9126
-9775
-8850
-10022
-9369
-9168
-10048
-8730
-10688
-8674
-9720
-9951
-8720
-10725
-8554
-10844
-9117
-9783
-10428
-8313
-10877
-9096
-9752
-9380
-9335
-9811
-9175
-9921
-9273
-9899
-9254
-10119
-9268
-9155
-9696
-9060
-10184
-9231
-10068
-9367
-9232
-10505
-8660
-10106
-9835
-8871
-10328
-8827
-10573
-8525
-11167
-8390
-8542
-12317
-5966
-12737
-7864
-9951
-10555
-7071
-12383
-7003
-11830
-8818
-8636
-11621
-7274
-11066
-8688
-9659
-10063
-8168
-11166
-8649
-10033
-9433
-9442
-10157
-8698
-10452
-8943
-10170
-9361
-9506
-10185
-9293
-9837
-8979
-10321
-8727
-9540
-10129
-8908
-9991
-9185
-9722
-9321
-9953
-9285
-9674
-9706
-9056
-10187
-8842
-10176
-8672
-10020
-9622
-8719
-10270
-9137
-10497
-9241
-9561
-9747
-9315
-9762
-9484
-9645
-9635
-9174
-10133
-9146
-9704
-9578
-8794
-10502
-9621
-8775
-10656
-9421
-8189
-11397
-8002
-10372
-9380
-8837
-10647
-8418
-10898
-8801
-9893
-9517
-9377
-10461
-8170
-10582
-9406
-8900
-10430
-8496
-11063
-8942
-9671
-10208
-8189
-11310
-7761
-10623
-9775
-8114
-11290
-7876
-11157
-8722
-9265
-10078
-9128
-10062
-8536
-11210
-8324
-10589
-9846
-8314
-11264
-8985
-9273
-10380
-8393
-10948
-8931
-9260
-10661
-7999
-11410
-8148
-9940
-10267
-8801
-10817
-8731
-10301
-9974
-8773
-10310
-9289
-9691
-9581
-9215
-10139
-8609
-9985
-9212
-9417
-9746
-9073
-9973
-9313
-9645
-9336
-10196
-9741
-9347
-10295
-8724
-9857
-9857
-8939
-10361
-9059
-9966
-9386
-9421
-10028
-8696
-10604
-8894
-9829
-9990
-8741
-10572
-8941
-9754
-9473
-9604
-9968
-9133
-10280
-9217
-9727
-9913
-9330
-9930
-9328
-9817
-9516
-9442
-10123
-9195
-9805
-9255
-10286
-9124
-9662
-10134
-8307
-10870
-9261
-9938
-9614
-9600
-10105
-8870
-9876
-9402
-9168
-9371
-9404
-9430
-9684
-9179
-9250
-9988
-9634
-9675
-9472
-8516
-11197
-8072
-10050
-10564
-7758
-11695
-7404
-11008
-9215
-9375
-10979
-7556
-11521
-7856
-10015
-9701
-8301
-10859
-8289
-9985
-9824
-9141
-10167
-8511
-10349
-9172
-9598
-10343
-8416
-10268
-9040
-10116
-9485
-8440
-10505
-9152
-9358
-10164
-9308
-9466
-9636
-9578
-9298
-9715
-8862
-9685
-9637
-9122
-10070
-9107
-9633
-9178
-9968
-9161
-9619
-9515
-9142
-10215
-8687
-10116
-8542
-10177
-9655
-8578
-10991
-8430
-9851
-9696
-9179
-9689
-9614
-9203
-10039
-9478
-8925
-10244
-8710
-9938
-9393
-9428
-9750
-8973
-9666
-9063
-9256
-10134
-8573
-10104
-9199
-8835
-10343
-8227
-10768
-8563
-9755
-9885
-8235
-11289
-8240
-10046
-9420
-8716
-11039
-8426
-10149
-9413
-8651
-10410
-8713
-9770
-9112
-9160
-9736
-8776
-10295
-8859
-9521
-9293
-9067
-9767
-8823
-9320
-9166
-9118
-9570
-9503
-8506
-10266
-8529
-9363
-9833
-8904
-10002
-8673
-10034
-8676
-9742
-9443
-8822
-10140
-8769
-9674
-9115
-9595
-9616
-9170
-9724
-8865
-9682
-9332
-9055
-9796
-9051
-9201
-9561
-8927
-9666
-9506
-9342
-9299
-9192
-9756
-9131
-9554
-9145
-9249
-9397
-9193
-9576
-8918
-9318
-9347
-9172
-9645
-9025
-9342
-9209
-9073
-9664
-9110
-9372
-8976
-9006
-9404
-9512
-9686
-9109
-9175
-9027
-9369
-9401
-9363
-9352
-8911
-9498
-9118
-9224
-9356
-9067
-9343
-9058
-9376
-9267
-9187
-9241
-9148
-9476
-9325
-9315
-9390
-9412
-9367
-9260
-9203
-9380
-9163
-9293
-9447
-9149
-9327
-9053
-9374
-9333
-9204
-9490
-9261
-9547
-9489
-9334
-9726
-9303
-9162
-9171
-8948
-9498
-9399
-9297
-9262
-8904
-9118
-9350
-9402
-9477
-9152
-9061
-9286
-9279
-9315
-9154
-9160
-9191
-9010
-9257
-9478
-9514
-9238
-9133
-9323
-9067
-9296
-9254
-9119
-9452
-9286
-9302
-9108
-9321
-9459
-9243
-9301
-8962
-9344
-9212
-9131
-9550
-8918
-9181
-9438
-9187
-9469
-8931
-9313
-9326
-8916
-9459
-9114
-9220
-9317
-8988
-9210
-9111
-9400
-9528
-9064
-9597
-8913
-9380
-9573
-9128
-9579
-8815
-9422
-9173
-9453
-9274
-8662
-9311
-8861
-9511
-9219
-9309
-9570
-8998
-9385
-8669
-9054
-9282
-9213
-9535
-9095
-9080
-9121
-9261
-9419
-9135
-8832
-9311
-9434
-9508
-9402
-9038
-9345
-8742
-8992
-9227
-8834
-9455
-8797
-9260
-9413
-9080
-9380
-8768
-9237
-9389
-9083
-9293
-9148
-9122
-9013
-9007
-9278
-9221
-9098
-8997
-8980
-8820
-9106
-9168
-9381
-9206
-9007
-9303
-9033
-9145
-9088
-9087
-9267
-9055
-9043
-9128
-9328
-9007
-8906
-9258
-9225
-9203
-8852
-9309
-9214
-9135
-9091
-8996
-9160
-8915
-9107
-8796
-9100
-9243
-9085
-9024
-9093
-9165
-9041
-9229
-8762
-8778
-8937
-9057
-9258
-8959
-9082
-8826
-8645
-9115
-8923
-9453
-9099
-8683
-9449
-8594
-9143
-9111
-8860
-9288
-8826
-9176
-8705
-8871
-9289
-9008
-8935
-8891
-9058
-8910
-8928
-8808
-8787
-9157
-8941
-8963
-8766
-8960
-9159
-8903
-8923
-8560
-8903
-8953
-8750
-9007
-8901
-8925
-9033
-8975
-8860
-8746
-8793
-9069
-9065
-9028
-8975
-8776
-8852
-8909
-9152
-8985
-8670
-8691
-8860
-9000
-8994
-8857
-8866
-8924
-8849
-9088
-8814
-8904
-8931
-8815
-8834
-8649
-8900
-8750
-8801
-8882
-8868
-9080
-8891
-9011
-8750
-9030
-8875
-8387
-9118
-8949
-9142
-8495
-8485
-8849
-8603
-9165
-8762
-8844
-8528
-8770
-9077
-8689
-8959
-8466
-8944
-8823
-8694
-9120
-8426
-9082
-8744
-8714
-9098
-8477
-8832
-8451
-8723
-9195
-8879
-9043
-8385
-8774
-8761
-8505
-9119
-8302
-8894
-8606
-8427
-8756
-8378
-9151
-8556
-8524
-8833
-8723
-9061
-8592
-9005
-8638
-8512
-9328
-7919
-8819
-8977
-8497
-9486
-8053
-8928
-8971
-8258
-8951
-8294
-9098
-8737
-8560
-9054
-8615
-8852
-8454
-8479
-8689
-8685
-8990
-8878
-8517
-8971
-8805
-8556
-8958
-8481
-8714
-8712
-8765
-8814
-8334
-8781
-8377
-8662
-8706
-8643
-8890
-8444
-9014
-8694
-8640
-8649
-8556
-8780
-8749
-8692
-8464
-8967
-8638
-8820
-8722
-8516
-8839
-8548
-9090
-8439
-8693
-8773
-8565
-8639
-8344
-8768
-8586
-8669
-8275
-8631
-8926
-8836
-8850
-8541
-8503
-8734
-8723
-8802
-9039
-8518
-8695
-8624
-8602
-8913
-8403
-8872
-8769
-8381
-8631
-8461
-8915
-8613
-8665
-8530
-8456
-8943
-8355
-8866
-8635
-8612
-8897
-8131
-8841
-8588
-8800
-8871
-8522
-8890
-8309
-8928
-8698
-8551
-8551
-8256
-8619
-8333
-8738
-8655
-8584
-8769
-8332
-8550
-8441
-8537
-8885
-8598
-8688
-8549
-8751
-8896
-8514
-8489
-8369
-8529
-8575
-8528
-8779
-8738
-8663
-8673
-8521
-8630
-8828
-9088
-8878
-8573
-8610
-8700
-9084
-8792
-8526
-8551
-8565
-8818
-8894
-8865
-8881
-8772
-8766
-8784
-8838
-8635
-8649
-8719
-8640
-8690
-8516
-9058
-8894
-8736
-8690
-8648
-8690
-8302
-8669
-8652
-8970
-8727
-8389
-8817
-8787
-9036
-8706
-8660
-8906
-8796
-8816
-8410
-8751
-8888
-8771
-8710
-8475
-8647
-8605
-8986
-8691
-8549
-8480
-8685
-9058
-8856
-9245
-8628
-8776
-8748
-8630
-8864
-8375
-9105
-9005
-8942
-8975
-8659
-8910
-8682
-8730
-8580
-8554
-8862
-8838
-8858
-8866
-9121
-8897
-8582
-8768
-8820
-9172
-8875
-8767
-8845
-8855
-9142
-8943
-9233
-8903
-8623
-8834
-8867
-9240
-9043
-8834
-8599
-8685
-9047
-8564
-8522
-8633
-8904
-9059
-8681
-8714
-8776
-9083
-8937
-8738
-9040
-8972
-8798
-8684
-9119
-8897
-8540
-8641
-8821
-9294
-8920
-8888
-8883
-8951
-9062
-8789
-8901
-9070
-8926
-8674
-8569
-8594
-8848
