03310158.PTO
ABLZ
2012/03/31 01:58:35.8599
100.0000 m/s  
10060 muestras
-2108
-2130
-2098
-2062
-2094
-2054
-2127
-2112
-2115
-2111
-2114
-2125
-2117
-2113
-2114
-2127
-2104
-2132
-2137
-2036
-2061
-2056
-2065
-2068
-2052
-2078
-2057
-2076
-2058
-2078
-2053
-2073
-2057
-2104
-2179
-2129
-2145
-2141
-2139
-2125
-2119
-2108
-2114
-2112
-2113
-2107
-2103
-2113
-2109
-2117
-2118
-2122
-2122
-2125
-2123
-2127
-2118
-2148
-2110
-2103
-2111
-2111
-2138
-2120
-2136
-2134
-2138
-2129
-2115
-2116
-2111
-2103
-2100
-2105
-2128
-2115
-2116
-2131
-2135
-2138
-2135
-2136
-2123
-2133
-2143
-2152
-2150
-2149
-2152
-2166
-2150
-2138
-2120
-2103
-2105
-2107
-2112
-2125
-2133
-2139
-2147
-2140
-2138
-2127
-2133
-2141
-2161
-2155
-2133
-2117
-2134
-2140
-2146
-2124
-2119
-2096
-2101
-2146
-2055
-2057
-2062
-2050
-2060
-2060
-2061
-2043
-2061
-2059
-2063
-2057
-2073
-2076
-2094
-2092
-2089
-2118
-2094
-2108
-2047
-2110
-2156
-2125
-2141
-2110
-2125
-2117
-2129
-2133
-2141
-2136
-2136
-2134
-2133
-2123
-2127
-2138
-2144
-2153
-2131
-2133
-2115
-2117
-2117
-2123
-2118
-2125
-2133
-2125
-2130
-2111
-2123
-2119
-2129
-2137
-2133
-2132
-2129
-2137
-2119
-2108
-2103
-2105
-2097
-2082
-2084
-2097
-2110
-2103
-2082
-2089
-2098
-2096
-2109
-2108
-2112
-2108
-2119
-2132
-2134
-2131
-2126
-2126
-2129
-2127
-2119
-2121
-2119
-2127
-2121
-2135
-2131
-2126
-2107
-2109
-2113
-2126
-2111
-2139
-2137
-2038
-2063
-2063
-2064
-2060
-2073
-2058
-2040
-2052
-2052
-2049
-2066
-2074
-2083
-2072
-2080
-2059
-2069
-2179
-2148
-2137
-2124
-2120
-2115
-2109
-2125
-2133
-2138
-2143
-2159
-2151
-2152
-2153
-2157
-2140
-2143
-2130
-2132
-2136
-2117
-2138
-2104
-2109
-2140
-2134
-2147
-2160
-2161
-2154
-2146
-2139
-2132
-2126
-2129
-2129
-2140
-2125
-2128
-2145
-2138
-2125
-2147
-2124
-2151
-2130
-2054
-2118
-2133
-2144
-2135
-2149
-2158
-2164
-2168
-2155
-2159
-2157
-2165
-2161
-2161
-2151
-2148
-2131
-2155
-2121
-2109
-2153
-2091
-2033
-2082
-2061
-2070
-2098
-2061
-2123
-2136
-2096
-2118
-2159
-2089
-2069
-2103
-2096
-2117
-2130
-2097
-2100
-2095
-2098
-2105
-2100
-2083
-2086
-2086
-2086
-2076
-2079
-2136
-2113
-2060
-2095
-2196
-2094
-2083
-2073
-2073
-2085
-2070
-2081
-2066
-2080
-2061
-2064
-2067
-2069
-2065
-2113
-2064
-2108
-2138
-2113
-2139
-2126
-2155
-2153
-2163
-2162
-2142
-2163
-2076
-2112
-2176
-2135
-2148
-2118
-2136
-2127
-2132
-2129
-2121
-2131
-2109
-2157
-2093
-2074
-2150
-2148
-2162
-2161
-2155
-2158
-2141
-2135
-2136
-2145
-2147
-2145
-2153
-2151
-2139
-2133
-2132
-2126
-2124
-2089
-2171
-2122
-2035
-2061
-2058
-2067
-2059
-2067
-2079
-2065
-2075
-2064
-2068
-2107
-2066
-2057
-2024
-2108
-2052
-2014
-2069
-2021
-2068
-2069
-2067
-2080
-2084
-2086
-2085
-2091
-2049
-2084
-2061
-2044
-2056
-2045
-2045
-2029
-2041
-1990
-2121
-2057
-2032
-2055
-2054
-2083
-2061
-2081
-2070
-2073
-2070
-2087
-2077
-2086
-2029
-2121
-2094
-2061
-2064
-2055
-2123
-2098
-2121
-2131
-2122
-2121
-2121
-2140
-2074
-2083
-2158
-2128
-2149
-2133
-2135
-2132
-2127
-2132
-2131
-2126
-2134
-2145
-2130
-2130
-2122
-2129
-2128
-2127
-2120
-2119
-2125
-2124
-2127
-2134
-2119
-2123
-2124
-2121
-2122
-2118
-2140
-2140
-2149
-2147
-2148
-2136
-2142
-2141
-2144
-2137
-2138
-2133
-2109
-2151
-2082
-2069
-2102
-2094
-2091
-2100
-2082
-2078
-2087
-2082
-2072
-2059
-2073
-2059
-2060
-2048
-2060
-2067
-2063
-2090
-2050
-2063
-2136
-2138
-2136
-2128
-2130
-2127
-2129
-2128
-2130
-2139
-2140
-2133
-2128
-2114
-2120
-2116
-2145
-2164
-2149
-2148
-2142
-2131
-2123
-2118
-2109
-2134
-2093
-2110
-2112
-2125
-2136
-2136
-2130
-2136
-2135
-2128
-2128
-2149
-2137
-2163
-2152
-2067
-2137
-2134
-2148
-2152
-2174
-2166
-2151
-2148
-2141
-2142
-2151
-2134
-2148
-2132
-2140
-2149
-2134
-2116
-2114
-2189
-2091
-2070
-2081
-2078
-2039
-2144
-2166
-2146
-2160
-2156
-2161
-2156
-2169
-2169
-2170
-2177
-2173
-2036
-2115
-2101
-2067
-2082
-2088
-2098
-2082
-2088
-2072
-2069
-2077
-2045
-2092
-2128
-2030
-2049
-2058
-2054
-2055
-2042
-2068
-2125
-2127
-2121
-2133
-2138
-2136
-2123
-2126
-2110
-2120
-2104
-2112
-2110
-2130
-2118
-2121
-2130
-2102
-2132
-2087
-2126
-2035
-2073
-2040
-2044
-2127
-2107
-2110
-2015
-2099
-2108
-2121
-2106
-2123
-2123
-2135
-2138
-2151
-2132
-2145
-2117
-2058
-2121
-2107
-2122
-2106
-2140
-2127
-2125
-2138
-2136
-2129
-2129
-2138
-2149
-2151
-2108
-2145
-2157
-2036
-2099
-2154
-2105
-2133
-2094
-2114
-2089
-2119
-2105
-2013
-2053
-2061
-2063
-2074
-2093
-2077
-2100
-2087
-2090
-2194
-2155
-2103
-2085
-2094
-2095
-2093
-2101
-2095
-2105
-2111
-2091
-2094
-2085
-2089
-2049
-2064
-2161
-2013
-2070
-2146
-2128
-2155
-2121
-2164
-2155
-2150
-2138
-2133
-2140
-2135
-2145
-2143
-2143
-2156
-2145
-2145
-2156
-2137
-2139
-2137
-2123
-2129
-2116
-2124
-2121
-2135
-2132
-2138
-2111
-2114
-2101
-2094
-2150
-2063
-2055
-2058
-2072
-2030
-2091
-2137
-2125
-2128
-2118
-2135
-2106
-2177
-2084
-2090
-2157
-2144
-2148
-2139
-2134
-2132
-2128
-2122
-2137
-2128
-2136
-2128
-2133
-2128
-2134
-2128
-2127
-2122
-2123
-2113
-2128
-2133
-2113
-2112
-2087
-2112
-2103
-2143
-2101
-2060
-2101
-2076
-2105
-2081
-2086
-2098
-2061
-2068
-2071
-2064
-2046
-2089
-2075
-2088
-2095
-2070
-2069
-2071
-2100
-2038
-2108
-2134
-2127
-2133
-2114
-2128
-2110
-2123
-2131
-2137
-2118
-2113
-2102
-2120
-2099
-2078
-2104
-2107
-2110
-2102
-2115
-2113
-2119
-2124
-2119
-2144
-2157
-2149
-2146
-2132
-2119
-2126
-2128
-2137
-2146
-2147
-2137
-2134
-2129
-2122
-2138
-2146
-2149
-2138
-2132
-2127
-2119
-2124
-2139
-2133
-2137
-2134
-2133
-2148
-2147
-2154
-2145
-2141
-2143
-2138
-2142
-2143
-2146
-2158
-2151
-2146
-2121
-2123
-2112
-2114
-2107
-2118
-2120
-2125
-2124
-2127
-2125
-2106
-2161
-2089
-2086
-2098
-2076
-2068
-2068
-2033
-2039
-2067
-2067
-2078
-2058
-2062
-2073
-2073
-2049
-2140
-2137
-2134
-2144
-2139
-2145
-2143
-2151
-2136
-2142
-2141
-2147
-2145
-2151
-2132
-2126
-2114
-2122
-2111
-2094
-2104
-2097
-2118
-2138
-2133
-2141
-2150
-2139
-2142
-2137
-2134
-2139
-2093
-2115
-2135
-2125
-2129
-2125
-2149
-2136
-2154
-2119
-2107
-2106
-2117
-2117
-2149
-2130
-2122
-2130
-2070
-2109
-2069
-2135
-2132
-2127
-2147
-2132
-2142
-2127
-2128
-2118
-2137
-2114
-2112
-2115
-2133
-2132
-2143
-2138
-2146
-2124
-2136
-2128
-2121
-2112
-2114
-2173
-2065
-2049
-2043
-2065
-2091
-2090
-2102
-2102
-2113
-2096
-2120
-2108
-2142
-2154
-2109
-2099
-2102
-2099
-2109
-2097
-2073
-2086
-2074
-2085
-2071
-2065
-2070
-2065
-2086
-2077
-2092
-2069
-2104
-2056
-2075
-2135
-2108
-2121
-2149
-2152
-2048
-2044
-2056
-2053
-2073
-2072
-2071
-2072
-2092
-2096
-2054
-2101
-2045
-2044
-2095
-2051
-2086
-2081
-2100
-2095
-2067
-2140
-2115
-2111
-2078
-2074
-2065
-2074
-2146
-2111
-2190
-2073
-2103
-2160
-2131
-2143
-2130
-2141
-2119
-2133
-2120
-2115
-2114
-2119
-2103
-2133
-2117
-2129
-2129
-2130
-2098
-2176
-2163
-2062
-2072
-2066
-2043
-2025
-2135
-2123
-2134
-2120
-2126
-2131
-2134
-2162
-2057
-2064
-2075
-2064
-2091
-2077
-2108
-2095
-2083
-2104
-2095
-2066
-2057
-2088
-2031
-2131
-2115
-2056
-2094
-2079
-2084
-2070
-2070
-2072
-2068
-2086
-2130
-2106
-2121
-2121
-2137
-2135
-2141
-2130
-2143
-2112
-2128
-2123
-2110
-2136
-2077
-2103
-2095
-2102
-2108
-2155
-2151
-2170
-2131
-2146
-2111
-2155
-2182
-2046
-2061
-2035
-2076
-2120
-2157
-2147
-2133
-2115
-2131
-2136
-2148
-2140
-2136
-2133
-2143
-2152
-2151
-2130
-2118
-2182
-2086
-2046
-2096
-2079
-2085
-2100
-2075
-2159
-2134
-2133
-2138
-2111
-2172
-2145
-2155
-2145
-2140
-2148
-2141
-2153
-2148
-2154
-2134
-2134
-2103
-2145
-2117
-2016
-2042
-2043
-2101
-2061
-2055
-2069
-2066
-2068
-2060
-2092
-2067
-2070
-2077
-2067
-2075
-2068
-2048
-2051
-2048
-2047
-2060
-2103
-2080
-2069
-2085
-2082
-2079
-2089
-2088
-2070
-2072
-2059
-2080
-2052
-2046
-2055
-2084
-2079
-2067
-2121
-2148
-2151
-2094
-2129
-2116
-2153
-2121
-2057
-2111
-2103
-2107
-2099
-2103
-2102
-2118
-2091
-2102
-2152
-2109
-2137
-2117
-2115
-2145
-2072
-2102
-2075
-2144
-2162
-2137
-2179
-2166
-2174
-2183
-2164
-2153
-2149
-2144
-2152
-2100
-2134
-2101
-2087
-2079
-2068
-2142
-2139
-2135
-2125
-2050
-2085
-2128
-2114
-2141
-2108
-2134
-2114
-2117
-2150
-2056
-2071
-2067
-2079
-2086
-2084
-2078
-2074
-2073
-2085
-2080
-2060
-2075
-2056
-2103
-2022
-2092
-2133
-2109
-2114
-2091
-2094
-2087
-2121
-2124
-2134
-2119
-2118
-2103
-2109
-2094
-2110
-2120
-2122
-2134
-2121
-2118
-2115
-2098
-2126
-2143
-2134
-2141
-2135
-2150
-2150
-2142
-2139
-2140
-2134
-2133
-2123
-2129
-2119
-2152
-2136
-2140
-2124
-2108
-2125
-2108
-2133
-2095
-2146
-2062
-2045
-2111
-2117
-2133
-2124
-2130
-2116
-2125
-2125
-2137
-2115
-2125
-2109
-2145
-2096
-2116
-2081
-2038
-2057
-2066
-2136
-2058
-2144
-2125
-2132
-2117
-2038
-2084
-2084
-2098
-2106
-2111
-2117
-2102
-2139
-2126
-2053
-2069
-2075
-2094
-2064
-2077
-2077
-2079
-2061
-2050
-2035
-2045
-2074
-2071
-2077
-2026
-2112
-2136
-2133
-2113
-2087
-2100
-2107
-2111
-2096
-2099
-2103
-2127
-2122
-2116
-2101
-2111
-2116
-2127
-2121
-2115
-2105
-2104
-2137
-2124
-2131
-2130
-2137
-2143
-2157
-2151
-2145
-2145
-2101
-2123
-2145
-2141
-2122
-2131
-2127
-2130
-2130
-2112
-2104
-2102
-2116
-2122
-2146
-2140
-2150
-2149
-2146
-2137
-2125
-2109
-2106
-2100
-2114
-2135
-2136
-2140
-2124
-2133
-2138
-2140
-2135
-2120
-2128
-2131
-2117
-2124
-2113
-2112
-2109
-2119
-2124
-2137
-2126
-2138
-2131
-2142
-2119
-2117
-2145
-2031
-2041
-2037
-2040
-2051
-2075
-2083
-2076
-2085
-2066
-2059
-2054
-2066
-2049
-2039
-2036
-2046
-2064
-2063
-2067
-2052
-2039
-2037
-2032
-2068
-2013
-2088
-2121
-2089
-2122
-2093
-2093
-2080
-2082
-2088
-2098
-2107
-2092
-2093
-2115
-2111
-2109
-2093
-2094
-2098
-2093
-2113
-2122
-2133
-2118
-2094
-2123
-2119
-2129
-2122
-2108
-2107
-2087
-2097
-2119
-2126
-2110
-2115
-2111
-2124
-2120
-2117
-2105
-2096
-2106
-2100
-2102
-2104
-2104
-2100
-2101
-2129
-2116
-2102
-2107
-2094
-2094
-2097
-2093
-2099
-2117
-2115
-2116
-2105
-2114
-2102
-2109
-2119
-2110
-2087
-2082
-2082
-2090
-2077
-2123
-2100
-2013
-2051
-2051
-2063
-2069
-2077
-2073
-2073
-2064
-2057
-2041
-2031
-2036
-2038
-2043
-2065
-2056
-2073
-2072
-2049
-2035
-2037
-2042
-2032
-2052
-2008
-2115
-2127
-2121
-2136
-2129
-2153
-2125
-2138
-2107
-2107
-2089
-2103
-2123
-2137
-2131
-2144
-2157
-2152
-2144
-2128
-2138
-2108
-2127
-2092
-2101
-2090
-2116
-2134
-2106
-2131
-2121
-2134
-2131
-2130
-2125
-2125
-2109
-2164
-2057
-2081
-2137
-2110
-2132
-2120
-2151
-2122
-2138
-2132
-2132
-2115
-2110
-2117
-2139
-2127
-2141
-2137
-2145
-2153
-2133
-2132
-2175
-2093
-2022
-2050
-2041
-2070
-2033
-2066
-2051
-2093
-2048
-2101
-2143
-2155
-2159
-2077
-2097
-2082
-2071
-2074
-2092
-2047
-2076
-2055
-2065
-2055
-2080
-2078
-2093
-2085
-2054
-2103
-2058
-2046
-2058
-2036
-2037
-2089
-2044
-2066
-2075
-2082
-2090
-2062
-2082
-2053
-2097
-2105
-2053
-2148
-2126
-2114
-2140
-2035
-2073
-2102
-2110
-2114
-2098
-2114
-2122
-2122
-2120
-2107
-2112
-2124
-2113
-2138
-2127
-2142
-2122
-2105
-2139
-2146
-2135
-2146
-2122
-2130
-2138
-2069
-2122
-2130
-2134
-2122
-2139
-2134
-2132
-2137
-2126
-2146
-2136
-2147
-2146
-2150
-2131
-2131
-2136
-2135
-2115
-2181
-2093
-2040
-2071
-2059
-2074
-2075
-2095
-2086
-2084
-2088
-2093
-2042
-2143
-2140
-2058
-2098
-2095
-2113
-2130
-2117
-2136
-2127
-2084
-2122
-2092
-2085
-2080
-2085
-2084
-2067
-2136
-2106
-2140
-2070
-2072
-2067
-2063
-2052
-2037
-2167
-2079
-2060
-2088
-2078
-2071
-2060
-2036
-2085
-2075
-2090
-2061
-2086
-2179
-2129
-2147
-2117
-2129
-2127
-2128
-2117
-2113
-2116
-2119
-2151
-2153
-2176
-2136
-2109
-2116
-2123
-2092
-2114
-2103
-2101
-2078
-2055
-2084
-2051
-2150
-2133
-2110
-2123
-2172
-2054
-2007
-2119
-2121
-2147
-2126
-2149
-2122
-2137
-2136
-2127
-2135
-2133
-2143
-2140
-2144
-2151
-2146
-2146
-2157
-2155
-2152
-2159
-2136
-2140
-2050
-2092
-2150
-2111
-2165
-2086
-2090
-2089
-2091
-2097
-2098
-2108
-2123
-2120
-2118
-2112
-2100
-2113
-2071
-2117
-2087
-2129
-2091
-2131
-2195
-2056
-2161
-2173
-2135
-2136
-2125
-2139
-2146
-2148
-2150
-2163
-2161
-2167
-2150
-2156
-2120
-2125
-2112
-2112
-2126
-2183
-2118
-2083
-2122
-2099
-2113
-2081
-2083
-2082
-2104
-2066
-2116
-2096
-2074
-2090
-2071
-2084
-2072
-2074
-2079
-2082
-2073
-2066
-2073
-2069
-2067
-2068
-2058
-2147
-2125
-2127
-2102
-2121
-2155
-2079
-2076
-2081
-2076
-2115
-2086
-2103
-2161
-2123
-2130
-2119
-2128
-2126
-2132
-2129
-2135
-2123
-2124
-2124
-2117
-2113
-2120
-2114
-2127
-2106
-2138
-2135
-2044
-2074
-2054
-2061
-2045
-2067
-2066
-2066
-2064
-2064
-2057
-2035
-2032
-2042
-2051
-2022
-2101
-2113
-2109
-2125
-2117
-2115
-2112
-2114
-2101
-2110
-2126
-2122
-2134
-2125
-2121
-2137
-2139
-2131
-2127
-2127
-2128
-2130
-2101
-2119
-2130
-2123
-2148
-2138
-2123
-2117
-2132
-2134
-2134
-2122
-2123
-2120
-2131
-2124
-2123
-2142
-2133
-2157
-2153
-2167
-2134
-2179
-2117
-2074
-2120
-2098
-2126
-2120
-2142
-2155
-2165
-2166
-2164
-2160
-2131
-2136
-2118
-2133
-2132
-2090
-2121
-2064
-2065
-2076
-2076
-2079
-2088
-2113
-2115
-2052
-2114
-2180
-2138
-2180
-2089
-2161
-2152
-2161
-2171
-2046
-2065
-2044
-2062
-2054
-2036
-2034
-2037
-2093
-2082
-2096
-2092
-2090
-2109
-2110
-2100
-2059
-2067
-2054
-2130
-2130
-2090
-2104
-2118
-2120
-2109
-2121
-2107
-2116
-2121
-2114
-2115
-2125
-2118
-2139
-2139
-2140
-2119
-2138
-2120
-2103
-2143
-2124
-2126
-2111
-2112
-2115
-2109
-2114
-2121
-2107
-2106
-2104
-2118
-2131
-2122
-2138
-2118
-2124
-2126
-2119
-2135
-2145
-2156
-2146
-2144
-2136
-2130
-2141
-2150
-2139
-2138
-2145
-2127
-2124
-2113
-2101
-2095
-2099
-2102
-2095
-2090
-2109
-2109
-2125
-2120
-2114
-2101
-2107
-2127
-2106
-2129
-2113
-2106
-2103
-2098
-2077
-2094
-2086
-2114
-2142
-2059
-2077
-2083
-2083
-2097
-2086
-2118
-2076
-2052
-2064
-2046
-2055
-2042
-2036
-2047
-2056
-2036
-2063
-2079
-2078
-2045
-2095
-2137
-2117
-2130
-2102
-2112
-2100
-2113
-2110
-2117
-2122
-2123
-2115
-2095
-2113
-2096
-2098
-2110
-2119
-2113
-2117
-2117
-2095
-2116
-2106
-2104
-2112
-2130
-2100
-2099
-2125
-2122
-2123
-2121
-2127
-2103
-2111
-2120
-2123
-2097
-2160
-2098
-2064
-2120
-2111
-2114
-2105
-2119
-2109
-2133
-2129
-2131
-2139
-2145
-2138
-2144
-2134
-2132
-2120
-2118
-2139
-2126
-2129
-2117
-2134
-2077
-2129
-2136
-2026
-2046
-2034
-2084
-2089
-2093
-2088
-2074
-2093
-2085
-2081
-2064
-2112
-2098
-2104
-2099
-2123
-2112
-2133
-2107
-2083
-2085
-2066
-2086
-2061
-2069
-2011
-2035
-2035
-2079
-2062
-2076
-2076
-2034
-2047
-2082
-2107
-2046
-2072
-2042
-2067
-2070
-2059
-2120
-2142
-2127
-2143
-2064
-2099
-2138
-2095
-2097
-2080
-2148
-2144
-2136
-2135
-2106
-2086
-2101
-2113
-2145
-2134
-2142
-2149
-2125
-2131
-2126
-2146
-2152
-2150
-2137
-2129
-2142
-2130
-2133
-2117
-2071
-2087
-2080
-2078
-2072
-2057
-2056
-2051
-2055
-2073
-2055
-2043
-2032
-1987
-2022
-2075
-2117
-2196
-2258
-2321
-2383
-2441
-2474
-2436
-2355
-2261
-2209
-2195
-2245
-2348
-2493
-2612
-2555
-2443
-2318
-2109
-1977
-1877
-1820
-1804
-1795
-1850
-1935
-1958
-1854
-1616
-1369
-1214
-982
-909
-899
-1054
-1305
-1477
-1536
-1436
-1292
-1132
-1078
-1017
-1192
-1410
-1658
-1883
-2055
-2321
-2818
-3379
-3729
-3939
-3896
-3773
-3638
-3607
-3686
-3833
-3973
-4047
-3984
-3801
-3491
-3047
-2543
-1960
-1499
-1208
-1013
-936
-938
-1019
-1044
-1167
-1251
-1237
-1125
-948
-1034
-1164
-1388
-1570
-1686
-1823
-1952
-1977
-1941
-1997
-2177
-2414
-2533
-2543
-2443
-2443
-2600
-2879
-3209
-3432
-3521
-3444
-3247
-2894
-2502
-2436
-2589
-2621
-2611
-2413
-2198
-2156
-2013
-1762
-1308
-1100
-949
-742
-558
-536
-716
-747
-867
-1033
-1295
-1425
-1526
-1649
-1823
-1914
-1998
-2142
-2268
-2594
-2839
-3018
-3059
-2761
-2334
-1971
-1698
-1645
-1828
-2269
-2643
-2905
-2755
-2322
-2035
-1784
-1654
-1567
-1585
-1687
-1685
-1717
-1750
-1855
-2023
-2053
-2224
-2473
-2747
-2889
-3002
-3130
-3169
-3057
-2945
-2872
-2795
-2629
-2301
-2057
-1917
-1772
-1645
-1586
-1531
-1518
-1512
-1815
-2000
-2069
-2105
-1992
-1842
-1685
-1630
-1797
-2079
-2123
-2183
-2140
-2158
-2376
-2514
-2599
-2663
-2755
-2848
-2972
-3178
-3331
-3303
-3145
-2946
-2712
-2552
-2330
-1971
-1615
-1275
-1030
-867
-790
-886
-794
-634
-684
-786
-920
-999
-1062
-1155
-1367
-1699
-2157
-2660
-2999
-3238
-3425
-3613
-3718
-3660
-3517
-3393
-3230
-3041
-3010
-2815
-2558
-2358
-2110
-1742
-1270
-947
-863
-930
-966
-935
-868
-836
-975
-1201
-1431
-1606
-1729
-1942
-2113
-2256
-2372
-2580
-2646
-2663
-2852
-3084
-3192
-3129
-2959
-2709
-2443
-2276
-2279
-2245
-2207
-2170
-2112
-1984
-1944
-1902
-1969
-2100
-2212
-2260
-2300
-2322
-2207
-2151
-2123
-2155
-2159
-2177
-2178
-2145
-2075
-2009
-1962
-1943
-2034
-2233
-2297
-2183
-2090
-2038
-1962
-1911
-1853
-1820
-1780
-1871
-1931
-1866
-2027
-2204
-2336
-2360
-2366
-2270
-2165
-2090
-2002
-2036
-2070
-2167
-2290
-2310
-2256
-2223
-2160
-2115
-2125
-2118
-2149
-2202
-2188
-2049
-1899
-1893
-1971
-2051
-2122
-2183
-2231
-2194
-2214
-2170
-2024
-2068
-2006
-1975
-2007
-1988
-2004
-2019
-2020
-1989
-1996
-2058
-2174
-2220
-2234
-2322
-2453
-2549
-2542
-2480
-2407
-2129
-1995
-1880
-1761
-1790
-1616
-1514
-1388
-1424
-1564
-1646
-1767
-1812
-1953
-1947
-1935
-1985
-2023
-2096
-2171
-2281
-2377
-2503
-2659
-2843
-2931
-2892
-2746
-2614
-2585
-2610
-2621
-2561
-2488
-2406
-2318
-2188
-2073
-1936
-1811
-1657
-1447
-1379
-1358
-1344
-1333
-1368
-1365
-1479
-1581
-1570
-1597
-1592
-1778
-2014
-2230
-2337
-2389
-2432
-2508
-2680
-2904
-3087
-3081
-2899
-2699
-2528
-2386
-2383
-2332
-2374
-2403
-2431
-2400
-2232
-2144
-2041
-1950
-1854
-1797
-1732
-1639
-1630
-1684
-1704
-1781
-1805
-1745
-1706
-1629
-1608
-1694
-1780
-1829
-1882
-1949
-2097
-2220
-2282
-2354
-2336
-2243
-2174
-2084
-2030
-2098
-2227
-2413
-2557
-2557
-2527
-2468
-2430
-2366
-2320
-2236
-2133
-2151
-2090
-2112
-2209
-2318
-2392
-2405
-2339
-2224
-2132
-2056
-2041
-2013
-2045
-2071
-2099
-2098
-2038
-1927
-1901
-1915
-1933
-1976
-1958
-1964
-2144
-2291
-2364
-2449
-2449
-2435
-2249
-2142
-1953
-1886
-1822
-1783
-1846
-1895
-1969
-2008
-2128
-2101
-2093
-1954
-2059
-2059
-1999
-2106
-2151
-2248
-2295
-2342
-2423
-2443
-2385
-2340
-2300
-2324
-2219
-2154
-2033
-1887
-1858
-1843
-1774
-1737
-1626
-1482
-1412
-1389
-1504
-1614
-1760
-1955
-2088
-2181
-2269
-2332
-2369
-2410
-2420
-2477
-2544
-2577
-2728
-2730
-2732
-2641
-2568
-2567
-2456
-2280
-2096
-2028
-1962
-1923
-1794
-1665
-1573
-1569
-1559
-1514
-1509
-1569
-1652
-1740
-1906
-2131
-2338
-2478
-2550
-2578
-2609
-2614
-2613
-2587
-2575
-2541
-2458
-2410
-2380
-2292
-2226
-2169
-2100
-1995
-1895
-1788
-1727
-1653
-1678
-1723
-1689
-1829
-1939
-2052
-2122
-2220
-2271
-2280
-2310
-2299
-2307
-2262
-2288
-2340
-2363
-2344
-2302
-2233
-2242
-2227
-2156
-2180
-2079
-1941
-1831
-1776
-1766
-1781
-1837
-1870
-1890
-1826
-1777
-1826
-1913
-2007
-2094
-2165
-2188
-2166
-2111
-2103
-2156
-2255
-2397
-2453
-2462
-2410
-2333
-2244
-2215
-2171
-2116
-2098
-2095
-2138
-2107
-2080
-2061
-2048
-1978
-1955
-1854
-1838
-1928
-1954
-2034
-2086
-2106
-2081
-2096
-2151
-2257
-2279
-2239
-2184
-2099
-2063
-2060
-2082
-2144
-2189
-2224
-2224
-2167
-2156
-2198
-2153
-2185
-2294
-2272
-2260
-2205
-2167
-2095
-2056
-2046
-2085
-2042
-1942
-1961
-1923
-1916
-1933
-1957
-1970
-1960
-1906
-1862
-1823
-1801
-1792
-1819
-1847
-1911
-1936
-2072
-2196
-2208
-2223
-2308
-2400
-2292
-2298
-2270
-2289
-2270
-2221
-2143
-2062
-2018
-2027
-2000
-1940
-1987
-1995
-1992
-2016
-2114
-2094
-2212
-2209
-2077
-2043
-1955
-1903
-1927
-1942
-2002
-2058
-2112
-2225
-2328
-2354
-2344
-2390
-2324
-2287
-2248
-2232
-2170
-2126
-2072
-2071
-2082
-1983
-2024
-2022
-2021
-2031
-2016
-2011
-1991
-1999
-2087
-2198
-2236
-2298
-2325
-2254
-2225
-2140
-2121
-2192
-2239
-2260
-2250
-2214
-2175
-2198
-2140
-2142
-2047
-1986
-1896
-1805
-1844
-1810
-1952
-1967
-2022
-2095
-2082
-2136
-2126
-2122
-2078
-2081
-2039
-2051
-2114
-2092
-2180
-2227
-2221
-2211
-2139
-2121
-2105
-2083
-2096
-2091
-2111
-2089
-2076
-2073
-2044
-2089
-2069
-2097
-2063
-2029
-2070
-2102
-2189
-2280
-2374
-2404
-2397
-2307
-2245
-2206
-2190
-2137
-2066
-2021
-1956
-1897
-1843
-1814
-1818
-1854
-1848
-1843
-1764
-1766
-1819
-1893
-2002
-2077
-2185
-2288
-2380
-2432
-2474
-2474
-2466
-2448
-2423
-2400
-2376
-2351
-2327
-2282
-2211
-2136
-2050
-1945
-1871
-1822
-1806
-1791
-1750
-1769
-1836
-1929
-1992
-2039
-2083
-2113
-2129
-2127
-2146
-2204
-2265
-2368
-2416
-2484
-2486
-2341
-2306
-2256
-2200
-2137
-2049
-2018
-1978
-1942
-1896
-1877
-1848
-1866
-1934
-1897
-1890
-1903
-1901
-1936
-1982
-2037
-2109
-2175
-2259
-2310
-2327
-2292
-2274
-2279
-2265
-2263
-2250
-2265
-2263
-2245
-2192
-2145
-2075
-2033
-2002
-1988
-1984
-1976
-1972
-1985
-2020
-2075
-2107
-2135
-2150
-2123
-2098
-2073
-2063
-2072
-2100
-2122
-2148
-2136
-2169
-2131
-2191
-2196
-2173
-2246
-2230
-2228
-2200
-2199
-2202
-2181
-2138
-2104
-2098
-2081
-2073
-2043
-2036
-2040
-2054
-2032
-2016
-2074
-2008
-2114
-2108
-2120
-2107
-1963
-1947
-1931
-1963
-2004
-2148
-2190
-2196
-2197
-2233
-2292
-2397
-2402
-2323
-2329
-2252
-2197
-2136
-2150
-2163
-2128
-2125
-2048
-2021
-1945
-1925
-1885
-1813
-1788
-1853
-1920
-1819
-1853
-1892
-1920
-1958
-2007
-2020
-2051
-2086
-2140
-2203
-2245
-2288
-2318
-2317
-2317
-2306
-2306
-2319
-2210
-2088
-2107
-2102
-2033
-2053
-2044
-2061
-2062
-2064
-2027
-2027
-1988
-1983
-1959
-1961
-1943
-1948
-1934
-1944
-2043
-2041
-2150
-2142
-2283
-2292
-2318
-2301
-2256
-2349
-2316
-2312
-2269
-2262
-2209
-2195
-2169
-2140
-2095
-2063
-2067
-2080
-2067
-2055
-2060
-2064
-2058
-2044
-2027
-2030
-2021
-1971
-1944
-1923
-1960
-1996
-2084
-2129
-2224
-2234
-2269
-2277
-2157
-2174
-2168
-2165
-2162
-2164
-2152
-2157
-2166
-2201
-2193
-2216
-2162
-2141
-2107
-2061
-2016
-1956
-2037
-1997
-1977
-1949
-1937
-1925
-1940
-1953
-1968
-1988
-2028
-2107
-2154
-2210
-2254
-2282
-2276
-2241
-2226
-2221
-2202
-2224
-2229
-2236
-2210
-2171
-2149
-2133
-2134
-2105
-2075
-2034
-2000
-1966
-1987
-2045
-2108
-2170
-2227
-2285
-2268
-2265
-2183
-2192
-2128
-2078
-2129
-2079
-2096
-2057
-2014
-1994
-2003
-1986
-1995
-1999
-1982
-2013
-2071
-2109
-2149
-2253
-2265
-2164
-2224
-2191
-2202
-2213
-2130
-2216
-2192
-2214
-2237
-2299
-2303
-2282
-2260
-2217
-2191
-2128
-2095
-2025
-1944
-1930
-1942
-1938
-1972
-1988
-2027
-2038
-2068
-2072
-2066
-2056
-2054
-2049
-2064
-2063
-2092
-2067
-2059
-2026
-2011
-2137
-2041
-2068
-2109
-2138
-2156
-2138
-2152
-2195
-2190
-2171
-2157
-2130
-2259
-2160
-2152
-2195
-2142
-2184
-2179
-2194
-2174
-2185
-2154
-2124
-2084
-2036
-1994
-1957
-1991
-1953
-2000
-1969
-2017
-2004
-2000
-2074
-2066
-2122
-2155
-2164
-2150
-2166
-2173
-2159
-2182
-2194
-2168
-2241
-2186
-2141
-2212
-2224
-2160
-2265
-2243
-2130
-2135
-2088
-2020
-2024
-2081
-2016
-2002
-1970
-1996
-2007
-2033
-2057
-2121
-2148
-2184
-2238
-2259
-2270
-2248
-2232
-2141
-2167
-2069
-2083
-2166
-2143
-2188
-2155
-2155
-2108
-2141
-2125
-2031
-2076
-2064
-2079
-2052
-1995
-1974
-1958
-1975
-1996
-2024
-2058
-2049
-2091
-2148
-2120
-2160
-2164
-2151
-2138
-2092
-2076
-2049
-2007
-1993
-1946
-2036
-2072
-2026
-2110
-2076
-2147
-2116
-2092
-2095
-2059
-2132
-2090
-2097
-2109
-2126
-2149
-2147
-2159
-2190
-2223
-2213
-2188
-2185
-2134
-2113
-2121
-2105
-2103
-2079
-2059
-2031
-2019
-2003
-2017
-2037
-2075
-2112
-2111
-2136
-2117
-2117
-2117
-2144
-2164
-2156
-2156
-2139
-2132
-2139
-2153
-2162
-2198
-2215
-2210
-2184
-2184
-2159
-2159
-2150
-2140
-2113
-2108
-2083
-2129
-2104
-2008
-2035
-2012
-2030
-2036
-2064
-2096
-2100
-2098
-2083
-2055
-2067
-2048
-2094
-2060
-2068
-2041
-2051
-2111
-2057
-2103
-2100
-2158
-2168
-2183
-2183
-2167
-2136
-2127
-2109
-2086
-2086
-2099
-2113
-2136
-2174
-2169
-2198
-2202
-2162
-2148
-2168
-2130
-2112
-2076
-2084
-2094
-2112
-2145
-2174
-2176
-2176
-2160
-2140
-2156
-2152
-2144
-2143
-2157
-2134
-2131
-2098
-2104
-2074
-2108
-2090
-2022
-2089
-2099
-2118
-2136
-2145
-2160
-2169
-2197
-2204
-2179
-2153
-2177
-2143
-2138
-2166
-2139
-2217
-2163
-2141
-2167
-2099
-2114
-2092
-2077
-2126
-2115
-2111
-2092
-2109
-2070
-2083
-2086
-1948
-2003
-1989
-2030
-2060
-2016
-2075
-2047
-2046
-2095
-2087
-2100
-2129
-2107
-2096
-2069
-2074
-2067
-2108
-2157
-2129
-2150
-2134
-2127
-2100
-2076
-2053
-2038
-2031
-1999
-1973
-1945
-1964
-2028
-2122
-2105
-2115
-2090
-2098
-2089
-2055
-2070
-2046
-2044
-2035
-2055
-2066
-2087
-2109
-2136
-2152
-2163
-2169
-2246
-2147
-2120
-2145
-2114
-2130
-2120
-2103
-2090
-2106
-2071
-2062
-1990
-2088
-2093
-2122
-2119
-2057
-2145
-2125
-2110
-2088
-2068
-2072
-2072
-2079
-2102
-2079
-2084
-2088
-2102
-2114
-2132
-2154
-2139
-2142
-2136
-2125
-2110
-2092
-2075
-2095
-2126
-2127
-2154
-2119
-2147
-2089
-2022
-2073
-2065
-2111
-2103
-2119
-2095
-2087
-2083
-2048
-2051
-2048
-2044
-2064
-2086
-2084
-2104
-2114
-2144
-2136
-2145
-2106
-2137
-2188
-2117
-2119
-2076
-2075
-2108
-2132
-2145
-2153
-2155
-2163
-2187
-2176
-2165
-2142
-2169
-2118
-2108
-2134
-2122
-2125
-2126
-2124
-2121
-2125
-2149
-2149
-2147
-2145
-2144
-2135
-2150
-2144
-2124
-2141
-2144
-2152
-2111
-2153
-2092
-2143
-2136
-2146
-2204
-2170
-2181
-2127
-2151
-2124
-2135
-2120
-2123
-2110
-2096
-2088
-2104
-2107
-2157
-2131
-2178
-2194
-2073
-2075
-2074
-2065
-2069
-2145
-2091
-2108
-2100
-2130
-2116
-2165
-2157
-2199
-2198
-2076
-2127
-2108
-2188
-2104
-2103
-2099
-2074
-2061
-2044
-2049
-2042
-2054
-2040
-2031
-2044
-2052
-2066
-2093
-2065
-2172
-2082
-2041
-2035
-2012
-2003
-2000
-2053
-2029
-2105
-2117
-2188
-2234
-2221
-2224
-2214
-2193
-2154
-2152
-2144
-2127
-2128
-2110
-2133
-2153
-2128
-2130
-2133
-2121
-2104
-2123
-2077
-2105
-2054
-2024
-2052
-2049
-2050
-2035
-2130
-2107
-2112
-2152
-2107
-2112
-2147
-2133
-2173
-2138
-2197
-2215
-2147
-2166
-2125
-2115
-2092
-2112
-2115
-2142
-2163
-2170
-2160
-2154
-2123
-2106
-2081
-2061
-2056
-2043
-2051
-2061
-2048
-2090
-2126
-2054
-2084
-2100
-2092
-2097
-2101
-2077
-2075
-2074
-2087
-2097
-2108
-2047
-2068
-2138
-2026
-2047
-2057
-2070
-2100
-2122
-2110
-2104
-2080
-2062
-2071
-2023
-2040
-1962
-1989
-1973
-1983
-2001
-1982
-2037
-2039
-2063
-2024
-2132
-2142
-2015
-2086
-2126
-2093
-2107
-2079
-2119
-2095
-2138
-2086
-2083
-2163
-2143
-2177
-2155
-2170
-2126
-2132
-2083
-2101
-2086
-2089
-2085
-2056
-2067
-2078
-2081
-2090
-2112
-2119
-2161
-2133
-2188
-2121
-2126
-2105
-2072
-2076
-2042
-2082
-2063
-2095
-2128
-2126
-2149
-2169
-2176
-2195
-2153
-2156
-2143
-2136
-2118
-2090
-2087
-2096
-2130
-2154
-2172
-2167
-2194
-2165
-2196
-2153
-2186
-2183
-2087
-2102
-2070
-2063
-2042
-2047
-2064
-2079
-2073
-2087
-2064
-2091
-2105
-2113
-2120
-2086
-2156
-2133
-2100
-2097
-2080
-2085
-2089
-2100
-2123
-2139
-2160
-2178
-2191
-2197
-2177
-2163
-2156
-2134
-2129
-2121
-2114
-2094
-2071
-2114
-2131
-2148
-2135
-2152
-2149
-2135
-2150
-2135
-2164
-2150
-2170
-2159
-2176
-2168
-2124
-2119
-2131
-2116
-2132
-2158
-2153
-2187
-2141
-2160
-2124
-2178
-2102
-2064
-2147
-2116
-2123
-2096
-2109
-2106
-2127
-2135
-2176
-2177
-2184
-2185
-2166
-2165
-2155
-2155
-2147
-2149
-2156
-2145
-2110
-2156
-2123
-2047
-2104
-2094
-2126
-2101
-2076
-2074
-2029
-2087
-2110
-2095
-2062
-2108
-2066
-2063
-2087
-2065
-2065
-2092
-2106
-2103
-2086
-2085
-2073
-2070
-2056
-2049
-2054
-2017
-2073
-2050
-2031
-2046
-2162
-2122
-2066
-2093
-2083
-2065
-2075
-2070
-2054
-2056
-2052
-2074
-2048
-2100
-2087
-2119
-2102
-2123
-2136
-2057
-2130
-2161
-2145
-2140
-2059
-2083
-2049
-2077
-2151
-2115
-2133
-2111
-2117
-2107
-2135
-2102
-2123
-2115
-2111
-2138
-2101
-2102
-2094
-2108
-2136
-2169
-2135
-2153
-2151
-2185
-2191
-2190
-2191
-2137
-2148
-2118
-2121
-2102
-2102
-2095
-2095
-2109
-2112
-2120
-2119
-2145
-2147
-2137
-2120
-2095
-2114
-2099
-2126
-2098
-2106
-2123
-2014
-2063
-2062
-2096
-2096
-2110
-2118
-2100
-2130
-2090
-2119
-2120
-2092
-2040
-2066
-2043
-2037
-2057
-2035
-2065
-2040
-2098
-2072
-2075
-2161
-2140
-2164
-2167
-2139
-2114
-2096
-2104
-2089
-2100
-2102
-2103
-2097
-2092
-2135
-2148
-2133
-2125
-2138
-2121
-2145
-2135
-2130
-2101
-2125
-2076
-2060
-2136
-2099
-2128
-2141
-2158
-2147
-2160
-2173
-2213
-2185
-2223
-2144
-2094
-2144
-2116
-2121
-2105
-2118
-2109
-2135
-2150
-2140
-2114
-2140
-2099
-2118
-2106
-2123
-2116
-2105
-2105
-2117
-2130
-2122
-2167
-2105
-2140
-2126
-2102
-2147
-2158
-2159
-2137
-2140
-2142
-2061
-2155
-2121
-2163
-2126
-2035
-2093
-2055
-2087
-2065
-2071
-2048
-2063
-2023
-2111
-2116
-2084
-2086
-2106
-2098
-2113
-2111
-2123
-2189
-2068
-2058
-2090
-2116
-2113
-2118
-2105
-2144
-2095
-2099
-2079
-2051
-2013
-2070
-2136
-2099
-2081
-2037
-2107
-2085
-2155
-2119
-2119
-2108
-2099
-2094
-2074
-2093
-2075
-2103
-2093
-2118
-2116
-2132
-2137
-2154
-2151
-2149
-2146
-2150
-2120
-2103
-2156
-2088
-2046
-2077
-2058
-2060
-2057
-2063
-2057
-2062
-2056
-2052
-2070
-2052
-2062
-2041
-2042
-2056
-2055
-2052
-2091
-2155
-2160
-2138
-2139
-2120
-2133
-2136
-2139
-2141
-2132
-2124
-2137
-2132
-2125
-2145
-2114
-2179
-2055
-2099
-2150
-2127
-2146
-2131
-2115
-2023
-2093
-2020
-2036
-2038
-2045
-2041
-2047
-2050
-2043
-2105
-2043
-2070
-2069
-2088
-2093
-2081
-2072
-2070
-2069
-2063
-2065
-2067
-2070
-2065
-2094
-2126
-2124
-2130
-2125
-2093
-2137
-2154
-2167
-2131
-2141
-2113
-2139
-2139
-2136
-2157
-2049
-2112
-2120
-2134
-2143
-2147
-2157
-2155
-2162
-2145
-2148
-2149
-2142
-2143
-2158
-2151
-2167
-2166
-2173
-2176
-2184
-2184
-2167
-2163
-2170
-2159
-2141
-2126
-2127
-2106
-2125
-2142
-2131
-2139
-2117
-2106
-2117
-2116
-2108
-2110
-2113
-2118
-2113
-2116
-2119
-2135
-2134
-2136
-2135
-2159
-2130
-2169
-2127
-2063
-2109
-2085
-2107
-2085
-2088
-2076
-2078
-2065
-2061
-2044
-2028
-2022
-2035
-2036
-2031
-2127
-2108
-2103
-2103
-2105
-2109
-2114
-2115
-2106
-2109
-2106
-2128
-2145
-2145
-2129
-2141
-2148
-2156
-2128
-2142
-2145
-2135
-2139
-2126
-2134
-2144
-2134
-2142
-2109
-2102
-2128
-2095
-2110
-2107
-2126
-2124
-2129
-2125
-2112
-2113
-2149
-2141
-2134
-2128
-2132
-2142
-2138
-2181
-2089
-2149
-2185
-2197
-2209
-2188
-2172
-2153
-2149
-2108
-2119
-2123
-2118
-2116
-2132
-2109
-2151
-2098
-2053
-2088
-2115
-2092
-2116
-2111
-2095
-2099
-2072
-2119
-2133
-2192
-2144
-2159
-2100
-2194
-2214
-2092
-2132
-2055
-2038
-2048
-2046
-2059
-2048
-2053
-2089
-2095
-2115
-2126
-2174
-2143
-2098
-2079
-2083
-2108
-2089
-2070
-2075
-2041
-2032
-2058
-2054
-2032
-2023
-2026
-2084
-2086
-2071
-2084
-2075
-2144
-2127
-2129
-2054
-2061
-2038
-2065
-2071
-2014
-2136
-2114
-2113
-2140
-2115
-2130
-2101
-2116
-2059
-2086
-2111
-2117
-2090
-2069
-2106
-2071
-2074
-2097
-2145
-2083
-2159
-2051
-2104
-2089
-2124
-2196
-2149
-2135
-2103
-2161
-2066
-2124
-2092
-2127
-2124
-2103
-2130
-2130
-2118
-2138
-2154
-2107
-2071
-2153
-2105
-2072
-2116
-2091
-2092
-2127
-2084
-2102
-2198
-2105
-2136
-2116
-2151
-2108
-2049
-2022
-2069
-2034
-2003
-2070
-2062
-2082
-2075
-2066
-2017
-2053
-2041
-2071
-2136
-2171
-2156
-2142
-2103
-2084
-2084
-2077
-2141
-2131
-2081
-2125
-2110
-2078
-2123
-2141
-2143
-2160
-2177
-2132
-2139
-2168
-2122
-2115
-2144
-2097
-2083
-2100
-2131
-2110
-2116
-2145
-2156
-2150
-2115
-2131
-2140
-2170
-2136
-2110
-2106
-2129
-2139
-2161
-2162
-2164
-2175
-2102
-2121
-2107
-2152
-2091
-2050
-2131
-2104
-2160
-2109
-2094
-2158
-2124
-2110
-2075
-2130
-2164
-2139
-2117
-2123
-2128
-2125
-2121
-2123
-2115
-2076
-2165
-2039
-2019
-2070
-2050
-2049
-2055
-2112
-2081
-2084
-2115
-2096
-2044
-2090
-2111
-2139
-2079
-2082
-2070
-2074
-2121
-2128
-2153
-2085
-2120
-2052
-2036
-2115
-2089
-2060
-2032
-2114
-2046
-2015
-2131
-2146
-2170
-2054
-2077
-2071
-1991
-2073
-2099
-2037
-2054
-2028
-2021
-2198
-2094
-2108
-2234
-2110
-2170
-2139
-2013
-2230
-2134
-2064
-2095
-2067
-2180
-2109
-2114
-2079
-2097
-2086
-2121
-2142
-2166
-2142
-2105
-2145
-2150
-2145
-2094
-2147
-2108
-2134
-2173
-2073
-2054
-2099
-2057
-2039
-2132
-2139
-2026
-2163
-2108
-2132
-2074
-2062
-2126
-2042
-2169
-2105
-2058
-2098
-2181
-2084
-2114
-2079
-2100
-2118
-2118
-2107
-2178
-2185
-2077
-2155
-2122
-2143
-2095
-2069
-2018
-2045
-2039
-2031
-2080
-2099
-2081
-2125
-2079
-2093
-2056
-2057
-2037
-2072
-2096
-2006
-2105
-2053
-2097
-2117
-2209
-2125
-2133
-2159
-2145
-2161
-2158
-2140
-2085
-2116
-2132
-2171
-2111
-2146
-2116
-2119
-2162
-2118
-2146
-2156
-2081
-2164
-2090
-2189
-2098
-2105
-2190
-2095
-2218
-2105
-2154
-2123
-2133
-2109
-2154
-2125
-2115
-2151
-2136
-2166
-2163
-2140
-2085
-2199
-2152
-2119
-2124
-2124
-2131
-2147
-2102
-2129
-2171
-2111
-2176
-2125
-2095
-2167
-2072
-2144
-2100
-2146
-2169
-2066
-2149
-2117
-2082
-2082
-2126
-2117
-2165
-2110
-2168
-2118
-2127
-2130
-2114
-2179
-2037
-2059
-2085
-2130
-2068
-2027
-2087
-2086
-2063
-2036
-2098
-2075
-2072
-2102
-2038
-2109
-2067
-2050
-2054
-2122
-2123
-2064
-2091
-2089
-2122
-2081
-2092
-2114
-2154
-2107
-2105
-2149
-2147
-2120
-2153
-2122
-2139
-2160
-2127
-2153
-2149
-2175
-2127
-2126
-2134
-2146
-2123
-2094
-2129
-2124
-2112
-2168
-2138
-2148
-2173
-2126
-2136
-2143
-2140
-2091
-2125
-2132
-2120
-2090
-2098
-2094
-2049
-2096
-2110
-2159
-2144
-2170
-2167
-2140
-2169
-2152
-2119
-2132
-2147
-2117
-2119
-2127
-2125
-2107
-2171
-2110
-2075
-2102
-2063
-2102
-2115
-2091
-2093
-2077
-2072
-2072
-2050
-2045
-2084
-2208
-2113
-2043
-2097
-2099
-2112
-2063
-2065
-2079
-2055
-2037
-2030
-2061
-2058
-2048
-2046
-2092
-2101
-2052
-2076
-2058
-2108
-2030
-2117
-2152
-2052
-2063
-2032
-2060
-2064
-2081
-2035
-2086
-2070
-2080
-2055
-2092
-2161
-2164
-2171
-2068
-2110
-2141
-2115
-2118
-2142
-2147
-2163
-2146
-2144
-2174
-2169
-2149
-2149
-2143
-2152
-2154
-2163
-2163
-2154
-2139
-2132
-2153
-2151
-2147
-2161
-2180
-2184
-2203
-2101
-2110
-2163
-2151
-2148
-2134
-2156
-2135
-2123
-2122
-2136
-2139
-2130
-2148
-2164
-2167
-2141
-2130
-2154
-2166
-2148
-2130
-2151
-2162
-2128
-2174
-2161
-2061
-2086
-2052
-2053
-2091
-2084
-2084
-2089
-2093
-2081
-2081
-2076
-2079
-2067
-2063
-2069
-2108
-2123
-2096
-2059
-2151
-2140
-2075
-2076
-2074
-2096
-2049
-2031
-2034
-2066
-2033
-2038
-2031
-2057
-2045
-2031
-2024
-2095
-2157
-2153
-2173
-2120
-2176
-2094
-2092
-2108
-2109
-2092
-2097
-2097
-2120
-2099
-2080
-2102
-2072
-2079
-2029
-2063
-2020
-2087
-2106
-2107
-2114
-2127
-2043
-2130
-2092
-2082
-2195
-2088
-2159
-2134
-2161
-2061
-2163
-2123
-2077
-2093
-2074
-2160
-2117
-2135
-2115
-2140
-2125
-2139
-2129
-2141
-2112
-2129
-2113
-2132
-2154
-2134
-2099
-2106
-2101
-2111
-2139
-2046
-2066
-2066
-2043
-2045
-2070
-2041
-2055
-2046
-2069
-2074
-2092
-2028
-2133
-2171
-2029
-2058
-2052
-2090
-2050
-2055
-2062
-2082
-2042
-2081
-2070
-2044
-2071
-2044
-2078
-2165
-2107
-2028
-2128
-2136
-2138
-2107
-2139
-2080
-2076
-2112
-2077
-2112
-2072
-2093
-2070
-2063
-2060
-2077
-2078
-2039
-2173
-2141
-2134
-2100
-2074
-2150
-2106
-2113
-2087
-2121
-2091
-2101
-2117
-2111
-2135
-2109
-2124
-2144
-2135
-2109
-2127
-2127
-2122
-2105
-2120
-2124
-2108
-2091
-2103
-2100
-2093
-2102
-2102
-2113
-2139
-2128
-2102
-2121
-2137
-2133
-2096
-2074
-2090
-2123
-2092
-2092
-2133
-2132
-2107
-2131
-2129
-2141
-2079
-2120
-2094
-2006
-2063
-2027
-2051
-2062
-2053
-2020
-2049
-2073
-2073
-2030
-2029
-2037
-2064
-2043
-2032
-2146
-2123
-2097
-2095
-2104
-2090
-2083
-2064
-2104
-2101
-2113
-2119
-2132
-2149
-2116
-2143
-2124
-2129
-2083
-2102
-2102
-2096
-2116
-2098
-2079
-2086
-2111
-2106
-2122
-2107
-2112
-2112
-2104
-2113
-2138
-2129
-2109
-2110
-2126
-2106
-2114
-2117
-2140
-2126
-2104
-2096
-2117
-2115
-2026
-2104
-2118
-2130
-2126
-2137
-2152
-2139
-2144
-2135
-2117
-2112
-2125
-2108
-2101
-2138
-2144
-2115
-2121
-2145
-2174
-2127
-2151
-2094
-2167
-2099
-2069
-2106
-2047
-2081
-2073
-2102
-2058
-2137
-2126
-2190
-2120
-2039
-2064
-2069
-2103
-2105
-2131
-2077
-2124
-2108
-2108
-2086
-2126
-2086
-2101
-2105
-2032
-2074
-2025
-2081
-2149
-2155
-2098
-2060
-2048
-2060
-2079
-2068
-2058
-2091
-2082
-2135
-2164
-2139
-2108
-2127
-2081
-2065
-2079
-2027
-2127
-2082
-2124
-2122
-2118
-2121
-2129
-2150
-2149
-2115
-2093
-2141
-2085
-2072
-2116
-2112
-2069
-2131
-2139
-2142
-2113
-2164
-2127
-2129
-2170
-2084
-2113
-2106
-2121
-2090
-2118
-2108
-2104
-2144
-2133
-2162
-2103
-2117
-2112
-2118
-2154
-2129
-2122
-2094
-2066
-2108
-2124
-2108
-2139
-2101
-2071
-2094
-2085
-2084
-2130
-2120
-2140
-2095
-2129
-2098
-2001
-2035
-2015
-2068
-2077
-2094
-2059
-2075
-2091
-2059
-2096
-2047
-2080
-2129
-2124
-2097
-2106
-2101
-2119
-2136
-2085
-2131
-2096
-2105
-2117
-2106
-2132
-2092
-2116
-2101
-2095
-2096
-2080
-2125
-2160
-2131
-2074
-2116
-2100
-2119
-2146
-2096
-2121
-2137
-2090
-2098
-2126
-2123
-2095
-2115
-2139
-2085
-2130
-2111
-2124
-2137
-2106
-2075
-2105
-2106
-2093
-2102
-2111
-2113
-2120
-2113
-2046
-2105
-2109
-2134
-2154
-2153
-2140
-2126
-2129
-2164
-2152
-2117
-2122
-2097
-2082
-2105
-2112
-2133
-2110
-2136
-2178
-2069
-2075
-2101
-2085
-2102
-2068
-2072
-2136
-2157
-2134
-2144
-2156
-2084
-2111
-2083
-2081
-2065
-2012
-2072
-2070
-2052
-2078
-2056
-2090
-2113
-2112
-2149
-2135
-2159
-2151
-2085
-2086
-2140
-2096
-2095
-2088
-2129
-2139
-2075
-2074
-2057
-2062
-2110
-2059
-2053
-2041
-2081
-2062
-2076
-2118
-2075
-2115
-2075
-2150
-2156
-2131
-2116
-2128
-2116
-2121
-2116
-2096
-2081
-2110
-2122
-2134
-2138
-2146
-2136
-2112
-2115
-2087
-2181
-2126
-2139
-2133
-2070
-2097
-2193
-2161
-2151
-2158
-2074
-2093
-2157
-2149
-2128
-2127
-2127
-2147
-2127
-2151
-2114
-2134
-2119
-2114
-2133
-2149
-2141
-2148
-2156
-2152
-2167
-2139
-2155
-2159
-2137
-2130
-2078
-2068
-2058
-2047
-2070
-2057
-2087
-2055
-2149
-2148
-2057
-2073
-2071
-2094
-2084
-2059
-2108
-2074
-2100
-2084
-2052
-2053
-2044
-2089
-2034
-2086
-2064
-2062
-2057
-2144
-2143
-2079
-2137
-2100
-2064
-2019
-2051
-2076
-2076
-2104
-2099
-2117
-2084
-2082
-2119
-2131
-2136
-2148
-2168
-2145
-2150
-2160
-2162
-2127
-2178
-2128
-2197
-2123
-2071
-2147
-2097
-2158
-2119
-2149
-2148
-2148
-2136
-2138
-2150
-2158
-2164
-2162
-2154
-2162
-2149
-2118
-2161
-2149
-2161
-2151
-2126
-2123
-2115
-2137
-2143
-2141
-2136
-2154
-2160
-2151
-2150
-2158
-2148
-2148
-2148
-2135
-2144
-2134
-2149
-2143
-2137
-2130
-2162
-2141
-2193
-2129
-2062
-2114
-2077
-2104
-2087
-2102
-2096
-2096
-2089
-2066
-2068
-2085
-2078
-2086
-2049
-2049
-2085
-2088
-2099
-2082
-2122
-2085
-2121
-2102
-2069
-2136
-2109
-2111
-2126
-2124
-2118
-2112
-2107
-2105
-2107
-2119
-2111
-2108
-2124
-2122
-2117
-2134
-2128
-2125
-2143
-2122
-2125
-2109
-2105
-2106
-2121
-2127
-2143
-2134
-2090
-2110
-2125
-2108
-2128
-2117
-2116
-2140
-2055
-2075
-2067
-2119
-2155
-2127
-2128
-2123
-2149
-2139
-2170
-2160
-2115
-2103
-2132
-2110
-2129
-2099
-2113
-2138
-2068
-2057
-2087
-2051
-2064
-2061
-2113
-2168
-2135
-2160
-2121
-2150
-2121
-2148
-2116
-2173
-2141
-2056
-2087
-2052
-2095
-2111
-2100
-2075
-2063
-2063
-2067
-2072
-2120
-2093
-2103
-2097
-2125
-2099
-2093
-2081
-2085
-2080
-2030
-2081
-2150
-2106
-2026
-2072
-2051
-2062
-2066
-2081
-2049
-2046
-2034
-2074
-2075
-2074
-2053
-2053
-2100
-2071
-2095
-2097
-2104
-2094
-2083
-2101
-2099
-2096
-2080
-2009
-2135
-2162
-2118
-2104
-2101
-2118
-2097
-2118
-2128
-2130
-2119
-2121
-2108
-2120
-2119
-2107
-2113
-2116
-2096
-2098
-2097
-2094
-2109
-2123
-2111
-2121
-2112
-2115
-2137
-2124
-2141
-2138
-2129
-2135
-2129
-2126
-2121
-2124
-2122
-2105
-2099
-2102
-2102
-2101
-2113
-2117
-2131
-2131
-2195
-2099
-2042
-2083
-2045
-2068
-2074
-2078
-2075
-2086
-2047
-2075
-2092
-2106
-2091
-2092
-2085
-2093
-2184
-2158
-2157
-2127
-2124
-2132
-2132
-2136
-2126
-2142
-2157
-2154
-2155
-2137
-2139
-2145
-2145
-2153
-2117
-2119
-2097
-2098
-2099
-2126
-2131
-2139
-2152
-2154
-2152
-2153
-2166
-2166
-2182
-2148
-2144
-2112
-2112
-2084
-2085
-2092
-2111
-2119
-2140
-2130
-2123
-2147
-2084
-2118
-2079
-2134
-2146
-2123
-2159
-2142
-2141
-2129
-2146
-2153
-2144
-2135
-2127
-2124
-2155
-2155
-2156
-2136
-2127
-2147
-2141
-2125
-2091
-2151
-2124
-2043
-2062
-2059
-2093
-2111
-2089
-2093
-2140
-2074
-2121
-2173
-2065
-2069
-2079
-2087
-2074
-2080
-2067
-2048
-2058
-2067
-2058
-2065
-2066
-2062
-2095
-2076
-2094
-2063
-2122
-2179
-2126
-2082
-2062
-2074
-2071
-2100
-2072
-2063
-2056
-2071
-2053
-2072
-2037
-2069
-2143
-2122
-2133
-2029
-2099
-2117
-2093
-2107
-2103
-2114
-2108
-2116
-2107
-2127
-2092
-2088
-2102
-2105
-2117
-2114
-2089
-2102
-2094
-2098
-2106
-2102
-2102
-2120
-2100
-2154
-2128
-2049
-2111
-2112
-2137
-2128
-2135
-2138
-2138
-2122
-2128
-2152
-2139
-2132
-2139
-2137
-2145
-2149
-2143
-2149
-2168
-2156
-2188
-2180
-2073
-2097
-2083
-2082
-2087
-2081
-2065
-2066
-2045
-2066
-2050
-2044
-2108
-2129
-2145
-2034
-2072
-2071
-2078
-2082
-2059
-2102
-2084
-2088
-2087
-2111
-2106
-2125
-2091
-2099
-2080
-2049
-2065
-2068
-2080
-2077
-2073
-2071
-2079
-2044
-2124
-2084
-2049
-2072
-2048
-2067
-2062
-2089
-2060
-2064
-2064
-2069
-2044
-2075
-2147
-2125
-2114
-2073
-2077
-2087
-2110
-2071
-2119
-2158
-2120
-2127
-2114
-2116
-2077
-2130
-2137
-2146
-2145
-2140
-2141
-2133
-2137
-2135
-2125
-2113
-2123
-2100
-2107
-2095
-2111
-2115
-2103
-2100
-2094
-2099
-2105
-2098
-2117
-2117
-2113
-2122
-2126
-2121
-2113
-2107
-2120
-2129
-2138
-2157
-2143
-2143
-2109
-2128
-2099
-2142
-2126
-2044
-2085
-2073
-2073
-2075
-2078
-2081
-2074
-2075
-2076
-2075
-2088
-2107
-2088
-2075
-2070
-2070
-2056
-2044
-2089
-2065
-2076
-2102
-2121
-2110
-2098
-2126
-2138
-2158
-2146
-2135
-2123
-2132
-2131
-2138
-2127
-2134
-2132
-2145
-2155
-2151
-2145
-2121
-2114
-2112
-2119
-2128
-2138
-2139
-2151
-2129
-2153
-2130
-2120
-2126
-2120
-2148
-2127
-2134
-2130
-2125
-2127
-2131
-2132
-2133
-2129
-2130
-2146
-2152
-2160
-2154
-2157
-2156
-2157
-2158
-2143
-2152
-2153
-2160
-2154
-2140
-2137
-2125
-2115
-2122
-2121
-2120
-2111
-2115
-2128
-2128
-2130
-2134
-2135
-2133
-2129
-2123
-2143
-2127
-2182
-2102
-2050
-2079
-2062
-2066
-2062
-2083
-2082
-2085
-2058
-2115
-2100
-2106
-2092
-2090
-2090
-2095
-2110
-2066
-2081
-2074
-2062
-2040
-2062
-2027
-2087
-2151
-2139
-2143
-2150
-2157
-2154
-2149
-2129
-2124
-2120
-2111
-2111
-2111
-2118
-2157
-2145
-2145
-2149
-2151
-2147
-2149
-2151
-2150
-2150
-2131
-2126
-2137
-2151
-2136
-2125
-2124
-2128
-2139
-2130
-2119
-2115
-2112
-2122
-2118
-2116
-2117
-2114
-2125
-2140
-2149
-2147
-2146
-2137
-2136
-2131
-2123
-2124
-2124
-2129
-2120
-2134
-2139
-2141
-2143
-2139
-2148
-2147
-2150
-2157
-2143
-2139
-2134
-2134
-2143
-2134
-2146
-2134
-2137
-2119
-2114
-2117
-2126
-2125
-2118
-2116
-2122
-2135
-2133
-2141
-2114
-2135
-2113
-2153
-2103
-2034
-2091
-2063
-2089
-2090
-2102
-2132
-2100
-2114
-2108
-2109
-2106
-2107
-2107
-2067
-2041
-2060
-2141
-2147
-2134
-2127
-2130
-2130
-2132
-2127
-2117
-2133
-2122
-2139
-2145
-2138
-2132
-2141
-2131
-2129
-2117
-2120
-2129
-2137
-2157
-2150
-2175
-2150
-2180
-2140
-2155
-2164
-2140
-2169
-2060
-2110
-2136
-2153
-2173
-2160
-2150
-2133
-2146
-2130
-2144
-2144
-2134
-2115
-2128
-2096
-2115
-2177
-2090
-2063
-2091
-2069
-2097
-2090
-2107
-2093
-2124
-2108
-2108
-2099
-2073
-2104
-2100
-2103
-2068
-2142
-2123
-2148
-2137
-2074
-2089
-2083
-2088
-2086
-2065
-2075
-2059
-2077
-2127
-2073
-2064
-2073
-2040
-2074
-2111
-2055
-2043
-2044
-2065
-2074
-2086
-2086
-2100
-2091
-2106
-2065
-2105
-2146
-2095
-2142
-2102
-2099
-2093
-2120
-2093
-2096
-2129
-2127
-2140
-2128
-2139
-2137
-2145
-2123
-2122
-2105
-2092
-2088
-2097
-2113
-2120
-2128
-2120
-2078
-2111
-2127
-2007
-2048
-2019
-2086
-2121
-2107
-2148
-2020
-2083
-2141
-2142
-2146
-2133
-2127
-2134
-2133
-2121
-2107
-2106
-2114
-2102
-2112
-2113
-2121
-2110
-2101
-2106
-2102
-2101
-2105
-2099
-2100
-2102
-2102
-2119
-2073
-2126
-2129
-2020
-2047
-2024
-2050
-2049
-2050
-2059
-2050
-2091
-2076
-2090
-2077
-2060
-2064
-2063
-2099
-2078
-2046
-2071
-2061
-2071
-2060
-2069
-2077
-2070
-2093
-2101
-2072
-2088
-2079
-2093
-2086
-2065
-2173
-2130
-2123
-2120
-2033
-2033
-2033
-2050
-2066
-2056
-2038
-2047
-2052
-2047
-2123
-2157
-2122
-2098
-2138
-2110
-2150
-2115
-2064
-2098
-2044
-2144
-2108
-2107
-2150
-2138
-2151
-2147
-2144
-2134
-2136
-2137
-2146
-2140
-2144
-2115
-2127
-2126
-2129
-2132
-2141
-2151
-2142
-2142
-2140
-2123
-2109
-2127
-2136
-2152
-2144
-2143
-2141
-2147
-2146
-2144
-2146
-2146
-2145
-2137
-2128
-2127
-2147
-2139
-2202
-2116
-2065
-2096
-2076
-2113
-2089
-2107
-2105
-2112
-2104
-2104
-2091
-2071
-2084
-2077
-2150
-2172
-2145
-2147
-2138
-2135
-2134
-2141
-2134
-2137
-2137
-2152
-2160
-2136
-2150
-2112
-2129
-2156
-2156
-2160
-2146
-2156
-2137
-2136
-2125
-2129
-2132
-2144
-2152
-2144
-2139
-2148
-2149
-2137
-2136
-2134
-2130
-2132
-2143
-2135
-2146
-2137
-2142
-2151
-2171
-2141
-2150
-2128
-2152
-2138
-2039
-2103
-2119
-2138
-2132
-2124
-2119
-2114
-2109
-2114
-2108
-2122
-2113
-2132
-2151
-2153
-2156
-2143
-2145
-2118
-2124
-2104
-2133
-2094
-2051
-2056
-2102
-2095
-2103
-2091
-2078
-2066
-2062
-2076
-2051
-2075
-2141
-2152
-2037
-2060
-2061
-2067
-2083
-2087
-2081
-2073
-2094
-2087
-2095
-2087
-2073
-2080
-2114
-2161
-2116
-2051
-2062
-2068
-2068
-2072
-2056
-2053
-2031
-2031
-2123
-2125
-2095
-2126
-2147
-2110
-2101
-2104
-2095
-2099
-2169
-2156
-2131
-2135
-2113
-2131
-2107
-2123
-2114
-2133
-2147
-2135
-2122
-2108
-2118
-2129
-2133
-2141
-2134
-2144
-2143
-2116
-2140
-2120
-2129
-2122
-2036
-2088
-2090
-2073
-2193
-2145
-2144
-2139
-2037
-2118
-2119
-2109
-2147
-2121
-2142
-2118
-2135
-2117
-2131
-2135
-2142
-2149
-2146
-2148
-2124
-2135
-2124
-2147
-2135
-2161
-2102
-2144
-2105
-2072
-2066
-2086
-2153
-2108
-2165
-2094
-2057
-2067
-2060
-2051
-2055
-2044
-2039
-2046
-2038
-2050
-2036
-2045
-2032
-2028
-2145
-2063
-2078
-2133
-2080
-2125
-2102
-2135
-2102
-2111
-2091
-2127
-2106
-2127
-2110
-2055
-2138
-2140
-2145
-2128
-2142
-2088
-2107
-2136
-2128
-2126
-2106
-2115
-2104
-2099
-2111
-2104
-2107
-2110
-2116
-2138
-2127
-2121
-2104
-2123
-2121
-2112
-2102
-2106
-2106
-2103
-2111
-2106
-2118
-2126
-2156
-2141
-2129
-2121
-2114
-2104
-2113
-2124
-2108
-2103
-2116
-2112
-2111
-2116
-2113
-2120
-2123
-2138
-2146
-2134
-2130
-2131
-2132
-2145
-2144
-2156
-2128
-2137
-2096
-2137
-2106
-2023
-2072
-2066
-2095
-2096
-2092
-2096
-2089
-2080
-2081
-2060
-2079
-2055
-2068
-2060
-2069
-2082
-2084
-2096
-2048
-2050
-2069
-2067
-2065
-2066
-2034
-2119
-2128
-2120
-2123
-2112
-2107
-2126
-2135
-2112
-2109
-2107
-2131
-2140
-2149
-2126
-2130
-2113
-2109
-2111
-2103
-2109
-2119
-2133
-2137
-2120
-2106
-2109
-2111
-2114
-2100
-2102
-2099
-2090
-2119
-2110
-2124
-2091
-2071
-2106
-2100
-2117
-2106
-2101
-2103
-2115
-2122
-2113
-2105
-2107
-2107
-2103
-2092
-2104
-2112
-2114
-2115
-2113
-2119
-2122
-2116
-2126
-2139
-2145
-2123
-2101
-2093
-2106
-2108
-2103
-2124
-2121
-2127
-2109
-2180
-2093
-2044
-2053
-2031
-2048
-2024
-2046
-2041
-2061
-2054
-2074
-2065
-2063
-2040
-2053
-2027
-2063
-2078
-2053
-2065
-2036
-2059
-2046
-2070
-2037
-2089
-2113
-2090
-2091
-2085
-2103
-2107
-2115
-2114
-2129
-2123
-2129
-2110
-2112
-2104
-2086
-2093
-2088
-2082
-2085
-2089
-2094
-2105
-2108
-2119
-2106
-2102
-2113
-2089
-2081
-2118
-2105
-2106
-2097
-2108
-2107
-2101
-2107
-2048
-2083
-2052
-2117
-2140
-2118
-2146
-2136
-2157
-2136
-2141
-2119
-2130
-2138
-2151
-2153
-2154
-2108
-2157
-2165
-2069
-2071
-2046
-2034
-2052
-2040
-2064
-2045
-2050
-2046
-2066
-2107
-2061
-2153
-2103
-2128
-2082
-1992
-2045
-2034
-2064
-2068
-2078
-2090
-2081
-2096
-2086
-2077
-2117
-2096
-2090
-2099
-2110
-2116
-2112
-2105
-2119
-2094
-2072
-2063
-2175
-2118
-2053
-2102
-2063
-2079
-2056
-2089
-2096
-2098
-2079
-2075
-2048
-2066
-2046
-2080
-2059
-2044
-2143
-2117
-2129
-2118
-2125
-2150
-2158
-2158
-2142
-2109
-2160
-2131
-2100
-2070
-2112
-2197
-2151
-2180
-2170
-2178
-2167
-2157
-2146
-2139
-2128
-2122
-2136
-2139
-2160
-2148
-2150
-2136
-2138
-2133
-2144
-2148
-2127
-2116
-2185
-2099
-2038
-2085
-2069
-2094
-2061
-2069
-2029
-2058
-2008
-2071
-2125
-2102
-2125
-2101
-2126
-2116
-2141
-2109
-2165
-2078
-2042
-2070
-2065
-2086
-2083
-2098
-2084
-2093
-2066
-2113
-2076
-2071
-2111
-2068
-2092
-2084
-2085
-2070
-2064
-2057
-2040
-2072
-2079
-2085
-2085
-2095
-2055
-2129
-2182
-2123
-2116
-2161
-2111
-2040
-2078
-2131
-2157
-2140
-2152
-2158
-2157
-2180
-2149
-2134
-2149
-2127
-2103
-2098
-2116
-2119
-2120
-2113
-2135
-2144
-2115
-2122
-2177
-2062
-2058
-2067
-2072
-2076
-2081
-2144
-2074
-2163
-2154
-2152
-2167
-2153
-2151
-2136
-2133
-2120
-2111
-2111
-2115
-2116
-2141
-2128
-2146
-2142
-2147
-2138
-2135
-2140
-2114
-2074
-2098
-2158
-2074
-2050
-2077
-2064
-2046
-2060
-2062
-2061
-2074
-2061
-2064
-2060
-2056
-2045
-2155
-2128
-2062
-2079
-2074
-2047
-2052
-2066
-2068
-2067
-2049
-2061
-2046
-2065
-2068
-2083
-2085
-2086
-2063
-2081
-2023
-2118
-2129
-2067
-2183
-2151
-2178
-2163
-2156
-2149
-2144
-2148
-2134
-2135
-2124
-2127
-2130
-2151
-2172
-2177
-2164
-2163
-2164
-2168
-2146
-2126
-2120
-2118
-2133
-2100
-2120
-2162
-2147
-2149
-2149
-2141
-2132
-2121
-2115
-2134
-2147
-2147
-2157
-2165
-2172
-2165
-2162
-2154
-2147
-2143
-2137
-2152
-2143
-2145
-2145
-2134
-2134
-2129
-2127
-2132
-2135
-2140
-2140
-2136
-2130
-2142
-2141
-2144
-2139
-2133
-2127
-2123
-2128
-2110
-2165
-2092
-2059
-2103
-2089
-2096
-2070
-2050
-2052
-2063
-2068
-2109
-2084
-2092
-2099
-2093
-2088
-2077
-2113
-2062
-2103
-2084
-2086
-2171
-2127
-2127
-2129
-2137
-2139
-2122
-2124
-2123
-2137
-2133
-2136
-2128
-2120
-2114
-2097
-2100
-2118
-2106
-2112
-2136
-2147
-2157
-2114
-2142
-2151
-2136
-2132
-2114
-2120
-2117
-2113
-2122
-2124
-2124
-2112
-2114
-2118
-2103
-2104
-2096
-2116
-2102
-2150
-2075
-2065
-2134
-2133
-2157
-2141
-2149
-2137
-2136
-2112
-2124
-2118
-2124
-2125
-2113
-2127
-2121
-2122
-2108
-2094
-2096
-2099
-2107
-2105
-2093
-2102
-2127
-2124
-2129
-2117
-2122
-2107
-2124
-2145
-2098
-2087
-2071
-2085
-2085
-2088
-2088
-2087
-2103
-2105
-2089
-2096
-2091
-2117
-2059
-2075
-2113
-2085
-2103
-2081
-2103
-2087
-2108
-2088
-2063
-2017
-2086
-2117
-2040
-2078
-2073
-2078
-2078
-2087
-2085
-2110
-2178
-2113
-2125
-2113
-2048
-2117
-2127
-2143
-2150
-2144
-2139
-2132
-2139
-2149
-2133
-2153
-2131
-2135
-2156
-2136
-2145
-2132
-2145
-2130
-2134
-2145
-2140
-2133
-2137
-2139
-2142
-2140
-2135
-2143
-2140
-2140
-2132
-2144
-2149
-2133
-2132
-2114
-2128
-2145
-2143
-2146
-2143
-2145
-2146
-2130
-2124
-2110
-2114
-2123
-2116
-2111
-2111
-2115
-2114
-2119
-2129
-2128
-2104
-2170
-2083
-2046
-2073
-2045
-2059
-2068
-2083
-2084
-2071
-2065
-2059
-2071
-2130
-2087
-2096
-2081
-2102
-2108
-2125
-2151
-2128
-2132
-2122
-2130
-2113
-2119
-2105
-2128
-2110
-2093
-2109
-2108
-2118
-2123
-2131
-2138
-2150
-2140
-2136
-2140
-2127
-2114
-2118
-2128
-2132
-2119
-2108
-2116
-2122
-2119
-2116
-2127
-2132
-2128
-2125
-2117
-2120
-2110
-2121
-2122
-2115
-2110
-2106
-2107
-2113
-2125
-2128
-2131
-2131
-2138
-2143
-2157
-2153
-2149
-2145
-2141
-2149
-2141
-2140
-2151
-2142
-2157
-2154
-2146
-2136
-2135
-2135
-2129
-2137
-2140
-2140
-2135
-2137
-2126
-2133
-2108
-2129
-2101
-2156
-2102
-2027
-2054
-2034
-2064
-2067
-2078
-2074
-2085
-2075
-2071
-2053
-2074
-2053
-2082
-2072
-2085
-2055
-2079
-2157
-2123
-2154
-2131
-2151
-2136
-2139
-2135
-2152
-2163
-2170
-2160
-2149
-2155
-2160
-2158
-2156
-2160
-2126
-2144
-2142
-2147
-2145
-2144
-2146
-2139
-2135
-2134
-2136
-2128
-2127
-2137
-2137
-2144
-2140
-2133
-2137
-2141
-2153
-2144
-2139
-2134
-2117
-2104
-2098
-2108
-2114
-2115
-2122
-2117
-2110
-2115
-2116
-2121
-2120
-2115
-2126
-2111
-2122
-2122
-2142
-2150
-2139
-2126
-2112
-2100
-2105
-2099
-2108
-2104
-2109
-2116
-2109
-2109
-2101
-2117
-2116
-2125
-2096
-2123
-2086
-2175
-2060
-2058
-2110
-2072
-2170
-2108
-2131
-2116
-2145
-2060
-2046
-2042
-2045
-2040
-2054
-2046
-2064
-2058
-2049
-2135
-2069
-2132
-2144
-2136
-2141
-2135
-2140
-2138
-2136
-2152
-2149
-2149
-2127
-2107
-2108
-2099
-2104
-2127
-2129
-2131
-2159
-2123
-2126
-2144
-2201
-2194
-2185
-2151
-2158
-2158
-2131
-2153
-2146
-2171
-2190
-2195
-2164
-2167
-2163
-2181
-2160
-2154
-2113
-2127
-2095
-2051
-2156
-2157
-2174
-2150
-2142
-2137
-2140
-2166
-2184
-2167
-2154
-2155
-2149
-2143
-2140
-2169
-2155
-2157
-2118
-2113
-2140
-2153
-2157
-2171
-2120
-2164
-2148
-2053
-2060
-2053
-2088
-2052
-2079
-2101
-2101
-2101
-2113
-2081
-2074
-2089
-2103
-2089
-2053
-2055
-2051
-2070
-2052
-2062
-2037
-2045
-2012
-2074
-2147
-2113
-2128
-2079
-2084
-2139
-2053
-2026
-2053
-2054
-2050
-2058
-2056
-2062
-2055
-2079
-2069
-2051
-2180
-2092
-2117
-2076
-2041
-2099
-2025
-2074
-2110
-2103
-2100
-2115
-2104
-2098
-2087
-2100
-2101
-2101
-2095
-2089
-2096
-2097
-2105
-2119
-2101
-2098
-2116
-2113
-2125
-2130
-2119
-2115
-2124
-2112
-2114
-2121
-2123
-2131
-2134
-2123
-2116
-2112
-2133
-2126
-2100
-2076
-2078
-2096
-2094
-2105
-2127
-2137
-2122
-2115
-2113
-2124
-2120
-2121
-2122
-2116
-2112
-2112
-2090
-2153
-2069
-1998
-2167
-2107
-2048
-2053
-2024
-2042
-2038
-2060
-2046
-2051
-2054
-2055
-2065
-2065
-2065
-2043
-2050
-2057
-2057
-2038
-2044
-2040
-2064
-2043
-2084
-2156
-2120
-2139
-2132
-2153
-2141
-2135
-2128
-2121
-2124
-2114
-2126
-2126
-2129
-2124
-2128
-2120
-2111
-2100
-2106
-2114
-2130
-2140
-2145
-2119
-2085
-2085
-2085
-2112
-2101
-2105
-2115
-2138
-2123
-2130
-2163
-2089
-2115
-2122
-2124
-2135
-2126
-2142
-2135
-2142
-2140
-2156
-2155
-2149
-2144
-2149
-2151
-2160
-2146
-2137
-2140
-2144
-2148
-2148
-2121
-2104
-2195
-2159
-2087
-2102
-2077
-2069
-2095
-2067
-2085
-2114
-2092
-2112
-2105
-2102
-2109
-2036
-2038
-2064
-2040
-2055
-2038
-2044
-2042
-2068
-2064
-2092
-2077
-2068
-2162
-2136
-2147
-2126
-2087
-2158
-2127
-2068
-2092
-2074
-2074
-2063
-2069
-2052
-2060
-2038
-2087
-2087
-2050
-2136
-2059
-2135
-2138
-2123
-2138
-2082
-2096
-2084
-2075
-2077
-2081
-2119
-2165
-2134
-2146
-2149
-2155
-2137
-2138
-2124
-2135
-2118
-2135
-2152
-2134
-2136
-2109
-2150
-2127
-2067
-2093
-2092
-2090
-2088
-2052
-2135
-2066
-2128
-2091
-2067
-2155
-2109
-2135
-2117
-2124
-2102
-2115
-2107
-2114
-2112
-2133
-2136
-2139
-2139
-2125
-2126
-2122
-2132
-2134
-2118
-2094
-2166
-2129
-2051
-2080
-2065
-2060
-2056
-2054
-2058
-2061
-2055
-2053
-2062
-2043
-2082
-2026
-2072
-2089
-2040
-2079
-2067
-2081
-2077
-2063
-2064
-2085
-2079
-2079
-2050
-2049
-2042
-2050
-2047
-2052
-2049
-2058
-2053
-2044
-2030
-2013
-2133
-2041
-2061
-2121
-2106
-2118
-2096
-2113
-2105
-2125
-2122
-2129
-2113
-2118
-2117
-2138
-2101
-2104
-2116
-2107
-2118
-2114
-2132
-2107
-2136
-2122
-2174
-2158
-2080
-2144
-2142
-2150
-2141
-2128
-2124
-2120
-2125
-2124
-2137
-2137
-2144
-2140
-2165
-2142
-2156
-2146
-2129
-2147
-2103
-2073
-2116
-2088
-2112
-2183
-2158
-2188
-2096
-2093
-2157
-2146
-2177
-2155
-2156
-2184
-2096
-2081
-2085
-2081
-2092
-2087
-2086
-2089
-2084
-2071
-2098
-2069
-2102
-2082
-2084
-2083
-2094
-2112
-2078
-2087
-2090
-2088
-2093
-2090
-2081
-2084
-2076
-2095
-2098
-2093
-2062
-2121
-2146
-2125
-2135
-2133
-2131
-2126
-2126
-2118
-2128
-2119
-2124
-2122
-2116
-2114
-2120
-2114
-2128
-2130
-2125
-2118
-2116
-2131
-2136
-2138
-2138
-2137
-2138
-2133
-2122
-2129
-2127
-2127
-2114
-2141
-2127
-2138
-2166
-2131
-2131
-2114
-2114
-2112
-2118
-2120
-2101
-2114
-2124
-2130
-2133
-2132
-2133
-2132
-2113
-2103
-2094
-2114
-2116
-2113
-2109
-2103
-2098
-2106
-2106
-2103
-2102
-2098
-2163
-2060
-2036
-2058
-2041
-2053
-2029
-2040
-2061
-2068
-2068
-2041
-2053
-2072
-2046
-2081
-2063
-2084
-2058
-2096
-2083
-2060
-2042
-2056
-2044
-2005
-2105
-2076
-2080
-2064
-2083
-2086
-2086
-2087
-2097
-2103
-2089
-2094
-2095
-2107
-2097
-2074
-2076
-2096
-2098
-2121
-2070
-2107
-2101
-2088
-2106
-2098
-2100
-2089
-2095
-2094
-2100
-2106
-2107
-2101
-2110
-2082
-2100
-2082
-2143
-2123
-2060
-2141
-2131
-2135
-2133
-2122
-2114
-2109
-2102
-2103
-2100
-2096
-2103
-2103
-2111
-2063
-2118
-2126
-2039
-2060
-2071
-2074
-2121
-2158
-2138
-2130
-2131
-2123
-2136
-2140
-2141
-2134
-2124
-2121
-2121
-2144
-2104
-2046
-2045
-2048
-2049
-2066
-2057
-2076
-2071
-2066
-2103
-2072
-2089
-2069
-2075
-2061
-2053
-2076
-2046
-2067
-2056
-2056
-2046
-2063
-2041
-2056
-2091
-2054
-2078
-2068
-2097
-2101
-2104
-2085
-2057
-2135
-2157
-2143
-2135
-2117
-2102
-2104
-2097
-2111
-2117
-2114
-2095
-2122
-2082
-2026
-2052
-2034
-2054
-2079
-2057
-2075
-2082
-2077
-2153
-2139
-2138
-2124
-2144
-2112
-2050
-2069
-2069
-2083
-2079
-2066
-2065
-2061
-2071
-2073
-2066
-2079
-2056
-2052
-2078
-2147
-2132
-2117
-2108
-2165
-2074
-2032
-2078
-2051
-2082
-2052
-2092
-2058
-2090
-2154
-2122
-2125
-2135
-2136
-2183
-2070
-2047
-2069
-2062
-2064
-2044
-2058
-2055
-2067
-2068
-2128
-2080
-2075
-2057
-2058
-2058
-2055
-2065
-2052
-2070
-2067
-2071
-2057
-2062
-2066
-2073
-2085
-2079
-2080
-2051
-2074
-2129
-2051
-2073
-2070
-2067
-2070
-2030
-2132
-2153
-2118
-2143
-2127
-2130
-2131
-2088
-2115
-2128
-2116
-2125
-2113
-2121
-2124
-2145
-2150
-2109
-2137
-2163
-2061
-2026
-2117
-2105
-2154
-2112
-2081
-2159
-2132
-2141
-2136
-2139
-2133
-2149
-2153
-2156
-2144
-2139
-2151
-2139
-2131
-2131
-2133
-2140
-2143
-2137
-2148
-2121
-2127
-2129
-2105
-2112
-2164
-2044
-2063
-2092
-2067
-2106
-2094
-2103
-2049
-2122
-2055
-2088
-2149
-2162
-2121
-2056
-2085
-2061
-2083
-2076
-2090
-2095
-2093
-2086
-2068
-2046
-2070
-2066
-2067
-2080
-2034
-2132
-2132
-2040
-2103
-2050
-2146
-2122
-2116
-2154
-2061
-2159
-2122
-2132
-2153
-2138
-2155
-2128
-2117
-2157
-2124
-2115
-2107
-2104
-2116
-2115
-2138
-2138
-2139
-2138
-2142
-2148
-2143
-2113
-2191
-2132
-2065
-2085
-2078
-2084
-2072
-2080
-2077
-2080
-2084
-2089
-2099
-2096
-2090
-2083
-2087
-2086
-2090
-2084
-2087
-2093
-2065
-2118
-2150
-2131
-2117
-2126
-2130
-2157
-2086
-2085
-2151
-2126
-2151
-2146
-2159
-2145
-2150
-2155
-2165
-2154
-2159
-2141
-2132
-2195
-2094
-2069
-2089
-2077
-2087
-2079
-2090
-2083
-2068
-2063
-2115
-2104
-2101
-2082
-2083
-2094
-2094
-2123
-2068
-2115
-2096
-2133
-2211
-2173
-2183
-2160
-2157
-2157
-2162
-2165
-2147
-2152
-2146
-2162
-2145
-2144
-2142
-2124
-2132
-2125
-2128
-2116
-2144
-2129
-2130
-2131
-2147
-2146
-2143
-2144
-2152
-2169
-2155
-2152
-2145
-2143
-2133
-2131
-2113
-2140
-2126
-2155
-2126
-2169
-2119
-2094
-2103
-2088
-2164
-2119
-2137
-2133
-2144
-2131
-2131
-2111
-2120
-2111
-2116
-2140
-2133
-2123
-2117
-2128
-2128
-2089
-2135
-2131
-2030
-2078
-2068
-2075
-2065
-2053
-2054
-2124
-2161
-2142
-2110
-2139
-2158
-2035
-2050
-2058
-2050
-2030
-2064
-2072
-2086
-2060
-2050
-2105
-2081
-2113
-2079
-2084
-2054
-2059
-2056
-2036
-2027
-2048
-2062
-2061
-2140
-2106
-2102
-2104
-2115
-2109
-2092
-2095
-2108
-2121
-2127
-2127
-2151
-2121
-2113
-2161
-2148
-2164
-2156
-2147
-2139
-2124
-2113
-2119
-2114
-2132
-2137
-2131
-2119
-2114
-2121
-2121
-2126
-2114
-2123
-2132
-2132
-2133
-2136
-2134
-2137
-2134
-2129
-2120
-2108
-2121
-2126
-2137
-2149
-2152
-2148
-2128
-2139
-2141
-2147
-2153
-2140
-2139
-2140
-2136
-2164
-2156
-2153
-2137
-2116
-2123
-2137
-2133
-2123
-2124
-2137
-2143
-2142
-2136
-2121
-2176
-2061
-2031
-2050
-2043
-2061
-2050
-2044
-2052
-2057
-2042
-2078
-2077
-2088
-2065
-2073
-2056
-2072
-2075
-2047
-2030
-2086
-2113
-2068
-2111
-2101
-2100
-2083
-2071
-2141
-2152
-2110
-2126
-2114
-2118
-2091
-2091
-2081
-2081
-2092
-2083
-2095
-2086
-2122
-2065
-2091
-2048
-2093
-2147
-2075
-2115
-2129
-2155
-2159
-2165
-2149
-2139
-2136
-2130
-2129
-2133
-2128
-2129
-2101
-2147
-2087
-2031
-2118
-2108
-2111
-2115
-2120
-2111
-2108
-2105
-2113
-2110
-2116
-2104
-2108
-2126
-2127
-2113
-2107
-2177
-2121
-2036
-2084
-2055
-2089
-2103
-2061
-2174
-2152
-2159
-2151
-2140
-2122
-2114
-2098
-2102
-2142
-2035
-2052
-2078
-2099
-2090
-2087
-2085
-2087
-2086
-2085
-2050
-2109
-2177
-2109
-2144
-2110
-2065
-2083
-2094
-2083
-2072
-2076
-2058
-2058
-2044
-2054
-2056
-2051
-2125
-2062
-2063
-2063
-2087
-2068
-2058
-2163
-2105
-2116
-2116
-2114
-2109
-2102
-2102
-2117
-2118
-2107
-2106
-2104
-2110
-2103
-2113
-2106
-2133
-2139
-2142
-2163
-2137
-2123
-2182
-2121
-2031
-2145
-2155
-2146
-2145
-2034
-2112
-2130
-2095
-2113
-2112
-2129
-2136
-2133
-2123
-2134
-2112
-2133
-2148
-2116
-2106
-2101
-2107
-2126
-2115
-2124
-2124
-2132
-2140
-2155
-2158
-2159
-2148
-2149
-2143
-2141
-2138
-2114
-2168
-2072
-2055
-2071
-2055
-2077
-2078
-2105
-2099
-2081
-2086
-2085
-2089
-2087
-2081
-2067
-2046
-2054
-2027
-2131
-2154
-2125
-2129
-2125
-2135
-2133
-2139
-2132
-2148
-2140
-2132
-2130
-2146
-2161
-2173
-2179
-2170
-2173
-2153
-2138
-2156
-2127
-2159
-2168
-2156
-2163
-2144
-2162
-2157
-2159
-2159
-2152
-2135
-2129
-2144
-2179
-2188
-2151
-2130
-2143
-2163
-2143
-2154
-2118
-2152
-2119
-2069
-2152
-2134
-2148
-2145
-2139
-2131
-2134
-2136
-2149
-2145
-2137
-2127
-2141
-2153
-2136
-2142
-2138
-2153
-2153
-2146
-2129
-2131
-2132
-2144
-2113
-2172
-2137
-2051
-2065
-2058
-2064
-2061
-2039
-2116
-2167
-2051
-2065
-2076
-2070
-2082
-2070
-2089
-2063
-2054
-2059
-2064
-2057
-2039
-2048
-2029
-2054
-2036
-2052
-2048
-2072
-2115
-2061
-2076
-2080
-2080
-2068
-2077
-2067
-2054
-2056
-2021
-2029
-2152
-2071
-2047
-2067
-2032
-2061
-2014
-2064
-2054
-2068
-2063
-2087
-2082
-2074
-2075
-2072
-2082
-2061
-2027
-2049
-2114
-2120
-2133
-2044
-2100
-2143
-2142
-2144
-2128
-2131
-2120
-2138
-2128
-2123
-2118
-2130
-2135
-2139
-2145
-2150
-2136
-2119
-2116
-2129
-2134
-2129
-2138
-2120
-2114
-2119
-2112
-2122
-2112
-2127
-2132
-2132
-2127
-2131
-2120
-2128
-2120
-2126
-2141
-2160
-2160
-2145
-2194
-2103
-2077
-2081
-2083
-2114
-2107
-2109
-2102
-2084
-2059
-2058
-2082
-2059
-2118
-2143
-2125
-2148
-2130
-2143
-2133
-2134
-2137
-2138
-2136
-2153
-2129
-2136
-2146
-2142
-2131
-2110
-2118
-2129
-2138
-2133
-2122
-2139
-2133
-2129
-2132
-2097
-2132
