03310128.PTO
ABLZ
2012/03/31 01:28:23.8800
100.0000 m/s  
4660 muestras
-2135
-2140
-2142
-2141
-2151
-2134
-2127
-2127
-2124
-2126
-2151
-2124
-2130
-2135
-2133
-2157
-2051
-2048
-2064
-2076
-2083
-2057
-2060
-2065
-2054
-2042
-2076
-2081
-2084
-2074
-2078
-2050
-2047
-2117
-2058
-2103
-2117
-2105
-2144
-2118
-2148
-2093
-2110
-2109
-2108
-2118
-2095
-2104
-2114
-2114
-2114
-2125
-2138
-2127
-2105
-2127
-2100
-2117
-2121
-2131
-2125
-2131
-2113
-2107
-2133
-2119
-2130
-2117
-2137
-2127
-2152
-2121
-2145
-2125
-2118
-2138
-2124
-2126
-2096
-2158
-2073
-2087
-2067
-2103
-2148
-2127
-2149
-2129
-2156
-2163
-2186
-2159
-2170
-2152
-2147
-2132
-2113
-2105
-2105
-2127
-2123
-2098
-2184
-2117
-2055
-2110
-2082
-2095
-2072
-2071
-2079
-2104
-2062
-2096
-2057
-2120
-2177
-2139
-2172
-2147
-2154
-2140
-2131
-2139
-2109
-2070
-2078
-2045
-2080
-2063
-2072
-2089
-2076
-2072
-2095
-2090
-2068
-2064
-2038
-2115
-2126
-2133
-2134
-2149
-2154
-2128
-2124
-2187
-2068
-2070
-2114
-2076
-2129
-2080
-2111
-2090
-2137
-2098
-2100
-2055
-2110
-2122
-2080
-2100
-2082
-2180
-2144
-2118
-2081
-2128
-2081
-2160
-2151
-2118
-2131
-2111
-2153
-2103
-2180
-2108
-2105
-2163
-2151
-2143
-2120
-2134
-2138
-2113
-2101
-2106
-2115
-2116
-2123
-2126
-2134
-2132
-2116
-2136
-2123
-2131
-2091
-2145
-2115
-2038
-2051
-2050
-2059
-2057
-2040
-2062
-2150
-2125
-2164
-2138
-2150
-2161
-2054
-2070
-2095
-2106
-2111
-2106
-2114
-2095
-2108
-2083
-2099
-2093
-2100
-2082
-2099
-2131
-2066
-2077
-2069
-2113
-2056
-2064
-2044
-2049
-2064
-2058
-2068
-2068
-2068
-2086
-2067
-2074
-2137
-2065
-2129
-2042
-2108
-2122
-2095
-2133
-2098
-2132
-2137
-2160
-2150
-2189
-2124
-2129
-2140
-2147
-2118
-2120
-2120
-2113
-2132
-2133
-2150
-2127
-2168
-2120
-2114
-2102
-2042
-2046
-2126
-2134
-2114
-2118
-2167
-2085
-2042
-2087
-2043
-2082
-2036
-2076
-2030
-2060
-2149
-2130
-2140
-2122
-2126
-2124
-2119
-2108
-2106
-2095
-2094
-2112
-2113
-2109
-2118
-2127
-2102
-2079
-2148
-2074
-2030
-2082
-2039
-2080
-2070
-2101
-2117
-2099
-2110
-2071
-2073
-2061
-2068
-2057
-2050
-2072
-2061
-2053
-2071
-2063
-2095
-2091
-2091
-2060
-2074
-2087
-2096
-2091
-2061
-2131
-2114
-2137
-2131
-2159
-2147
-2139
-2135
-2119
-2127
-2114
-2117
-2116
-2122
-2120
-2139
-2133
-2133
-2145
-2166
-2128
-2143
-2172
-2167
-2168
-2157
-2148
-2150
-2135
-2131
-2132
-2153
-2169
-2165
-2167
-2161
-2163
-2143
-2140
-2118
-2123
-2129
-2127
-2122
-2108
-2117
-2119
-2129
-2125
-2123
-2124
-2120
-2126
-2101
-2094
-2092
-2111
-2105
-2104
-2099
-2079
-2095
-2106
-2122
-2125
-2138
-2119
-2146
-2122
-2146
-2142
-2132
-2156
-2044
-2054
-2072
-2069
-2097
-2076
-2111
-2061
-2106
-2126
-2049
-2132
-2118
-2110
-2108
-2090
-2076
-2081
-2097
-2106
-2105
-2101
-2100
-2101
-2113
-2095
-2087
-2095
-2079
-2099
-2103
-2116
-2149
-2141
-2153
-2132
-2134
-2108
-2129
-2117
-2119
-2116
-2112
-2112
-2117
-2109
-2096
-2109
-2101
-2118
-2116
-2127
-2126
-2135
-2115
-2128
-2129
-2129
-2124
-2150
-2106
-2147
-2117
-2099
-2122
-2098
-2158
-2113
-2151
-2117
-2111
-2118
-2130
-2142
-2136
-2151
-2150
-2145
-2143
-2141
-2111
-2125
-2120
-2124
-2137
-2148
-2144
-2153
-2148
-2154
-2140
-2147
-2127
-2133
-2147
-2118
-2196
-2115
-2087
-2129
-2118
-2114
-2110
-2109
-2104
-2101
-2096
-2103
-2095
-2115
-2077
-2165
-2141
-2064
-2092
-2084
-2095
-2082
-2087
-2086
-2054
-2059
-2047
-2071
-2046
-2048
-2117
-2101
-2107
-2100
-2079
-2086
-2148
-2122
-2128
-2116
-2117
-2110
-2113
-2133
-2095
-2095
-2152
-2126
-2051
-2068
-2072
-2084
-2073
-2147
-2131
-2138
-2092
-2046
-2093
-2060
-2088
-2065
-2108
-2154
-2096
-2107
-2141
-2113
-2112
-2120
-2121
-2116
-2116
-2115
-2108
-2126
-2124
-2139
-2145
-2139
-2140
-2131
-2131
-2134
-2125
-2137
-2139
-2134
-2127
-2127
-2138
-2138
-2137
-2130
-2140
-2128
-2128
-2118
-2147
-2147
-2159
-2144
-2166
-2193
-2075
-2083
-2089
-2111
-2095
-2092
-2086
-2076
-2096
-2070
-2107
-2050
-2075
-2059
-2065
-2166
-2138
-2148
-2154
-2159
-2150
-2138
-2138
-2127
-2127
-2116
-2127
-2119
-2137
-2112
-2085
-2112
-2126
-2151
-2135
-2134
-2130
-2117
-2111
-2127
-2128
-2130
-2130
-2122
-2134
-2128
-2131
-2108
-2100
-2106
-2107
-2119
-2142
-2136
-2145
-2144
-2148
-2140
-2160
-2163
-2152
-2133
-2129
-2114
-2124
-2133
-2035
-2090
-2110
-2136
-2133
-2135
-2150
-2154
-2158
-2153
-2158
-2131
-2142
-2133
-2144
-2120
-2123
-2111
-2126
-2112
-2133
-2170
-2107
-2081
-2065
-2056
-2057
-2050
-2103
-2165
-2156
-2171
-2164
-2192
-2159
-2073
-2104
-2086
-2098
-2086
-2069
-2101
-2085
-2101
-2095
-2107
-2092
-2113
-2097
-2049
-2072
-2045
-2054
-2046
-2062
-2077
-2071
-2088
-2071
-2131
-2162
-2128
-2150
-2135
-2130
-2125
-2120
-2137
-2149
-2155
-2145
-2152
-2136
-2164
-2132
-2127
-2123
-2150
-2130
-2151
-2196
-2059
-2081
-2044
-2107
-2167
-2110
-2130
-2161
-2084
-2020
-2111
-2085
-2084
-2137
-2129
-2109
-2110
-2123
-2123
-2116
-2109
-2132
-2152
-2153
-2161
-2150
-2152
-2111
-2134
-2107
-2022
-2062
-2055
-2043
-2047
-2063
-2049
-2056
-2063
-2031
-2137
-2119
-2106
-2109
-2105
-2142
-2107
-2130
-2105
-2124
-2075
-2090
-2110
-2018
-2054
-2063
-2064
-2085
-2053
-2091
-2082
-2072
-2099
-2080
-2071
-2051
-2069
-2068
-2078
-2072
-2071
-2068
-2071
-2052
-2054
-2061
-2047
-2048
-2046
-2049
-2024
-2048
-2057
-2048
-2050
-2061
-2063
-2055
-2054
-2062
-2022
-2111
-2117
-2018
-2062
-2051
-2053
-2049
-2062
-2065
-2067
-2065
-2086
-2073
-2060
-2127
-2150
-2137
-2089
-2142
-2103
-2142
-2113
-2053
-2090
-2056
-2134
-2128
-2130
-2124
-2127
-2127
-2121
-2123
-2121
-2125
-2125
-2139
-2132
-2135
-2124
-2151
-2159
-2151
-2148
-2143
-2134
-2140
-2133
-2134
-2126
-2122
-2119
-2117
-2132
-2116
-2128
-2116
-2135
-2143
-2140
-2119
-2159
-2136
-2045
-2081
-2067
-2077
-2071
-2082
-2066
-2057
-2072
-2068
-2073
-2067
-2082
-2049
-2062
-2049
-2064
-2124
-2143
-2131
-2137
-2138
-2134
-2136
-2123
-2116
-2124
-2133
-2151
-2123
-2097
-2128
-2125
-2139
-2113
-2126
-2127
-2136
-2159
-2135
-2132
-2138
-2134
-2135
-2137
-2131
-2137
-2131
-2129
-2114
-2131
-2126
-2145
-2125
-2101
-2115
-2121
-2131
-2148
-2138
-2146
-2161
-2151
-2171
-2074
-2126
-2167
-2137
-2146
-2127
-2141
-2127
-2138
-2126
-2118
-2117
-2113
-2103
-2116
-2105
-2113
-2070
-2129
-2151
-2053
-2077
-2095
-2084
-2107
-2173
-2150
-2157
-2155
-2193
-2174
-2177
-2137
-2147
-2158
-2049
-2064
-2051
-2119
-2079
-2050
-2069
-2077
-2082
-2072
-2087
-2068
-2073
-2044
-2071
-2081
-2087
-2090
-2089
-2106
-2064
-2103
-2053
-2061
-2131
-2066
-2078
-2086
-2070
-2100
-2045
-2131
-2178
-2157
-2150
-2071
-2117
-2068
-2147
-2178
-2144
-2155
-2136
-2137
-2129
-2149
-2140
-2154
-2142
-2152
-2163
-2124
-2128
-2162
-2151
-2146
-2146
-2139
-2135
-2127
-2116
-2123
-2166
-2157
-2160
-2161
-2078
-2132
-2148
-2158
-2152
-2133
-2125
-2106
-2132
-2124
-2150
-2132
-2145
-2133
-2112
-2101
-2094
-2104
-2110
-2096
-2131
-2142
-2149
-2140
-2129
-2081
-2103
-2142
-2025
-2032
-2048
-2056
-2044
-2074
-2039
-2121
-2116
-2088
-2134
-2081
-2108
-2060
-2082
-2063
-2061
-2070
-2060
-2062
-2044
-2042
-2029
-2027
-2003
-2029
-2038
-2040
-2098
-2090
-2108
-2102
-2100
-2108
-2117
-2126
-2094
-2073
-2058
-2076
-2070
-2086
-2098
-2097
-2112
-2128
-2121
-2136
-2137
-2117
-2114
-2112
-2113
-2101
-2102
-2103
-2105
-2116
-2083
-2101
-2122
-2115
-2133
-2119
-2123
-2117
-2124
-2115
-2154
-2141
-2180
-2131
-2055
-2147
-2133
-2125
-2112
-2128
-2125
-2124
-2139
-2142
-2139
-2124
-2116
-2129
-2121
-2118
-2118
-2133
-2139
-2124
-2135
-2134
-2122
-2092
-2158
-2109
-2044
-2062
-2064
-2058
-2070
-2083
-2180
-2182
-2076
-2098
-2089
-2114
-2128
-2134
-2133
-2109
-2122
-2102
-2063
-2107
-2113
-2113
-2101
-2071
-2044
-2034
-2059
-2037
-2082
-2095
-2055
-2064
-2071
-2079
-2078
-2077
-2088
-2096
-2090
-2073
-2078
-2080
-2093
-2071
-2067
-2115
-2130
-2121
-2115
-2132
-2156
-2118
-2138
-2134
-2130
-2137
-2123
-2133
-2121
-2137
-2115
-2147
-2111
-2142
-2105
-2066
-2113
-2053
-2089
-2148
-2115
-2096
-2113
-2057
-2047
-2106
-2124
-2115
-2132
-2143
-2151
-2134
-2124
-2109
-2115
-2102
-2106
-2106
-2105
-2112
-2119
-2138
-2145
-2151
-2142
-2154
-2148
-2152
-2132
-2132
-2119
-2133
-2122
-2121
-2123
-2130
-2107
-2135
-2099
-2007
-2051
-2045
-2070
-2055
-2066
-2067
-2085
-2071
-2077
-2042
-2070
-2123
-2055
-2110
-2106
-2097
-2100
-2105
-2113
-2115
-2117
-2128
-2136
-2138
-2148
-2142
-2133
-2118
-2121
-2116
-2113
-2121
-2102
-2111
-2129
-2115
-2144
-2184
-2152
-2072
-2124
-2142
-2045
-2034
-2131
-2108
-2035
-2234
-2304
-2098
-1984
-2035
-2087
-2170
-2242
-2161
-2129
-2211
-2236
-2097
-2038
-2046
-2129
-2166
-2054
-2017
-2002
-2078
-2216
-2220
-2129
-2238
-2282
-2112
-1949
-1973
-2116
-2192
-2203
-2192
-2219
-2300
-2283
-2088
-1834
-1935
-2208
-2054
-2142
-2201
-2143
-2289
-2236
-1925
-1825
-2056
-2081
-2034
-2147
-2155
-2051
-2146
-2115
-1997
-2004
-2197
-2184
-1923
-2115
-2323
-2076
-2010
-2153
-1978
-1919
-2216
-2239
-1914
-2001
-2244
-2035
-2021
-2146
-2094
-2119
-2239
-2183
-1907
-1955
-2201
-2138
-1989
-2005
-2183
-2355
-2246
-2045
-1911
-2054
-2195
-2141
-1920
-2024
-2372
-2332
-2055
-1860
-2043
-2253
-2267
-2119
-2160
-2229
-2120
-1982
-1842
-1925
-2240
-2422
-2270
-2156
-2117
-2049
-1962
-1934
-2020
-2081
-2335
-2469
-2283
-2023
-1991
-2078
-2029
-2057
-2164
-2296
-2372
-2349
-2097
-1904
-2010
-2100
-2014
-2129
-2279
-2340
-2158
-1926
-1903
-1916
-2017
-2138
-2208
-2167
-2285
-2218
-1962
-1772
-1922
-2163
-2212
-2295
-2328
-2191
-2033
-2019
-1880
-1778
-1974
-2296
-2322
-2238
-2178
-2142
-1994
-1901
-1975
-1901
-2139
-2426
-2302
-2014
-1921
-1984
-1929
-1848
-1960
-2218
-2381
-2321
-2045
-1853
-1940
-2016
-2009
-2063
-2177
-2380
-2384
-2145
-1957
-1942
-2071
-2140
-2144
-2240
-2290
-2249
-2216
-2041
-1866
-1954
-2107
-2163
-2209
-2237
-2173
-2134
-2086
-1841
-1811
-2142
-2361
-2300
-2120
-2076
-2131
-2061
-1947
-1933
-2069
-2340
-2413
-2196
-1985
-1993
-2031
-1944
-1956
-2166
-2397
-2337
-2255
-2009
-1819
-1842
-1972
-2160
-2134
-2257
-2365
-2231
-1946
-1877
-1863
-2060
-2286
-2193
-2119
-2106
-2153
-1997
-1841
-1845
-2042
-2240
-2314
-2145
-1995
-2053
-2005
-1870
-1827
-2115
-2271
-2404
-2258
-2001
-1987
-1958
-1931
-1995
-2202
-2269
-2303
-2166
-2031
-1884
-1955
-2030
-2070
-2189
-2180
-2212
-2116
-2046
-1891
-1876
-2125
-2288
-2275
-2186
-2152
-2124
-2030
-1958
-1955
-2097
-2312
-2333
-2143
-2032
-2031
-2016
-1966
-2009
-2160
-2314
-2327
-2171
-2051
-2007
-1996
-2022
-2089
-2143
-2264
-2318
-2231
-2066
-1974
-1964
-1988
-2099
-2200
-2235
-2240
-2240
-2090
-1915
-1937
-2112
-2202
-2252
-2243
-2175
-2120
-2021
-1919
-1887
-2044
-2283
-2389
-2274
-2179
-2129
-2080
-1934
-1860
-2044
-2180
-2280
-2214
-2043
-1937
-1912
-1892
-1860
-2014
-2201
-2251
-2184
-2150
-1992
-1886
-1981
-2028
-2055
-2115
-2279
-2244
-2107
-2019
-1952
-1988
-2122
-2210
-2184
-2213
-2224
-2075
-1942
-1939
-2033
-2160
-2244
-2272
-2193
-2197
-2132
-2002
-1928
-2013
-2192
-2244
-2216
-2170
-2122
-2043
-1967
-1972
-2056
-2171
-2295
-2275
-2192
-2084
-2023
-1996
-2016
-2097
-2192
-2226
-2236
-2170
-2025
-1994
-2014
-2099
-2172
-2229
-2242
-2217
-2177
-2050
-1938
-1989
-2097
-2155
-2183
-2205
-2194
-2159
-2086
-2022
-2012
-2134
-2227
-2207
-2235
-2188
-2107
-1995
-2009
-2023
-2129
-2260
-2182
-2172
-2106
-2010
-1935
-1922
-2002
-2076
-2172
-2289
-2258
-2104
-2009
-1974
-2017
-2074
-2150
-2213
-2233
-2213
-2126
-2037
-2006
-2097
-2196
-2217
-2186
-2201
-2183
-2076
-2024
-2032
-2096
-2156
-2222
-2204
-2152
-2143
-2068
-1991
-2005
-2113
-2148
-2198
-2245
-2158
-2092
-2096
-2095
-2079
-2103
-2192
-2245
-2193
-2149
-2054
-2016
-2058
-2115
-2130
-2164
-2248
-2201
-2130
-2036
-2020
-2083
-2134
-2177
-2173
-2207
-2203
-2122
-2049
-2013
-2087
-2184
-2164
-2158
-2171
-2149
-2096
-2056
-2018
-2075
-2190
-2188
-2147
-2120
-2108
-2078
-2073
-2051
-2115
-2174
-2230
-2205
-2102
-2093
-2046
-2011
-2064
-2079
-2075
-2123
-2180
-2090
-1967
-2016
-2030
-2097
-2067
-2127
-2147
-2112
-2077
-1994
-2003
-2044
-2144
-2143
-2175
-2166
-2146
-2098
-2090
-2090
-2042
-2168
-2182
-2159
-2184
-2112
-2099
-2050
-2068
-2059
-2086
-2143
-2174
-2129
-1995
-2041
-2102
-2125
-2105
-2154
-2171
-2179
-2155
-2035
-2046
-2090
-2125
-2092
-2143
-2179
-2153
-2074
-2009
-2045
-2011
-2141
-2136
-2110
-2106
-2172
-2155
-2064
-2113
-2102
-2143
-2184
-2237
-2183
-2175
-2124
-2058
-2074
-2105
-2134
-2164
-2181
-2160
-2107
-2071
-2088
-2093
-2096
-2107
-2235
-2177
-2050
-2043
-1992
-2036
-2039
-2074
-2113
-2148
-2138
-2129
-2146
-2028
-2066
-2063
-2089
-2125
-2127
-2105
-2045
-2025
-1975
-2025
-2052
-2112
-2141
-2138
-2121
-2074
-2080
-1997
-2033
-2110
-2138
-2155
-2081
-2093
-2045
-2050
-2019
-2060
-2086
-2127
-2198
-2080
-2081
-2027
-2053
-2039
-2035
-2099
-2125
-2186
-2162
-2006
-2086
-2138
-2099
-2163
-2135
-2217
-2158
-2083
-2028
-2006
-1984
-2072
-2133
-2104
-2118
-2133
-2074
-2007
-2031
-2012
-2110
-2210
-2214
-2168
-2142
-2096
-2096
-2099
-2125
-2126
-2201
-2202
-2183
-2150
-2085
-2129
-2110
-2125
-2148
-2206
-2207
-2196
-2141
-2114
-2099
-2120
-2093
-2073
-2182
-2126
-2055
-2017
-1998
-2067
-2056
-2062
-2100
-2089
-2101
-2095
-2067
-2009
-2059
-2103
-2104
-2128
-2114
-2122
-2105
-2067
-2054
-2053
-2049
-2092
-2122
-2105
-2058
-2036
-2036
-2023
-2056
-2055
-2119
-2149
-2105
-2098
-2053
-2086
-2077
-2082
-2116
-2127
-2157
-2137
-2105
-2033
-2122
-2168
-2093
-2094
-2081
-2108
-2074
-2057
-2016
-2033
-2015
-2080
-2200
-2126
-2186
-2091
-2087
-2068
-2015
-2051
-2098
-2224
-2181
-2157
-2131
-2114
-2083
-2084
-2088
-2118
-2161
-2149
-2140
-2132
-2131
-2109
-2110
-2110
-2139
-2133
-2132
-2117
-2103
-2076
-2064
-2135
-2061
-2054
-2080
-2084
-2075
-2062
-2069
-2034
-2073
-2062
-2148
-2178
-2162
-2151
-2061
-2005
-2005
-2041
-2065
-2084
-2080
-2083
-2043
-2030
-2013
-2022
-2123
-2131
-2121
-2110
-2099
-2149
-2060
-2076
-2104
-2128
-2167
-2147
-2158
-2101
-2072
-2087
-2104
-2105
-2147
-2128
-2105
-2127
-2124
-2100
-2100
-2068
-2085
-2160
-2167
-2175
-2156
-2124
-2127
-2130
-2142
-2158
-2134
-2157
-2136
-2116
-2088
-2056
-2086
-2108
-2160
-2129
-2124
-2150
-2137
-2104
-2067
-2094
-2086
-2132
-2147
-2149
-2133
-2122
-2099
-2051
-2117
-2103
-2111
-2124
-2126
-2103
-2112
-2099
-2086
-2120
-2125
-2153
-2157
-2159
-2133
-2130
-2122
-2137
-2135
-2132
-2145
-2149
-2125
-2087
-2045
-2088
-2077
-2012
-2063
-2050
-2065
-2069
-2054
-2030
-2032
-2079
-2070
-2054
-2037
-2030
-2051
-2051
-2055
-2047
-2063
-2145
-2166
-2157
-2136
-2128
-2125
-2092
-2113
-2123
-2112
-2151
-2144
-2097
-2096
-2113
-2128
-2117
-2135
-2148
-2155
-2151
-2115
-2103
-2124
-2139
-2151
-2172
-2158
-2196
-2147
-2103
-2087
-2122
-2140
-2124
-2133
-2125
-2151
-2137
-2139
-2112
-2130
-2173
-2173
-2140
-2144
-2132
-2122
-2130
-2129
-2138
-2145
-2153
-2157
-2143
-2111
-2124
-2111
-2092
-2087
-2096
-2083
-2144
-2142
-2108
-2105
-2142
-2140
-2102
-2162
-2132
-2131
-2175
-2126
-2087
-2163
-2110
-2147
-2159
-2158
-2155
-2060
-2035
-2039
-2106
-2065
-2111
-2120
-2092
-2091
-2103
-2059
-2043
-2068
-2047
-2091
-2072
-2055
-2117
-2148
-2126
-2151
-2153
-2155
-2148
-2146
-2134
-2142
-2120
-2123
-2111
-2078
-2108
-2126
-2165
-2161
-2143
-2110
-2114
-2125
-2137
-2122
-2133
-2144
-2127
-2112
-2101
-2119
-2134
-2164
-2163
-2152
-2134
-2148
-2148
-2135
-2126
-2155
-2152
-2152
-2143
-2153
-2147
-2135
-2174
-2079
-2081
-2142
-2149
-2142
-2128
-2116
-2121
-2111
-2144
-2150
-2141
-2186
-2163
-2178
-2133
-2129
-2180
-2098
-2053
-2100
-2078
-2075
-2103
-2078
-2091
-2091
-2088
-2104
-2101
-2174
-2192
-2162
-2173
-2135
-2173
-2134
-2076
-2069
-2073
-2113
-2083
-2069
-2077
-2078
-2119
-2081
-2038
-2105
-2091
-2065
-2084
-2050
-2039
-2059
-2067
-2060
-2055
-2091
-2027
-2159
-2128
-2047
-2108
-2075
-2116
-2075
-2099
-2073
-2086
-2107
-2060
-2068
-2101
-2093
-2112
-2051
-2099
-2107
-2141
-2133
-2092
-2171
-2096
-2184
-2150
-2133
-2145
-2148
-2144
-2147
-2147
-2134
-2107
-2093
-2117
-2081
-2146
-2138
-2134
-2118
-2116
-2118
-2089
-2132
-2186
-2065
-2077
-2102
-2068
-2085
-2052
-2130
-2136
-2121
-2083
-2149
-2090
-2006
-2013
-2031
-2132
-2113
-2105
-2111
-2125
-2115
-2109
-2114
-2107
-2131
-2134
-2133
-2122
-2140
-2159
-2066
-2030
-2026
-2032
-2071
-2074
-2087
-2074
-2067
-2080
-2069
-2058
-2058
-2073
-2071
-2062
-2044
-2031
-2046
-2054
-2041
-2032
-2101
-2071
-2042
-2053
-2010
-2032
-2074
-2071
-2079
-2082
-2093
-2084
-2083
-2095
-2042
-2111
-2181
-2136
-2123
-2078
-2029
-2076
-2054
-2054
-2031
-2076
-2155
-2134
-2153
-2122
-2135
-2161
-2147
-2150
-2159
-2133
-2112
-2135
-2152
-2142
-2162
-2145
-2176
-2191
-2148
-2162
-2076
-2024
-2062
-2078
-2087
-2101
-2095
-2073
-2084
-2071
-2081
-2139
-2134
-2142
-2151
-2139
-2147
-2148
-2139
-2142
-2125
-2129
-2111
-2129
-2124
-2126
-2122
-2100
-2124
-2108
-2151
-2110
-2067
-2081
-2060
-2054
-2069
-2082
-2118
-2120
-2123
-2122
-2106
-2098
-2062
-2069
-2074
-2079
-2092
-2084
-2130
-2101
-2079
-2076
-2085
-2119
-2089
-2089
-2068
-2117
-2154
-2151
-2125
-2125
-2120
-2127
-2051
-2081
-2135
-2102
-2149
-2121
-2154
-2128
-2132
-2148
-2151
-2130
-2125
-2130
-2098
-2111
-2102
-2119
-2136
-2156
-2139
-2123
-2118
-2126
-2139
-2141
-2143
-2135
-2156
-2100
-2089
-2184
-2131
-2079
-2139
-2140
-2119
-2138
-2141
-2149
-2139
-2126
-2142
-2128
-2127
-2135
-2145
-2130
-2122
-2131
-2134
-2126
-2120
-2097
-2134
-2120
-2039
-2065
-2045
-2078
-2076
-2065
-2065
-2061
-2041
-2029
-2160
-2082
-2041
-2084
-2070
-2093
-2040
-2036
-2053
-2065
-2074
-2086
-2066
-2085
-2072
-2075
-2088
-2010
-2114
-2100
-2091
-2131
-2111
-2163
-2117
-2106
-2128
-2117
-2091
-2099
-2094
-2096
-2133
-2128
-2120
-2112
-2134
-2142
-2146
-2157
-2153
-2170
-2149
-2127
-2162
-2128
-2128
-2146
-2121
-2135
-2120
-2126
-2134
-2121
-2116
-2114
-2115
-2118
-2130
-2133
-2124
-2138
-2112
-2098
-2112
-2117
-2126
-2116
-2109
-2131
-2124
-2119
-2122
-2112
-2150
-2151
-2139
-2116
-2140
-2125
-2112
-2137
-2148
-2159
-2177
-2175
-2159
-2141
-2126
-2131
-2118
-2120
-2106
-2145
-2141
-2129
-2129
-2143
-2127
-2181
-2132
-2060
-2090
-2058
-2092
-2085
-2093
-2095
-2092
-2092
-2074
-2065
-2059
-2018
-2064
-2127
-2105
-2101
-2127
-2123
-2105
-2120
-2130
-2153
-2163
-2157
-2157
-2157
-2145
-2155
-2141
-2142
-2158
-2129
-2113
-2130
-2133
-2119
-2135
-2139
-2124
-2113
-2114
-2103
-2115
-2153
-2145
-2150
-2154
-2161
-2144
-2122
-2121
-2145
-2145
-2143
-2164
-2166
-2138
-2124
-2121
-2143
-2143
-2151
-2156
-2043
-2098
-2115
-2131
-2156
-2123
-2129
-2117
-2148
-2131
-2141
-2152
-2139
-2152
-2162
-2138
-2148
-2139
-2138
-2100
-2173
-2150
-2051
-2126
-2094
-2080
-2070
-2087
-2037
-2076
-2035
-2062
-2130
-2142
-2160
-2040
-2084
-2056
-2088
-2100
-2115
-2093
-2100
-2088
-2085
-2098
-2104
-2097
-2053
-2076
-2048
-2114
-2086
-2159
-2150
-2058
-2088
-2093
-2089
-2109
-2076
-2098
-2095
-2072
-2083
-2069
-2049
-2104
-2108
-2086
-2126
-2079
-2095
-2065
-2105
-2055
-2125
-2152
-2147
-2134
-2084
-2137
-2119
-2122
-2110
-2153
-2132
-2116
-2109
-2125
-2131
-2139
-2119
-2150
-2133
-2114
-2188
-2111
-2034
-2074
-2030
-2026
-2035
-2023
-2065
-2019
-2111
-2130
-2149
-2118
-2101
-2140
-2049
-2067
-2068
-2065
-2057
-2054
-2032
-2094
-2125
-2122
-2120
-2112
-2127
-2115
-2121
-2103
-2141
-2123
-2127
-2143
-2160
-2140
-2209
-2152
-2055
-2084
-2088
-2117
-2049
-2052
-2037
-2068
-2005
-2009
-2033
-2018
-2060
-2037
-2055
-2043
-2098
-2049
-2068
-2070
-2066
-2064
-2068
-2167
-2141
-2163
-2133
-2132
-2105
-2104
-2081
-2109
-2111
-2055
-2077
-2053
-2128
-2139
-2103
-2111
-2106
-2126
-2135
-2135
-2163
-2167
-2174
-2118
-2127
-2112
-2113
-2130
-2110
-2130
-2118
-2128
-2157
-2150
-2128
-2129
-2173
-2163
-2134
-2145
-2045
-2104
-2149
-2098
-2105
-2134
-2151
-2123
-2143
-2189
-2162
-2156
-2149
-2141
-2178
-2121
-2121
-2137
-2044
-1998
-2057
-2052
-2040
-2072
-2045
-2103
-2106
-2087
-2161
-2144
-2118
-2136
-2118
-2144
-2131
-2011
-2028
-2010
-2049
-2066
-2045
-2106
-2087
-2087
-2078
-2086
-2127
-2160
-2121
-2141
-2099
-2127
-2147
-2046
-2060
-2061
-2076
-2061
-2093
-2070
-2026
-2060
-2051
-2060
-2070
-2044
-2038
-2062
-2066
-2080
-2098
-2056
-2085
-2062
-2070
-2142
-2102
-2151
-2136
-2126
-2138
-2122
-2119
-2123
-2120
-2109
-2113
-2088
-2103
-2108
-2097
-2105
-2133
-2122
-2157
-2166
-2070
-2088
-2065
-2095
-2136
-2129
-2100
-2055
-2162
-2125
-2126
-2071
-2048
-2124
-2100
-2146
-2103
-2057
-2126
-2064
-2047
-2144
-2147
-2157
-2126
-2104
-2112
-2125
-2152
-2149
-2145
-2135
-2117
-2111
-2125
-2137
-2107
-2143
-2095
-2082
-2077
-2033
-2065
-2040
-2034
-2035
-2040
-2041
-2048
-2034
-2042
-2064
-2066
-2025
-2099
-2151
-2131
-2123
-2113
-2109
-2102
-2131
-2134
-2145
-2133
-2133
-2121
-2130
-2122
-2107
-2096
-2113
-2146
-2116
-2110
-2124
-2122
-2129
-2128
-2126
-2133
-2119
-2124
-2126
-2127
-2127
-2104
-2102
-2113
-2113
-2131
-2118
-2123
-2111
-2111
-2124
-2098
-2114
-2104
-2098
-2103
-2116
-2127
-2136
-2123
-2124
-2136
-2112
-2121
-2118
-2107
-2098
-2109
-2119
-2108
-2099
-2110
-2113
-2134
-2142
-2137
-2130
-2110
-2131
-2137
-2137
-2126
-2130
-2113
-2128
-2141
-2168
-2158
-2154
-2141
-2137
-2118
-2100
-2139
-2030
-2065
-2053
-2026
-2065
-2065
-2051
-2061
-2079
-2063
-2063
-2056
-2064
-2059
-2059
-2055
-2055
-2034
-2034
-2020
-2094
-2130
-2117
-2105
-2111
-2118
-2104
-2118
-2119
-2136
-2149
-2164
-2159
-2172
-2159
-2124
-2155
-2139
-2082
-2139
-2131
-2126
-2123
-2113
-2116
-2116
-2146
-2147
-2153
-2150
-2144
-2146
-2151
-2123
-2146
-2139
-2151
-2127
-2102
-2100
-2118
-2118
-2101
-2142
-2056
-2084
-2123
-2132
-2161
-2161
-2170
-2169
-2171
-2170
-2162
-2155
-2147
-2130
-2144
-2146
-2147
-2125
-2127
-2125
-2143
-2115
-2132
-2146
-2068
-2091
-2064
-2068
-2075
-2084
-2126
-2082
-2090
-2102
-2076
-2112
-2128
-2070
-2148
-2145
-2067
-2075
-2054
-2062
-2062
-2066
-2079
-2090
-2057
-2066
-2074
-2056
-2069
-2060
-2080
-2091
-2021
-2051
-2060
-2080
-2076
-2089
-2175
-2075
-2068
-2071
-2051
-2055
-2045
-2063
-2080
-2067
-2066
-2041
-2092
-2106
-2040
-2099
-2098
-2092
-2099
-2098
-2092
-2087
-2081
-2105
-2160
-2155
-2116
-2076
-2077
-2132
-2120
-2135
-2119
-2123
-2132
-2124
-2129
-2106
-2142
-2060
-2067
-2043
-2059
-2132
-2136
-2144
-2137
-2140
-2136
-2136
-2125
-2123
-2118
-2130
-2135
-2152
-2126
-2136
-2164
-2114
-2116
-2175
-2087
-2079
-2085
-2073
-2094
-2093
-2079
-2066
-2077
-2083
-2082
-2102
-2071
-2059
-2154
-2042
-2066
-2072
-2046
-2056
-2053
-2075
-2072
-2085
-2068
-2085
-2069
-2092
-2073
-2079
-2094
-2071
-2056
-2062
-2064
-2016
-2061
-2045
-2095
-2164
-2058
-2065
-2062
-2082
-2069
-2038
-2059
-2085
-2088
-2090
-2075
-2083
-2071
-2063
-2075
-2075
-2170
-2128
-2140
-2100
-2121
-2085
-2059
-2150
-2103
-2098
-2110
-2083
-2122
-2096
-2072
-2163
-2103
-2104
-2091
-2120
-2098
-2092
-2121
-2115
-2125
-2099
-2124
-2130
-2148
-2114
-2157
-2132
-2040
-2035
-2068
-2088
-2044
-2057
-2128
-2128
-2150
-2154
-2122
-2128
-2166
-2159
-2142
-2141
-2143
-2156
-2129
-2134
-2123
-2117
-2095
-2153
-2106
-2050
-2087
-2072
-2060
-2104
-2106
-2056
-2091
-2072
-2068
-2055
-2069
-2062
-2081
-2074
-2073
-2078
-2040
-2115
-2067
-2056
-2088
-2057
-2041
-2041
-2064
-2022
-2063
-2101
-2067
-2038
-2080
-2101
-2066
-2161
-2182
-2144
-2168
-2153
-2147
-2120
-2134
-2135
-2124
-2145
-2145
-2161
-2109
-2150
-2121
-2088
-2118
-2081
-2128
-2131
-2153
-2133
-2117
-2109
-2052
-2118
-2146
-2149
-2149
-2116
-2144
-2139
-2121
-2121
-2136
-2129
-2108
-2115
-2117
-2122
-2146
-2154
-2130
-2151
-2120
-2112
-2134
-2135
-2118
-2108
-2101
-2089
-2129
-2117
-2133
-2125
-2115
-2129
-2142
-2128
-2153
-2121
-2158
-2126
-2013
-2063
-2081
-2092
-2089
-2083
-2073
-2093
-2071
-2065
-2046
-2066
-2056
-2081
-2078
-2065
-2054
-2073
-2046
-2051
-2112
-2078
-2129
-2074
-2149
-2130
-2120
-2127
-2106
-2110
-2095
-2113
-2112
-2134
-2119
-2124
-2125
-2137
-2131
-2161
-2137
-2137
-2139
-2131
-2121
-2092
-2108
-2124
-2147
-2131
-2126
-2139
-2154
-2155
-2141
-2153
-2149
-2137
-2117
-2121
-2125
-2129
-2134
-2134
-2131
-2116
-2131
-2134
-2154
-2152
-2123
-2129
-2154
-2135
-2120
-2126
-2128
-2149
-2152
-2154
-2135
-2134
-2139
-2120
-2155
-2137
-2121
-2098
-2099
-2132
-2125
-2112
-2117
-2142
-2121
-2122
-2104
-2106
-2114
-2148
-2088
-2036
-2054
-2068
-2083
-2075
-2087
-2067
-2065
-2052
-2064
-2053
-2070
-2083
-2072
-2044
-2050
-2054
-2041
-2127
-2170
-2160
-2161
-2149
-2143
-2145
-2153
-2131
-2118
-2147
-2133
-2150
-2153
-2139
-2128
-2145
-2153
-2132
-2127
-2147
-2134
-2117
-2148
-2135
-2145
-2117
-2127
-2101
-2118
-2122
-2118
-2140
-2115
-2150
-2106
-2162
-2144
-2116
-2132
-2099
-2098
-2098
-2087
-2135
-2140
-2056
-2123
-2144
-2151
-2172
-2168
-2160
-2163
-2180
-2152
-2159
-2141
-2126
-2138
-2136
-2164
-2167
-2133
-2144
-2159
-2132
-2131
-2123
-2135
-2148
-2109
-2101
-2047
-2046
-2077
-2066
-2067
-2037
-2057
-2078
-2079
-2097
-2096
-2080
-2095
-2111
-2109
-2104
-2097
-2112
-2114
-2113
-2106
-2091
-2133
-2112
-2112
-2079
-2077
-2066
-2046
-2089
-2063
-2072
-2097
-2170
-2077
-2111
-2105
-2073
-2085
-2078
-2082
-2058
-2080
-2077
-2066
-2051
-2128
-2129
-2156
-2077
-2093
-2113
-2126
-2137
-2118
-2152
-2138
-2146
-2124
-2143
-2139
-2142
-2119
-2113
-2138
-2139
-2134
-2146
-2133
-2120
-2111
-2086
-2115
-2138
-2085
-2091
-2066
-2053
-2079
-2059
-2034
-2049
-2082
-2025
-2050
-2076
-2036
-2103
-2124
-2096
-2096
-2076
-2145
-2073
-2045
-2082
-2094
-2124
-2105
-2138
-2125
-2130
-2146
-2151
-2130
-2146
-2133
-2163
-2099
-2003
-2018
-2049
-2060
-2041
-2055
-2049
-2046
-2036
-2052
-2033
-2052
-2024
-2068
-2039
-2059
-2027
-2004
-2088
-2076
-2087
-2083
-2093
-2047
-2118
-2096
-2105
-2094
-2108
-2132
-2113
-2108
-2093
-2112
-2120
-2144
-2125
-2119
-2100
-2133
-2116
-2096
-2116
-2121
-2122
-2124
-2093
-2089
-2117
-2131
-2113
-2095
-2083
-2095
-2107
-2129
-2126
-2120
-2110
-2118
-2122
-2066
-2081
-2111
-2145
-2117
-2112
-2096
-2114
-2107
-2113
-2129
-2135
-2145
-2118
-2130
-2144
-2167
-2147
-2177
-2148
-2116
-2146
-2117
-2109
-2136
-2099
-2152
-2147
-2038
-2065
-2057
-2068
-2080
-2093
-2081
-2068
-2044
-2008
-2085
-2076
-2091
-2088
-2058
-2057
-2023
-2077
-2084
-2077
-2088
-2074
-2098
-2078
-2102
-2061
-2129
-2156
-2117
-2188
-2062
-2159
-2136
-2031
-2071
-2063
-2068
-2082
-2103
-2070
-2086
-2077
-2095
-2043
-2063
-2148
-2132
-2130
-2076
-2080
-2137
-2087
-2140
-2155
-2121
-2170
-2154
-2156
-2129
-2116
-2109
-2151
-2125
-2080
-2136
-2128
-2143
-2132
-2118
-2137
-2114
-2128
-2151
-2112
-2137
-2123
-2036
-2050
-2116
-2169
-2133
-2104
-2143
-2107
-2133
-2093
-2059
-2126
-2115
-2134
-2119
-2119
-2119
-2143
-2150
-2117
-2125
-2108
-2112
-2128
-2120
-2113
-2127
-2136
-2132
-2126
-2120
-2112
-2097
-2147
-2092
-2043
-2092
-2075
-2084
-2093
-2113
-2111
-2091
-2094
-2111
-2063
-2096
-2055
-2049
-2070
-2048
-2165
-2145
-2132
-2123
-2133
-2135
-2148
-2126
-2110
-2125
-2102
-2119
-2124
-2137
-2134
-2135
-2139
-2140
-2119
-2129
-2117
-2128
-2124
-2142
-2135
-2134
-2135
-2111
-2150
-2137
-2148
-2140
-2126
-2117
-2103
-2105
-2120
-2113
-2116
-2111
-2111
-2118
-2138
-2129
-2122
-2126
-2151
-2164
-2063
-2124
-2150
-2156
-2167
-2147
-2162
-2141
-2152
-2138
-2132
-2140
-2134
-2132
-2144
-2096
-2100
-2124
-2094
-2077
-2126
-2121
-2076
-2082
-2059
-2065
-2068
-2072
-2106
-2067
-2046
-2058
-2061
-2182
-2132
-2044
-2067
-2063
-2066
-2053
-2055
-2084
-2089
-2075
-2095
-2069
-2085
-2054
-2096
-2133
-2106
-2141
-2119
-2105
-2098
-2130
-2112
-2143
-2115
-2128
-2164
-2063
-2062
-2073
-2071
-2074
-2104
-2070
-2091
-2092
-2085
-2078
-2085
-2106
-2080
-2085
-2035
-2098
-2088
-2108
-2084
-2048
-2048
-2063
-2157
-2101
-2110
-2048
-2052
-2120
-2109
-2123
-2112
-2141
-2160
-2149
-2135
-2135
-2110
-2099
-2096
-2116
-2117
-2118
-2133
-2099
-2109
-2141
-2134
-2153
-2156
-2140
-2134
-2126
-2139
-2131
-2109
-2111
-2135
-2122
-2114
-2134
-2162
-2153
-2165
-2137
-2136
-2136
-2145
-2132
-2104
-2156
-2133
-2155
-2070
-2063
-2085
-2035
-2063
-2059
-2074
-2076
-2062
-2069
-2058
-2090
-2149
-2126
-2114
-2109
-2097
-2095
-2093
-2111
-2109
-2114
-2118
-2107
-2099
-2104
-2142
-2129
-2129
-2139
-2122
-2158
-2139
-2102
-2113
-2111
-2128
-2116
-2124
-2115
-2114
-2114
-2097
-2105
-2079
-2089
-2109
-2114
-2106
-2118
-2113
-2117
-2117
-2148
-2153
-2146
-2144
-2130
-2145
-2135
-2136
-2122
-2145
-2127
-2172
-2172
-2083
-2127
-2148
-2124
-2125
-2118
-2136
-2142
-2139
-2142
-2142
-2144
-2132
-2139
-2148
-2129
-2159
-2203
-2079
-2106
-2093
-2088
-2150
-2096
-2090
-2042
-2138
-2151
-2119
-2140
-2098
-2137
-2110
-2137
-2110
-2004
-2083
-2084
-2085
-2074
-2090
-2108
-2094
-2142
-2085
-2087
-2079
-2095
-2143
-2075
-2054
-2066
-2031
-2094
-2103
-2044
-2084
-2092
-2084
-2076
-2078
-2059
-2061
-2077
-2082
-2086
-2063
-2102
-2087
-2067
-2083
-2082
-2087
-2091
-2091
-2076
-2121
-2087
-2065
