03310158.PTO
ABLE
2012/03/31 01:58:35.8599
100.0000 m/s  
10060 muestras
-1804
-1824
-1774
-1759
-1802
-1760
-1861
-1860
-1869
-1869
-1865
-1864
-1866
-1881
-1874
-1870
-1844
-1828
-1792
-1669
-1706
-1721
-1750
-1796
-1810
-1843
-1823
-1836
-1796
-1801
-1763
-1778
-1739
-1780
-1858
-1823
-1825
-1804
-1823
-1834
-1864
-1888
-1883
-1844
-1835
-1820
-1832
-1846
-1841
-1863
-1871
-1892
-1894
-1902
-1905
-1900
-1875
-1874
-1832
-1817
-1840
-1853
-1888
-1869
-1869
-1855
-1848
-1843
-1824
-1842
-1860
-1868
-1864
-1862
-1858
-1841
-1837
-1835
-1825
-1815
-1821
-1842
-1836
-1798
-1795
-1817
-1817
-1814
-1800
-1801
-1798
-1819
-1858
-1886
-1905
-1910
-1912
-1917
-1899
-1880
-1854
-1832
-1819
-1803
-1807
-1778
-1759
-1763
-1809
-1845
-1871
-1855
-1849
-1844
-1851
-1843
-1853
-1889
-1782
-1769
-1750
-1737
-1744
-1747
-1771
-1769
-1806
-1802
-1807
-1787
-1776
-1738
-1737
-1727
-1726
-1767
-1749
-1780
-1757
-1824
-1845
-1829
-1854
-1854
-1874
-1844
-1831
-1825
-1830
-1833
-1813
-1790
-1782
-1768
-1771
-1758
-1766
-1753
-1739
-1771
-1799
-1836
-1844
-1856
-1854
-1855
-1850
-1846
-1856
-1841
-1857
-1839
-1845
-1856
-1835
-1826
-1814
-1830
-1830
-1826
-1812
-1822
-1838
-1829
-1821
-1812
-1785
-1784
-1790
-1805
-1836
-1852
-1862
-1863
-1861
-1837
-1842
-1842
-1835
-1831
-1837
-1837
-1846
-1852
-1860
-1852
-1845
-1831
-1777
-1782
-1765
-1795
-1790
-1792
-1772
-1766
-1762
-1812
-1835
-1758
-1807
-1821
-1838
-1840
-1849
-1830
-1807
-1776
-1747
-1722
-1730
-1742
-1739
-1727
-1738
-1726
-1712
-1806
-1779
-1789
-1797
-1801
-1815
-1805
-1803
-1787
-1779
-1780
-1808
-1837
-1874
-1857
-1856
-1838
-1852
-1893
-1922
-1917
-1883
-1894
-1843
-1850
-1857
-1829
-1799
-1755
-1738
-1744
-1762
-1792
-1799
-1832
-1857
-1873
-1892
-1872
-1868
-1821
-1817
-1826
-1860
-1855
-1905
-1879
-1809
-1859
-1837
-1841
-1844
-1840
-1826
-1832
-1831
-1860
-1871
-1874
-1881
-1871
-1871
-1854
-1873
-1844
-1882
-1847
-1847
-1888
-1800
-1730
-1767
-1754
-1755
-1818
-1793
-1868
-1885
-1874
-1918
-1945
-1845
-1799
-1789
-1726
-1722
-1734
-1724
-1720
-1748
-1792
-1819
-1813
-1811
-1800
-1779
-1766
-1757
-1762
-1785
-1767
-1717
-1774
-1889
-1797
-1788
-1784
-1792
-1806
-1774
-1788
-1780
-1783
-1778
-1784
-1801
-1800
-1794
-1852
-1810
-1853
-1864
-1827
-1853
-1816
-1811
-1741
-1737
-1752
-1729
-1749
-1690
-1761
-1830
-1837
-1857
-1856
-1891
-1865
-1877
-1852
-1818
-1800
-1761
-1824
-1764
-1731
-1781
-1771
-1795
-1800
-1818
-1868
-1899
-1905
-1889
-1870
-1868
-1843
-1851
-1860
-1854
-1851
-1837
-1832
-1784
-1757
-1854
-1814
-1749
-1768
-1769
-1816
-1815
-1783
-1756
-1679
-1687
-1665
-1708
-1750
-1751
-1800
-1763
-1896
-1853
-1822
-1840
-1744
-1730
-1706
-1718
-1719
-1734
-1758
-1752
-1792
-1774
-1833
-1834
-1813
-1786
-1753
-1739
-1719
-1757
-1729
-1879
-1799
-1780
-1796
-1785
-1789
-1764
-1762
-1748
-1750
-1732
-1716
-1707
-1743
-1713
-1856
-1845
-1833
-1826
-1848
-1885
-1818
-1801
-1778
-1755
-1762
-1782
-1817
-1757
-1755
-1872
-1869
-1902
-1887
-1889
-1867
-1857
-1849
-1866
-1894
-1890
-1869
-1848
-1857
-1839
-1825
-1834
-1875
-1873
-1868
-1836
-1812
-1806
-1829
-1808
-1793
-1798
-1817
-1852
-1851
-1854
-1820
-1829
-1815
-1814
-1809
-1807
-1780
-1818
-1836
-1873
-1913
-1878
-1937
-1852
-1836
-1837
-1838
-1856
-1860
-1843
-1806
-1776
-1743
-1761
-1749
-1775
-1778
-1772
-1744
-1761
-1789
-1769
-1796
-1743
-1772
-1851
-1834
-1829
-1802
-1819
-1832
-1843
-1838
-1840
-1864
-1892
-1918
-1911
-1863
-1830
-1820
-1844
-1850
-1839
-1845
-1853
-1860
-1850
-1834
-1830
-1848
-1811
-1851
-1845
-1830
-1829
-1809
-1791
-1786
-1781
-1790
-1805
-1824
-1827
-1877
-1877
-1820
-1872
-1858
-1872
-1872
-1883
-1879
-1860
-1854
-1869
-1857
-1851
-1830
-1832
-1822
-1838
-1808
-1786
-1784
-1780
-1848
-1753
-1720
-1766
-1777
-1749
-1848
-1873
-1878
-1891
-1910
-1896
-1905
-1893
-1871
-1841
-1823
-1806
-1676
-1776
-1748
-1720
-1747
-1725
-1738
-1731
-1703
-1689
-1697
-1729
-1705
-1794
-1821
-1740
-1794
-1806
-1827
-1813
-1809
-1843
-1881
-1856
-1847
-1850
-1811
-1815
-1806
-1822
-1827
-1816
-1813
-1820
-1805
-1798
-1792
-1823
-1843
-1852
-1892
-1845
-1869
-1773
-1798
-1777
-1789
-1835
-1829
-1851
-1751
-1807
-1801
-1787
-1779
-1751
-1736
-1734
-1728
-1755
-1743
-1830
-1811
-1781
-1855
-1861
-1876
-1873
-1864
-1856
-1881
-1872
-1868
-1830
-1808
-1811
-1791
-1785
-1774
-1807
-1813
-1670
-1769
-1833
-1816
-1870
-1869
-1916
-1884
-1897
-1857
-1748
-1761
-1758
-1728
-1723
-1739
-1739
-1775
-1765
-1787
-1885
-1848
-1789
-1728
-1725
-1706
-1719
-1722
-1736
-1755
-1763
-1759
-1755
-1759
-1780
-1767
-1811
-1919
-1792
-1851
-1860
-1812
-1809
-1781
-1813
-1776
-1786
-1819
-1839
-1873
-1904
-1909
-1887
-1857
-1854
-1854
-1856
-1841
-1807
-1798
-1829
-1829
-1825
-1811
-1820
-1819
-1831
-1796
-1804
-1797
-1826
-1829
-1849
-1912
-1794
-1808
-1819
-1835
-1767
-1833
-1869
-1847
-1819
-1777
-1805
-1772
-1848
-1749
-1766
-1827
-1832
-1845
-1837
-1853
-1836
-1837
-1838
-1836
-1809
-1826
-1850
-1853
-1851
-1848
-1852
-1859
-1833
-1817
-1792
-1791
-1790
-1809
-1826
-1837
-1840
-1818
-1853
-1806
-1746
-1771
-1742
-1771
-1775
-1757
-1795
-1748
-1768
-1770
-1774
-1778
-1778
-1758
-1779
-1800
-1818
-1828
-1823
-1865
-1813
-1882
-1895
-1874
-1850
-1823
-1822
-1803
-1804
-1777
-1796
-1800
-1812
-1787
-1788
-1780
-1794
-1844
-1852
-1877
-1860
-1870
-1862
-1837
-1823
-1806
-1810
-1775
-1782
-1789
-1778
-1815
-1823
-1859
-1848
-1794
-1803
-1806
-1832
-1810
-1795
-1815
-1816
-1816
-1820
-1842
-1858
-1860
-1846
-1877
-1878
-1846
-1806
-1803
-1809
-1808
-1830
-1850
-1846
-1828
-1811
-1827
-1834
-1823
-1848
-1830
-1837
-1826
-1873
-1885
-1868
-1845
-1835
-1825
-1816
-1810
-1811
-1802
-1764
-1788
-1702
-1720
-1754
-1795
-1825
-1839
-1808
-1791
-1820
-1788
-1792
-1775
-1776
-1769
-1770
-1779
-1859
-1862
-1887
-1905
-1853
-1861
-1819
-1824
-1812
-1797
-1803
-1806
-1818
-1825
-1853
-1835
-1819
-1798
-1827
-1849
-1843
-1828
-1802
-1814
-1809
-1806
-1810
-1834
-1837
-1841
-1838
-1828
-1829
-1877
-1895
-1877
-1870
-1874
-1849
-1838
-1830
-1809
-1844
-1820
-1836
-1819
-1833
-1831
-1858
-1855
-1817
-1859
-1816
-1867
-1848
-1849
-1872
-1875
-1891
-1895
-1907
-1896
-1911
-1884
-1842
-1809
-1799
-1775
-1819
-1823
-1818
-1821
-1859
-1857
-1847
-1800
-1811
-1877
-1774
-1778
-1795
-1853
-1854
-1841
-1815
-1779
-1801
-1790
-1778
-1774
-1834
-1830
-1785
-1770
-1774
-1780
-1774
-1770
-1717
-1733
-1740
-1736
-1750
-1733
-1748
-1729
-1765
-1780
-1815
-1804
-1801
-1749
-1765
-1791
-1756
-1773
-1816
-1846
-1745
-1770
-1767
-1745
-1750
-1691
-1694
-1669
-1690
-1740
-1737
-1799
-1755
-1765
-1826
-1805
-1825
-1830
-1843
-1842
-1786
-1840
-1797
-1796
-1755
-1778
-1769
-1723
-1811
-1737
-1809
-1709
-1750
-1814
-1807
-1816
-1806
-1835
-1835
-1823
-1828
-1889
-1880
-1909
-1882
-1895
-1894
-1908
-1857
-1804
-1741
-1766
-1739
-1656
-1698
-1698
-1710
-1722
-1807
-1826
-1882
-1867
-1866
-1840
-1851
-1897
-1788
-1825
-1812
-1804
-1791
-1736
-1760
-1760
-1790
-1822
-1840
-1797
-1740
-1777
-1736
-1840
-1802
-1696
-1713
-1689
-1720
-1721
-1775
-1788
-1801
-1876
-1959
-1950
-1938
-1910
-1896
-1858
-1845
-1806
-1825
-1822
-1856
-1851
-1822
-1835
-1742
-1767
-1766
-1770
-1756
-1806
-1813
-1842
-1821
-1877
-1847
-1914
-1920
-1809
-1861
-1790
-1833
-1862
-1860
-1841
-1878
-1853
-1855
-1845
-1828
-1799
-1783
-1746
-1763
-1816
-1820
-1842
-1869
-1941
-1854
-1803
-1809
-1778
-1818
-1820
-1792
-1885
-1863
-1860
-1853
-1821
-1858
-1852
-1878
-1890
-1842
-1831
-1812
-1832
-1842
-1844
-1845
-1841
-1853
-1901
-1888
-1794
-1815
-1800
-1860
-1770
-1733
-1724
-1696
-1737
-1721
-1749
-1752
-1786
-1753
-1757
-1784
-1782
-1792
-1798
-1796
-1804
-1762
-1773
-1754
-1758
-1785
-1781
-1801
-1755
-1796
-1817
-1842
-1822
-1813
-1813
-1815
-1769
-1741
-1704
-1669
-1733
-1802
-1827
-1765
-1843
-1838
-1879
-1853
-1803
-1839
-1838
-1816
-1811
-1794
-1798
-1808
-1755
-1774
-1788
-1790
-1807
-1829
-1827
-1872
-1855
-1910
-1875
-1885
-1860
-1789
-1820
-1817
-1828
-1790
-1774
-1772
-1782
-1823
-1873
-1842
-1892
-1843
-1783
-1796
-1777
-1861
-1867
-1846
-1810
-1754
-1796
-1832
-1876
-1894
-1895
-1871
-1827
-1841
-1841
-1754
-1736
-1753
-1754
-1750
-1732
-1736
-1736
-1758
-1738
-1735
-1755
-1774
-1799
-1832
-1789
-1857
-1858
-1812
-1835
-1778
-1814
-1790
-1777
-1793
-1782
-1810
-1823
-1837
-1847
-1856
-1836
-1826
-1815
-1818
-1837
-1852
-1831
-1774
-1789
-1792
-1809
-1806
-1815
-1823
-1827
-1859
-1854
-1864
-1818
-1812
-1800
-1798
-1835
-1840
-1864
-1859
-1855
-1862
-1832
-1834
-1822
-1814
-1892
-1818
-1810
-1847
-1849
-1859
-1866
-1839
-1801
-1783
-1770
-1827
-1838
-1869
-1827
-1885
-1848
-1869
-1841
-1787
-1780
-1777
-1865
-1781
-1841
-1827
-1824
-1824
-1789
-1824
-1845
-1830
-1821
-1793
-1800
-1723
-1765
-1757
-1645
-1715
-1678
-1739
-1756
-1808
-1806
-1826
-1812
-1820
-1799
-1783
-1797
-1740
-1768
-1664
-1738
-1756
-1736
-1774
-1790
-1815
-1820
-1836
-1837
-1826
-1815
-1822
-1825
-1831
-1842
-1831
-1819
-1809
-1777
-1768
-1762
-1778
-1755
-1768
-1767
-1774
-1788
-1762
-1739
-1730
-1774
-1770
-1763
-1791
-1786
-1829
-1893
-1891
-1875
-1839
-1851
-1878
-1897
-1837
-1778
-1751
-1709
-1716
-1689
-1697
-1725
-1781
-1848
-1883
-1914
-1914
-1881
-1860
-1819
-1806
-1822
-1795
-1825
-1809
-1821
-1826
-1800
-1812
-1798
-1819
-1835
-1818
-1778
-1774
-1751
-1739
-1710
-1718
-1748
-1813
-1844
-1882
-1928
-1814
-1834
-1842
-1821
-1795
-1745
-1757
-1739
-1734
-1729
-1707
-1729
-1703
-1673
-1666
-1667
-1713
-1741
-1744
-1757
-1742
-1737
-1750
-1762
-1787
-1742
-1843
-1876
-1852
-1850
-1839
-1857
-1862
-1850
-1829
-1837
-1798
-1796
-1755
-1757
-1760
-1775
-1764
-1782
-1834
-1877
-1923
-1879
-1900
-1851
-1828
-1862
-1822
-1794
-1792
-1815
-1812
-1790
-1785
-1786
-1786
-1812
-1816
-1826
-1840
-1853
-1854
-1865
-1888
-1889
-1882
-1853
-1833
-1814
-1844
-1853
-1858
-1835
-1840
-1839
-1834
-1828
-1786
-1803
-1801
-1775
-1789
-1757
-1742
-1755
-1753
-1807
-1797
-1850
-1862
-1887
-1894
-1918
-1905
-1907
-1876
-1743
-1778
-1749
-1759
-1743
-1709
-1709
-1711
-1738
-1723
-1715
-1727
-1730
-1752
-1746
-1715
-1721
-1730
-1759
-1799
-1776
-1780
-1763
-1794
-1784
-1744
-1819
-1782
-1781
-1762
-1767
-1762
-1781
-1806
-1810
-1892
-1907
-1939
-1906
-1844
-1829
-1829
-1825
-1816
-1811
-1836
-1846
-1841
-1866
-1832
-1824
-1798
-1770
-1792
-1786
-1743
-1753
-1779
-1775
-1761
-1790
-1814
-1826
-1873
-1772
-1789
-1848
-1816
-1822
-1801
-1798
-1804
-1834
-1873
-1890
-1864
-1858
-1851
-1814
-1784
-1775
-1778
-1777
-1817
-1806
-1803
-1877
-1848
-1856
-1873
-1841
-1841
-1833
-1839
-1781
-1771
-1703
-1719
-1778
-1786
-1823
-1775
-1814
-1834
-1800
-1801
-1798
-1762
-1775
-1769
-1772
-1758
-1755
-1764
-1775
-1783
-1768
-1797
-1764
-1750
-1747
-1766
-1786
-1836
-1801
-1788
-1749
-1693
-1744
-1724
-1768
-1751
-1809
-1861
-1817
-1905
-1864
-1837
-1855
-1778
-1834
-1828
-1849
-1824
-1792
-1809
-1777
-1813
-1803
-1802
-1767
-1778
-1776
-1820
-1774
-1800
-1782
-1751
-1757
-1746
-1742
-1741
-1814
-1823
-1905
-1785
-1885
-1909
-1919
-1920
-1867
-1891
-1853
-1878
-1852
-1873
-1831
-1843
-1817
-1827
-1829
-1829
-1825
-1800
-1791
-1831
-1768
-1735
-1777
-1755
-1766
-1734
-1715
-1685
-1687
-1735
-1762
-1789
-1951
-1944
-1854
-1831
-1815
-1818
-1779
-1752
-1727
-1717
-1700
-1714
-1732
-1810
-1796
-1812
-1801
-1752
-1795
-1751
-1786
-1730
-1770
-1800
-1838
-1798
-1755
-1862
-1752
-1729
-1754
-1724
-1738
-1774
-1766
-1857
-1862
-1858
-1842
-1854
-1893
-1804
-1823
-1800
-1807
-1811
-1802
-1820
-1803
-1778
-1748
-1753
-1764
-1778
-1760
-1754
-1794
-1842
-1861
-1897
-1863
-1872
-1863
-1828
-1834
-1800
-1890
-1878
-1862
-1878
-1910
-1826
-1796
-1890
-1851
-1846
-1832
-1858
-1861
-1856
-1891
-1889
-1890
-1869
-1856
-1881
-1875
-1876
-1881
-1868
-1869
-1844
-1839
-1842
-1801
-1801
-1717
-1779
-1811
-1800
-1833
-1754
-1786
-1790
-1813
-1803
-1817
-1807
-1805
-1798
-1809
-1800
-1826
-1848
-1781
-1835
-1783
-1844
-1774
-1819
-1876
-1738
-1856
-1862
-1863
-1852
-1828
-1826
-1818
-1838
-1837
-1814
-1780
-1777
-1790
-1820
-1838
-1899
-1912
-1870
-1840
-1862
-1819
-1760
-1765
-1775
-1795
-1783
-1789
-1792
-1803
-1807
-1830
-1791
-1774
-1811
-1788
-1795
-1793
-1797
-1782
-1753
-1758
-1744
-1743
-1706
-1742
-1723
-1722
-1821
-1829
-1852
-1809
-1841
-1858
-1819
-1827
-1863
-1801
-1792
-1746
-1749
-1845
-1814
-1859
-1849
-1863
-1865
-1860
-1840
-1822
-1814
-1820
-1828
-1836
-1804
-1807
-1825
-1823
-1814
-1837
-1811
-1711
-1752
-1736
-1783
-1789
-1795
-1806
-1829
-1841
-1837
-1819
-1796
-1788
-1756
-1741
-1744
-1834
-1827
-1822
-1815
-1814
-1821
-1831
-1847
-1833
-1811
-1796
-1835
-1833
-1825
-1859
-1843
-1871
-1882
-1902
-1913
-1898
-1882
-1848
-1862
-1838
-1839
-1801
-1824
-1808
-1792
-1803
-1815
-1842
-1821
-1854
-1860
-1888
-1881
-1880
-1886
-1900
-1884
-1863
-1833
-1790
-1810
-1759
-1792
-1860
-1881
-1879
-1847
-1826
-1813
-1812
-1821
-1830
-1860
-1870
-1896
-1883
-1907
-1925
-1873
-1901
-1783
-1789
-1794
-1790
-1821
-1814
-1817
-1766
-1710
-1767
-1825
-1768
-1763
-1659
-1728
-1720
-1764
-1824
-1729
-1787
-1825
-1871
-1891
-1888
-1875
-1882
-1872
-1836
-1814
-1780
-1739
-1706
-1684
-1721
-1680
-1666
-1706
-1814
-1853
-1817
-1838
-1804
-1832
-1816
-1837
-1825
-1828
-1825
-1829
-1827
-1772
-1788
-1800
-1818
-1828
-1795
-1781
-1787
-1740
-1754
-1748
-1776
-1786
-1779
-1822
-1823
-1813
-1853
-1873
-1873
-1861
-1831
-1847
-1843
-1840
-1833
-1837
-1834
-1789
-1743
-1696
-1672
-1699
-1725
-1733
-1723
-1747
-1746
-1774
-1787
-1769
-1805
-1830
-1846
-1871
-1826
-1820
-1843
-1827
-1855
-1826
-1821
-1798
-1794
-1780
-1785
-1764
-1742
-1743
-1748
-1773
-1776
-1784
-1844
-1907
-1913
-1912
-1907
-1887
-1772
-1783
-1760
-1738
-1744
-1738
-1737
-1737
-1728
-1712
-1767
-1733
-1736
-1699
-1712
-1720
-1720
-1705
-1685
-1707
-1675
-1731
-1828
-1841
-1831
-1888
-1864
-1855
-1830
-1789
-1740
-1722
-1696
-1717
-1755
-1741
-1769
-1784
-1825
-1785
-1815
-1848
-1835
-1853
-1840
-1843
-1875
-1872
-1896
-1808
-1810
-1856
-1831
-1853
-1809
-1816
-1789
-1798
-1813
-1854
-1869
-1901
-1866
-1823
-1889
-1873
-1891
-1872
-1836
-1796
-1820
-1828
-1843
-1824
-1812
-1851
-1768
-1790
-1760
-1773
-1776
-1795
-1813
-1815
-1827
-1834
-1872
-1912
-1966
-1810
-1852
-1816
-1843
-1854
-1832
-1876
-1830
-1862
-1828
-1857
-1797
-1846
-1809
-1791
-1765
-1701
-1714
-1716
-1724
-1666
-1711
-1719
-1773
-1796
-1803
-1847
-1844
-1806
-1820
-1809
-1775
-1748
-1703
-1689
-1770
-1796
-1737
-1802
-1760
-1759
-1761
-1764
-1871
-1910
-1868
-1855
-1759
-1826
-1870
-1801
-1832
-1766
-1872
-1884
-1847
-1877
-1883
-1887
-1864
-1829
-1824
-1840
-1818
-1823
-1816
-1821
-1825
-1821
-1850
-1876
-1849
-1865
-1877
-1848
-1870
-1820
-1775
-1762
-1766
-1781
-1749
-1785
-1766
-1758
-1760
-1768
-1787
-1794
-1794
-1759
-1790
-1840
-1867
-1887
-1878
-1830
-1818
-1745
-1678
-1583
-1502
-1456
-1401
-1437
-1474
-1507
-1552
-1594
-1541
-1607
-1760
-1832
-1956
-2081
-2252
-2450
-2563
-2611
-2576
-2502
-2598
-2829
-3147
-3392
-3397
-3268
-2905
-2441
-1873
-1288
-821
-538
-306
51
430
854
973
921
811
618
401
239
-55
-496
-924
-1634
-2517
-3421
-4152
-4746
-5164
-5419
-5532
-5542
-5601
-5654
-5613
-5315
-4832
-4046
-3102
-2073
-1097
-333
372
1032
1691
2145
2468
2563
2561
2506
2339
2074
1570
862
-4
-1046
-2303
-3518
-4576
-5431
-5989
-6383
-6785
-7143
-7279
-6995
-6353
-5302
-4168
-3041
-1874
-681
447
1169
1417
1126
638
526
723
985
1272
1483
1504
1072
407
-697
-1840
-2805
-3369
-3431
-3455
-3452
-3757
-4283
-4795
-4926
-4856
-4682
-4313
-3609
-2715
-1889
-1157
-492
195
747
984
942
619
132
-342
-677
-811
-970
-939
-1013
-1159
-1438
-1953
-2319
-2510
-2759
-3079
-3487
-3996
-4551
-4974
-4915
-4346
-3500
-2690
-1707
-838
-197
246
509
804
979
908
732
530
356
64
-67
-178
-457
-866
-1368
-1775
-2497
-3501
-4656
-5455
-5681
-5372
-4760
-4177
-3956
-4025
-4101
-4063
-3829
-3573
-3222
-2667
-2047
-1199
-293
337
852
1383
2018
2552
2790
2762
2619
2007
979
-300
-1686
-2828
-3528
-3884
-4032
-4215
-4465
-4823
-5170
-5270
-5445
-5555
-5668
-5568
-5185
-4574
-3876
-3182
-2349
-1353
-155
1049
2229
3181
3850
4102
3841
3109
2112
1105
210
-471
-1170
-1740
-2159
-2635
-3159
-3730
-4289
-4646
-4620
-4338
-4250
-4561
-5011
-5228
-5096
-4658
-4141
-3727
-3394
-3047
-2410
-1555
-660
114
708
1085
1359
1606
1626
1346
980
543
53
-585
-1306
-1821
-2016
-1918
-1726
-1379
-1239
-1398
-1611
-1846
-2401
-3134
-3729
-4074
-4262
-4504
-4633
-4544
-4371
-4285
-4208
-4033
-3583
-2890
-2049
-1297
-818
-616
-485
-267
21
256
439
623
736
533
186
-115
-452
-525
-468
-494
-841
-1422
-2204
-2945
-3465
-3781
-3797
-3610
-3186
-2735
-2332
-2061
-1854
-1802
-1991
-2311
-2597
-2712
-2803
-2855
-2867
-2777
-2557
-2249
-1976
-1776
-1550
-1235
-888
-661
-654
-854
-1014
-1119
-1188
-1138
-962
-793
-809
-988
-1257
-1414
-1321
-1140
-1079
-1177
-1251
-1158
-1049
-1243
-1670
-2123
-2757
-3235
-3595
-3850
-3779
-3622
-3211
-2916
-2754
-2801
-2884
-2687
-2566
-2324
-2175
-2087
-2036
-1949
-1804
-1731
-1523
-1155
-617
-57
395
608
367
-100
-555
-840
-1045
-1314
-1476
-1664
-2014
-2512
-2864
-2998
-2901
-2729
-2613
-2575
-2599
-2638
-2637
-2586
-2593
-2722
-2812
-2743
-2772
-2615
-2361
-2108
-1896
-1653
-1344
-1042
-710
-446
-281
-195
-198
-433
-818
-1306
-1732
-2005
-1998
-1926
-1752
-1569
-1464
-1368
-1412
-1508
-1644
-1806
-2096
-2376
-2643
-2815
-2854
-2858
-2897
-2982
-3090
-3056
-2828
-2508
-2126
-1799
-1546
-1323
-1131
-915
-684
-530
-524
-688
-969
-1342
-1708
-1999
-2067
-1913
-1692
-1475
-1326
-1355
-1504
-1809
-2227
-2771
-3134
-3285
-3344
-3167
-2926
-2578
-2156
-1673
-1245
-935
-751
-689
-823
-1036
-1250
-1386
-1520
-1703
-1885
-2146
-2423
-2615
-2578
-2509
-2506
-2301
-1998
-1759
-1360
-1121
-979
-1124
-1387
-1633
-2032
-2230
-2407
-2366
-2252
-2003
-1518
-1067
-846
-804
-870
-883
-909
-1300
-1526
-1752
-2202
-2598
-2886
-2937
-2856
-2865
-2675
-2471
-2253
-1853
-1595
-1349
-1427
-1483
-1442
-1475
-1430
-1587
-1692
-1759
-1777
-1661
-1533
-1416
-1318
-1236
-1173
-1147
-1190
-1366
-1611
-1922
-2335
-2631
-2819
-2751
-2581
-2484
-2351
-2223
-2091
-1909
-1696
-1441
-1241
-1194
-1229
-1350
-1487
-1635
-1731
-1811
-1833
-1907
-1961
-1989
-1948
-1855
-1768
-1724
-1786
-1867
-1972
-2062
-2155
-2126
-2117
-2016
-1979
-1920
-1827
-1668
-1465
-1315
-1143
-1106
-1122
-1263
-1452
-1740
-2058
-2284
-2399
-2501
-2476
-2379
-2317
-2127
-1934
-1705
-1501
-1423
-1472
-1636
-1805
-1915
-1967
-1975
-1938
-1971
-1903
-1844
-1668
-1526
-1371
-1181
-1241
-1181
-1273
-1407
-1606
-1765
-1852
-1941
-2003
-2107
-2251
-2306
-2260
-2174
-1953
-1729
-1589
-1586
-1578
-1650
-1752
-1825
-1863
-1985
-2065
-2169
-2230
-2226
-2151
-2014
-1913
-1777
-1653
-1515
-1430
-1367
-1427
-1567
-1783
-1929
-2099
-2066
-2016
-1988
-1830
-1672
-1502
-1393
-1309
-1350
-1392
-1457
-1504
-1683
-1952
-2177
-2310
-2436
-2449
-2361
-2192
-2030
-1959
-1844
-1887
-1961
-1873
-1794
-1724
-1685
-1802
-1914
-2029
-1995
-1932
-1852
-1781
-1574
-1262
-1119
-989
-908
-959
-1077
-1232
-1412
-1593
-1772
-1916
-2118
-2250
-2386
-2418
-2320
-2147
-2100
-1998
-1868
-1781
-1741
-1732
-1596
-1662
-1777
-1936
-1979
-2063
-2116
-2146
-2169
-2108
-1963
-1811
-1634
-1491
-1335
-1181
-1172
-1067
-1315
-1526
-1682
-1818
-1972
-2058
-2069
-2022
-1895
-1851
-1742
-1670
-1491
-1447
-1401
-1485
-1627
-1915
-2150
-2317
-2507
-2576
-2631
-2694
-2680
-2445
-2291
-2132
-2009
-1809
-1709
-1631
-1611
-1527
-1453
-1244
-1109
-1149
-1072
-1113
-1054
-1072
-1000
-983
-939
-1078
-1225
-1414
-1646
-1811
-2114
-2277
-2681
-3010
-3221
-3459
-3386
-3272
-3038
-2638
-2322
-2005
-1897
-1693
-1594
-1480
-1489
-1587
-1472
-1562
-1376
-1200
-883
-657
-527
-464
-601
-808
-1062
-1210
-1443
-1600
-1895
-2113
-2391
-2525
-2678
-2822
-2871
-2954
-2847
-2665
-2376
-2122
-1845
-1679
-1471
-1328
-1233
-1290
-1476
-1663
-1876
-2017
-2075
-2039
-1958
-1823
-1653
-1482
-1431
-1406
-1480
-1627
-1792
-1975
-2130
-2129
-1987
-1803
-1608
-1426
-1276
-1224
-1190
-1275
-1406
-1536
-1684
-1811
-1973
-2063
-2195
-2288
-2362
-2461
-2525
-2632
-2673
-2666
-2621
-2503
-2354
-2113
-1835
-1593
-1419
-1348
-1351
-1343
-1338
-1366
-1358
-1397
-1314
-1273
-1159
-1096
-1114
-1097
-1293
-1521
-1785
-2009
-2177
-2254
-2264
-2248
-2196
-2155
-2101
-2099
-2177
-2136
-2077
-2027
-1971
-1946
-1906
-1879
-1851
-1836
-1822
-1788
-1774
-1754
-1761
-1828
-1785
-1694
-1579
-1505
-1516
-1560
-1621
-1721
-1814
-1868
-1895
-1923
-1914
-1851
-1733
-1588
-1474
-1412
-1411
-1493
-1621
-1800
-2013
-2181
-2302
-2348
-2378
-2355
-2298
-2233
-2155
-2019
-1943
-1820
-1692
-1692
-1695
-1744
-1717
-1664
-1578
-1562
-1646
-1697
-1832
-1878
-1886
-1846
-1816
-1789
-1743
-1667
-1632
-1636
-1551
-1658
-1688
-1825
-1970
-2054
-2185
-2249
-2164
-2037
-1948
-1825
-1707
-1621
-1621
-1576
-1708
-1774
-1812
-1972
-2084
-2170
-2177
-2071
-1922
-1732
-1581
-1476
-1423
-1408
-1505
-1568
-1603
-1636
-1756
-1904
-1914
-2061
-2119
-2107
-2043
-2006
-1939
-1846
-1718
-1574
-1452
-1304
-1236
-1248
-1318
-1438
-1547
-1662
-1834
-1959
-2056
-2214
-2256
-2198
-2157
-2053
-1972
-1826
-1776
-1766
-1811
-1871
-1974
-2041
-2141
-2158
-2161
-2078
-1922
-1818
-1600
-1504
-1293
-1306
-1257
-1286
-1275
-1311
-1525
-1658
-1846
-1926
-2041
-2097
-2169
-2185
-2198
-2186
-2173
-2116
-2067
-1978
-1917
-1864
-1820
-1793
-1743
-1775
-1778
-1791
-1795
-1782
-1719
-1657
-1485
-1367
-1282
-1339
-1423
-1616
-1786
-1855
-2038
-2128
-2178
-2146
-2097
-1992
-1861
-1647
-1491
-1374
-1392
-1406
-1511
-1617
-1753
-1894
-2015
-2220
-2250
-2320
-2301
-2285
-2189
-2067
-1911
-1795
-1667
-1551
-1483
-1455
-1447
-1416
-1452
-1495
-1579
-1673
-1749
-1759
-1818
-1797
-1801
-1851
-1904
-2001
-2067
-2159
-2206
-2238
-2310
-2332
-2315
-2184
-1998
-1810
-1612
-1419
-1295
-1229
-1241
-1311
-1421
-1524
-1616
-1852
-2014
-2144
-2225
-2260
-2286
-2263
-2181
-2079
-1993
-1909
-1834
-1713
-1575
-1473
-1499
-1509
-1450
-1566
-1636
-1723
-1802
-1777
-1863
-1816
-1772
-1732
-1713
-1671
-1686
-1731
-1850
-2062
-2258
-2492
-2568
-2528
-2420
-2302
-2058
-1813
-1571
-1376
-1205
-1106
-1146
-1175
-1278
-1437
-1598
-1781
-1876
-1937
-1971
-2034
-2011
-1958
-2035
-1928
-1899
-1871
-1846
-1856
-1913
-1965
-2019
-2006
-1995
-1957
-1884
-1954
-1803
-1735
-1685
-1565
-1454
-1348
-1314
-1358
-1434
-1529
-1664
-1837
-2045
-2168
-2291
-2377
-2381
-2328
-2187
-2079
-1913
-1766
-1690
-1563
-1570
-1595
-1632
-1715
-1757
-1803
-1772
-1777
-1739
-1712
-1741
-1618
-1547
-1601
-1580
-1511
-1600
-1602
-1608
-1729
-1867
-1914
-2036
-2198
-2184
-2212
-2193
-2101
-1945
-1807
-1696
-1658
-1615
-1656
-1682
-1709
-1802
-1884
-1993
-2004
-2073
-1946
-1874
-1854
-1739
-1704
-1638
-1660
-1644
-1728
-1754
-1689
-1761
-1797
-1813
-1836
-1878
-1901
-1877
-1835
-1768
-1713
-1664
-1596
-1590
-1604
-1566
-1640
-1731
-1846
-1993
-2103
-2191
-2182
-2181
-2091
-1946
-1905
-1784
-1594
-1563
-1457
-1452
-1420
-1465
-1600
-1736
-1944
-1948
-1957
-1868
-1795
-1712
-1676
-1669
-1682
-1684
-1711
-1745
-1794
-1842
-1917
-2060
-2095
-2130
-2136
-2130
-2052
-1971
-1852
-1759
-1656
-1578
-1525
-1530
-1579
-1640
-1747
-1821
-1915
-1982
-2009
-2016
-1999
-1953
-1895
-1774
-1708
-1645
-1637
-1650
-1671
-1700
-1759
-1805
-1847
-1898
-1934
-1981
-1908
-1934
-1850
-1752
-1740
-1714
-1659
-1638
-1647
-1696
-1752
-1756
-1817
-1857
-1923
-1932
-1981
-1952
-1916
-1818
-1794
-1866
-1784
-1751
-1734
-1752
-1782
-1806
-1854
-1890
-1906
-1926
-1912
-1897
-1834
-1749
-1706
-1655
-1592
-1597
-1608
-1649
-1651
-1664
-1748
-1779
-1851
-1873
-1957
-1963
-1968
-1933
-1853
-1869
-1828
-1850
-1890
-1926
-2017
-2069
-2108
-2163
-2137
-2130
-2046
-1991
-1858
-1764
-1636
-1505
-1565
-1544
-1529
-1513
-1531
-1563
-1583
-1626
-1712
-1769
-1841
-1854
-1861
-1889
-1881
-1879
-1917
-1862
-1867
-1850
-1821
-1918
-1928
-2045
-2161
-2218
-2179
-2105
-2034
-1897
-1810
-1729
-1553
-1566
-1558
-1538
-1607
-1618
-1747
-1766
-1799
-1850
-1847
-1846
-1815
-1790
-1765
-1739
-1742
-1699
-1668
-1666
-1591
-1612
-1653
-1704
-1752
-1787
-1831
-1830
-1861
-1846
-1827
-1818
-1748
-1794
-1832
-1814
-1855
-1857
-1966
-2024
-2077
-2172
-2178
-2210
-2192
-2071
-1914
-1755
-1612
-1523
-1466
-1424
-1445
-1551
-1554
-1586
-1627
-1652
-1691
-1731
-1754
-1783
-1829
-1843
-1901
-1872
-1941
-1951
-1945
-1892
-1817
-1924
-1905
-1934
-1942
-1917
-1897
-1845
-1809
-1731
-1701
-1668
-1663
-1657
-1698
-1727
-1821
-1938
-2016
-2105
-2118
-2132
-2082
-2019
-1900
-1789
-1716
-1690
-1687
-1749
-1713
-1609
-1650
-1649
-1695
-1730
-1717
-1731
-1697
-1706
-1745
-1732
-1774
-1796
-1792
-1776
-1797
-1811
-1797
-1829
-1879
-1942
-2033
-2116
-2144
-2085
-2024
-1941
-1807
-1695
-1547
-1517
-1456
-1433
-1463
-1498
-1597
-1692
-1801
-1875
-1902
-1936
-1967
-1958
-1941
-1886
-1930
-1960
-1973
-2004
-1993
-2036
-2025
-2050
-2053
-1982
-1983
-1950
-1857
-1815
-1721
-1614
-1569
-1441
-1434
-1368
-1416
-1520
-1574
-1745
-1858
-2002
-2078
-2130
-2141
-2184
-2141
-2039
-1989
-1940
-1871
-1812
-1714
-1734
-1760
-1723
-1765
-1782
-1747
-1719
-1776
-1728
-1712
-1670
-1677
-1675
-1710
-1666
-1737
-1775
-1724
-1837
-1852
-1959
-1913
-1939
-1956
-1938
-1961
-1968
-1901
-1868
-1784
-1667
-1630
-1600
-1651
-1666
-1690
-1690
-1858
-1819
-1829
-1862
-1833
-1866
-1838
-1803
-1738
-1746
-1697
-1706
-1704
-1762
-1775
-1780
-1844
-1898
-1906
-1881
-1837
-1789
-1787
-1798
-1778
-1761
-1769
-1758
-1809
-1834
-1875
-1892
-1964
-1938
-1953
-1926
-1892
-1888
-1816
-1920
-1870
-1774
-1789
-1725
-1669
-1669
-1636
-1696
-1664
-1785
-1807
-1773
-1867
-1831
-1813
-1762
-1732
-1671
-1657
-1614
-1644
-1729
-1793
-1878
-1952
-1993
-2067
-2072
-2061
-2026
-1979
-1880
-1837
-1798
-1650
-1657
-1679
-1725
-1711
-1743
-1749
-1754
-1766
-1808
-1803
-1838
-1810
-1830
-1862
-1744
-1752
-1720
-1747
-1695
-1725
-1737
-1763
-1800
-1845
-1903
-1883
-1893
-1822
-1796
-1729
-1696
-1646
-1574
-1583
-1607
-1649
-1696
-1835
-1912
-1850
-1923
-1982
-1962
-1946
-1880
-1854
-1790
-1771
-1710
-1628
-1687
-1723
-1747
-1820
-1835
-1852
-1890
-1834
-1865
-1884
-1886
-1957
-1935
-1937
-1876
-1881
-1817
-1784
-1808
-1805
-1841
-1791
-1911
-1889
-1986
-1981
-1961
-1975
-1832
-1830
-1755
-1723
-1666
-1602
-1615
-1659
-1702
-1807
-1898
-1925
-1935
-1944
-1925
-1875
-1782
-1794
-1736
-1741
-1764
-1804
-1829
-1847
-1901
-1928
-1981
-1882
-1887
-1844
-1832
-1779
-1779
-1715
-1682
-1676
-1631
-1618
-1614
-1624
-1661
-1695
-1759
-1908
-1937
-1982
-1937
-1930
-1854
-1837
-1820
-1796
-1781
-1743
-1727
-1760
-1752
-1778
-1840
-1891
-1994
-2004
-2016
-2009
-1978
-1870
-1880
-1826
-1812
-1815
-1769
-1799
-1773
-1800
-1837
-1783
-1826
-1791
-1848
-1877
-1827
-1887
-1804
-1804
-1808
-1766
-1724
-1733
-1735
-1875
-1907
-1958
-2014
-1915
-1967
-1989
-1979
-1914
-1870
-1827
-1779
-1739
-1721
-1704
-1713
-1745
-1806
-1867
-1894
-1881
-1891
-1895
-1853
-1848
-1763
-1777
-1812
-1734
-1644
-1673
-1676
-1732
-1749
-1795
-1823
-1776
-1852
-1864
-1915
-1896
-1899
-1795
-1740
-1735
-1711
-1709
-1757
-1773
-1843
-1896
-1885
-1921
-1901
-1889
-1883
-1865
-1797
-1790
-1690
-1638
-1543
-1660
-1619
-1611
-1713
-1713
-1831
-1909
-1957
-1972
-1959
-1916
-1857
-1785
-1748
-1567
-1612
-1593
-1665
-1745
-1695
-1817
-1915
-1926
-1950
-1919
-1880
-1806
-1797
-1819
-1763
-1812
-1723
-1754
-1760
-1737
-1835
-1798
-1845
-1879
-1880
-1955
-1898
-1883
-1806
-1778
-1793
-1763
-1714
-1739
-1698
-1743
-1770
-1767
-1850
-1854
-1945
-1921
-1945
-1892
-1910
-1847
-1786
-1747
-1732
-1711
-1688
-1740
-1745
-1800
-1841
-1899
-1911
-1938
-1927
-1974
-1853
-1696
-1667
-1638
-1587
-1580
-1547
-1610
-1706
-1726
-1850
-1839
-1867
-1910
-1902
-1941
-1922
-1905
-1885
-1837
-1818
-1779
-1755
-1735
-1726
-1788
-1784
-1768
-1814
-1842
-1865
-1868
-1873
-1875
-1887
-1842
-1810
-1798
-1794
-1831
-1807
-1838
-1915
-1955
-1991
-1994
-1931
-1956
-1909
-1849
-1766
-1711
-1763
-1719
-1682
-1679
-1697
-1714
-1752
-1732
-1774
-1789
-1854
-1853
-1863
-1969
-1943
-1994
-1964
-1918
-1904
-1873
-1883
-1853
-1831
-1887
-1892
-1899
-1898
-1899
-1880
-1880
-1839
-1838
-1786
-1690
-1681
-1560
-1617
-1600
-1614
-1653
-1633
-1734
-1790
-1878
-1931
-1891
-1982
-1933
-1917
-1801
-1655
-1712
-1698
-1746
-1741
-1795
-1777
-1832
-1847
-1898
-1881
-1868
-1837
-1754
-1694
-1633
-1599
-1616
-1751
-1664
-1672
-1711
-1827
-1891
-1873
-1864
-1842
-1846
-1839
-1780
-1767
-1718
-1795
-1821
-1790
-1798
-1689
-1745
-1727
-1808
-1812
-1829
-1866
-1837
-1836
-1842
-1867
-1872
-1832
-1803
-1835
-1814
-1827
-1814
-1831
-1852
-1886
-1907
-1939
-1867
-1830
-1904
-1743
-1686
-1666
-1633
-1657
-1644
-1659
-1691
-1740
-1803
-1877
-1906
-1958
-1902
-1927
-1908
-1886
-1834
-1744
-1786
-1791
-1771
-1752
-1761
-1795
-1894
-1871
-1904
-1867
-1833
-1795
-1778
-1790
-1781
-1772
-1761
-1769
-1667
-1778
-1804
-1813
-1791
-1881
-1912
-1905
-1953
-1863
-1872
-1812
-1824
-1752
-1725
-1688
-1696
-1782
-1732
-1757
-1774
-1752
-1766
-1784
-1788
-1794
-1781
-1779
-1753
-1729
-1737
-1755
-1794
-1805
-1773
-1781
-1791
-1800
-1875
-1919
-1916
-1879
-1878
-1828
-1844
-1796
-1751
-1779
-1694
-1783
-1806
-1789
-1770
-1789
-1818
-1814
-1850
-1849
-1868
-1855
-1808
-1780
-1778
-1733
-1741
-1749
-1788
-1823
-1827
-1854
-1884
-1904
-1913
-1917
-1911
-1887
-1836
-1827
-1767
-1725
-1705
-1650
-1691
-1744
-1773
-1811
-1870
-1893
-1879
-1880
-1893
-1914
-1889
-1841
-1815
-1833
-1839
-1834
-1777
-1847
-1789
-1742
-1820
-1826
-1866
-1842
-1838
-1778
-1771
-1710
-1671
-1678
-1686
-1688
-1686
-1692
-1753
-1841
-1866
-1886
-1911
-1963
-1956
-1941
-1905
-1851
-1814
-1775
-1753
-1817
-1803
-1805
-1814
-1835
-1877
-1925
-1939
-1935
-1937
-1931
-1913
-1836
-1818
-1784
-1799
-1739
-1740
-1728
-1770
-1848
-1854
-1875
-1948
-1968
-1930
-1953
-1920
-1883
-1916
-1889
-1845
-1883
-1746
-1801
-1743
-1660
-1722
-1750
-1770
-1786
-1791
-1845
-1880
-1890
-1934
-1870
-1928
-1851
-1886
-1811
-1795
-1811
-1739
-1803
-1866
-1820
-1842
-1837
-1792
-1851
-1791
-1781
-1767
-1764
-1723
-1790
-1817
-1827
-1777
-1773
-1749
-1782
-1835
-1833
-1865
-1887
-1843
-1869
-1824
-1712
-1780
-1656
-1697
-1735
-1658
-1718
-1682
-1682
-1814
-1797
-1918
-1850
-1837
-1909
-1803
-1784
-1740
-1773
-1792
-1741
-1817
-1773
-1790
-1841
-1734
-1849
-1802
-1852
-1885
-1854
-1942
-1817
-1787
-1896
-1812
-1837
-1795
-1778
-1871
-1832
-1853
-1911
-1902
-1928
-1928
-1882
-1808
-1799
-1701
-1731
-1837
-1745
-1860
-1678
-1834
-1830
-1767
-1927
-1848
-1817
-1801
-1822
-1884
-1862
-1799
-1822
-1737
-1810
-1775
-1673
-1728
-1693
-1675
-1746
-1664
-1825
-1709
-1702
-1845
-1786
-1885
-1901
-1779
-1930
-1849
-1753
-1992
-1963
-1952
-1875
-1873
-1783
-1884
-1732
-1758
-1713
-1762
-1741
-1698
-1731
-1664
-1782
-1703
-1767
-1746
-1843
-1753
-1861
-1824
-1892
-1776
-1788
-1789
-1748
-1787
-1746
-1842
-1644
-1838
-1775
-1785
-1907
-1821
-1799
-1800
-1841
-1803
-1813
-1892
-1829
-1908
-1881
-1790
-1791
-1857
-1772
-1847
-1887
-1898
-1940
-1781
-1847
-1841
-1916
-1927
-1936
-1826
-1782
-1699
-1804
-1795
-1774
-1811
-1846
-1947
-1924
-1879
-1807
-1881
-1875
-1847
-1824
-1852
-1747
-1827
-1769
-1826
-1746
-1829
-1840
-1828
-1845
-1803
-1888
-1868
-1992
-1782
-1963
-1816
-1856
-1829
-1781
-1794
-1784
-1843
-1727
-1721
-1666
-1672
-1701
-1784
-1678
-1897
-1725
-1731
-1653
-1767
-1704
-1542
-1698
-1518
-1724
-1692
-1734
-1792
-1665
-1847
-1852
-1717
-1759
-1830
-1936
-1746
-1785
-1583
-1656
-1768
-1656
-1857
-1690
-1647
-1886
-1780
-1717
-1880
-1586
-1809
-1854
-1664
-1965
-1844
-1709
-1760
-1625
-1715
-1799
-1697
-1836
-1932
-1895
-1765
-1777
-1910
-1814
-1766
-1773
-1667
-1776
-1903
-1805
-1843
-1795
-1953
-1983
-1788
-1927
-1839
-1757
-1809
-1740
-1655
-1783
-1750
-1850
-1890
-1726
-1880
-1899
-1927
-1724
-1685
-1751
-1888
-1830
-1896
-1767
-1745
-1956
-1763
-1932
-1853
-1929
-1850
-1915
-1859
-1890
-1819
-1865
-1849
-1944
-1856
-1759
-1925
-1754
-1858
-1763
-1805
-1714
-1923
-1696
-1853
-1826
-1885
-1859
-1714
-1765
-1808
-1737
-1771
-1941
-1734
-1799
-1655
-1975
-1778
-1829
-1772
-1815
-1802
-1859
-1927
-1964
-1970
-1850
-2013
-1834
-2039
-1856
-1822
-1968
-1789
-1859
-1936
-1792
-2031
-1699
-2028
-2008
-1768
-1823
-1616
-1856
-1741
-1880
-1737
-1911
-1774
-1839
-1878
-1867
-1870
-1885
-1894
-1803
-2063
-1812
-1907
-1916
-1833
-1837
-1730
-1727
-1833
-1797
-1718
-1787
-1786
-1844
-1888
-1777
-1948
-1786
-1885
-1773
-1618
-1932
-1701
-1806
-1858
-1841
-1885
-1797
-1795
-1910
-1850
-1925
-1875
-1856
-1896
-1716
-1699
-1694
-1685
-1723
-1816
-1761
-1821
-1820
-1893
-1940
-1776
-1899
-1805
-1788
-1834
-1669
-1776
-1745
-1688
-1775
-1850
-1818
-1835
-1766
-1797
-1838
-1850
-1895
-1848
-1899
-1852
-1858
-1860
-1864
-1806
-1916
-1840
-1782
-1809
-1724
-1833
-1796
-1852
-1844
-1845
-1901
-1861
-1899
-1858
-1811
-1784
-1818
-1799
-1798
-1864
-1805
-1866
-1847
-1837
-1888
-1845
-1839
-1877
-1875
-1909
-1866
-1734
-1789
-1775
-1757
-1754
-1700
-1709
-1790
-1784
-1854
-1910
-1893
-1949
-1931
-1933
-1907
-1905
-1851
-1882
-1832
-1743
-1713
-1728
-1712
-1683
-1790
-1768
-1794
-1773
-1765
-1810
-1782
-1772
-1886
-1777
-1690
-1692
-1665
-1720
-1735
-1799
-1780
-1801
-1817
-1857
-1793
-1787
-1777
-1698
-1784
-1756
-1706
-1710
-1733
-1770
-1747
-1838
-1812
-1745
-1791
-1794
-1745
-1707
-1708
-1740
-1765
-1714
-1775
-1694
-1802
-1819
-1776
-1784
-1755
-1869
-1851
-1896
-1839
-1848
-1839
-1832
-1809
-1799
-1849
-1823
-1840
-1812
-1843
-1849
-1829
-1847
-1839
-1889
-1882
-1903
-1852
-1815
-1821
-1799
-1797
-1762
-1776
-1711
-1791
-1828
-1845
-1873
-1925
-1939
-1913
-1919
-1907
-1917
-1878
-1835
-1777
-1803
-1796
-1840
-1837
-1819
-1843
-1829
-1859
-1864
-1824
-1777
-1827
-1819
-1764
-1789
-1776
-1789
-1778
-1802
-1788
-1756
-1797
-1818
-1840
-1859
-1855
-1804
-1793
-1784
-1768
-1736
-1733
-1676
-1778
-1773
-1711
-1710
-1752
-1815
-1793
-1849
-1839
-1864
-1804
-1781
-1767
-1830
-1800
-1798
-1743
-1788
-1895
-1862
-1825
-1783
-1785
-1712
-1787
-1732
-1784
-1725
-1704
-1737
-1770
-1798
-1819
-1842
-1791
-1843
-1853
-1821
-1829
-1890
-1866
-1899
-1849
-1859
-1751
-1783
-1711
-1730
-1785
-1702
-1764
-1712
-1823
-1854
-1901
-1831
-1884
-1861
-1859
-1931
-1842
-1824
-1774
-1799
-1792
-1813
-1822
-1850
-1864
-1839
-1824
-1851
-1834
-1830
-1883
-1839
-1800
-1866
-1822
-1790
-1842
-1830
-1814
-1828
-1830
-1789
-1810
-1744
-1793
-1746
-1751
-1742
-1832
-1876
-1713
-1742
-1697
-1749
-1733
-1713
-1711
-1782
-1732
-1743
-1793
-1849
-1937
-1866
-1902
-1977
-1904
-1782
-1851
-1778
-1752
-1752
-1775
-1755
-1743
-1748
-1732
-1808
-1774
-1801
-1814
-1838
-1805
-1812
-1734
-1726
-1860
-1843
-1818
-1729
-1799
-1843
-1852
-1900
-1871
-1790
-1787
-1801
-1794
-1814
-1775
-1760
-1774
-1808
-1794
-1825
-1800
-1814
-1854
-1875
-1865
-1834
-1802
-1713
-1766
-1789
-1750
-1744
-1790
-1783
-1743
-1761
-1762
-1781
-1762
-1805
-1820
-1842
-1842
-1825
-1871
-1854
-1811
-1765
-1788
-1771
-1707
-1716
-1769
-1771
-1786
-1666
-1733
-1797
-1833
-1889
-1826
-1847
-1787
-1793
-1738
-1722
-1712
-1734
-1733
-1700
-1735
-1851
-1866
-1841
-1831
-1837
-1863
-1840
-1771
-1735
-1779
-1692
-1711
-1662
-1716
-1746
-1792
-1813
-1801
-1884
-1906
-1897
-1915
-1884
-1844
-1842
-1762
-1851
-1817
-1798
-1756
-1748
-1787
-1803
-1842
-1828
-1823
-1820
-1792
-1795
-1785
-1744
-1719
-1818
-1812
-1796
-1845
-1812
-1955
-1803
-1869
-1894
-1824
-1883
-1886
-1843
-1744
-1804
-1850
-1864
-1838
-1825
-1807
-1867
-1784
-1764
-1815
-1822
-1837
-1849
-1881
-1872
-1853
-1899
-1902
-1909
-1803
-1792
-1860
-1845
-1847
-1795
-1862
-1838
-1910
-1782
-1779
-1716
-1662
-1753
-1691
-1664
-1662
-1779
-1720
-1745
-1794
-1762
-1812
-1811
-1787
-1900
-1851
-1772
-1806
-1892
-1875
-1862
-1791
-1765
-1827
-1737
-1742
-1773
-1681
-1657
-1729
-1779
-1799
-1740
-1852
-1823
-1795
-1791
-1833
-1888
-1912
-1864
-1873
-1900
-1776
-1804
-1776
-1771
-1856
-1823
-1794
-1870
-1834
-1808
-1853
-1835
-1813
-1806
-1756
-1821
-1688
-1819
-1827
-1751
-1881
-1806
-1861
-1840
-1854
-1887
-1862
-1841
-1756
-1758
-1753
-1779
-1730
-1644
-1684
-1597
-1835
-1782
-1901
-1937
-1773
-1865
-1862
-1902
-1899
-1888
-1818
-1869
-1821
-1878
-1744
-1783
-1827
-1800
-1825
-1701
-1729
-1652
-1671
-1702
-1668
-1765
-1617
-1731
-1792
-1703
-1738
-1784
-1950
-1844
-1911
-1874
-1875
-1795
-1739
-1762
-1671
-1743
-1725
-1777
-1841
-1752
-1860
-1744
-1859
-1809
-1827
-1939
-1737
-1920
-1769
-1949
-1830
-1840
-1845
-1780
-1901
-1758
-1865
-1893
-1860
-1862
-1866
-1941
-1938
-1887
-1909
-1737
-1863
-1794
-1767
-1796
-1773
-1791
-1822
-1859
-1772
-1810
-1787
-1878
-1818
-1841
-1884
-1817
-1843
-1761
-1754
-1810
-1804
-1845
-1823
-1915
-1913
-1934
-2022
-1953
-1905
-1928
-1864
-1834
-1876
-1763
-1714
-1704
-1838
-1720
-1777
-1679
-1661
-1841
-1761
-1798
-1772
-1827
-1741
-1795
-1851
-1824
-1845
-1854
-1791
-1814
-1800
-1753
-1801
-1865
-1911
-1920
-1833
-1913
-1845
-1813
-1807
-1756
-1895
-1639
-1704
-1664
-1681
-1707
-1765
-1838
-1811
-1852
-1809
-1853
-1819
-1851
-1768
-1733
-1733
-1714
-1741
-1723
-1688
-1858
-1809
-1892
-1868
-1822
-1970
-1892
-1932
-1869
-1893
-1838
-1814
-1779
-1763
-1656
-1786
-1913
-1890
-2040
-1832
-1804
-1827
-1775
-1714
-1752
-1779
-1697
-1721
-1787
-1748
-1781
-1869
-1864
-1884
-1885
-1867
-1871
-1853
-1810
-1890
-1894
-1865
-1837
-1835
-1800
-1826
-1816
-1853
-1817
-1796
-1848
-1836
-1876
-1868
-1917
-1773
-1790
-1889
-1914
-1871
-1878
-1846
-1728
-1826
-1802
-1707
-1749
-1762
-1725
-1714
-1693
-1788
-1767
-1813
-1856
-1841
-1869
-1819
-1835
-1793
-1729
-1741
-1759
-1764
-1834
-1910
-1918
-1874
-1841
-1854
-1891
-1803
-1751
-1722
-1719
-1693
-1699
-1703
-1713
-1745
-1732
-1760
-1804
-1857
-1819
-1807
-1871
-1886
-1821
-1849
-1842
-1883
-1766
-1787
-1823
-1823
-1869
-1894
-1933
-1895
-1890
-1817
-1849
-1813
-1851
-1835
-1842
-1795
-1780
-1854
-1828
-1784
-1800
-1826
-1864
-1887
-1887
-1876
-1835
-1832
-1801
-1878
-1805
-1779
-1833
-1857
-1834
-1826
-1879
-1833
-1834
-1845
-1857
-1852
-1848
-1812
-1826
-1869
-1838
-1882
-1867
-1815
-1785
-1769
-1725
-1714
-1692
-1686
-1707
-1707
-1762
-1754
-1781
-1756
-1766
-1748
-1792
-1799
-1767
-1848
-1819
-1785
-1802
-1850
-1802
-1842
-1871
-1814
-1838
-1824
-1803
-1794
-1784
-1764
-1780
-1783
-1831
-1848
-1859
-1829
-1789
-1819
-1804
-1843
-1845
-1839
-1850
-1872
-1907
-1918
-1838
-1858
-1835
-1880
-1870
-1768
-1774
-1786
-1824
-1866
-1836
-1793
-1801
-1712
-1773
-1728
-1845
-1830
-1792
-1838
-1843
-1841
-1796
-1834
-1780
-1858
-1874
-1824
-1819
-1857
-1791
-1876
-1857
-1729
-1728
-1709
-1714
-1775
-1764
-1757
-1794
-1778
-1801
-1840
-1854
-1840
-1906
-1844
-1881
-1867
-1691
-1709
-1731
-1717
-1685
-1745
-1787
-1762
-1839
-1807
-1772
-1788
-1829
-1765
-1741
-1690
-1714
-1732
-1752
-1760
-1662
-1710
-1738
-1847
-1719
-1748
-1757
-1744
-1760
-1775
-1807
-1820
-1858
-1793
-1789
-1710
-1771
-1739
-1713
-1735
-1767
-1762
-1802
-1845
-1821
-1831
-1922
-1849
-1815
-1793
-1707
-1832
-1798
-1820
-1818
-1861
-1866
-1828
-1826
-1843
-1825
-1821
-1852
-1795
-1810
-1855
-1898
-1856
-1842
-1898
-1888
-1879
-1883
-1830
-1839
-1829
-1779
-1788
-1825
-1800
-1793
-1783
-1766
-1759
-1791
-1806
-1825
-1844
-1827
-1854
-1889
-1907
-1869
-1881
-1889
-1860
-1848
-1855
-1806
-1811
-1770
-1750
-1795
-1830
-1800
-1782
-1830
-1809
-1791
-1729
-1700
-1695
-1742
-1758
-1719
-1653
-1670
-1738
-1784
-1833
-1854
-1862
-1877
-1918
-1913
-1901
-1816
-1767
-1757
-1761
-1767
-1770
-1790
-1812
-1854
-1814
-1844
-1855
-1872
-1880
-1877
-1873
-1854
-1856
-1807
-1775
-1782
-1799
-1778
-1810
-1805
-1845
-1903
-1942
-1948
-1948
-1927
-1891
-1853
-1850
-1795
-1760
-1796
-1729
-1797
-1766
-1843
-1847
-1817
-1864
-1820
-1835
-1791
-1808
-1814
-1827
-1817
-1787
-1796
-1815
-1813
-1847
-1836
-1868
-1888
-1896
-1914
-1845
-1904
-1851
-1757
-1783
-1754
-1743
-1769
-1759
-1782
-1803
-1779
-1829
-1861
-1792
-1766
-1786
-1779
-1744
-1778
-1757
-1772
-1790
-1773
-1834
-1806
-1793
-1803
-1824
-1797
-1821
-1781
-1854
-1922
-1837
-1787
-1744
-1768
-1724
-1728
-1717
-1721
-1729
-1750
-1733
-1751
-1715
-1745
-1817
-1831
-1817
-1713
-1817
-1859
-1848
-1848
-1856
-1834
-1834
-1847
-1841
-1838
-1807
-1807
-1844
-1870
-1841
-1806
-1812
-1821
-1790
-1829
-1803
-1791
-1795
-1804
-1775
-1850
-1827
-1772
-1874
-1884
-1875
-1848
-1858
-1853
-1837
-1813
-1811
-1794
-1808
-1819
-1832
-1845
-1879
-1862
-1861
-1856
-1820
-1781
-1789
-1776
-1687
-1741
-1750
-1781
-1799
-1800
-1788
-1824
-1796
-1818
-1825
-1815
-1869
-1875
-1857
-1757
-1797
-1753
-1744
-1739
-1745
-1787
-1768
-1776
-1765
-1760
-1756
-1790
-1782
-1811
-1785
-1779
-1790
-1785
-1804
-1803
-1813
-1826
-1821
-1795
-1856
-1819
-1781
-1775
-1777
-1811
-1803
-1814
-1778
-1772
-1767
-1758
-1755
-1813
-1865
-1828
-1797
-1774
-1763
-1761
-1788
-1738
-1810
-1839
-1823
-1867
-1891
-1905
-1832
-1869
-1843
-1837
-1844
-1819
-1783
-1775
-1771
-1753
-1798
-1819
-1843
-1839
-1847
-1854
-1860
-1865
-1856
-1849
-1846
-1819
-1809
-1802
-1818
-1823
-1825
-1810
-1816
-1831
-1844
-1834
-1820
-1839
-1833
-1834
-1827
-1855
-1843
-1847
-1818
-1866
-1824
-1722
-1754
-1727
-1743
-1751
-1745
-1788
-1782
-1757
-1744
-1732
-1743
-1740
-1735
-1764
-1774
-1793
-1794
-1759
-1786
-1767
-1772
-1811
-1855
-1868
-1866
-1872
-1853
-1838
-1817
-1801
-1778
-1792
-1800
-1797
-1791
-1789
-1781
-1804
-1812
-1819
-1837
-1869
-1910
-1928
-1924
-1905
-1884
-1864
-1819
-1756
-1792
-1791
-1791
-1798
-1832
-1876
-1877
-1887
-1878
-1869
-1872
-1861
-1838
-1835
-1820
-1851
-1871
-1879
-1859
-1828
-1799
-1778
-1796
-1805
-1803
-1803
-1820
-1833
-1851
-1849
-1834
-1855
-1884
-1872
-1848
-1869
-1860
-1863
-1860
-1846
-1850
-1835
-1837
-1829
-1852
-1848
-1849
-1821
-1851
-1766
-1724
-1777
-1772
-1797
-1794
-1809
-1787
-1796
-1781
-1834
-1802
-1802
-1800
-1785
-1763
-1730
-1759
-1757
-1781
-1793
-1796
-1782
-1812
-1772
-1830
-1872
-1818
-1794
-1781
-1787
-1827
-1855
-1861
-1873
-1865
-1866
-1882
-1856
-1826
-1825
-1810
-1825
-1809
-1839
-1853
-1859
-1863
-1840
-1822
-1791
-1777
-1796
-1824
-1861
-1867
-1872
-1875
-1873
-1860
-1841
-1858
-1845
-1837
-1820
-1811
-1818
-1820
-1811
-1803
-1785
-1789
-1796
-1824
-1845
-1856
-1877
-1859
-1851
-1845
-1813
-1772
-1771
-1796
-1815
-1809
-1807
-1817
-1833
-1853
-1843
-1835
-1840
-1824
-1825
-1813
-1800
-1781
-1784
-1789
-1797
-1823
-1823
-1832
-1829
-1829
-1858
-1873
-1882
-1868
-1855
-1846
-1809
-1823
-1739
-1669
-1708
-1695
-1677
-1663
-1727
-1798
-1800
-1845
-1828
-1823
-1835
-1838
-1837
-1805
-1789
-1787
-1833
-1797
-1759
-1762
-1787
-1809
-1830
-1857
-1835
-1813
-1793
-1794
-1797
-1791
-1810
-1827
-1837
-1863
-1866
-1906
-1925
-1921
-1917
-1873
-1842
-1806
-1821
-1762
-1796
-1812
-1822
-1854
-1758
-1814
-1815
-1809
-1818
-1848
-1862
-1843
-1835
-1825
-1850
-1856
-1870
-1866
-1872
-1825
-1837
-1875
-1787
-1775
-1797
-1784
-1823
-1799
-1784
-1759
-1752
-1750
-1774
-1745
-1718
-1744
-1751
-1751
-1744
-1835
-1834
-1862
-1845
-1788
-1810
-1793
-1781
-1775
-1766
-1805
-1771
-1795
-1808
-1739
-1718
-1738
-1722
-1766
-1808
-1749
-1781
-1769
-1777
-1771
-1771
-1738
-1735
-1715
-1734
-1723
-1788
-1845
-1826
-1904
-1867
-1903
-1874
-1909
-1903
-1874
-1890
-1856
-1844
-1821
-1810
-1813
-1824
-1818
-1834
-1823
-1820
-1815
-1817
-1800
-1818
-1761
-1787
-1752
-1813
-1879
-1736
-1809
-1764
-1867
-1890
-1851
-1875
-1752
-1802
-1837
-1780
-1780
-1771
-1780
-1802
-1812
-1841
-1837
-1878
-1888
-1877
-1859
-1843
-1826
-1839
-1830
-1825
-1833
-1848
-1843
-1829
-1829
-1831
-1839
-1842
-1816
-1847
-1834
-1725
-1790
-1761
-1773
-1773
-1776
-1760
-1752
-1798
-1760
-1778
-1787
-1810
-1806
-1823
-1857
-1837
-1790
-1809
-1781
-1780
-1745
-1705
-1724
-1717
-1777
-1791
-1756
-1772
-1747
-1769
-1745
-1751
-1871
-1806
-1816
-1829
-1775
-1788
-1775
-1768
-1772
-1771
-1768
-1775
-1774
-1776
-1825
-1858
-1859
-1839
-1887
-1867
-1893
-1853
-1806
-1812
-1734
-1837
-1790
-1795
-1829
-1802
-1826
-1830
-1829
-1807
-1816
-1851
-1878
-1863
-1864
-1855
-1850
-1830
-1828
-1816
-1811
-1803
-1797
-1821
-1848
-1859
-1856
-1857
-1855
-1857
-1852
-1853
-1856
-1883
-1866
-1840
-1834
-1831
-1828
-1840
-1845
-1851
-1856
-1833
-1854
-1765
-1724
-1782
-1782
-1789
-1769
-1757
-1742
-1739
-1732
-1750
-1776
-1791
-1789
-1789
-1866
-1856
-1850
-1855
-1872
-1883
-1867
-1874
-1857
-1880
-1883
-1892
-1867
-1867
-1884
-1830
-1833
-1807
-1780
-1766
-1737
-1767
-1763
-1803
-1841
-1843
-1884
-1900
-1870
-1874
-1854
-1867
-1876
-1872
-1867
-1797
-1809
-1781
-1803
-1811
-1799
-1832
-1821
-1837
-1861
-1837
-1859
-1813
-1839
-1834
-1779
-1866
-1839
-1868
-1851
-1838
-1840
-1870
-1892
-1911
-1908
-1906
-1894
-1875
-1856
-1819
-1831
-1798
-1805
-1807
-1829
-1783
-1804
-1790
-1744
-1757
-1839
-1825
-1829
-1843
-1829
-1837
-1810
-1832
-1750
-1787
-1835
-1840
-1738
-1759
-1766
-1761
-1768
-1752
-1789
-1757
-1773
-1751
-1774
-1723
-1728
-1672
-1715
-1803
-1824
-1784
-1716
-1771
-1746
-1796
-1805
-1807
-1815
-1819
-1901
-1919
-1817
-1849
-1785
-1739
-1754
-1759
-1770
-1736
-1802
-1773
-1790
-1774
-1810
-1806
-1821
-1843
-1829
-1838
-1827
-1836
-1831
-1823
-1825
-1866
-1869
-1905
-1876
-1874
-1873
-1860
-1843
-1798
-1803
-1777
-1714
-1763
-1745
-1732
-1862
-1814
-1826
-1851
-1750
-1818
-1797
-1760
-1827
-1804
-1853
-1835
-1837
-1848
-1807
-1832
-1831
-1826
-1831
-1815
-1849
-1847
-1878
-1878
-1868
-1908
-1835
-1864
-1811
-1790
-1774
-1833
-1815
-1745
-1801
-1701
-1722
-1723
-1730
-1748
-1761
-1762
-1768
-1769
-1768
-1778
-1754
-1763
-1718
-1721
-1780
-1718
-1736
-1793
-1787
-1823
-1808
-1851
-1840
-1867
-1827
-1846
-1835
-1837
-1808
-1665
-1691
-1685
-1722
-1746
-1800
-1738
-1775
-1813
-1810
-1836
-1822
-1850
-1869
-1895
-1891
-1894
-1863
-1837
-1806
-1807
-1748
-1743
-1740
-1740
-1762
-1774
-1799
-1808
-1838
-1872
-1850
-1855
-1840
-1790
-1788
-1769
-1804
-1816
-1842
-1862
-1839
-1829
-1816
-1797
-1813
-1802
-1794
-1786
-1813
-1790
-1804
-1812
-1801
-1834
-1836
-1847
-1831
-1826
-1797
-1814
-1802
-1843
-1822
-1873
-1808
-1707
-1722
-1700
-1712
-1717
-1751
-1737
-1757
-1781
-1774
-1810
-1870
-1815
-1821
-1786
-1775
-1755
-1757
-1785
-1772
-1761
-1766
-1752
-1773
-1784
-1720
-1830
-1814
-1794
-1805
-1789
-1810
-1840
-1841
-1813
-1810
-1824
-1807
-1786
-1802
-1778
-1783
-1818
-1838
-1845
-1828
-1833
-1826
-1826
-1850
-1836
-1859
-1855
-1856
-1859
-1881
-1883
-1866
-1863
-1832
-1836
-1850
-1815
-1800
-1801
-1790
-1814
-1837
-1849
-1850
-1839
-1882
-1927
-1936
-1937
-1879
-1870
-1848
-1829
-1814
-1754
-1727
-1717
-1721
-1745
-1743
-1794
-1825
-1849
-1889
-1874
-1871
-1855
-1834
-1813
-1792
-1771
-1752
-1729
-1793
-1731
-1725
-1767
-1765
-1774
-1770
-1785
-1775
-1776
-1754
-1774
-1776
-1804
-1782
-1784
-1735
-1741
-1741
-1744
-1758
-1753
-1785
-1773
-1801
-1769
-1835
-1854
-1844
-1863
-1865
-1860
-1859
-1844
-1834
-1834
-1818
-1816
-1788
-1811
-1835
-1851
-1853
-1860
-1860
-1863
-1873
-1853
-1844
-1836
-1802
-1790
-1790
-1793
-1778
-1792
-1834
-1804
-1822
-1834
-1883
-1854
-1884
-1909
-1854
-1891
-1815
-1883
-1859
-1830
-1842
-1799
-1811
-1810
-1820
-1827
-1850
-1824
-1829
-1814
-1816
-1789
-1851
-1864
-1793
-1815
-1834
-1820
-1813
-1803
-1813
-1784
-1776
-1756
-1758
-1790
-1744
-1840
-1794
-1836
-1801
-1756
-1830
-1809
-1827
-1780
-1750
-1749
-1737
-1731
-1721
-1751
-1817
-1816
-1820
-1804
-1797
-1790
-1788
-1780
-1808
-1821
-1788
-1796
-1909
-1785
-1706
-1743
-1714
-1748
-1716
-1715
-1684
-1695
-1695
-1745
-1745
-1800
-1792
-1831
-1811
-1815
-1905
-1868
-1876
-1847
-1839
-1817
-1836
-1844
-1849
-1811
-1851
-1799
-1724
-1652
-1680
-1740
-1701
-1742
-1754
-1801
-1786
-1792
-1799
-1814
-1823
-1832
-1825
-1831
-1847
-1844
-1847
-1836
-1837
-1825
-1849
-1862
-1858
-1839
-1888
-1783
-1719
-1732
-1715
-1718
-1692
-1728
-1720
-1785
-1740
-1833
-1896
-1887
-1884
-1857
-1842
-1814
-1832
-1805
-1875
-1766
-1740
-1737
-1709
-1696
-1670
-1674
-1686
-1690
-1682
-1778
-1758
-1782
-1835
-1810
-1838
-1822
-1824
-1820
-1804
-1769
-1742
-1764
-1781
-1786
-1772
-1792
-1756
-1850
-1902
-1851
-1861
-1899
-1841
-1754
-1783
-1841
-1825
-1763
-1765
-1746
-1752
-1800
-1803
-1840
-1889
-1882
-1896
-1906
-1895
-1881
-1874
-1867
-1871
-1881
-1851
-1833
-1879
-1750
-1741
-1748
-1768
-1789
-1816
-1873
-1796
-1885
-1818
-1798
-1796
-1769
-1783
-1804
-1835
-1834
-1849
-1847
-1855
-1851
-1867
-1839
-1862
-1884
-1894
-1885
-1838
-1831
-1845
-1804
-1804
-1839
-1743
-1745
-1749
-1715
-1714
-1729
-1778
-1798
-1807
-1809
-1808
-1820
-1797
-1765
-1861
-1811
-1738
-1760
-1789
-1795
-1807
-1817
-1825
-1800
-1740
-1737
-1714
-1762
-1776
-1768
-1782
-1764
-1749
-1764
-1725
-1819
-1788
-1731
-1829
-1814
-1848
-1844
-1837
-1829
-1832
-1866
-1871
-1885
-1869
-1824
-1811
-1801
-1792
-1797
-1801
-1800
-1804
-1826
-1830
-1853
-1869
-1843
-1835
-1806
-1819
-1849
-1842
-1841
-1855
-1869
-1854
-1868
-1881
-1884
-1886
-1877
-1865
-1849
-1831
-1821
-1826
-1840
-1852
-1850
-1843
-1831
-1812
-1815
-1809
-1794
-1806
-1812
-1805
-1811
-1823
-1849
-1868
-1896
-1904
-1894
-1902
-1900
-1893
-1894
-1870
-1850
-1833
-1810
-1843
-1735
-1683
-1714
-1729
-1778
-1775
-1790
-1808
-1816
-1817
-1852
-1859
-1873
-1868
-1855
-1820
-1795
-1794
-1727
-1769
-1752
-1768
-1842
-1827
-1849
-1845
-1837
-1809
-1785
-1804
-1829
-1844
-1826
-1803
-1782
-1792
-1831
-1848
-1879
-1903
-1882
-1892
-1870
-1844
-1824
-1757
-1758
-1746
-1737
-1751
-1764
-1796
-1819
-1834
-1842
-1828
-1846
-1859
-1877
-1883
-1869
-1869
-1851
-1830
-1797
-1834
-1735
-1718
-1754
-1724
-1736
-1750
-1781
-1799
-1820
-1839
-1882
-1887
-1895
-1892
-1880
-1857
-1834
-1823
-1809
-1793
-1817
-1823
-1825
-1801
-1785
-1797
-1787
-1785
-1777
-1789
-1808
-1778
-1774
-1764
-1716
-1737
-1741
-1766
-1805
-1811
-1845
-1847
-1845
-1854
-1814
-1802
-1813
-1841
-1759
-1777
-1809
-1773
-1799
-1797
-1791
-1744
-1762
-1741
-1740
-1730
-1785
-1829
-1774
-1806
-1782
-1762
-1781
-1777
-1768
-1809
-1903
-1856
-1902
-1869
-1817
-1890
-1863
-1874
-1832
-1815
-1814
-1809
-1790
-1798
-1781
-1811
-1786
-1773
-1846
-1849
-1880
-1873
-1885
-1885
-1843
-1828
-1840
-1846
-1866
-1850
-1863
-1862
-1858
-1878
-1857
-1860
-1860
-1864
-1871
-1872
-1844
-1842
-1820
-1817
-1830
-1827
-1837
-1844
-1855
-1845
-1877
-1876
-1884
-1884
-1881
-1838
-1828
-1814
-1831
-1841
-1845
-1866
-1831
-1872
-1748
-1740
-1782
-1809
-1811
-1786
-1773
-1748
-1775
-1776
-1759
-1786
-1878
-1855
-1860
-1876
-1895
-1901
-1891
-1869
-1835
-1810
-1785
-1767
-1768
-1796
-1791
-1821
-1815
-1809
-1834
-1842
-1849
-1845
-1828
-1820
-1834
-1817
-1821
-1829
-1817
-1824
-1825
-1853
-1872
-1871
-1856
-1826
-1824
-1836
-1838
-1870
-1847
-1813
-1784
-1774
-1784
-1764
-1793
-1809
-1820
-1832
-1854
-1857
-1866
-1856
-1845
-1843
-1824
-1801
-1767
-1778
-1796
-1808
-1780
-1774
-1761
-1761
-1771
-1800
-1801
-1805
-1827
-1862
-1903
-1888
-1876
-1833
-1806
-1798
-1793
-1795
-1807
-1826
-1835
-1811
-1850
-1827
-1883
-1854
-1786
-1816
-1771
-1757
-1736
-1730
-1729
-1733
-1723
-1735
-1732
-1759
-1738
-1762
-1741
-1754
-1724
-1762
-1863
-1825
-1833
-1820
-1843
-1847
-1864
-1826
-1828
-1830
-1847
-1858
-1848
-1838
-1839
-1846
-1847
-1859
-1848
-1873
-1870
-1857
-1839
-1847
-1837
-1833
-1816
-1800
-1776
-1759
-1770
-1774
-1774
-1765
-1765
-1761
-1772
-1785
-1795
-1810
-1851
-1876
-1872
-1866
-1872
-1876
-1857
-1837
-1821
-1823
-1810
-1795
-1771
-1769
-1758
-1765
-1810
-1825
-1831
-1799
-1808
-1802
-1812
-1828
-1832
-1835
-1847
-1818
-1813
-1825
-1835
-1851
-1822
-1806
-1800
-1814
-1829
-1843
-1824
-1844
-1812
-1887
-1765
-1775
-1804
-1765
-1849
-1781
-1796
-1791
-1802
-1708
-1725
-1742
-1775
-1779
-1801
-1810
-1824
-1805
-1806
-1879
-1773
-1822
-1819
-1807
-1797
-1777
-1780
-1809
-1822
-1847
-1841
-1810
-1861
-1874
-1903
-1891
-1890
-1880
-1835
-1831
-1815
-1817
-1865
-1884
-1854
-1807
-1831
-1838
-1840
-1855
-1875
-1835
-1752
-1738
-1733
-1756
-1779
-1827
-1835
-1829
-1817
-1854
-1902
-1905
-1870
-1833
-1909
-1912
-1893
-1855
-1810
-1792
-1819
-1832
-1849
-1840
-1820
-1858
-1830
-1848
-1831
-1866
-1863
-1874
-1893
-1862
-1873
-1860
-1880
-1907
-1844
-1862
-1830
-1722
-1741
-1732
-1765
-1725
-1772
-1800
-1765
-1738
-1757
-1771
-1782
-1773
-1777
-1804
-1786
-1831
-1794
-1792
-1798
-1825
-1815
-1807
-1754
-1775
-1823
-1773
-1776
-1762
-1807
-1914
-1862
-1804
-1809
-1780
-1760
-1777
-1776
-1797
-1797
-1805
-1795
-1771
-1885
-1794
-1824
-1818
-1804
-1809
-1710
-1779
-1810
-1805
-1776
-1763
-1781
-1796
-1789
-1824
-1866
-1891
-1872
-1852
-1831
-1815
-1806
-1813
-1837
-1824
-1813
-1823
-1789
-1764
-1763
-1749
-1778
-1795
-1790
-1803
-1833
-1830
-1838
-1820
-1825
-1850
-1867
-1857
-1832
-1829
-1819
-1814
-1818
-1793
-1762
-1756
-1751
-1754
-1757
-1796
-1834
-1866
-1866
-1871
-1885
-1881
-1854
-1906
-1806
-1729
-1893
-1792
-1713
-1724
-1714
-1736
-1716
-1741
-1739
-1754
-1742
-1736
-1718
-1721
-1754
-1738
-1771
-1769
-1782
-1771
-1785
-1795
-1814
-1785
-1832
-1892
-1838
-1846
-1795
-1790
-1767
-1762
-1751
-1749
-1783
-1795
-1808
-1804
-1782
-1784
-1789
-1801
-1832
-1853
-1870
-1871
-1877
-1845
-1856
-1842
-1846
-1868
-1878
-1889
-1852
-1833
-1801
-1786
-1765
-1757
-1781
-1726
-1786
-1856
-1872
-1886
-1853
-1880
-1865
-1855
-1825
-1812
-1812
-1799
-1804
-1808
-1834
-1870
-1909
-1911
-1903
-1911
-1908
-1914
-1892
-1854
-1908
-1848
-1786
-1813
-1803
-1824
-1832
-1812
-1823
-1820
-1791
-1808
-1816
-1838
-1889
-1840
-1842
-1843
-1819
-1832
-1795
-1826
-1799
-1798
-1771
-1751
-1728
-1739
-1820
-1794
-1832
-1835
-1805
-1860
-1802
-1756
-1809
-1795
-1814
-1793
-1802
-1791
-1779
-1735
-1800
-1797
-1777
-1853
-1751
-1838
-1840
-1839
-1853
-1807
-1803
-1799
-1780
-1757
-1733
-1781
-1842
-1813
-1829
-1801
-1833
-1843
-1871
-1887
-1899
-1875
-1875
-1848
-1824
-1828
-1794
-1823
-1780
-1738
-1744
-1735
-1756
-1728
-1693
-1793
-1746
-1828
-1761
-1755
-1849
-1817
-1860
-1838
-1856
-1843
-1867
-1867
-1903
-1867
-1844
-1813
-1808
-1804
-1790
-1787
-1777
-1778
-1783
-1758
-1736
-1833
-1769
-1715
-1736
-1735
-1757
-1758
-1754
-1737
-1757
-1804
-1836
-1860
-1854
-1891
-1853
-1886
-1830
-1711
-1709
-1659
-1664
-1672
-1664
-1648
-1676
-1701
-1761
-1757
-1767
-1742
-1733
-1759
-1769
-1781
-1780
-1764
-1768
-1753
-1746
-1866
-1763
-1774
-1797
-1768
-1797
-1796
-1820
-1817
-1839
-1838
-1834
-1812
-1812
-1802
-1838
-1803
-1803
-1850
-1863
-1865
-1844
-1849
-1801
-1775
-1714
-1742
-1733
-1681
-1754
-1743
-1794
-1824
-1861
-1908
-1878
-1880
-1891
-1863
-1837
-1825
-1802
-1815
-1784
-1821
-1824
-1829
-1850
-1805
-1774
-1791
-1723
-1762
-1847
-1836
-1873
-1770
-1777
-1819
-1785
-1796
-1803
-1832
-1849
-1743
-1740
-1773
-1744
-1706
-1713
-1740
-1765
-1777
-1783
-1822
-1797
-1822
-1784
-1762
-1723
-1722
-1732
-1726
-1751
-1758
-1769
-1786
-1767
-1743
-1764
-1767
-1781
-1789
-1781
-1718
-1782
-1799
-1779
-1795
-1792
-1791
-1787
-1786
-1793
-1848
-1865
-1868
-1843
-1812
-1822
-1829
-1818
-1834
-1833
-1848
-1856
-1875
-1880
-1868
-1868
-1852
-1833
-1830
-1825
-1823
-1845
-1840
-1836
-1807
-1806
-1763
-1757
-1790
-1788
-1807
-1814
-1825
-1809
-1816
-1843
-1857
-1872
-1891
-1872
-1838
-1814
-1798
-1793
-1782
-1786
-1771
-1787
-1793
-1806
-1837
-1863
-1886
-1914
-1910
-1875
-1835
-1796
-1846
-1762
-1759
-1776
-1745
-1755
-1739
-1762
-1778
-1785
-1775
-1755
-1777
-1795
-1760
-1773
-1741
-1750
-1703
-1727
-1720
-1708
-1731
-1774
-1815
-1811
-1909
-1866
-1849
-1848
-1865
-1840
-1821
-1796
-1780
-1788
-1769
-1766
-1751
-1777
-1809
-1819
-1817
-1803
-1794
-1810
-1789
-1837
-1837
-1836
-1836
-1828
-1808
-1784
-1774
-1770
-1776
-1783
-1796
-1797
-1823
-1810
-1837
-1780
-1820
-1782
-1710
-1778
-1780
-1815
-1813
-1837
-1856
-1859
-1865
-1866
-1868
-1860
-1849
-1856
-1883
-1850
-1878
-1853
-1757
-1788
-1776
-1754
-1791
-1820
-1818
-1791
-1798
-1805
-1827
-1823
-1839
-1848
-1835
-1828
-1824
-1842
-1805
-1808
-1820
-1814
-1796
-1799
-1771
-1793
-1765
-1738
-1796
-1763
-1804
-1804
-1827
-1803
-1778
-1766
-1710
-1738
-1759
-1784
-1777
-1788
-1757
-1792
-1836
-1782
-1786
-1738
-1704
-1669
-1694
-1712
-1697
-1795
-1850
-1876
-1893
-1883
-1868
-1866
-1862
-1866
-1833
-1838
-1827
-1847
-1805
-1752
-1782
-1760
-1768
-1754
-1735
-1783
-1796
-1795
-1841
-1791
-1798
-1799
-1840
-1823
-1755
-1766
-1779
-1800
-1811
-1800
-1790
-1790
-1801
-1805
-1770
-1783
-1791
-1797
-1820
-1863
-1840
-1806
-1786
-1843
-1759
-1744
-1801
-1797
-1824
-1805
-1832
-1789
-1823
-1866
-1838
-1849
-1828
-1789
-1832
-1731
-1716
-1772
-1801
-1822
-1811
-1776
-1761
-1764
-1750
-1817
-1769
-1783
-1787
-1787
-1772
-1752
-1752
-1756
-1793
-1755
-1757
-1780
-1801
-1816
-1803
-1795
-1780
-1770
-1744
-1772
-1800
-1720
-1755
-1765
-1752
-1751
-1696
-1782
-1821
-1815
-1841
-1820
-1835
-1833
-1808
-1854
-1867
-1862
-1877
-1836
-1813
-1792
-1804
-1809
-1779
-1808
-1848
-1762
-1741
-1859
-1825
-1842
-1769
-1741
-1851
-1864
-1888
-1841
-1820
-1782
-1810
-1826
-1811
-1814
-1815
-1827
-1815
-1819
-1812
-1824
-1855
-1886
-1880
-1875
-1864
-1841
-1821
-1814
-1848
-1894
-1757
-1770
-1791
-1754
-1770
-1754
-1791
-1766
-1797
-1731
-1787
-1830
-1835
-1809
-1753
-1771
-1749
-1755
-1754
-1765
-1790
-1832
-1853
-1879
-1862
-1858
-1814
-1813
-1809
-1751
-1875
-1851
-1753
-1767
-1669
-1739
-1722
-1775
-1817
-1756
-1870
-1841
-1852
-1834
-1815
-1827
-1789
-1796
-1822
-1824
-1860
-1899
-1930
-1908
-1878
-1880
-1872
-1868
-1844
-1815
-1818
-1796
-1749
-1815
-1758
-1741
-1788
-1811
-1829
-1791
-1813
-1808
-1799
-1777
-1764
-1787
-1805
-1829
-1826
-1819
-1811
-1816
-1800
-1778
-1735
-1681
-1746
-1808
-1813
-1808
-1805
-1819
-1855
-1781
-1788
-1872
-1869
-1901
-1901
-1893
-1864
-1880
-1861
-1847
-1817
-1841
-1886
-1864
-1874
-1748
-1728
-1762
-1772
-1809
-1814
-1809
-1813
-1801
-1790
-1824
-1802
-1822
-1822
-1833
-1813
-1768
-1779
-1724
-1754
-1717
-1757
-1820
-1795
-1826
-1802
-1806
-1774
-1788
-1814
-1843
-1865
-1854
-1841
-1834
-1877
-1840
-1810
-1840
-1861
-1875
-1829
-1808
-1816
-1827
-1828
-1828
-1843
-1849
-1849
-1813
-1807
-1812
-1828
-1847
-1861
-1869
-1841
-1862
-1872
-1833
-1840
-1804
-1875
-1839
-1828
-1817
-1755
-1816
-1788
-1837
-1800
-1775
-1794
-1836
-1874
-1864
-1866
-1875
-1871
-1871
-1881
-1893
-1913
-1871
-1806
-1834
-1831
-1728
-1734
-1721
-1706
-1726
-1750
-1776
-1812
-1789
-1754
-1729
-1773
-1819
-1753
-1771
-1825
-1877
-1873
-1877
-1841
-1845
-1818
-1806
-1813
-1734
-1743
-1745
-1756
-1720
-1753
-1780
-1756
-1734
-1747
-1759
-1775
-1855
-1820
-1805
-1811
-1821
-1869
-1869
-1863
-1860
-1869
-1894
-1868
-1874
-1833
-1796
-1795
-1776
-1779
-1767
-1783
-1825
-1870
-1873
-1875
-1856
-1852
-1849
-1866
-1857
-1838
-1864
-1876
-1891
-1855
-1823
-1811
-1803
-1801
-1789
-1773
-1766
-1783
-1809
-1819
-1828
-1818
-1824
-1833
-1808
-1820
-1827
-1859
-1876
-1867
-1878
-1881
-1876
-1838
-1809
-1817
-1834
-1844
-1841
-1831
-1839
-1828
-1836
-1826
-1812
-1788
-1793
-1782
-1773
-1749
-1749
-1824
-1730
-1739
-1768
-1760
-1774
-1760
-1750
-1766
-1767
-1781
-1818
-1793
-1807
-1811
-1840
-1842
-1872
-1880
-1823
-1764
-1775
-1774
-1730
-1778
-1754
-1757
-1737
-1687
-1747
-1764
-1766
-1795
-1780
-1836
-1836
-1839
-1864
-1855
-1880
-1878
-1875
-1829
-1824
-1741
-1780
-1773
-1855
-1942
-1853
-1852
-1791
-1772
-1741
-1762
-1766
-1786
-1814
-1841
-1818
-1776
-1758
-1773
-1776
-1864
-1849
-1806
-1872
-1863
-1883
-1828
-1813
-1800
-1829
-1828
-1812
-1787
-1810
-1810
-1818
-1773
-1748
-1754
-1746
-1848
-1785
-1740
-1792
-1765
-1835
-1839
-1763
-1843
-1791
-1807
-1812
-1844
-1843
-1847
-1840
-1873
-1916
-1788
-1773
-1711
-1703
-1703
-1709
-1697
-1705
-1698
-1749
-1760
-1812
-1836
-1752
-1809
-1758
-1716
-1726
-1731
-1800
-1799
-1810
-1836
-1838
-1810
-1784
-1772
-1765
-1828
-1727
-1778
-1769
-1774
-1752
-1757
-1856
-1817
-1865
-1837
-1840
-1812
-1813
-1809
-1826
-1815
-1816
-1836
-1840
-1855
-1835
-1853
-1839
-1822
-1826
-1804
-1813
-1777
-1759
-1833
-1760
-1657
-1762
-1791
-1823
-1867
-1799
-1896
-1878
-1927
-1934
-1917
-1900
-1830
-1822
-1800
-1810
-1783
-1785
-1764
-1831
-1865
-1858
-1820
-1806
-1834
-1847
-1852
-1847
-1815
-1779
-1757
-1768
-1769
-1753
-1741
-1783
-1821
-1831
-1867
-1771
-1762
-1769
-1783
-1772
-1747
-1724
-1696
-1681
-1721
-1735
-1755
-1816
-1809
-1813
-1803
-1839
-1805
-1872
-1868
-1854
-1879
-1828
-1819
-1817
-1811
-1801
-1835
-1844
-1850
-1828
-1795
-1788
-1787
-1814
-1815
-1821
-1824
-1851
-1887
-1847
-1875
-1866
-1838
-1845
-1849
-1869
-1890
-1885
-1839
-1817
-1826
-1853
-1833
-1784
-1758
-1810
-1846
-1851
-1843
-1796
-1830
-1813
-1863
-1821
-1785
-1870
-1879
-1905
-1875
-1876
-1849
-1823
-1795
-1819
-1845
-1861
-1851
-1874
-1872
-1866
-1874
-1878
-1888
-1851
-1855
-1840
-1863
-1825
-1812
-1767
-1844
-1843
-1761
-1802
-1792
-1761
-1747
-1745
-1844
-1869
-1721
-1734
-1774
-1773
-1765
-1770
-1760
-1777
-1826
-1829
-1836
-1815
-1803
-1809
-1793
-1831
-1810
-1821
-1800
-1792
-1826
-1763
-1765
-1744
-1752
-1747
-1728
-1755
-1766
-1788
-1779
-1814
-1916
-1825
-1794
-1817
-1827
-1840
-1780
-1811
-1793
-1792
-1798
-1803
-1795
-1794
-1816
-1827
-1831
-1805
-1746
-1786
-1804
-1802
-1831
-1744
-1809
-1835
-1800
-1829
-1855
-1868
-1906
-1937
-1915
-1916
-1885
-1862
-1849
-1820
-1823
-1826
-1841
-1868
-1843
-1818
-1800
-1827
-1845
-1827
-1833
-1847
-1867
-1865
-1839
-1855
-1842
-1862
-1893
-1864
-1870
-1871
-1874
-1914
-1879
-1880
-1873
-1874
-1905
-1749
-1715
-1713
-1676
-1683
-1690
-1742
-1758
-1804
-1845
-1828
-1822
-1786
-1844
-1849
-1785
-1770
-1745
-1753
-1766
-1797
-1804
-1822
-1784
-1759
-1746
-1759
-1777
-1788
-1834
-1846
-1853
-1837
-1857
-1845
-1845
-1872
-1843
-1843
-1816
-1794
-1848
