03310025.PTO
MINZ
2012/03/31 00:25:51.5500
100.0000 m/s  
8961 muestras
265
232
216
223
265
237
219
192
210
230
294
291
270
193
203
229
300
327
329
295
263
246
264
305
313
289
241
228
198
241
289
325
267
238
195
194
202
227
208
180
143
161
229
304
339
308
247
200
223
220
244
235
258
239
210
165
199
234
249
249
282
285
297
304
315
311
288
277
262
255
239
209
130
121
132
185
219
239
233
244
225
217
228
263
298
325
347
337
291
217
144
74
104
198
288
263
229
181
163
149
197
203
201
165
184
225
268
302
291
269
257
277
281
293
282
298
303
322
269
249
245
290
295
321
329
359
363
386
364
310
255
224
235
231
215
175
157
151
227
275
291
235
182
136
143
176
232
239
233
223
240
259
284
299
293
269
224
210
183
199
195
227
218
222
216
211
186
211
238
283
316
328
304
321
343
339
308
281
296
297
287
235
230
253
297
270
247
204
221
247
269
264
252
226
211
225
259
315
348
341
305
295
301
335
322
291
247
251
228
208
162
149
151
185
215
236
229
213
198
190
195
179
213
230
259
252
276
265
261
244
248
242
239
211
225
223
258
272
259
233
228
238
207
185
175
177
179
203
240
300
307
290
263
268
287
305
295
271
243
211
220
222
203
151
157
196
265
280
276
241
255
233
208
159
161
188
247
251
245
243
244
228
237
246
251
259
293
332
310
285
257
270
277
299
267
244
194
185
221
291
304
259
190
182
243
273
245
214
253
283
308
301
332
345
354
302
293
276
256
225
194
158
141
130
123
105
125
147
137
159
205
276
301
293
213
184
190
243
241
244
237
249
226
222
200
175
199
277
323
301
269
256
263
218
233
226
269
275
300
292
286
274
294
300
304
313
311
261
196
189
201
223
205
205
188
187
157
169
168
223
240
249
247
248
229
202
161
157
181
241
257
225
223
229
268
269
268
223
203
185
223
247
255
234
230
203
239
288
310
305
321
334
327
290
261
240
230
252
257
275
255
239
221
233
253
279
257
237
218
254
293
308
283
233
211
181
218
245
251
224
226
215
199
140
129
120
148
151
196
240
278
265
237
187
202
242
232
247
257
264
254
235
223
225
222
228
193
207
217
261
275
321
350
343
315
315
369
386
360
330
337
295
276
273
289
236
234
233
248
226
245
249
255
176
127
96
122
170
200
217
253
314
335
328
241
185
147
184
211
249
241
224
180
171
201
265
323
371
379
337
263
202
213
254
301
301
312
329
339
287
261
241
259
223
173
142
171
192
225
251
286
271
239
212
219
239
231
228
189
197
175
200
211
249
235
223
195
206
202
213
183
181
213
255
256
225
252
342
382
344
322
314
306
244
228
206
226
228
247
233
236
228
260
280
253
229
235
250
237
224
223
224
202
213
193
179
191
261
260
249
217
249
276
297
315
297
245
193
191
199
255
299
325
292
272
242
267
258
230
193
213
236
277
273
252
191
180
221
281
323
348
333
247
223
247
316
323
319
234
167
138
157
145
143
168
249
305
314
307
299
289
242
182
81
49
80
173
227
247
271
363
395
390
368
411
357
262
185
183
234
329
413
408
329
273
340
418
421
311
264
232
252
254
241
185
177
221
281
245
223
236
213
146
153
244
227
121
106
182
213
263
270
227
177
216
227
223
156
156
207
291
270
202
139
119
87
125
204
231
251
277
303
311
369
387
368
346
408
417
408
395
424
372
289
238
264
295
260
249
242
233
208
239
229
202
183
231
223
200
184
242
259
290
277
285
269
233
229
237
250
247
250
254
233
199
210
198
218
212
223
186
183
201
250
245
257
260
255
226
239
254
242
230
249
257
190
144
184
250
262
270
255
259
227
203
187
197
161
139
127
127
107
125
172
199
201
191
223
233
265
263
245
201
208
201
193
163
189
207
201
185
195
233
265
282
262
256
271
264
240
229
196
183
185
227
233
268
265
283
265
253
221
213
198
209
206
188
174
215
283
310
306
287
297
261
241
227
238
223
237
247
255
227
243
241
219
198
205
197
172
187
214
223
199
213
206
220
231
281
293
303
296
337
347
335
312
343
343
281
205
198
238
250
243
213
207
207
224
215
232
231
255
261
256
211
203
217
247
239
233
219
212
236
273
276
255
275
304
320
267
275
259
250
205
203
201
206
222
257
256
244
229
238
224
210
233
279
344
347
335
259
232
225
272
270
243
207
227
246
273
269
259
225
225
233
241
253
261
281
246
248
243
255
210
189
169
235
269
306
314
355
349
325
265
257
263
283
313
297
325
332
305
236
205
180
164
156
226
252
253
225
257
283
306
280
267
288
319
283
229
216
231
228
201
189
217
272
290
288
249
254
253
279
271
232
197
205
213
243
258
245
261
255
238
189
193
207
259
252
209
164
194
253
349
396
359
253
219
247
271
232
209
231
265
307
311
298
208
122
64
81
80
122
159
221
229
303
357
340
313
307
282
245
227
256
305
308
308
274
276
269
285
234
188
158
218
279
326
294
223
171
183
211
259
302
321
317
235
141
111
143
173
263
311
311
235
144
53
39
102
209
263
279
289
329
359
349
295
266
320
373
394
335
261
191
249
295
282
195
191
235
317
351
345
261
193
163
137
107
104
153
168
225
261
319
345
322
262
241
239
265
257
260
227
215
231
303
319
294
290
279
190
134
190
245
231
152
143
123
142
185
243
277
322
291
234
200
251
286
219
149
175
209
154
84
73
113
169
238
242
248
235
239
205
239
293
363
339
258
178
165
206
286
347
345
323
291
302
307
339
361
351
245
149
100
157
221
228
166
155
173
227
274
305
320
308
298
257
235
239
256
213
166
138
259
361
405
329
226
187
217
228
276
303
276
235
229
245
257
305
301
298
257
291
315
324
219
168
166
241
244
178
125
118
86
104
155
209
293
369
346
237
189
163
160
170
252
255
219
161
151
145
179
210
233
220
225
285
312
299
281
275
250
249
280
340
318
260
199
221
243
235
221
251
246
181
144
191
235
249
245
226
239
260
291
286
324
300
231
140
212
311
372
310
303
289
290
304
356
315
253
246
275
259
231
237
253
331
369
370
307
279
268
246
147
131
182
232
211
206
210
208
183
167
181
189
225
265
288
246
238
246
265
227
215
192
195
177
205
231
239
207
252
297
291
279
293
319
289
299
297
261
201
191
157
129
95
179
226
263
258
242
187
160
176
234
271
288
275
248
224
211
213
171
193
185
197
175
194
211
243
259
322
355
323
254
236
254
239
230
228
246
227
235
212
208
203
242
234
205
146
197
259
294
291
308
305
271
227
221
220
210
250
273
263
225
247
242
230
192
234
282
304
278
281
262
235
216
259
317
304
244
219
281
317
293
243
242
227
269
226
236
241
299
315
317
282
273
277
280
238
201
173
172
239
278
284
267
299
317
299
253
263
260
258
198
182
203
255
275
292
265
265
277
276
239
191
207
221
233
218
233
222
229
199
174
169
245
269
279
237
258
267
233
182
159
197
243
265
235
224
206
248
241
228
225
288
305
311
276
285
283
290
266
225
163
155
205
252
277
276
267
241
241
227
205
183
229
223
245
238
237
229
258
249
215
203
241
292
337
351
348
321
271
255
213
199
203
258
266
230
183
179
144
155
185
255
281
287
311
320
311
325
354
345
319
267
281
268
312
299
280
247
274
265
266
276
321
316
265
228
247
279
285
277
247
241
221
227
234
271
291
337
300
241
171
175
171
165
165
199
229
245
249
247
246
211
193
184
229
237
241
238
275
309
358
333
285
227
229
251
273
285
263
225
183
223
256
237
182
177
162
191
201
237
231
248
243
257
250
255
258
276
269
260
246
229
218
249
301
263
216
180
173
151
167
181
195
175
191
193
197
180
205
241
241
225
225
231
231
243
242
266
265
291
269
289
315
335
279
233
199
213
190
191
180
199
211
197
203
204
213
211
239
237
255
259
278
243
234
225
228
215
229
245
261
285
329
364
365
334
309
316
297
281
219
205
214
290
285
282
226
217
214
245
241
276
283
263
201
149
155
161
190
191
194
209
231
189
156
127
162
206
270
323
371
379
372
333
285
235
218
228
252
247
193
191
204
205
147
116
113
195
285
381
365
348
310
306
283
259
244
221
195
215
228
211
190
173
199
215
225
205
201
182
178
182
208
218
265
266
244
205
204
207
215
244
275
275
263
283
288
322
309
305
241
237
245
275
278
283
285
304
328
335
306
251
221
204
216
220
233
205
228
214
248
246
247
224
242
241
225
180
203
204
236
251
281
281
285
291
288
305
323
311
243
191
152
171
202
250
257
286
266
252
213
187
193
198
209
225
251
256
268
249
218
183
209
223
233
209
250
255
265
215
217
237
290
320
334
331
297
273
257
241
208
197
155
128
148
220
235
253
243
269
245
234
206
187
179
211
263
307
323
305
284
263
272
251
243
211
201
165
154
161
221
280
311
286
261
251
262
220
193
179
175
201
223
252
244
277
288
321
315
316
284
266
230
247
274
319
309
304
307
296
272
289
301
259
213
205
248
256
259
247
241
219
223
221
224
219
223
217
222
252
259
245
225
221
207
213
211
247
251
270
240
271
289
300
254
275
268
267
243
239
205
177
165
191
193
168
166
170
202
200
206
213
221
197
237
259
297
268
285
280
273
284
300
275
236
248
295
311
261
249
226
225
202
223
214
209
179
175
152
169
164
211
241
247
235
234
230
252
267
293
299
294
317
303
282
238
222
233
279
293
269
238
221
210
215
244
278
333
337
304
259
298
324
347
293
268
227
225
225
272
275
263
221
215
207
159
112
128
156
183
180
152
159
143
176
191
201
165
175
173
192
213
283
302
335
341
342
320
325
334
291
251
201
187
187
251
275
303
293
315
301
324
291
279
250
261
273
291
283
258
186
165
167
203
239
233
230
217
249
264
299
281
270
237
216
170
143
106
101
109
120
144
142
139
174
272
351
393
371
369
364
412
409
399
371
367
320
321
346
395
373
348
328
317
272
235
189
163
148
111
101
62
47
39
68
60
83
113
139
117
112
145
183
227
288
319
322
333
346
379
360
385
420
428
381
388
361
347
278
252
229
207
177
189
194
210
215
191
156
96
77
79
72
62
122
151
176
161
185
217
286
335
391
417
447
467
469
452
435
440
411
375
317
261
192
173
158
174
159
180
169
186
158
100
38
15
51
92
127
134
127
141
197
228
291
340
395
406
449
450
446
399
374
308
293
262
246
235
245
284
317
359
383
399
381
357
305
288
237
192
121
88
50
45
84
149
156
125
70
65
63
67
72
51
55
77
148
195
267
318
375
419
471
457
460
427
435
409
420
437
458
443
393
325
315
347
324
269
190
146
114
99
69
60
47
41
15
19
22
50
79
161
246
309
339
375
409
413
417
405
357
251
175
100
64
20
-1
-17
35
97
174
241
323
373
429
481
530
569
577
545
480
447
399
359
261
216
149
133
90
61
21
1
-49
-44
1
69
123
157
219
275
319
356
401
423
453
445
424
351
283
204
133
57
47
25
19
10
65
123
179
222
239
289
357
428
466
507
496
515
500
485
427
383
333
331
304
287
223
191
164
146
133
119
94
61
77
95
156
209
261
292
320
344
376
362
369
338
311
236
179
125
57
-3
-14
-3
36
113
200
282
345
396
394
404
384
381
345
339
300
270
285
312
296
269
261
249
231
199
178
165
185
193
178
117
101
86
108
129
192
212
236
233
265
305
354
359
377
419
465
467
409
323
234
223
271
331
342
356
371
371
285
225
180
173
133
89
73
74
99
133
185
214
225
212
225
224
285
330
373
343
317
276
272
230
193
145
141
151
173
195
199
227
281
316
305
289
245
242
202
191
180
230
254
335
402
453
453
466
447
403
340
285
240
207
183
132
81
31
12
-11
3
37
95
145
217
255
311
331
339
335
325
321
327
349
356
340
315
342
354
379
355
331
249
212
175
174
141
105
41
-11
-49
-28
4
88
183
241
264
284
310
288
277
283
324
343
349
302
253
220
253
264
293
283
281
280
282
260
239
232
229
253
258
239
175
185
205
229
189
183
188
220
220
253
270
276
270
277
263
240
220
189
155
152
203
239
277
248
275
269
271
229
228
212
240
283
333
313
277
283
315
329
346
361
313
271
235
266
241
198
119
105
97
123
113
139
150
206
267
287
273
276
299
279
229
248
282
267
265
286
321
297
301
295
349
372
384
318
234
173
201
237
251
239
198
161
142
172
192
238
274
338
330
303
242
227
213
225
246
257
197
163
191
227
227
230
244
263
277
253
204
185
253
287
291
254
257
255
276
291
354
373
356
349
355
352
317
273
216
185
135
111
65
42
23
69
121
159
161
199
241
285
269
226
201
228
238
207
190
217
242
259
285
293
280
228
212
209
256
271
263
225
229
261
314
301
255
231
254
293
315
345
319
284
238
245
233
239
216
235
189
175
161
188
183
207
223
224
209
207
230
244
286
331
359
315
285
238
248
231
238
219
240
223
208
207
221
227
228
194
183
192
228
277
268
251
217
230
263
323
318
338
342
365
328
268
215
206
214
232
195
159
155
172
203
223
262
273
273
241
217
180
193
218
234
183
171
144
177
212
254
249
191
159
194
260
297
285
262
251
204
183
191
233
235
230
199
189
204
275
333
365
356
343
306
236
202
195
221
230
277
313
334
275
267
283
357
341
303
252
249
254
249
188
137
130
160
178
209
247
287
338
385
397
319
323
342
368
293
220
179
216
237
217
196
176
163
150
138
155
187
203
211
188
175
185
218
212
223
229
271
282
340
369
313
250
249
274
248
179
149
171
166
153
142
196
211
246
268
301
269
315
351
374
355
399
440
411
327
306
310
304
285
266
216
148
183
232
219
111
92
127
158
115
109
111
121
143
212
272
272
249
273
320
325
349
360
359
275
233
217
207
143
144
153
224
263
283
248
258
295
333
306
275
272
305
318
334
406
449
395
275
236
237
241
211
203
160
160
135
87
3
-28
-40
-2
83
235
407
487
469
462
555
513
394
288
277
261
257
231
263
323
394
382
256
43
-33
42
171
260
245
152
87
154
243
317
323
357
386
355
223
226
335
470
535
499
345
174
69
55
79
122
182
190
104
-6
29
103
189
217
229
230
277
325
335
304
301
334
348
269
167
121
85
71
107
184
183
203
214
278
275
279
249
260
227
277
371
396
323
258
265
350
429
425
324
196
151
159
135
66
113
182
239
226
232
176
119
91
160
224
235
195
141
63
21
96
239
381
422
444
425
411
355
381
332
271
269
311
239
193
218
281
276
255
214
148
139
228
338
345
335
351
397
363
329
291
295
238
221
218
213
203
255
298
325
288
242
225
203
211
194
181
177
211
209
211
250
351
329
272
235
270
274
233
198
182
150
101
90
111
155
175
227
291
364
327
282
223
253
280
273
249
299
326
303
228
167
106
61
88
177
257
272
309
339
353
301
293
263
272
287
325
326
323
317
301
281
285
270
238
237
214
185
162
170
155
174
202
250
232
257
257
271
251
289
295
307
298
281
266
302
320
281
215
151
128
139
175
184
222
227
243
265
297
267
241
232
269
311
374
369
311
250
239
279
313
341
321
297
213
165
106
145
189
259
253
266
245
242
179
125
129
201
269
271
247
216
203
180
210
213
207
153
181
180
192
191
251
287
339
330
301
267
233
184
180
220
274
308
300
299
288
284
268
255
227
225
210
198
183
194
195
199
221
265
285
283
298
305
315
281
227
129
105
135
248
313
332
297
301
275
246
225
257
248
208
202
229
243
217
175
150
175
187
213
196
200
183
182
169
185
209
273
301
337
340
315
279
238
221
221
224
212
238
263
283
280
312
294
280
268
270
219
180
155
164
189
223
242
268
292
299
289
269
252
218
215
191
197
192
213
211
247
254
287
259
273
264
255
201
177
179
212
247
265
247
223
240
245
269
263
245
197
197
226
253
253
279
291
285
243
205
181
181
197
219
263
287
283
232
202
189
207
239
268
233
237
243
286
305
328
289
268
252
244
212
160
153
167
229
267
314
335
353
311
279
224
227
225
255
255
253
245
227
191
193
224
236
227
229
273
298
315
327
363
368
340
262
273
258
256
189
180
192
222
193
201
218
234
251
281
299
267
248
237
247
221
264
288
289
209
136
114
129
145
174
193
227
254
262
287
338
385
383
354
303
292
277
265
220
230
252
258
203
215
215
224
193
197
193
206
213
243
271
276
266
255
275
279
283
244
223
203
225
185
131
131
186
249
322
367
351
275
241
250
197
119
111
201
237
245
219
230
221
225
215
201
197
239
279
283
261
263
243
213
194
215
239
228
216
219
221
194
219
244
259
238
273
286
295
272
271
287
304
317
343
341
338
353
331
297
231
185
143
150
139
148
112
141
188
277
340
373
343
313
243
198
205
238
236
225
249
248
235
217
240
258
323
327
325
293
265
225
231
216
231
256
279
248
217
212
239
279
277
291
264
259
249
255
227
214
201
247
224
193
125
147
207
278
263
221
182
167
167
176
197
229
276
320
354
335
322
258
263
277
310
300
304
263
260
251
232
198
201
253
277
266
258
233
196
197
205
213
202
245
257
291
275
273
262
275
281
274
226
174
170
218
259
249
241
224
217
197
191
157
153
125
145
159
201
207
243
255
276
294
301
297
307
339
339
319
271
254
209
208
217
286
337
336
235
173
202
378
514
524
395
271
242
290
360
339
259
159
170
240
300
265
232
229
297
347
361
285
216
164
167
157
167
180
224
257
252
237
245
280
299
333
333
315
261
265
268
272
281
292
201
137
77
81
63
86
154
202
187
135
136
184
223
197
217
203
199
213
280
311
313
290
303
288
245
213
227
264
279
257
215
219
244
301
290
263
208
243
268
315
289
277
281
310
297
293
262
227
160
109
74
82
130
167
211
242
279
231
216
203
223
199
174
185
259
294
299
280
297
318
329
326
267
211
209
260
281
306
269
238
190
218
240
231
159
188
255
324
313
291
255
253
233
235
208
191
179
164
177
180
217
239
253
247
265
244
223
201
228
217
210
199
225
241
236
255
297
353
389
383
323
315
285
285
263
291
294
314
260
236
189
176
172
194
232
237
214
193
204
203
204
192
219
241
296
325
329
252
234
214
210
190
209
213
223
227
239
219
203
199
207
214
201
187
158
174
167
225
228
227
174
169
178
195
203
239
249
273
295
295
284
274
293
283
307
309
296
245
227
242
283
291
300
294
297
242
196
157
156
156
151
165
188
193
196
225
219
214
184
216
203
218
217
239
239
255
249
271
232
232
215
218
219
206
213
215
237
253
273
255
256
256
285
271
273
249
259
263
289
281
267
262
281
269
243
233
239
254
249
270
258
253
252
267
223
207
185
213
237
260
230
237
200
181
177
229
307
335
331
296
292
305
332
311
296
261
265
257
277
283
291
262
277
273
268
230
213
224
259
267
219
187
187
217
243
281
287
294
298
315
277
247
211
234
231
247
260
288
292
274
249
226
235
256
307
305
267
227
224
215
233
248
285
282
302
285
239
189
209
237
234
217
212
233
242
259
237
194
145
167
183
200
235
287
283
253
239
259
271
271
281
323
336
309
273
277
281
263
255
231
203
167
175
153
160
187
233
257
274
270
269
279
282
270
254
247
264
311
359
352
276
267
244
259
241
252
271
311
306
323
287
265
239
225
211
201
209
202
202
193
216
210
204
195
184
143
138
145
200
220
250
260
281
271
310
308
279
243
249
277
284
329
342
345
312
281
201
157
154
179
191
220
226
240
236
239
244
257
256
235
198
191
221
243
282
305
308
266
251
216
219
197
232
229
265
310
331
303
265
235
194
142
119
157
217
262
241
236
215
213
178
190
211
258
283
322
307
296
226
149
75
87
177
255
323
341
357
348
361
349
336
291
244
181
147
128
185
229
261
224
205
223
270
287
261
234
212
192
174
159
134
153
165
197
221
273
289
331
343
345
287
259
210
161
131
138
139
161
188
214
249
250
277
275
317
306
296
266
261
248
259
251
237
207
229
258
285
276
232
216
211
229
246
248
232
225
195
169
139
145
157
229
265
255
241
256
255
236
219
200
195
179
191
187
232
239
242
209
199
173
181
164
216
265
291
252
235
225
249
269
280
296
319
352
343
323
291
301
295
314
284
277
253
260
238
240
255
255
219
201
169
145
147
153
174
166
193
220
241
190
167
162
176
164
225
281
318
287
283
277
303
329
348
309
262
244
264
323
357
393
372
365
349
357
316
301
287
302
271
236
198
213
219
239
229
222
181
183
218
212
188
172
202
198
215
213
195
179
231
287
319
298
314
311
305
303
310
311
303
289
281
292
247
224
203
219
213
265
267
275
245
270
253
245
217
204
163
156
183
219
223
187
165
159
186
227
279
273
245
196
183
145
156
165
195
229
242
252
272
278
297
358
362
313
273
252
214
215
227
267
251
285
326
353
313
301
276
276
273
285
249
234
217
229
247
217
217
206
197
172
168
178
229
200
206
205
233
201
207
177
148
117
131
149
178
206
209
217
235
265
243
265
289
335
334
319
299
334
356
378
351
312
283
271
266
259
233
217
206
195
233
259
273
227
221
198
221
195
227
237
263
229
216
188
198
204
213
215
228
239
225
208
211
227
230
263
248
279
318
375
371
350
329
333
320
333
323
316
287
250
209
174
168
151
177
178
235
253
255
203
189
171
200
217
244
213
202
211
214
192
195
260
307
293
239
217
183
194
234
292
275
269
276
305
288
266
243
259
266
287
258
211
193
225
249
250
251
226
220
195
207
213
220
172
191
198
214
204
215
229
243
268
264
267
287
327
337
320
299
288
235
211
193
206
232
275
293
283
218
206
219
225
211
211
228
233
176
108
105
129
157
179
232
239
269
267
271
222
205
199
201
198
236
286
330
330
303
307
303
306
287
260
235
263
267
259
209
225
247
289
305
350
330
308
270
288
262
229
213
221
187
152
177
229
280
297
286
217
145
112
137
133
159
195
263
265
224
178
195
212
237
281
310
315
313
337
301
297
315
340
317
313
308
337
299
263
256
313
361
365
307
247
188
131
114
139
195
223
217
151
113
99
134
175
245
254
263
226
233
221
222
206
227
232
238
265
300
334
329
340
297
259
257
300
294
280
216
210
196
199
211
255
262
284
273
245
214
203
230
238
242
239
248
217
217
199
223
217
220
201
187
156
195
193
195
186
209
248
271
290
257
245
262
328
347
329
275
305
326
340
274
274
266
303
307
324
284
225
191
179
145
125
124
108
121
137
186
195
214
196
219
223
229
209
219
200
226
268
308
313
296
270
229
209
216
258
251
256
257
269
255
265
269
289
287
323
331
307
238
228
221
238
252
265
296
289
269
242
235
253
285
296
319
325
296
247
221
185
200
209
229
236
244
206
177
173
197
221
211
217
214
229
214
254
268
286
232
254
256
265
219
217
215
207
210
243
279
308
341
347
325
273
254
245
267
255
272
253
252
206
165
142
177
182
197
181
176
172
186
165
159
179
189
217
216
207
192
216
232
271
281
321
363
373
344
334
299
297
305
345
355
335
365
398
421
371
303
252
257
237
220
170
155
120
123
144
178
186
200
214
243
247
229
187
189
219
211
241
273
317
302
318
351
379
315
263
224
243
250
275
260
236
205
226
257
236
192
171
200
211
252
284
279
199
182
187
226
261
348
381
354
279
267
250
231
233
221
222
234
270
262
280
256
257
206
215
229
249
201
210
259
332
327
299
261
239
218
256
256
210
161
137
153
171
223
227
201
144
175
221
267
256
248
215
203
194
216
257
281
295
279
274
251
225
224
274
281
270
241
279
269
283
281
303
253
203
147
173
215
248
239
226
223
249
255
219
201
209
242
249
271
259
271
232
233
188
159
151
181
227
278
303
323
317
315
335
355
349
301
272
248
271
235
212
180
192
186
208
213
213
193
202
179
153
159
192
220
194
204
191
210
222
264
236
219
201
221
202
207
205
239
243
257
277
261
241
218
205
192
194
197
213
197
192
197
241
260
293
310
343
309
292
267
253
256
270
284
255
245
228
192
145
145
181
236
232
279
287
321
313
325
275
234
191
203
198
211
221
217
196
183
193
221
222
157
150
183
231
235
279
289
292
274
273
249
261
279
305
293
266
246
264
296
294
297
287
296
276
289
283
272
245
255
232
215
205
260
290
310
283
242
236
235
237
241
256
230
207
173
207
265
326
293
229
179
203
191
185
152
157
184
225
253
270
293
307
338
331
312
269
241
203
228
229
250
294
312
289
261
223
224
234
295
298
268
258
256
230
192
176
176
220
269
327
306
271
205
201
184
191
202
209
179
189
212
208
178
173
211
227
218
226
274
274
282
275
302
299
313
320
320
257
255
245
267
250
235
250
267
276
241
193
159
185
197
233
222
226
239
279
264
259
226
211
199
205
226
248
226
208
215
249
269
239
259
276
298
265
259
239
253
267
337
370
371
330
319
290
283
290
251
189
169
184
198
207
194
211
223
249
241
252
227
239
251
284
273
283
267
256
241
226
215
200
202
258
335
335
315
264
254
223
210
201
248
287
325
318
289
250
253
245
222
159
134
165
218
256
262
267
245
262
299
293
233
212
211
225
196
190
174
193
199
213
225
231
217
217
214
210
245
284
317
275
262
223
233
243
274
255
237
208
237
257
269
267
258
248
247
249
223
203
189
199
193
223
226
253
230
263
255
251
227
215
187
195
206
221
229
215
221
248
300
278
241
205
232
242
258
229
225
245
271
241
231
221
235
252
300
316
278
234
212
219
209
232
225
225
201
228
245
276
277
283
262
246
207
254
275
301
289
281
259
210
205
215
253
266
300
293
283
259
268
229
207
214
254
250
225
198
197
191
190
204
252
286
283
287
251
252
243
291
313
323
304
291
255
265
274
247
192
189
211
207
185
179
203
233
274
295
286
224
215
211
223
199
221
229
248
222
248
257
264
242
248
281
320
341
332
287
239
231
215
203
175
198
205
255
253
261
243
235
209
173
150
173
221
237
217
205
222
221
242
240
246
195
201
219
273
295
277
228
245
245
247
231
236
242
245
232
224
229
247
265
247
230
205
205
187
207
208
235
239
255
267
289
280
295
319
337
323
312
313
291
268
251
285
325
360
305
234
182
223
244
279
276
292
295
279
256
255
231
219
223
233
242
238
257
231
230
212
243
253
272
251
237
201
202
219
236
211
216
239
229
213
224
258
281
307
295
272
241
276
280
267
216
224
215
203
193
230
233
243
252
261
258
236
243
236
220
213
226
180
155
169
221
204
197
212
247
217
229
250
233
197
215
283
324
309
281
265
231
241
243
259
230
212
199
209
191
187
178
182
194
230
206
181
198
236
285
288
282
259
251
235
233
191
166
132
183
234
256
246
265
275
303
312
341
335
342
352
365
358
339
335
324
309
241
243
245
251
208
214
213
250
255
263
253
243
249
245
225
190
179
181
200
204
264
298
295
246
252
261
287
282
315
303
285
278
330
339
309
247
188
172
179
243
255
243
201
206
174
133
98
148
187
211
216
257
255
253
254
259
233
217
225
240
263
259
262
221
227
221
277
284
306
296
305
219
179
161
188
204
250
294
295
258
212
180
153
179
218
246
203
195
210
282
303
321
299
266
236
247
224
199
181
190
191
199
251
292
325
313
296
271
265
226
253
267
285
257
275
294
342
331
319
270
237
211
181
155
117
127
137
198
236
266
244
213
161
160
188
275
285
303
267
234
209
194
204
216
216
236
273
265
271
261
259
239
213
159
153
156
201
210
239
249
288
283
249
221
270
341
377
376
362
336
261
229
197
177
134
151
185
221
238
272
254
247
236
236
223
217
214
219
237
275
316
330
329
276
276
272
286
281
260
193
201
233
282
252
224
207
205
235
294
317
276
245
227
209
185
205
199
236
255
302
277
241
234
273
301
319
303
311
294
288
286
248
225
214
260
273
273
258
255
204
176
187
214
199
216
221
211
209
255
304
286
251
230
238
248
273
258
243
205
221
263
316
293
287
237
234
235
247
207
163
162
197
185
163
189
221
265
285
328
314
278
234
241
240
256
254
265
245
232
229
212
187
186
207
220
240
247
267
257
255
199
183
174
218
241
269
241
224
191
183
193
228
231
229
237
269
299
294
283
268
278
255
256
233
247
249
281
276
285
243
244
253
253
220
206
219
240
231
197
161
133
175
200
221
213
241
270
298
279
281
265
285
269
253
248
277
295
288
252
202
194
215
247
224
231
245
241
190
180
198
249
248
269
277
277
243
246
239
243
271
315
344
314
295
276
258
203
196
197
177
144
149
139
144
155
218
255
259
265
267
257
255
259
228
204
241
325
337
307
265
280
274
290
283
290
251
213
208
228
213
205
211
214
215
241
286
295
292
283
288
265
259
251
243
200
212
243
292
283
306
302
316
284
247
218
197
171
167
191
210
235
250
283
263
253
229
238
229
255
262
283
262
247
221
223
243
231
251
274
300
297
285
255
264
227
211
203
263
298
304
293
281
242
181
152
183
227
267
249
219
205
243
302
291
259
216
207
177
197
198
214
217
252
278
288
290
305
310
298
272
268
271
260
248
247
256
239
248
231
214
219
276
309
332
341
356
321
292
285
293
289
261
244
226
233
218
221
209
217
217
234
231
232
175
163
135
150
154
191
214
221
219
226
221
243
291
316
310
249
198
150
155
187
241
273
305
297
300
259
241
221
227
242
258
262
229
209
232
271
250
227
211
249
257
257
212
203
209
258
236
201
175
212
215
214
213
225
217
213
244
280
309
323
332
289
271
235
251
242
221
185
199
195
199
224
252
268
290
335
342
290
211
163
89
112
173
266
283
271
221
212
178
183
186
196
164
153
165
203
255
278
257
193
173
171
214
236
251
210
192
179
257
296
308
251
223
216
264
307
342
325
293
295
277
270
245
241
231
239
210
213
194
217
210
233
229
258
281
293
300
315
323
300
248
221
235
233
245
229
251
270
310
284
255
236
215
148
131
148
223
261
281
280
309
306
296
289
257
225
186
195
194
159
105
159
246
294
279
287
294
318
293
283
234
251
289
280
265
257
288
295
295
247
210
175
180
163
186
231
331
345
318
276
283
249
207
199
211
213
218
261
276
268
237
237
246
257
271
286
249
250
251
259
229
236
284
305
297
295
308
317
308
276
229
191
171
131
117
74
115
194
273
281
265
241
243
245
271
263
211
158
133
171
211
284
323
348
318
325
324
324
286
289
260
272
240
220
212
214
224
248
241
247
259
259
259
241
286
327
331
239
171
135
141
157
208
229
246
230
224
182
153
130
139
157
155
172
207
255
263
293
300
317
304
323
313
286
260
265
254
236
216
225
231
243
259
254
269
285
335
327
290
235
246
237
242
196
219
217
248
267
290
252
254
265
291
278
275
284
275
253
229
278
285
285
239
199
159
201
257
313
275
223
201
230
283
315
311
290
275
266
256
189
122
81
141
197
242
233
239
234
243
231
229
242
273
274
285
295
291
287
333
358
325
277
232
190
147
144
137
181
230
290
236
188
159
240
339
383
341
263
221
190
213
265
355
389
385
316
275
260
272
243
209
193
210
194
184
163
155
154
165
161
147
183
218
227
198
210
206
221
217
230
239
262
265
239
192
235
290
316
274
247
287
366
393
327
238
175
253
350
388
319
235
184
215
238
241
209
228
271
314
302
256
225
223
149
5
-81
-33
113
213
254
269
352
453
469
271
55
17
211
365
343
207
185
277
320
279
196
79
23
85
169
169
117
180
296
403
430
414
320
254
257
339
392
451
409
205
54
118
267
293
286
310
365
333
261
189
222
279
323
241
155
173
288
319
241
136
119
101
58
54
100
225
351
376
284
224
226
251
199
127
77
183
311
401
361
253
184
231
262
221
191
215
279
297
263
189
167
172
204
160
103
67
139
237
315
356
391
349
286
318
440
473
393
307
287
315
350
373
332
310
282
283
283
306
284
299
306
301
305
353
333
276
224
189
136
72
57
70
140
189
212
115
55
56
160
226
270
254
246
259
289
311
322
333
281
216
220
291
302
281
268
314
310
251
113
61
128
266
311
317
275
221
209
241
222
174
169
199
233
211
211
240
279
257
248
248
242
176
186
251
289
258
261
268
275
340
386
353
270
230
195
138
113
213
311
359
295
204
110
129
197
307
348
338
299
303
341
386
408
407
420
376
299
215
148
93
87
81
139
204
285
339
389
281
131
52
99
161
222
274
311
326
282
249
215
239
217
230
255
280
249
220
192
205
191
170
144
128
154
241
356
339
262
229
254
286
344
352
357
324
322
303
278
213
220
251
315
319
259
167
156
279
382
359
180
75
80
140
122
126
151
290
373
296
142
151
246
326
294
251
223
219
203
222
228
244
262
204
160
149
177
159
171
133
180
227
277
280
279
308
401
405
304
197
165
229
275
276
248
268
269
299
350
397
349
320
295
267
176
197
335
451
409
296
252
323
419
361
258
249
320
278
167
57
105
240
404
487
483
343
217
146
175
271
345
323
229
189
200
207
160
165
202
315
334
274
153
160
229
283
220
133
105
185
242
300
333
338
331
328
313
251
234
195
145
62
64
75
121
117
149
168
245
287
307
268
229
217
223
241
251
251
230
236
246
256
223
229
245
277
278
271
254
263
269
294
294
301
296
291
273
236
272
310
320
277
260
258
287
267
237
175
177
194
207
161
148
175
240
223
165
136
163
193
188
190
143
119
125
175
183
161
154
233
232
258
279
295
259
211
189
159
163
204
252
274
261
243
271
267
263
227
247
211
193
202
239
221
219
249
319
329
279
229
227
232
187
163
161
166
141
142
142
221
257
292
289
291
243
211
182
210
243
272
275
295
293
276
261
264
302
293
295
294
263
238
257
249
269
236
227
197
219
257
283
251
236
235
239
280
303
326
322
339
316
310
281
295
292
313
283
232
181
209
179
182
183
248
295
258
214
167
152
160
185
171
182
214
277
275
251
213
233
227
233
243
269
282
301
293
250
205
232
280
238
197
180
239
256
235
179
181
175
192
171
192
187
215
233
234
211
225
254
278
317
315
299
256
257
245
257
230
217
218
260
282
314
297
273
241
251
250
242
243
219
221
206
223
235
245
235
239
206
195
184
198
201
217
215
251
274
266
271
283
286
260
238
213
209
203
225
231
247
243
248
233
276
297
303
262
239
228
245
230
209
203
209
248
261
283
249
248
219
258
263
279
263
284
262
247
235
227
213
239
243
239
214
201
206
217
217
173
176
163
200
227
253
251
265
242
256
234
273
298
337
305
277
250
254
255
272
283
250
228
201
223
233
249
243
266
277
295
250
239
241
286
303
298
276
275
303
301
286
241
209
201
188
167
193
209
210
166
176
165
170
171
219
271
281
248
201
168
187
241
272
301
295
311
290
262
229
264
284
295
285
337
335
326
288
285
272
237
213
222
221
246
256
251
264
264
276
235
221
209
218
221
255
277
254
217
227
238
253
237
207
226
231
239
237
246
247
272
255
232
186
205
217
257
267
279
256
255
246
242
221
247
270
279
258
256
278
256
255
251
258
226
201
157
170
167
185
204
256
268
252
225
237
258
255
229
190
183
196
223
243
280
269
265
249
291
320
356
319
285
296
331
293
231
202
200
219
233
269
300
283
244
241
215
237
223
251
215
197
181
187
202
227
269
310
336
348
315
275
255
237
236
216
197
181
209
259
306
307
307
309
338
325
295
267
247
218
173
164
161
165
160
219
258
269
229
229
197
234
256
269
202
193
231
277
243
213
209
221
239
244
267
239
206
217
278
278
291
293
333
319
323
297
297
239
236
222
203
169
157
173
187
203
216
241
218
195
169
197
193
204
207
239
256
325
327
275
220
253
247
217
195
219
249
231
239
255
275
276
313
305
279
237
282
292
275
260
292
289
296
283
268
212
174
179
208
191
177
199
212
231
205
215
180
193
182
209
191
201
198
233
273
313
295
277
254
233
210
162
166
135
144
159
208
223
280
306
355
345
378
339
288
255
261
233
199
198
245
294
296
286
239
215
227
295
283
253
189
222
236
256
238
231
223
245
286
285
233
193
184
177
172
175
192
199
218
247
282
287
296
304
322
283
243
201
211
213
256
287
282
246
201
207
204
224
216
255
229
227
217
211
198
237
265
289
264
263
233
219
230
281
299
288
236
182
185
207
257
259
251
189
183
173
195
175
183
199
241
257
261
241
242
270
289
301
282
259
207
185
200
249
270
301
281
279
259
297
299
304
273
258
229
209
187
181
193
195
215
233
259
255
245
220
234
225
240
221
241
255
280
260
292
286
251
210
206
213
216
254
286
297
254
243
224
251
265
293
291
311
295
293
246
220
199
214
227
245
253
241
240
236
227
195
187
165
186
222
267
268
297
279
277
268
300
293
290
264
229
217
210
176
156
163
163
174
171
207
201
228
233
265
283
297
307
330
303
287
244
225
242
269
280
249
206
193
214
207
216
191
187
185
203
224
267
282
296
273
260
266
303
325
340
329
313
309
316
323
299
327
330
337
270
252
223
249
237
251
258
289
266
245
241
255
257
235
213
205
193
149
136
111
150
163
185
177
197
236
265
261
295
335
381
397
373
364
373
388
378
415
419
440
410
380
294
219
99
10
-50
-11
27
44
33
56
57
75
97
163
243
316
377
353
324
289
329
342
335
272
225
156
147
182
231
234
229
201
184
225
283
341
304
267
239
245
203
205
213
237
185
196
223
272
287
322
346
349
327
306
281
269
244
202
201
226
268
273
263
227
263
275
271
219
210
195
204
198
234
245
265
265
283
283
251
214
193
217
249
317
337
309
247
225
211
236
245
272
269
254
213
226
245
264
278
264
221
187
217
263
280
279
276
239
192
138
151
170
205
204
237
262
293
272
254
256
281
314
296
263
216
218
217
258
259
249
230
254
230
218
199
213
233
245
255
262
261
246
250
263
270
245
227
159
130
104
172
208
257
245
243
212
259
261
257
248
237
253
256
237
185
184
179
214
224
247
221
243
255
307
293
281
219
189
166
193
245
279
270
241
205
177
209
233
275
250
287
283
309
303
306
281
259
213
266
285
281
249
219
207
203
253
297
299
234
246
221
195
175
216
219
240
253
301
299
279
248
257
235
230
230
241
267
274
290
277
282
291
292
218
207
195
247
200
181
162
199
220
246
267
259
256
278
285
229
202
189
203
175
185
152
146
123
183
227
270
255
254
239
235
244
279
275
240
215
224
257
288
338
367
377
342
313
259
269
273
279
216
200
208
244
211
175
181
215
259
288
331
353
375
337
277
187
165
188
260
292
329
343
341
275
260
215
140
96
129
161
173
208
229
251
255
311
311
318
280
288
271
225
179
241
299
313
268
239
225
205
165
146
154
143
173
180
195
244
333
351
333
271
265
259
290
314
370
359
334
298
263
221
175
152
129
150
197
270
263
235
217
265
230
201
196
246
250
294
337
365
337
323
283
228
219
255
287
272
245
253
306
310
327
321
297
247
230
231
268
251
249
205
188
166
233
308
315
316
307
322
292
303
295
255
223
244
230
217
193
194
143
121
103
116
117
114
143
213
290
328
346
307
273
237
248
230
223
216
256
267
293
266
266
255
275
281
236
209
243
286
248
182
145
165
201
214
215
223
224
268
264
232
186
162
140
124
122
163
227
264
287
288
316
337
352
330
287
237
239
221
247
241
269
243
243
248
274
243
199
192
209
225
218
204
223
263
249
254
260
320
334
347
283
233
189
179
170
212
247
289
297
302
329
330
299
250
238
234
251
248
285
289
279
227
217
210
223
194
174
139
163
205
239
241
216
213
214
250
254
267
256
247
216
223
228
272
275
265
211
217
230
276
288
281
259
244
234
226
214
190
219
258
272
219
186
142
153
179
227
235
235
207
193
196
225
265
294
284
243
225
220
273
279
254
215
214
229
279
294
297
246
195
187
212
251
282
289
290
282
287
289
293
298
276
276
283
304
281
269
210
187
171
201
193
201
203
200
171
167
200
250
264
243
225
228
294
326
340
295
249
191
189
179
207
219
246
239
241
255
301
300
273
250
251
288
305
275
215
187
157
195
224
286
259
255
220
239
223
222
230
249
239
229
233
243
237
231
232
222
217
193
199
179
169
182
229
209
217
216
237
248
269
264
251
228
220
211
204
217
237
298
312
306
279
275
258
284
263
262
241
252
245
257
231
245
252
266
267
253
248
234
237
229
229
213
256
227
238
219
232
221
231
199
183
163
167
174
207
242
255
264
266
269
241
243
231
255
269
347
376
389
347
339
316
309
319
331
274
211
166
151
119
103
141
171
202
190
207
229
256
239
239
198
207
249
305
304
325
316
294
239
218
223
223
245
277
307
316
339
