03310025.PTO
MINE
2012/03/31 00:25:51.5500
100.0000 m/s  
8961 muestras
197
157
99
83
32
10
13
79
150
201
175
134
124
176
233
269
293
253
177
66
29
65
189
262
285
188
129
123
175
219
265
239
221
167
149
196
265
272
213
175
163
181
165
175
153
154
143
167
172
246
284
282
199
147
100
64
58
135
239
301
305
277
252
183
118
87
123
163
207
203
245
252
241
195
146
87
55
75
115
154
129
93
81
138
171
203
199
190
107
88
158
252
285
303
297
257
195
161
154
208
244
212
134
67
90
116
159
190
217
195
201
204
192
155
174
191
189
120
100
127
173
171
155
106
69
147
243
304
262
211
153
139
115
167
201
231
216
208
146
131
114
102
22
5
58
115
177
208
198
147
135
133
136
123
180
216
258
253
248
162
77
65
164
229
217
163
129
127
147
216
239
238
208
227
217
219
197
187
165
199
206
231
227
236
237
198
139
116
99
81
119
134
149
142
178
193
197
168
181
184
229
227
231
187
158
113
109
119
183
264
269
233
148
107
91
114
138
202
217
211
163
137
114
106
95
137
157
145
113
131
186
215
203
177
156
142
184
219
259
227
224
193
170
124
96
35
53
132
205
188
149
125
130
158
209
261
272
271
232
208
164
165
172
202
205
238
227
177
106
123
134
125
106
155
221
226
199
173
157
150
171
173
212
237
260
217
171
141
159
147
151
130
147
180
219
246
277
304
303
265
192
169
145
194
235
259
222
180
134
152
139
115
75
113
167
188
183
218
263
280
242
152
101
89
155
164
168
141
148
148
181
169
193
200
220
151
119
120
171
203
187
177
141
131
131
178
193
210
200
248
259
261
228
190
119
131
173
184
129
91
86
99
111
143
186
162
100
34
35
55
107
125
187
236
290
247
188
130
107
81
116
169
183
165
160
159
160
177
181
213
256
292
257
227
183
167
179
201
167
144
154
211
233
228
201
151
124
113
139
163
221
207
180
144
141
132
183
247
289
269
213
123
78
99
165
207
211
204
189
157
110
134
182
225
189
159
135
144
125
99
55
51
84
164
171
135
98
111
137
157
183
184
188
149
135
87
100
124
139
85
79
117
227
268
227
170
200
231
203
200
249
308
276
195
116
147
208
284
253
180
143
217
220
188
167
188
189
201
230
274
235
168
153
169
166
91
105
162
212
197
175
118
88
76
117
125
145
189
268
333
336
306
286
285
283
279
253
238
209
216
167
102
47
77
97
89
27
19
57
173
221
195
87
31
53
84
103
144
221
229
188
106
65
70
133
137
157
182
237
236
204
149
162
206
238
218
182
171
188
220
234
268
275
264
187
176
223
278
234
215
220
250
241
265
258
238
193
177
174
177
205
193
155
118
149
108
75
92
187
205
191
176
194
163
195
243
241
159
136
189
219
173
164
207
214
176
133
104
61
102
135
153
118
143
159
181
203
219
175
156
209
280
262
170
106
79
59
34
97
158
229
228
231
199
166
165
223
238
245
210
181
142
125
107
121
131
147
176
193
227
232
203
105
57
25
36
86
214
256
229
130
93
90
58
71
108
89
-29
-69
53
236
297
296
239
203
145
152
140
105
54
96
63
-23
-23
105
143
114
155
282
364
305
225
137
89
99
185
150
54
57
238
333
294
139
126
251
347
278
122
42
128
323
396
285
74
-27
-45
28
89
147
119
135
158
183
165
208
264
261
187
167
231
246
139
26
17
56
138
220
308
253
194
169
259
273
254
204
161
90
91
139
207
221
261
280
245
173
131
153
163
179
201
231
202
188
202
208
159
189
221
227
189
142
155
197
213
201
197
189
200
178
181
183
250
251
227
172
182
150
134
137
189
159
124
97
160
214
205
164
146
148
157
167
157
204
245
299
251
226
196
201
161
137
114
140
154
169
177
207
219
182
152
179
256
291
265
211
180
140
143
113
110
101
135
160
160
166
212
225
186
166
211
238
215
181
185
211
143
127
130
169
137
141
140
201
252
291
251
207
216
217
159
119
139
172
141
103
117
174
245
243
248
195
163
143
174
153
117
113
171
192
189
161
169
167
128
127
181
255
261
230
151
105
127
205
188
175
141
169
161
165
180
215
189
163
153
149
145
142
182
181
177
170
183
134
110
129
212
229
223
163
145
110
136
161
167
157
141
148
186
207
212
247
273
284
215
178
157
177
171
189
185
215
226
221
195
180
195
199
143
98
117
138
152
131
128
85
61
73
135
172
216
207
197
156
153
167
171
193
225
216
147
133
147
158
148
177
173
173
139
138
95
89
106
154
170
172
163
179
176
161
146
125
126
109
97
111
155
167
161
107
144
187
221
195
222
239
267
253
237
195
149
133
136
187
236
264
208
163
165
246
293
298
221
163
81
79
93
150
202
255
248
196
161
210
238
210
150
140
148
136
122
115
159
190
237
216
196
173
181
151
164
175
185
143
98
113
130
144
168
211
269
323
272
244
242
266
172
100
98
187
249
278
263
247
195
195
245
359
414
311
133
5
24
99
114
4
17
171
338
295
155
40
-11
23
165
305
273
43
-172
-236
-117
53
123
63
19
123
202
245
171
99
109
175
170
158
160
201
173
163
164
113
58
115
228
267
234
191
187
111
48
6
35
103
261
400
485
432
412
403
337
179
73
69
149
197
200
210
179
143
131
181
153
127
101
136
117
144
166
191
192
229
231
172
98
100
118
81
23
37
134
218
274
214
163
123
160
170
167
151
194
258
330
293
212
129
114
139
192
233
233
198
118
86
94
179
182
172
159
233
296
309
249
195
124
130
145
185
181
175
158
102
68
40
45
90
211
349
440
440
399
310
259
216
259
306
358
330
279
245
236
179
116
118
114
143
172
205
126
60
63
171
180
98
37
126
189
149
87
105
122
112
67
61
115
175
200
157
111
83
62
-11
1
55
131
152
183
154
44
-87
-70
55
80
-87
-181
26
325
448
376
321
303
341
263
58
-154
-102
139
311
237
147
107
119
119
160
209
211
158
120
102
131
209
215
158
99
105
109
181
288
343
233
139
120
178
189
226
263
298
309
267
197
167
245
327
313
209
195
219
228
175
206
220
203
174
210
177
121
125
220
252
223
235
250
246
199
203
182
153
163
280
342
307
201
167
149
127
47
29
39
90
184
281
287
227
198
204
179
154
205
205
185
182
234
232
217
136
100
81
90
76
91
139
181
179
145
157
150
135
88
115
180
243
216
209
189
249
267
229
145
101
92
143
169
169
161
161
169
173
197
186
198
209
239
239
223
145
109
79
105
144
199
187
155
119
100
48
42
128
216
191
109
125
168
193
159
149
119
107
79
125
144
165
199
266
298
347
345
277
161
130
193
221
160
102
126
169
212
206
196
162
201
245
231
155
131
145
165
163
175
173
143
110
78
83
77
127
162
216
233
275
291
306
287
315
273
209
143
126
108
125
183
263
289
276
265
219
195
163
152
156
207
221
193
136
150
156
155
141
197
226
221
209
197
208
201
180
141
113
87
110
121
157
154
200
222
209
138
134
152
167
136
119
145
212
233
203
186
180
219
199
190
163
183
162
144
99
115
128
143
153
193
199
185
137
109
111
131
162
174
208
202
205
181
170
115
110
147
235
243
195
165
183
189
183
131
80
64
145
235
225
190
169
145
113
163
214
241
182
221
241
242
197
191
175
199
195
192
131
103
126
161
173
139
119
73
87
123
196
218
245
219
209
172
171
149
149
129
127
110
77
72
90
131
160
169
116
75
103
181
189
179
144
164
175
182
134
139
173
200
171
141
151
163
194
208
212
149
140
157
217
217
223
191
155
113
135
154
159
134
143
162
179
195
201
248
247
244
203
174
132
198
221
221
173
189
199
213
205
252
263
233
173
154
148
119
86
121
213
259
247
191
155
123
135
130
157
179
210
224
257
289
311
265
186
137
156
192
179
163
167
195
194
196
176
173
159
179
171
177
156
145
150
176
187
175
141
135
142
135
95
71
76
42
28
50
115
159
181
163
171
191
217
172
149
165
177
172
166
176
177
196
198
217
214
225
202
205
148
119
116
167
193
203
187
209
225
253
229
169
116
111
134
115
133
145
187
181
186
213
264
270
287
229
185
127
144
165
175
152
127
111
109
118
158
200
189
152
120
115
118
158
153
177
185
191
128
97
105
147
161
211
279
298
251
140
64
25
79
147
199
155
149
162
203
221
271
275
244
163
100
91
131
132
127
172
233
269
254
239
209
186
135
136
168
245
284
290
259
211
129
87
77
125
190
216
173
116
99
129
183
223
277
251
203
106
79
83
125
143
174
229
282
265
223
177
167
169
159
151
115
140
143
159
144
129
85
101
131
193
225
243
193
165
178
215
202
189
212
231
177
125
138
163
228
254
279
244
248
222
184
124
150
196
255
256
249
224
178
155
119
78
45
72
89
117
124
187
225
249
186
153
134
165
173
191
187
195
181
169
113
91
83
100
167
212
243
215
196
154
166
180
195
137
117
119
171
195
220
210
183
160
197
214
139
79
99
199
242
265
213
138
69
77
89
153
167
200
187
170
143
151
147
143
129
133
151
175
201
220
202
174
188
169
191
220
275
251
177
125
127
134
172
215
243
233
213
217
192
173
146
174
145
175
171
189
134
143
183
255
238
217
234
275
257
192
155
141
123
98
94
116
187
202
230
213
201
176
152
113
133
166
189
177
178
182
176
104
70
91
146
185
141
117
101
111
120
163
190
209
185
175
150
157
155
185
179
178
153
139
131
158
216
231
215
195
199
173
177
148
186
233
302
299
283
185
146
159
199
198
165
161
176
157
108
141
168
219
219
213
168
179
199
245
260
296
261
199
92
33
-5
6
19
35
89
119
143
119
125
131
190
236
275
253
249
255
317
323
273
172
69
15
36
80
99
95
117
155
169
146
90
114
135
179
177
243
261
270
274
290
264
232
184
137
107
125
161
164
179
191
195
155
132
151
230
261
263
213
229
230
201
99
30
-3
-20
-72
-77
-15
27
59
92
194
275
325
301
253
185
220
267
268
171
162
175
182
211
289
349
379
393
415
379
297
251
205
195
179
179
115
14
-96
-115
-150
-152
-108
-27
-12
-22
-5
50
61
47
53
75
129
197
263
268
289
361
505
595
677
672
607
511
434
330
227
121
41
-37
-99
-122
-113
-76
-36
12
20
50
70
171
283
359
333
304
241
221
199
216
219
236
215
188
171
214
265
309
350
334
273
171
85
27
35
23
24
8
15
28
48
53
95
156
168
153
124
129
118
147
155
175
161
176
127
127
134
202
241
289
268
207
129
100
75
63
66
121
207
292
372
425
467
442
380
310
313
291
261
208
186
98
33
-35
-65
-57
-9
37
79
117
149
137
79
80
111
161
108
57
36
123
203
235
233
279
335
387
429
435
434
413
356
246
143
41
-44
-108
-104
-78
-7
42
101
117
177
224
296
319
346
298
236
163
135
135
130
137
139
138
116
164
227
283
281
258
195
153
89
78
97
131
139
152
177
184
189
191
199
219
250
223
181
121
91
36
53
83
149
143
125
109
147
200
294
365
373
327
265
261
271
282
251
223
168
135
93
94
71
93
87
95
69
106
150
156
105
59
35
21
13
19
101
199
319
363
414
430
443
425
428
390
331
241
200
176
158
171
193
229
232
235
199
137
52
7
26
75
70
77
69
85
103
169
205
253
257
286
296
318
311
292
253
220
179
113
22
-55
-69
-35
60
129
206
221
239
211
278
353
385
352
311
265
201
141
107
87
63
71
53
29
-4
32
56
91
63
83
119
169
172
195
202
210
215
263
340
428
485
455
371
253
189
144
140
80
25
-51
-71
-95
-47
0
105
164
205
224
285
332
373
385
373
349
314
287
249
239
174
116
75
86
105
125
145
155
103
66
31
27
46
75
121
157
182
181
198
181
225
250
319
341
322
240
186
118
105
78
97
95
126
186
253
238
160
113
129
190
251
267
194
156
118
123
59
29
35
87
104
133
158
227
267
273
253
209
171
138
137
121
125
125
155
164
209
201
218
223
271
250
239
227
235
227
175
108
78
81
118
159
161
195
194
211
215
249
236
217
163
158
138
151
182
216
183
138
119
165
228
256
288
266
177
72
69
109
169
181
220
213
200
159
158
159
188
183
163
144
167
222
259
241
191
150
109
105
100
119
101
141
141
148
126
169
213
213
145
134
143
139
116
113
101
90
137
149
137
120
171
176
181
207
278
305
300
263
231
183
155
166
218
250
206
136
78
90
97
106
76
100
160
247
211
171
132
149
153
160
138
107
101
139
197
199
220
259
265
189
128
87
50
-13
-1
54
138
192
227
217
246
275
319
327
287
258
215
186
184
199
159
121
117
157
159
139
90
96
115
171
144
120
128
178
198
230
265
270
264
262
310
306
252
137
88
90
162
199
184
127
114
87
98
100
149
193
250
252
224
203
232
253
254
235
165
107
43
41
41
118
211
254
204
173
172
199
173
137
140
147
152
159
191
197
206
209
235
203
213
223
277
276
301
285
237
139
63
20
-9
7
72
123
143
118
118
179
241
282
223
178
164
197
196
196
167
158
135
160
167
167
133
135
138
136
145
170
181
179
197
177
147
118
153
188
225
203
184
129
158
174
161
127
170
232
169
71
38
39
40
102
195
252
229
247
197
153
120
177
190
223
277
323
286
183
92
54
70
123
215
268
271
219
233
203
179
170
206
186
140
103
105
77
69
103
236
326
335
310
283
302
275
223
152
138
143
170
109
68
39
51
77
153
209
219
176
213
257
274
253
251
252
213
164
80
7
-21
69
149
203
198
203
113
70
79
175
220
231
206
174
156
148
174
202
222
201
223
261
275
237
215
189
111
10
0
7
29
62
132
161
131
115
145
208
256
305
277
209
150
206
239
242
166
149
151
199
233
265
226
209
230
297
251
127
61
89
112
113
113
109
157
240
343
353
335
300
303
232
154
94
51
-16
-40
20
129
215
271
342
288
172
89
173
247
269
211
215
252
317
241
70
-69
-24
99
163
122
108
186
292
263
107
19
34
35
-13
10
42
130
90
71
148
298
321
270
274
361
419
455
493
502
349
143
8
-86
-95
-21
153
247
245
183
230
225
151
60
67
99
144
192
226
203
175
229
311
323
284
288
217
126
21
43
104
194
209
161
61
57
155
276
267
225
238
261
269
256
246
210
221
281
271
132
8
-71
-34
-26
-1
63
162
222
233
189
159
131
118
155
269
355
301
178
102
177
237
219
157
181
236
283
316
311
192
154
236
359
285
93
15
62
131
182
227
197
107
25
48
73
163
265
317
221
105
92
174
203
85
-63
-29
127
225
225
207
227
181
75
-14
25
86
152
196
268
266
227
167
155
144
128
153
199
207
155
125
107
119
134
231
310
331
237
173
167
264
307
285
166
76
37
71
50
8
12
71
129
160
170
152
123
114
219
362
450
345
181
59
81
159
211
203
181
146
133
140
187
247
282
283
258
190
95
85
113
169
169
153
124
136
130
153
145
139
163
219
239
252
269
264
220
139
76
41
83
105
118
121
182
215
236
218
204
133
97
78
95
83
47
46
109
155
122
59
37
113
192
283
276
256
262
321
298
222
180
226
192
97
42
83
112
125
187
231
249
195
170
180
265
251
216
161
161
88
50
51
138
204
276
259
187
149
161
170
148
97
74
149
247
283
227
216
198
223
193
205
208
223
209
225
219
219
207
161
133
139
182
185
188
142
168
214
253
190
147
143
197
191
183
163
161
131
122
122
146
173
216
253
241
198
133
133
172
219
207
173
141
184
223
213
182
223
273
261
151
96
151
206
177
99
97
140
196
203
197
185
202
234
287
267
224
192
212
193
198
206
202
174
168
170
133
117
117
133
119
125
106
156
181
215
163
120
81
130
147
132
114
153
205
197
163
151
194
207
197
145
135
137
198
215
199
130
104
108
157
181
172
129
143
211
227
199
144
110
85
126
181
235
253
261
221
229
255
276
266
261
223
196
126
108
121
151
174
203
206
155
119
143
204
220
230
194
218
165
135
83
117
140
119
62
57
139
243
283
220
153
130
137
114
116
107
156
152
139
99
123
183
227
210
197
177
209
209
195
177
160
138
141
192
235
280
257
201
125
144
161
185
163
186
185
172
171
206
269
337
335
277
203
111
51
-23
-11
45
141
211
241
201
145
81
91
89
89
122
193
216
211
188
216
246
244
221
188
193
183
193
139
121
119
185
201
217
175
152
89
84
85
101
119
168
252
324
321
243
159
125
145
118
125
163
251
274
270
251
249
185
137
129
163
186
187
133
79
59
71
105
107
101
83
78
100
195
262
265
207
223
204
133
61
116
154
155
115
120
158
238
325
327
269
229
261
219
161
101
147
161
144
149
245
350
392
292
133
-3
12
132
214
252
271
267
204
177
183
205
212
274
269
219
137
131
139
159
183
223
204
163
150
196
231
173
65
11
46
73
83
78
122
153
188
225
269
221
195
177
195
155
135
151
159
156
150
145
135
151
175
219
241
233
188
150
121
136
139
181
208
230
221
230
233
241
232
226
208
201
197
188
176
156
155
189
241
227
207
184
196
218
215
151
127
149
160
98
49
77
141
199
212
221
195
223
226
203
105
81
82
108
53
47
69
142
179
191
165
133
69
17
11
61
102
120
158
149
155
157
187
157
168
183
220
204
196
211
275
296
283
275
289
285
231
203
168
175
176
219
215
233
214
195
140
107
84
114
140
193
165
115
91
168
248
272
235
147
87
65
132
203
274
292
305
244
195
156
144
120
125
175
265
259
168
71
9
6
19
72
99
127
133
177
231
318
340
318
265
233
197
164
108
78
73
89
77
62
77
76
77
77
75
24
39
96
151
125
119
153
236
218
212
245
323
358
338
290
257
211
153
114
90
99
145
211
253
263
279
289
219
143
91
113
151
204
249
251
221
209
206
211
263
271
249
155
98
97
153
169
173
145
137
108
125
140
163
140
121
133
225
289
289
229
172
160
153
203
259
270
150
56
29
100
128
115
83
113
167
239
228
185
188
206
209
186
171
135
146
160
214
237
272
249
213
160
131
92
106
130
178
191
155
105
113
181
246
267
223
171
141
136
114
143
176
204
185
182
191
203
157
120
111
116
125
161
212
225
203
187
150
119
176
226
266
237
209
153
138
132
180
219
224
155
91
52
95
179
228
223
180
170
159
149
149
193
199
198
152
126
94
78
67
88
108
154
153
125
90
136
227
283
294
276
257
192
159
136
161
156
187
208
248
220
197
169
187
189
212
175
127
103
137
175
173
205
211
195
162
160
193
263
237
210
165
167
163
147
109
109
103
107
137
165
194
193
181
149
155
176
196
149
141
136
185
206
214
162
140
109
99
90
117
166
190
163
131
152
175
185
147
139
115
112
83
109
140
221
276
307
275
249
202
147
118
123
133
108
115
141
173
135
123
154
248
258
257
220
222
198
169
123
122
101
119
133
165
173
203
245
237
240
237
238
191
196
185
204
177
184
177
187
164
201
226
243
198
151
113
95
100
136
165
151
188
217
229
180
137
105
113
152
237
287
302
267
258
251
250
245
207
169
146
173
136
90
46
55
56
85
88
132
151
174
183
215
178
161
159
153
77
25
66
145
185
193
187
177
172
139
139
105
78
37
115
195
259
227
195
187
247
310
293
241
223
239
247
212
193
217
191
144
101
118
117
108
95
152
217
265
208
169
174
210
251
246
188
131
118
87
94
141
234
254
275
262
257
217
191
181
167
160
205
229
235
181
129
93
121
201
267
292
248
207
165
149
114
109
107
135
124
99
65
91
156
215
229
189
118
47
13
26
73
107
140
167
205
195
212
228
251
253
289
313
352
327
283
221
183
143
121
79
23
-30
0
125
229
299
316
307
237
201
171
177
125
95
120
170
169
176
163
177
191
201
194
156
157
134
119
103
117
91
67
20
57
90
140
171
217
240
268
303
330
304
249
249
255
241
207
185
147
170
206
265
283
303
295
306
253
181
77
19
15
35
27
63
139
193
186
136
127
115
149
175
177
137
120
101
135
173
227
217
187
135
129
159
230
285
311
291
219
154
113
151
223
277
244
214
206
221
188
192
161
131
95
86
103
115
130
164
173
193
194
159
137
121
168
203
243
301
361
321
279
200
185
121
113
113
130
193
250
254
224
229
260
287
241
187
139
129
90
79
69
125
185
224
192
148
114
97
81
94
101
127
164
189
161
106
104
87
79
92
219
282
242
145
141
133
143
179
247
258
204
147
73
26
54
137
167
171
143
153
107
89
83
111
98
113
117
105
63
54
75
119
193
269
317
279
243
171
91
46
107
161
197
201
254
275
273
216
167
122
92
81
109
150
241
306
285
184
106
137
198
202
150
150
190
225
221
251
201
169
157
175
184
208
211
198
177
185
238
244
235
197
166
126
126
135
175
143
132
147
165
133
123
103
103
84
148
240
290
297
274
213
103
63
109
215
266
304
261
226
159
151
146
227
274
263
173
112
137
218
242
186
131
115
139
133
139
149
147
136
180
167
169
131
143
131
156
160
177
190
218
231
201
138
132
203
280
335
333
337
261
182
103
113
134
192
222
251
227
194
160
147
124
95
68
31
44
79
141
177
194
162
167
180
199
153
162
203
260
227
188
151
163
186
175
117
88
141
177
199
170
162
147
176
201
214
170
169
197
280
287
253
171
108
77
78
91
99
124
181
241
238
212
139
117
108
177
225
264
258
256
201
181
196
217
185
194
245
227
179
163
173
145
126
128
174
203
228
204
152
83
86
131
213
262
282
223
123
55
87
110
124
149
132
117
121
154
159
155
176
249
223
163
101
98
90
142
198
261
281
279
227
166
171
171
154
117
147
173
196
173
179
183
198
200
194
153
110
57
100
171
217
219
199
207
216
236
225
204
166
170
185
229
221
230
199
196
156
136
104
92
121
200
232
224
193
172
150
117
125
137
190
225
251
221
182
136
139
96
89
105
157
137
135
167
195
191
163
143
138
149
163
173
125
108
141
225
267
283
253
205
129
115
145
173
137
105
101
123
171
210
231
219
218
181
147
101
112
126
165
195
251
269
266
227
168
120
125
153
173
178
177
215
251
267
261
284
254
195
105
103
113
136
132
113
66
98
154
216
212
157
97
88
77
77
97
72
91
132
203
198
196
191
235
215
203
183
208
204
209
211
227
209
185
179
187
232
255
209
121
81
91
136
165
217
210
193
188
215
217
226
234
235
193
161
157
164
140
132
159
197
208
186
143
47
25
64
170
233
276
262
233
179
136
123
151
203
231
224
195
155
131
121
111
130
151
179
146
138
122
179
202
247
223
189
154
159
140
95
61
92
143
161
150
127
150
157
195
194
219
212
213
175
131
70
86
108
116
135
185
237
249
246
260
278
223
172
142
161
147
153
159
193
214
261
255
239
191
166
143
123
90
81
107
151
203
200
185
137
142
144
177
180
201
165
129
77
81
111
184
259
289
262
236
209
187
159
132
117
122
143
205
290
293
270
203
170
108
68
44
61
75
99
123
157
179
200
239
252
207
135
91
86
158
207
229
186
175
188
225
222
231
189
174
202
248
237
161
94
85
86
40
43
77
136
137
179
199
220
223
257
263
329
363
360
265
178
135
117
99
92
116
153
184
227
269
261
248
220
221
183
153
93
94
112
163
141
129
134
169
160
115
102
147
150
92
99
156
216
249
291
258
195
151
218
255
256
228
241
223
203
223
277
253
207
225
274
283
214
152
74
42
-3
15
45
109
143
155
151
184
175
153
122
141
154
151
147
151
147
139
186
216
221
223
264
240
173
109
96
62
45
63
164
221
267
238
194
113
43
23
46
145
251
337
343
302
200
139
113
154
175
183
162
127
83
93
165
258
313
306
288
257
207
125
92
54
115
191
256
256
267
235
228
203
203
168
145
151
162
169
164
165
154
122
61
42
78
143
185
219
213
247
273
306
253
197
141
122
107
133
164
180
193
201
193
130
70
49
94
138
189
181
182
186
243
280
285
223
175
109
86
99
141
194
225
223
208
214
182
214
218
198
150
203
229
214
127
62
-1
16
61
115
132
169
203
198
163
94
62
27
23
69
163
209
233
199
220
227
229
177
179
205
251
229
176
128
128
169
194
220
262
329
315
271
229
269
283
249
158
146
155
158
145
168
169
147
147
155
126
133
201
250
252
211
194
111
58
51
107
105
112
115
137
111
94
74
78
73
102
87
56
79
161
220
160
53
9
69
147
213
224
266
303
325
295
257
218
216
169
146
125
129
165
208
285
321
339
300
261
202
185
168
185
174
173
105
81
81
144
193
235
250
279
248
168
92
45
57
127
220
229
184
158
176
149
172
222
239
169
147
168
192
177
231
273
273
236
205
181
143
185
221
256
227
237
199
172
108
123
151
194
196
211
214
230
237
256
238
197
167
165
195
187
193
155
129
67
34
25
64
102
139
145
149
125
132
142
146
130
146
180
156
116
96
152
152
162
164
210
222
227
189
132
82
111
141
164
147
161
215
246
282
301
276
225
219
223
210
126
102
117
159
169
208
183
131
57
47
68
91
116
166
208
219
249
253
247
184
160
189
251
267
241
200
212
165
145
164
218
254
297
292
250
179
143
144
129
161
180
213
200
211
172
143
120
148
120
59
26
95
164
181
189
219
221
158
103
64
94
137
210
219
204
155
143
111
118
124
176
205
231
239
250
245
239
228
214
203
170
157
152
175
163
173
202
259
249
226
184
185
173
159
145
155
160
173
198
224
201
163
135
85
80
107
171
197
231
223
226
204
249
223
175
115
140
145
173
196
189
158
133
167
213
227
212
192
150
113
81
108
131
157
147
151
131
136
192
207
186
161
180
202
178
159
157
108
73
91
183
232
259
223
189
116
110
127
173
177
198
205
187
152
157
195
172
125
113
179
180
156
125
153
149
181
228
277
278
264
189
130
94
128
159
188
223
268
264
210
177
163
160
97
73
58
75
81
123
154
181
171
145
123
176
249
251
175
81
67
79
133
169
209
209
240
216
165
94
117
144
174
149
143
127
149
205
239
246
211
178
153
175
204
231
189
182
187
214
215
217
211
245
251
216
127
89
91
158
208
237
261
242
200
124
115
128
178
176
171
157
201
223
267
257
228
177
180
208
207
142
67
82
143
191
183
213
214
236
202
154
73
80
133
184
169
165
145
138
81
68
91
103
80
47
39
54
128
171
189
150
180
198
207
191
201
160
120
100
137
181
222
237
215
158
100
123
139
155
160
206
242
236
202
209
190
174
141
154
188
263
299
293
236
193
178
189
214
222
221
190
183
167
183
159
167
151
141
159
250
244
205
139
133
146
158
161
176
186
161
143
117
128
127
176
201
219
146
132
120
137
122
144
145
151
173
199
191
192
193
128
81
101
223
313
309
268
230
165
116
65
73
73
83
86
135
181
208
237
289
307
267
228
189
196
215
246
202
129
53
101
146
169
149
146
129
154
172
210
169
123
127
129
107
69
115
170
223
230
247
187
135
143
229
242
281
294
309
295
319
298
241
145
112
170
220
252
249
219
141
109
142
233
237
229
179
136
114
177
206
162
88
74
109
115
101
81
95
101
119
114
145
139
182
201
247
237
217
205
227
219
217
201
163
149
165
199
182
198
203
162
60
50
55
81
81
171
235
267
227
207
179
170
127
103
84
110
159
215
211
141
101
83
130
180
244
269
265
224
225
220
237
243
234
152
82
57
83
140
165
186
159
181
161
168
162
220
231
250
237
243
227
251
206
176
132
123
129
171
205
202
196
166
130
110
149
167
145
87
70
100
194
236
264
245
270
236
196
156
159
153
143
151
157
147
137
169
171
145
129
155
146
121
82
97
97
105
108
137
191
233
255
258
251
245
239
173
120
104
143
127
137
146
191
192
193
129
92
89
153
181
171
126
126
133
155
179
213
239
255
257
207
167
174
252
273
235
134
85
89
161
217
243
223
236
275
272
204
155
167
201
240
214
168
101
142
179
181
131
154
135
136
129
145
89
61
87
146
187
159
165
184
201
161
159
157
172
181
176
119
83
79
154
164
162
161
177
149
126
135
134
123
121
191
233
255
249
257
270
294
252
199
103
93
133
203
215
204
214
246
224
185
139
69
33
24
97
145
219
252
283
283
339
357
347
294
281
239
189
105
95
123
147
161
169
164
169
177
165
155
149
181
195
191
145
121
73
67
103
181
192
176
167
213
235
233
224
179
143
85
89
133
214
232
245
214
213
196
215
197
167
132
125
129
166
207
217
203
177
192
185
171
132
141
160
177
149
153
138
153
151
183
164
180
204
210
163
103
121
137
119
92
140
200
199
113
71
69
159
241
282
229
218
214
212
203
212
194
160
121
97
89
51
57
111
193
178
162
183
242
245
244
199
176
129
144
194
251
251
225
147
96
103
145
204
222
253
267
261
229
213
190
165
95
81
89
135
142
176
178
166
149
181
211
203
203
177
157
133
155
150
149
129
154
141
146
132
165
198
235
205
158
125
101
92
92
111
145
197
219
211
183
170
136
120
131
195
201
176
175
201
197
182
133
118
139
150
199
263
316
310
255
167
147
134
139
118
109
82
85
106
179
214
215
192
158
141
135
155
165
175
196
226
183
155
143
207
237
278
269
286
249
219
153
138
133
157
163
176
176
156
143
135
140
157
194
220
219
182
154
114
138
177
212
195
175
133
123
126
131
135
155
181
183
193
163
164
187
267
291
272
173
101
43
76
117
163
186
229
247
200
160
135
112
81
87
113
127
112
153
195
274
338
393
361
281
164
59
6
56
135
173
174
153
170
178
173
151
182
157
121
64
95
147
244
295
297
227
200
200
215
183
132
116
121
147
186
227
234
235
233
263
206
177
115
121
125
197
226
221
183
244
297
267
160
122
145
159
142
134
123
78
91
89
79
59
89
101
140
167
221
268
289
283
207
117
60
61
116
140
118
123
135
172
184
194
171
217
253
282
207
144
85
137
215
302
261
164
106
144
186
199
201
195
173
128
137
147
157
85
22
42
219
365
383
210
65
30
84
121
99
73
69
113
184
241
235
265
354
445
377
248
131
133
131
109
70
59
103
204
272
302
255
193
123
87
103
85
84
105
175
225
237
183
145
146
208
223
197
141
156
173
135
69
77
161
242
235
197
185
163
183
183
221
193
165
129
166
232
298
255
167
72
47
73
135
189
225
238
226
213
154
101
76
132
150
146
109
151
197
214
189
178
171
197
245
274
250
217
234
240
209
145
147
169
193
153
145
130
126
126
221
300
273
171
112
98
128
168
187
191
215
259
260
228
194
243
242
197
118
123
183
287
331
328
265
186
96
67
95
127
160
167
190
173
180
143
117
95
148
167
185
157
164
129
120
109
138
127
133
159
192
167
152
225
302
306
263
227
153
136
153
197
167
163
146
139
97
118
139
158
165
172
180
187
231
243
245
173
141
114
125
112
145
176
211
194
167
135
115
93
101
121
153
196
208
167
90
105
183
254
251
232
204
220
225
219
175
200
229
233
184
141
101
131
180
176
115
116
215
300
315
216
147
107
183
264
313
254
173
80
43
24
35
92
176
250
289
287
225
157
89
77
51
73
135
224
242
274
257
240
194
195
171
151
110
97
94
122
132
159
178
189
201
181
144
103
72
67
124
108
35
-31
57
175
223
194
183
181
131
109
159
221
192
176
126
103
115
213
253
249
152
115
107
242
355
349
188
86
89
154
219
336
391
341
271
206
165
154
204
291
414
438
358
227
230
249
212
161
163
134
61
-2
51
120
156
103
-35
-129
-60
70
98
61
-9
-57
-44
154
343
392
268
237
289
316
253
189
121
57
75
178
325
321
133
-85
-81
67
199
147
84
57
144
151
133
233
409
441
347
151
-8
25
190
239
37
-89
-9
118
139
128
143
263
351
329
147
75
184
330
279
183
245
408
429
282
159
123
145
145
229
306
389
384
321
172
118
108
130
145
176
155
85
33
41
48
45
109
187
270
245
224
229
266
225
185
148
145
107
60
35
129
182
185
137
103
104
139
182
169
153
154
151
109
116
163
224
185
153
152
240
291
254
167
159
204
217
202
188
197
190
187
179
263
321
371
344
327
294
293
289
300
273
225
171
129
141
221
296
287
195
94
83
90
80
59
117
153
145
74
49
54
122
199
264
189
88
55
99
185
259
303
248
147
42
41
170
343
367
301
189
137
1
-124
-119
63
213
257
180
102
67
56
116
201
227
175
159
183
229
243
293
283
256
199
172
131
138
135
109
65
91
189
304
421
443
312
113
-11
-33
5
25
116
215
238
94
-35
36
283
402
335
223
173
166
125
66
7
-29
-38
10
43
135
161
186
180
222
233
271
281
291
269
308
293
253
215
225
163
70
89
251
381
305
135
77
211
283
182
21
51
233
379
335
261
224
250
201
91
31
73
116
97
111
165
206
156
163
220
256
191
149
153
223
188
122
107
164
200
235
221
179
191
201
201
224
287
304
269
193
195
219
237
163
107
84
126
137
164
173
187
176
91
25
29
25
-81
-161
-139
13
118
185
120
34
-45
24
97
81
34
98
189
181
181
207
205
175
183
176
146
126
111
76
49
-17
-23
13
125
177
233
296
393
392
247
90
131
286
355
300
227
241
290
366
322
200
79
99
163
220
193
182
161
159
201
288
379
416
375
259
146
102
109
81
88
119
155
131
185
311
402
300
163
81
91
99
85
42
111
264
300
221
165
206
235
190
129
155
201
238
163
102
113
193
229
265
297
330
303
218
131
117
158
129
74
101
219
242
215
213
261
251
213
158
127
94
169
253
253
169
96
106
138
148
159
188
182
187
171
202
233
297
284
264
232
231
178
160
177
271
279
209
138
153
194
183
162
149
191
183
164
127
123
103
181
248
276
239
253
249
207
125
50
41
86
128
99
68
88
153
193
224
177
115
97
167
178
137
57
83
105
119
87
105
190
250
226
188
221
246
202
115
139
210
232
160
145
153
166
124
151
187
225
227
227
214
216
184
133
129
182
271
291
269
236
191
128
127
145
188
143
170
215
223
156
155
223
251
206
155
133
133
135
110
150
173
184
139
153
205
249
192
177
211
228
126
43
72
158
211
187
158
157
180
157
116
65
116
208
249
207
197
195
204
160
157
165
193
186
187
181
185
190
192
207
217
269
254
216
148
135
125
147
134
143
138
135
64
41
85
170
204
201
193
146
89
57
82
113
139
123
152
209
267
237
217
203
208
134
91
55
112
171
204
172
143
144
123
120
113
167
232
271
263
288
282
226
97
45
47
107
159
199
209
199
150
96
108
177
269
259
201
178
219
211
209
143
135
137
208
201
171
155
225
243
185
114
138
191
211
197
185
201
174
149
90
124
155
206
171
163
178
181
146
169
225
237
173
123
125
129
160
160
183
187
230
235
174
123
163
181
172
127
147
157
156
107
90
109
179
249
265
224
191
203
169
104
78
158
221
251
255
263
219
201
201
179
117
107
121
131
161
181
161
108
106
154
209
203
186
135
131
121
135
157
202
200
188
165
188
203
197
157
144
145
118
100
82
113
133
160
158
192
193
200
157
143
117
138
133
121
107
161
195
207
209
239
241
182
85
16
61
114
195
237
273
247
232
181
157
122
167
213
252
267
299
313
307
285
259
232
183
130
87
127
168
201
190
219
204
229
211
191
142
161
200
197
99
33
73
175
270
321
316
231
164
127
112
95
127
167
209
192
178
163
165
140
119
116
129
138
164
191
195
217
204
191
176
176
141
113
92
131
133
175
218
268
244
211
221
195
151
115
123
114
108
131
211
267
322
270
229
166
173
146
113
88
147
179
146
57
59
141
180
149
105
117
145
188
183
166
165
224
246
225
185
215
221
218
189
204
198
192
192
227
209
149
137
155
180
173
197
154
112
87
166
207
202
191
210
176
93
62
114
153
173
205
234
247
231
252
251
267
249
245
152
119
133
212
174
147
148
223
216
201
183
131
65
74
181
226
206
172
192
207
209
138
61
47
133
188
172
115
142
194
259
253
152
59
74
132
150
179
199
207
165
171
171
201
173
180
159
198
205
215
172
170
183
198
163
132
155
173
149
88
101
121
147
143
147
148
189
177
163
141
166
207
213
164
156
178
178
160
200
276
294
229
111
92
92
148
143
161
169
229
288
288
201
160
133
125
138
182
173
154
158
206
257
255
243
206
185
147
143
116
134
162
247
254
217
182
201
200
138
98
119
162
178
188
165
187
203
197
141
129
146
195
141
125
137
203
236
255
238
208
191
168
141
132
158
155
154
165
204
197
166
97
85
89
168
200
223
169
165
183
215
207
200
192
169
186
234
265
224
179
135
118
83
89
92
127
150
145
65
51
130
240
245
188
153
129
117
105
148
180
228
223
204
145
147
132
152
123
150
172
233
255
237
167
103
79
108
172
217
223
203
194
162
142
99
98
124
189
207
242
249
271
251
200
137
109
148
173
152
77
79
133
197
179
181
178
210
184
204
199
187
117
99
141
223
233
179
132
117
174
185
158
124
167
212
223
199
201
189
201
193
184
128
118
133
163
209
263
293
282
216
141
73
27
27
79
176
209
197
166
189
213
227
203
190
161
169
162
130
90
105
144
145
135
174
253
252
227
179
166
139
149
141
163
159
166
171
209
215
191
143
160
221
259
232
163
139
133
125
74
117
203
309
342
341
301
257
199
189
178
142
118
109
136
144
143
90
56
27
49
73
120
181
245
257
230
177
174
183
258
302
265
194
147
167
202
241
252
217
131
87
83
117
123
109
92
138
176
207
179
166
171
205
159
85
68
149
232
225
171
161
195
233
249
184
144
111
101
62
60
89
153
164
172
166
173
161
125
94
95
99
127
175
177
178
124
143
177
247
295
363
336
243
137
97
33
31
113
235
311
323
295
255
253
235
211
145
128
159
201
176
153
137
169
179
180
199
254
303
314
287
249
213
175
153
105
105
67
75
160
267
259
173
61
81
113
165
195
199
187
206
224
226
254
269
261
167
121
89
125
147
198
197
232
165
143
107
141
193
235
195
121
83
121
173
179
205
195
215
205
269
311
344
289
275
215
154
41
-17
-15
70
156
172
135
87
89
153
233
253
268
234
151
29
17
24
105
156
266
279
262
227
244
229
184
139
82
52
79
151
146
117
125
183
187
196
203
228
170
197
229
239
184
164
203
248
217
221
218
188
154
136
127
80
99
124
156
125
196
241
281
232
181
119
125
156
185
201
244
303
307
252
205
233
247
240
155
119
71
72
37
51
83
153
188
210
189
183
187
185
150
121
124
121
133
140
179
187
216
197
171
107
64
38
40
62
143
247
306
263
223
211
187
135
105
112
67
75
121
148
89
117
206
291
289
323
308
263
167
171
180
183
185
188
196
207
255
265
264
233
208
152
136
183
230
178
158
193
221
145
70
74
127
129
86
72
47
59
103
183
229
259
227
155
79
119
118
147
142
220
255
230
135
89
102
129
157
161
185
203
236
255
245
171
175
212
259
204
179
134
134
125
181
175
174
176
177
154
88
67
89
124
101
108
140
221
239
258
227
225
192
203
150
109
124
202
231
215
205
245
270
208
144
94
151
233
301
269
199
121
131
85
61
35
99
138
140
134
165
187
168
170
173
159
137
137
132
156
181
239
267
316
339
318
214
164
101
63
23
72
159
250
299
286
260
235
235
237
226
183
169
123
125
157
231
244
223
204
224
200
171
150
131
107
137
233
287
302
283
261
185
101
46
45
32
79
119
177
168
189
211
245
218
179
176
183
177
144
131
103
108
125
179
166
156
129
158
166
200
208
219
174
126
89
93
101
68
81
138
251
320
332
286
243
202
183
131
117
112
139
136
155
174
239
301
363
318
212
113
61
76
93
150
155
173
174
218
235
261
219
217
208
204
154
136
129
145
157
164
149
135
165
190
196
189
167
115
82
41
60
69
142
155
170
144
163
183
219
221
205
167
161
163
174
200
213
225
187
154
119
143
156
174
127
106
122
171
193
192
149
129
157
199
194
178
178
166
173
162
195
219
232
194
181
158
208
204
190
147
111
102
151
229
283
308
252
189
139
152
167
204
190
221
209
204
157
139
105
97
92
115
149
200
190
181
179
199
239
251
248
217
208
188
210
205
236
153
66
-26
-5
89
197
235
251
248
224
175
139
149
140
138
133
148
154
206
193
199
185
173
124
105
119
186
201
225
229
253
251
207
191
201
235
233
219
191
201
179
172
132
129
123
156
162
184
193
213
175
143
134
168
197
205
199
195
219
229
219
170
144
113
111
85
88
67
114
160
208
232
249
207
163
145
147
165
201
261
268
236
159
126
101
131
143
164
142
181
201
213
141
130
130
121
79
72
156
265
307
253
222
163
145
137
159
151
204
205
184
155
148
114
79
85
163
191
196
195
203
199
170
142
149
180
171
174
160
167
172
212
194
