03311610.PTO
CURN
2012/03/31 16:10:28.3200
100.0000 m/s  
7855 muestras
-8508
-8238
-8435
-8335
-8387
-8608
-8201
-8493
-8335
-8401
-8472
-8546
-8601
-8196
-8364
-8296
-8468
-8501
-8493
-8715
-8434
-8566
-8530
-8276
-8231
-8123
-8369
-8333
-8492
-8387
-8316
-8387
-8430
-8561
-8217
-8380
-8439
-8342
-8373
-8250
-8456
-8370
-8227
-8401
-8352
-8755
-8569
-8669
-8522
-8489
-8562
-8426
-8681
-8297
-8404
-8325
-8350
-8318
-8172
-8106
-8388
-8452
-8482
-8190
-8493
-8450
-8334
-8500
-8105
-8540
-8234
-8518
-8451
-8256
-8500
-8164
-8649
-8224
-8480
-8505
-8190
-9096
-7729
-8828
-8073
-8710
-8830
-7731
-9033
-7658
-9069
-8085
-8592
-8502
-7970
-8783
-8145
-8798
-8229
-8565
-8497
-8442
-8658
-8399
-8485
-8459
-8353
-8284
-8243
-8445
-8348
-8366
-8277
-8315
-8524
-8461
-8477
-8365
-8295
-8198
-8374
-8403
-8137
-8217
-8220
-8254
-8512
-8314
-8475
-8210
-8534
-8370
-8247
-8549
-8215
-8602
-8181
-8355
-8273
-8454
-8497
-8203
-8258
-8335
-8497
-8356
-8244
-8403
-8258
-7992
-8651
-7986
-8681
-8251
-8306
-8802
-7847
-8807
-7841
-8646
-8492
-8130
-8925
-7805
-8681
-7946
-8172
-8400
-7988
-8754
-8135
-8807
-8184
-8382
-8593
-8098
-8684
-7839
-8588
-8093
-8448
-8867
-7968
-8851
-7923
-8574
-8418
-8306
-8664
-8049
-8646
-7920
-8484
-8124
-8246
-8561
-8151
-8737
-8028
-8511
-8346
-8493
-8393
-8104
-8585
-8073
-8712
-8278
-8644
-8297
-7959
-8466
-8164
-8547
-8023
-8525
-8325
-8238
-8487
-7980
-8489
-8349
-8379
-8717
-8063
-8668
-8356
-8504
-8556
-8158
-8593
-8107
-8776
-8213
-8739
-8615
-8465
-8574
-8208
-8665
-8229
-8602
-8389
-8511
-8369
-8579
-8756
-8198
-8553
-8283
-8369
-8733
-8314
-8682
-8385
-8357
-8771
-8614
-8548
-8547
-8839
-8472
-8715
-8270
-8280
-8542
-8303
-8931
-8359
-8713
-8541
-8336
-8717
-8217
-8781
-8403
-8516
-8757
-8519
-8639
-8332
-8505
-8576
-8437
-8648
-8534
-8770
-8891
-8529
-8853
-8574
-8777
-8615
-8370
-8651
-8364
-8561
-8388
-8547
-8801
-8357
-8828
-8508
-8661
-8710
-8332
-8919
-8444
-8839
-8383
-8610
-8758
-8481
-9048
-8397
-8939
-8706
-8520
-8754
-8261
-8740
-8473
-8627
-8715
-8439
-8873
-8650
-8960
-8701
-8615
-8629
-8474
-8841
-8482
-8811
-8701
-8533
-8643
-8428
-8850
-8622
-8662
-8716
-8663
-8961
-8645
-8655
-8646
-8716
-8864
-8524
-8789
-8709
-8774
-8899
-8463
-8844
-8380
-8792
-8873
-8822
-8978
-8397
-8863
-8515
-8986
-8786
-8548
-8925
-8760
-9204
-8820
-8785
-8885
-8566
-8904
-8821
-8679
-8847
-8546
-8927
-8621
-8545
-8760
-8466
-8990
-8475
-8907
-8746
-8796
-9114
-8390
-9136
-8433
-8904
-8951
-8866
-9177
-8582
-9250
-8588
-8905
-8725
-8792
-9094
-8522
-9048
-8579
-8923
-8804
-8760
-8941
-8582
-9124
-8787
-8886
-8907
-8761
-9107
-8732
-8943
-8990
-8700
-8874
-8661
-9013
-8795
-8697
-8868
-8594
-9064
-8749
-8891
-8826
-8732
-9008
-8683
-8992
-8778
-8932
-9076
-8851
-9128
-8915
-8825
-8694
-8856
-8960
-8704
-8884
-8908
-8920
-9015
-8821
-8847
-9024
-8845
-8952
-8909
-8968
-9039
-9073
-9081
-8812
-8782
-8840
-8959
-8998
-9081
-9003
-9063
-9006
-8914
-8882
-8787
-8799
-8902
-8945
-8932
-8962
-8907
-8838
-8981
-9037
-9001
-9094
-8868
-9097
-8820
-8809
-8989
-8946
-9176
-8975
-9135
-8937
-8949
-9057
-8800
-8881
-8725
-8769
-8946
-8911
-9003
-8886
-9117
-8932
-8951
-8952
-8849
-9183
-8867
-9146
-8948
-9040
-9000
-8653
-8897
-8752
-8992
-8932
-9062
-9085
-8854
-8986
-8788
-8807
-8814
-8731
-8939
-8922
-9111
-9029
-9068
-9108
-8970
-9057
-8878
-9001
-8975
-9150
-9108
-8914
-9036
-8983
-8960
-8865
-8773
-8943
-8888
-8930
-9058
-8964
-8979
-8889
-9235
-9298
-9178
-8976
-9049
-9056
-9019
-9181
-8876
-9195
-9038
-9126
-9023
-8777
-9130
-8922
-9171
-9059
-9021
-9136
-9033
-9040
-8792
-8957
-9089
-9033
-9017
-8922
-9060
-9164
-9099
-9065
-9043
-9163
-8981
-9107
-9114
-9024
-9106
-9070
-9378
-8988
-8985
-9013
-9008
-9139
-8956
-9093
-9058
-9163
-9104
-9015
-9153
-9292
-9160
-9210
-9246
-9097
-9131
-8887
-9209
-9382
-9129
-9175
-9039
-9198
-9054
-9222
-9251
-9098
-9271
-9101
-9372
-9020
-9020
-8881
-8916
-9223
-9046
-9233
-9069
-9328
-9191
-9202
-9094
-9170
-9289
-9140
-9285
-9214
-9388
-9209
-9342
-9104
-9277
-9115
-9109
-9055
-9182
-9260
-9086
-9490
-8947
-9364
-8936
-9474
-9139
-8998
-9382
-8945
-9621
-8967
-9453
-9228
-9167
-9365
-9112
-9465
-9087
-9394
-9393
-9111
-9287
-9050
-9314
-9296
-9040
-9365
-9033
-9429
-9388
-8996
-9484
-9217
-9395
-9409
-9310
-9353
-9023
-9288
-9248
-9265
-9198
-9182
-9317
-9139
-9325
-9086
-9202
-9352
-9212
-9310
-9092
-9140
-9151
-9358
-9264
-8952
-9134
-9200
-9197
-9183
-9323
-9353
-9230
-9309
-9155
-9161
-9143
-9265
-9441
-9233
-9145
-9230
-9316
-9273
-9388
-9110
-9419
-9103
-9295
-9355
-8945
-9457
-8965
-9546
-9297
-9224
-9397
-8950
-9538
-9169
-9240
-9426
-9250
-9220
-9062
-9341
-9091
-9275
-9318
-9238
-9393
-9228
-9297
-9095
-9467
-9297
-9323
-9318
-9199
-9270
-9032
-9284
-9200
-9280
-9085
-9186
-9279
-9225
-9292
-9235
-9370
-9249
-9123
-9236
-9184
-9099
-9316
-9213
-9259
-9173
-9186
-9144
-9210
-9318
-9100
-9262
-9122
-9335
-9290
-9093
-9123
-8973
-9190
-9135
-9193
-9229
-9259
-9292
-9097
-9317
-9299
-9261
-9172
-9108
-9279
-9114
-9087
-9159
-9214
-9274
-9163
-9300
-9425
-9234
-9133
-9224
-9425
-9233
-9254
-9319
-9237
-9154
-9019
-9315
-9262
-9267
-9282
-9172
-9211
-9087
-9207
-9202
-9129
-9361
-9326
-9227
-9235
-9223
-9282
-9239
-9260
-9247
-9202
-9359
-9262
-9264
-9012
-9014
-9166
-9212
-9485
-9171
-9375
-9132
-9285
-9405
-9178
-9401
-9028
-9247
-9287
-9249
-9213
-9088
-9276
-9217
-9216
-9108
-9108
-9297
-9316
-9310
-9361
-9326
-9392
-9415
-9295
-9340
-9178
-9411
-9159
-9331
-9255
-9192
-9556
-9065
-9392
-9228
-9202
-9205
-9199
-9131
-9034
-9287
-9011
-9042
-9046
-9081
-9373
-9251
-9449
-9142
-9099
-9306
-9086
-9346
-9016
-9463
-9204
-9236
-9355
-9095
-9281
-9016
-9228
-9124
-9283
-9154
-9330
-9216
-9161
-9412
-9246
-9263
-8836
-9133
-9309
-9162
-9172
-9125
-9264
-9198
-9249
-9118
-9176
-9208
-9242
-9250
-9148
-9232
-8996
-9364
-9211
-9246
-9174
-8965
-9260
-9024
-9298
-9138
-9283
-9142
-9095
-9069
-9001
-9326
-9011
-9214
-8919
-9179
-9180
-9075
-9072
-8888
-9307
-9069
-9205
-9007
-9258
-9343
-9121
-9181
-9068
-9155
-8990
-9145
-9002
-9215
-9406
-9123
-9099
-9113
-9213
-9168
-9059
-9111
-9044
-9046
-9068
-9062
-9120
-8906
-8994
-9224
-9063
-9184
-9151
-9043
-9254
-9049
-9263
-9064
-9282
-9134
-9073
-9501
-8765
-9570
-8988
-9071
-9383
-8860
-9413
-8666
-9192
-8863
-8965
-9265
-8861
-9346
-8886
-9250
-9011
-8907
-9000
-8784
-9224
-8690
-9004
-9014
-9022
-9200
-8839
-9273
-8952
-9163
-9099
-9085
-9154
-8982
-9323
-8984
-9204
-9133
-8994
-9087
-8900
-9224
-8975
-8805
-8987
-9023
-9226
-8898
-9091
-9124
-8971
-9016
-8919
-9053
-8848
-8894
-8945
-9049
-9069
-9096
-9108
-8934
-9072
-9047
-9099
-9002
-8962
-9064
-9053
-9077
-8828
-9007
-8935
-8903
-9127
-8918
-9011
-8928
-8997
-9122
-8982
-9108
-8818
-8959
-9099
-8803
-9115
-8865
-9018
-8931
-8951
-9310
-8871
-9082
-8728
-8939
-9089
-8894
-9109
-8815
-9056
-8905
-9073
-9053
-8913
-9091
-8962
-9072
-8971
-9038
-8995
-9021
-9009
-8948
-8929
-8956
-9155
-9163
-8990
-8897
-9037
-9069
-8995
-8889
-9014
-8961
-8959
-9090
-8837
-8987
-9008
-8905
-9018
-8833
-9067
-8964
-9012
-9145
-9035
-9231
-9000
-9110
-9006
-8909
-8959
-8877
-9115
-8949
-8934
-9088
-9010
-9151
-8982
-9023
-9082
-8934
-8985
-8828
-9039
-8946
-8832
-8893
-8924
-9065
-8957
-8996
-9015
-9004
-9087
-9085
-9048
-9038
-9087
-9139
-9133
-9004
-8970
-9121
-9077
-9092
-9102
-9043
-9005
-8949
-9060
-9132
-8925
-9021
-9050
-8941
-9026
-8835
-8976
-9034
-9073
-9082
-8835
-9128
-8900
-8987
-8900
-8879
-9164
-8953
-9153
-8829
-9097
-8980
-8830
-8939
-8778
-9021
-8978
-8944
-8889
-8870
-8974
-8667
-8970
-8784
-8842
-9040
-8797
-9254
-8854
-9227
-8660
-9010
-8762
-8863
-9195
-8459
-9353
-8620
-9058
-9048
-8792
-9200
-8754
-9182
-8965
-8904
-9199
-8630
-9270
-8932
-8961
-9193
-8782
-9299
-8669
-9035
-8823
-8935
-8942
-8831
-8814
-8898
-9214
-8607
-9274
-8552
-9144
-8984
-8525
-9191
-8454
-9122
-8642
-8910
-9189
-8753
-9133
-8590
-9031
-8715
-8794
-9092
-8834
-9011
-8639
-9225
-8886
-8808
-8940
-8875
-8778
-8974
-8855
-9211
-8939
-8467
-9102
-8308
-9127
-8573
-8893
-8947
-8575
-9156
-8698
-9002
-8851
-8939
-9104
-8964
-8795
-8877
-8877
-8972
-8779
-8885
-8555
-8633
-8799
-8713
-8656
-8788
-8485
-8619
-8885
-8679
-8857
-8399
-8778
-8552
-8861
-8820
-8806
-8800
-8934
-8994
-9091
-9046
-8626
-8951
-8340
-8843
-8693
-8857
-9237
-8651
-8927
-8652
-8862
-8887
-8570
-8863
-8554
-9037
-8842
-8977
-8902
-8474
-9045
-8371
-8923
-8884
-8834
-9369
-8775
-9189
-8694
-8692
-8732
-8579
-9164
-8710
-9250
-8760
-8746
-8847
-8405
-8932
-8455
-8939
-8760
-8784
-9043
-8680
-9286
-8861
-8708
-8966
-8423
-8905
-8841
-8741
-9017
-8732
-8911
-8709
-8640
-8601
-8765
-8651
-9145
-9100
-9029
-8786
-8944
-8604
-8840
-8687
-8712
-9850
-7486
-9462
-8245
-8742
-9756
-7925
-10066
-8114
-9140
-9479
-8356
-9501
-8598
-9429
-8770
-8741
-8586
-7933
-9119
-7751
-9856
-8643
-9424
-9394
-8247
-9934
-7753
-9521
-8587
-8854
-8854
-8814
-8466
-8472
-9165
-8084
-9682
-7796
-9208
-8291
-9030
-9540
-8461
-10261
-7258
-9986
-8251
-8843
-8463
-8130
-10013
-6783
-10382
-7771
-9196
-9074
-7887
-10111
-7895
-9806
-8811
-8707
-9413
-8259
-9129
-8759
-8280
-8804
-8035
-8711
-8712
-8879
-9020
-8850
-9515
-8450
-9401
-8494
-8548
-9080
-8242
-9294
-8041
-8776
-8666
-8211
-9618
-8323
-9228
-9167
-8068
-10220
-7957
-9321
-9309
-7660
-9604
-8059
-8960
-8333
-8863
-8940
-8400
-9717
-9012
-8252
-9337
-8007
-8923
-9027
-8512
-9889
-7313
-9801
-8111
-8799
-8832
-7844
-9571
-7635
-9977
-7785
-9445
-8890
-8804
-9520
-7984
-9456
-7820
-9624
-7879
-9626
-8112
-8825
-9227
-7786
-9724
-7811
-9165
-8303
-9440
-8696
-9313
-8349
-8893
-8543
-8434
-9380
-7709
-9527
-7893
-9171
-8856
-8402
-9379
-8790
-8361
-9338
-8852
-8326
-9378
-8231
-9489
-8610
-8604
-9031
-7613
-9301
-8216
-8588
-9529
-8320
-9665
-8588
-8822
-9123
-8290
-9263
-8385
-8665
-8639
-8581
-8537
-8617
-8697
-8706
-8950
-8145
-9070
-8403
-8884
-9223
-8584
-9026
-8337
-8763
-8377
-8535
-8880
-8662
-9206
-8852
-9010
-8701
-8704
-8427
-8750
-8614
-8160
-9223
-8138
-8789
-8897
-8461
-9168
-8323
-8572
-8514
-8527
-8832
-8477
-9401
-8597
-8993
-8732
-8437
-8829
-8087
-9123
-8159
-9011
-8655
-8463
-8654
-8204
-8960
-8327
-9053
-8517
-8740
-8824
-8196
-9016
-8294
-8566
-8547
-8239
-8719
-8151
-8957
-8654
-9010
-9193
-8839
-9226
-8144
-8635
-8323
-8602
-8698
-8599
-9008
-7896
-8972
-8372
-8608
-9004
-8104
-9193
-8189
-8842
-8740
-8525
-9114
-8221
-8894
-8021
-8380
-8588
-8054
-8976
-8253
-9091
-8663
-8390
-9185
-7990
-9006
-8410
-8690
-9043
-8044
-9005
-7833
-8630
-8367
-7903
-9221
-7826
-9289
-8061
-8845
-9326
-8003
-9705
-7414
-9244
-8092
-8155
-8803
-7674
-9502
-7857
-9341
-8225
-8263
-8734
-7725
-9333
-8230
-9063
-8700
-8452
-9066
-8319
-8789
-8365
-8497
-8398
-8354
-8364
-8722
-8589
-8817
-8834
-8446
-8812
-8026
-8865
-8379
-8722
-8407
-8037
-8738
-7610
-8475
-7953
-8454
-8591
-8368
-9097
-8223
-8971
-8579
-8378
-8736
-8064
-8713
-8286
-8491
-8582
-8066
-9101
-8121
-8719
-8782
-8125
-8772
-7800
-8991
-8508
-8576
-9089
-8008
-9019
-7687
-8336
-8543
-7920
-9034
-8263
-9008
-8276
-8505
-8801
-8115
-8989
-8323
-8716
-8586
-8368
-8667
-8256
-8616
-8509
-8406
-8260
-8441
-8558
-8518
-8599
-8484
-8499
-8142
-8367
-8248
-8269
-8498
-8286
-8673
-8564
-8724
-8637
-8236
-8632
-8263
-8650
-8567
-8285
-8887
-8457
-8743
-8545
-8501
-8518
-8216
-8526
-8090
-8357
-8240
-8387
-8632
-8485
-8915
-8475
-8671
-8354
-8337
-8497
-8239
-8711
-8478
-8632
-8328
-8338
-8551
-8393
-8503
-8384
-8785
-8539
-8466
-8498
-8305
-8670
-8343
-8152
-8216
-8321
-8481
-8383
-8636
-8583
-8606
-8417
-8178
-8477
-8484
-8604
-8499
-8644
-8474
-8361
-8487
-8254
-8449
-8261
-8464
-8407
-8432
-8637
-8385
-8594
-8556
-8612
-8202
-7995
-8443
-8571
-8729
-8457
-8500
-8552
-8272
-8380
-8163
-8266
-8568
-8637
-8766
-8596
-8536
-8380
-8280
-8435
-8394
-8342
-8272
-8488
-8615
-8545
-8340
-8198
-8498
-8677
-8604
-8235
-8232
-8418
-8392
-8357
-8377
-8466
-8342
-8302
-8201
-8143
-8248
-8273
-8336
-8275
-8198
-8076
-8198
-8357
-8336
-8440
-8249
-8302
-8364
-8271
-8090
-8083
-8309
-8336
-8484
-8309
-8265
-8142
-8241
-8529
-8351
-8418
-8131
-8258
-8467
-8314
-8436
-8065
-8242
-8199
-8433
-8233
-7970
-8542
-7926
-8078
-8038
-8203
-8318
-7987
-8241
-8137
-8347
-8143
-8053
-8356
-8010
-8449
-8453
-8207
-8635
-8067
-8353
-8081
-8083
-8212
-7912
-8315
-8041
-8370
-8232
-8362
-8485
-8138
-8182
-7965
-8060
-8240
-8377
-8235
-7989
-8155
-8236
-8234
-8174
-7948
-7909
-7890
-8293
-8452
-8212
-8092
-7946
-8128
-8196
-8038
-7913
-8143
-8241
-8194
-8081
-7896
-7958
-7908
-8072
-8026
-8151
-8215
-8018
-8126
-7975
-8234
-8269
-8082
-8184
-8160
-8151
-8079
-8076
-8159
-8113
-8024
-7995
-7876
-7893
-8021
-8302
-8356
-8137
-8059
-8073
-8158
-8301
-8153
-7974
-7918
-7954
-8253
-8079
-7860
-7856
-8021
-8267
-8169
-8056
-7734
-7730
-8098
-8177
-8000
-7658
-7856
-8164
-8177
-7947
-7795
-8117
-8111
-7975
-8147
-8163
-8088
-8010
-8068
-8165
-7888
-7851
-7962
-8091
-8084
-7980
-8137
-8101
-8187
-7943
-7748
-7909
-7862
-8118
-8076
-8162
-8210
-8066
-8129
-7833
-8003
-8004
-7977
-8008
-7916
-8171
-8049
-8102
-8057
-8006
-8029
-8095
-8143
-8038
-7976
-8028
-8165
-7887
-7939
-7923
-7994
-7859
-7928
-8195
-8082
-8277
-7899
-7819
-7731
-7736
-8066
-8007
-8038
-7769
-7951
-8024
-7861
-7901
-7854
-7989
-8048
-8112
-7835
-7999
-8135
-8086
-8096
-7879
-7864
-7538
-7791
-8159
-8302
-8306
-8000
-8099
-7955
-7965
-7918
-7640
-7707
-7850
-7990
-7919
-8111
-8190
-7790
-8196
-7980
-7901
-8226
-7511
-8137
-7892
-8142
-8221
-7620
-7817
-7196
-7915
-7825
-8095
-8107
-7945
-8185
-7676
-8017
-7806
-8131
-7977
-7792
-8032
-8007
-8168
-7613
-7702
-7928
-8022
-7938
-7912
-8024
-7882
-7796
-7606
-7797
-7756
-7979
-7869
-7729
-7724
-7753
-8092
-7870
-7966
-7860
-7683
-7981
-7970
-7922
-7882
-7902
-8051
-7957
-8134
-7903
-8048
-7889
-7810
-7989
-7541
-7719
-7515
-7910
-7871
-7865
-7924
-7639
-7898
-7765
-7955
-7822
-7749
-7833
-7813
-7822
-7858
-7702
-7576
-7851
-7832
-8007
-7886
-7890
-8131
-8019
-7647
-7455
-7913
-7622
-7755
-7595
-7691
-8054
-7689
-7956
-7772
-7956
-7717
-8067
-8095
-7677
-7986
-7533
-7709
-7562
-7611
-7705
-7604
-7799
-7643
-7966
-7924
-7954
-7967
-7646
-7910
-7761
-7810
-7783
-7563
-7739
-7557
-8011
-7962
-7986
-7899
-7481
-7912
-7700
-7926
-7622
-7697
-7867
-7744
-8270
-7929
-7909
-7556
-7657
-7855
-7623
-7851
-7737
-7857
-7946
-7794
-7788
-7738
-7893
-7963
-7883
-7921
-7834
-7947
-7995
-7752
-7564
-7708
-7797
-7929
-7863
-7793
-7960
-7750
-7964
-8026
-7786
-7706
-7720
-8107
-8005
-7850
-7929
-7782
-7723
-7532
-7565
-7730
-7879
-8073
-8116
-8011
-7832
-7777
-7823
-7990
-8033
-7802
-7752
-7780
-7742
-7680
-7812
-7933
-7903
-7869
-7987
-8033
-7828
-8116
-8277
-7686
-7765
-7732
-7458
-7988
-7648
-7927
-7774
-7921
-8062
-8109
-8119
-7860
-7686
-7605
-8260
-7734
-8060
-7526
-7680
-7937
-7759
-8059
-7831
-8165
-8060
-7520
-8391
-7671
-8133
-8368
-7160
-8474
-7692
-7363
-8257
-7600
-7379
-8584
-8144
-7983
-7312
-8879
-7588
-7317
-8893
-6799
-8497
-7503
-7314
-8462
-6784
-8368
-8106
-7361
-8573
-6852
-8833
-6989
-8410
-8345
-6401
-9269
-6966
-8403
-7864
-7674
-7999
-7679
-8275
-7644
-7847
-8376
-7358
-8220
-7369
-7782
-8505
-7107
-9146
-6774
-9134
-7345
-7928
-8525
-6604
-9167
-6367
-8788
-7335
-7655
-8799
-7018
-8998
-7114
-8221
-8112
-7496
-8902
-7248
-8760
-7843
-7829
-8402
-7359
-8354
-7865
-8121
-7801
-8246
-8123
-7863
-8086
-7497
-8083
-7683
-7894
-8015
-7670
-8160
-7731
-8508
-7911
-8064
-7928
-8055
-8334
-7578
-8289
-7316
-8646
-7200
-7721
-8118
-7264
-8734
-7145
-8237
-7845
-7629
-8292
-7418
-8153
-7903
-7625
-8250
-7356
-8174
-7593
-7961
-8333
-7576
-8620
-7487
-8302
-7754
-8180
-8667
-7577
-8266
-7926
-7988
-7841
-7513
-8284
-7792
-8059
-8141
-7911
-8380
-7160
-8454
-8195
-7835
-8235
-7435
-8163
-7674
-8112
-7873
-8013
-8087
-7915
-8101
-7746
-8940
-7341
-7895
-8576
-7417
-8792
-7842
-7810
-8073
-7784
-8588
-7145
-7927
-7969
-7665
-8803
-7472
-8246
-8021
-7567
-8557
-7384
-8372
-8061
-7545
-8639
-7084
-8683
-7643
-7773
-8298
-7037
-8741
-7420
-8453
-7992
-7872
-8303
-7751
-8761
-7283
-8308
-7792
-7467
-8633
-7542
-8688
-7749
-7844
-8176
-7583
-8531
-7574
-8018
-8067
-7660
-8095
-7706
-8035
-8026
-7923
-8299
-7687
-7971
-7845
-8266
-8081
-7992
-8341
-7722
-8239
-7458
-7950
-7740
-7902
-8038
-7438
-8229
-7980
-8347
-7804
-7790
-8229
-7786
-7954
-7812
-8089
-8226
-7911
-8060
-7808
-8134
-8177
-7952
-8002
-7822
-8017
-7980
-8157
-7638
-8298
-8046
-7635
-8120
-7632
-8250
-7575
-8226
-7647
-7869
-8238
-7458
-8396
-7654
-8192
-7602
-8209
-7916
-7770
-8055
-7655
-8297
-7779
-8222
-7423
-8684
-7602
-7852
-8240
-7339
-8991
-7160
-8510
-7749
-7831
-8497
-7180
-8714
-7376
-8344
-7728
-7723
-8344
-7121
-8403
-7417
-8145
-8066
-7576
-8379
-7548
-7836
-7453
-7759
-8179
-7569
-8058
-7742
-8098
-8111
-7634
-8063
-7584
-8411
-8161
-8097
-8091
-7380
-8157
-7795
-7969
-7967
-8133
-8165
-7674
-8142
-7870
-7756
-7619
-7589
-8165
-7869
-8118
-7826
-8101
-8504
-7750
-7931
-7449
-7956
-7843
-7850
-7792
-7603
-7957
-7760
-8251
-7901
-8156
-7749
-7518
-7929
-8066
-8407
-7663
-8039
-7803
-7796
-8073
-7719
-8456
-7833
-8280
-8120
-8034
-8114
-7602
-8180
-7781
-7689
-7911
-8009
-7896
-8072
-7952
-7961
-7762
-7702
-7888
-7697
-8040
-7881
-7860
-7863
-8135
-8143
-7740
-7967
-7591
-8040
-7593
-8011
-8129
-7655
-8446
-7516
-8200
-7786
-7793
-7913
-7950
-8415
-7575
-8524
-7735
-8050
-7886
-7751
-8395
-7831
-8519
-7749
-8103
-7880
-7842
-8019
-7750
-8247
-7952
-7799
-7967
-7702
-7877
-8176
-7472
-7930
-7785
-8006
-8180
-8024
-7865
-7912
-7789
-7957
-7985
-7875
-7941
-7812
-8532
-7908
-8177
-7744
-7915
-8144
-7958
-8350
-7959
-8364
-7910
-7918
-7923
-7830
-7916
-7543
-7910
-7823
-7971
-8002
-7830
-8043
-7716
-7785
-7763
-7906
-7971
-7925
-8207
-8131
-7702
-7571
-7723
-7784
-7941
-7899
-8228
-7869
-7744
-7789
-7868
-8232
-7594
-7840
-7779
-8224
-8058
-7319
-7921
-7884
-8278
-7870
-8211
-8165
-7763
-8050
-7779
-8234
-7748
-7922
-7848
-7966
-8161
-7986
-8103
-7680
-7926
-7707
-7819
-8018
-7839
-7895
-7805
-7934
-7887
-7732
-7942
-7888
-7869
-7716
-8086
-8209
-7668
-7713
-7842
-7904
-7718
-7760
-7788
-7829
-7837
-8035
-7869
-8015
-8145
-8266
-8265
-7779
-8009
-7641
-7817
-7673
-7976
-8159
-7781
-8006
-7486
-7935
-7922
-7727
-7897
-7654
-8020
-7885
-7886
-7988
-7824
-7796
-7683
-7905
-7678
-7974
-8206
-8160
-7948
-7622
-8019
-7931
-8234
-7770
-7495
-7781
-8091
-8409
-7793
-7769
-7727
-7808
-8035
-8272
-8202
-7811
-7797
-8088
-8179
-7896
-7748
-7747
-7991
-7718
-7825
-7780
-8065
-8067
-7538
-8053
-7884
-7965
-7706
-7898
-8087
-7478
-7580
-7767
-8112
-8117
-7954
-8023
-7930
-7735
-7726
-7769
-8038
-8003
-8043
-7892
-7976
-8204
-7762
-7709
-7772
-8292
-8245
-7623
-7764
-8078
-8119
-7514
-7439
-7852
-7908
-8052
-7804
-7942
-7986
-7851
-7827
-7724
-7827
-7566
-7920
-8168
-8337
-8136
-7793
-7987
-7829
-7981
-7705
-7721
-7677
-8028
-8557
-8161
-7890
-7717
-7934
-7910
-7821
-7679
-8132
-8195
-7983
-7905
-7675
-7888
-7532
-7693
-7807
-8079
-8151
-7895
-7932
-7565
-7790
-7902
-8006
-7855
-7639
-7923
-7932
-8049
-7794
-7812
-8062
-7887
-7970
-7930
-8063
-8165
-7974
-7810
-7850
-8162
-7904
-7879
-8041
-7932
-7792
-7761
-8018
-7941
-7756
-7596
-7875
-8041
-7909
-7944
-7965
-8012
-7769
-7837
-7857
-7911
-8096
-8227
-8129
-7709
-7643
-7402
-7738
-8147
-8048
-7774
-7746
-8048
-8091
-8148
-8112
-8124
-8020
-7824
-7924
-8011
-7817
-7743
-7672
-7919
-8074
-7919
-7903
-8015
-8095
-7958
-7871
-7769
-7849
-7891
-7900
-7999
-7974
-8010
-7861
-7831
-8010
-7832
-7764
-7722
-7708
-7905
-8093
-7897
-7723
-7887
-7979
-8093
-8039
-7811
-7687
-7876
-8237
-8076
-7759
-7745
-7817
-8015
-7869
-7842
-7827
-7790
-8055
-8142
-7976
-7673
-7862
-7926
-7690
-7769
-7601
-7825
-7936
-7880
-7877
-7601
-7962
-7805
-7765
-7834
-7920
-8085
-7734
-7812
-7560
-7667
-7763
-7852
-8077
-7716
-7796
-7762
-7786
-7701
-7544
-7663
-7727
-8018
-7928
-7819
-7843
-7746
-7904
-7726
-7822
-7787
-7685
-7728
-7521
-7939
-7916
-7815
-7462
-7590
-7870
-7714
-7951
-7919
-7979
-7704
-7750
-7876
-7678
-7831
-7846
-7752
-7751
-7701
-7800
-7668
-7805
-7938
-7855
-7914
-7710
-7585
-7656
-7771
-7873
-7778
-7622
-7499
-7583
-7836
-7660
-7641
-7728
-7898
-7627
-7617
-7829
-7708
-7779
-7722
-7746
-7640
-7578
-7775
-7990
-7779
-7769
-7918
-7868
-7835
-7703
-7647
-7655
-7808
-8054
-7811
-7741
-7648
-7930
-8256
-7951
-7823
-7417
-7727
-7856
-7739
-7744
-7528
-7627
-7647
-7864
-7699
-7520
-7616
-7680
-8062
-7925
-7610
-7694
-7906
-8138
-7920
-7852
-7803
-7642
-7880
-7899
-7749
-7596
-7854
-8268
-8151
-7888
-7665
-7726
-7814
-7717
-7704
-7799
-7961
-7987
-7829
-7532
-7575
-7908
-7853
-7906
-7857
-7691
-7654
-7585
-7985
-8253
-7880
-7525
-7625
-7917
-7880
-7696
-7622
-7873
-8043
-7732
-7626
-7812
-8078
-7772
-7709
-7925
-7818
-7703
-7688
-8088
-8180
-7848
-7611
-7774
-7801
-8043
-8030
-8036
-8184
-7684
-7806
-7912
-7975
-7846
-7732
-7973
-8086
-8157
-7822
-8008
-8008
-7719
-7884
-8107
-7940
-7760
-8101
-8283
-8065
-7612
-7640
-7758
-8067
-8054
-8020
-8111
-7999
-8114
-7828
-7997
-7744
-7876
-8033
-7966
-8125
-7777
-7963
-7971
-8174
-7838
-7594
-7973
-8014
-8006
-7722
-7630
-7732
-7973
-8073
-7970
-8032
-8115
-7920
-8021
-8061
-7800
-7924
-7912
-8067
-8150
-8227
-8195
-8080
-8330
-7849
-7800
-8136
-7988
-8169
-8027
-8097
-8256
-8239
-8147
-7666
-8039
-7858
-7972
-8229
-7782
-7965
-7926
-7981
-7690
-7677
-7831
-8083
-8245
-8053
-8122
-7955
-8145
-8034
-7939
-7957
-7861
-8146
-8061
-8210
-8190
-8179
-8201
-8015
-8115
-8025
-8314
-7948
-7887
-8122
-7953
-8065
-7942
-8201
-8026
-7968
-8068
-7979
-8070
-7900
-7954
-7762
-7729
-7787
-7968
-8209
-8076
-8145
-8086
-8118
-8224
-8281
-8276
-8115
-8100
-8077
-8078
-8326
-8097
-8245
-8259
-8200
-8368
-8157
-8361
-8222
-8284
-8082
-7954
-8035
-8097
-8333
-8101
-7890
-8010
-8066
-8076
-8143
-7910
-7933
-7872
-8038
-8107
-8119
-8147
-8126
-8267
-8074
-8241
-7949
-7972
-8044
-8021
-8467
-8052
-8246
-8123
-8100
-8491
-8098
-8085
-8133
-8175
-8299
-8170
-8027
-8147
-8085
-8164
-8034
-8091
-7977
-7994
-8313
-8184
-8278
-7974
-7871
-7978
-8080
-8116
-7978
-8097
-8049
-8074
-8105
-7820
-7991
-7942
-8106
-8292
-8077
-8146
-8042
-8134
-8160
-8200
-8131
-8035
-8071
-8021
-8226
-8221
-8060
-7932
-7907
-8165
-8172
-8201
-7942
-7922
-7984
-7947
-8103
-7970
-8037
-8017
-8157
-8133
-8003
-7873
-7877
-8034
-8179
-8182
-8013
-8053
-8086
-8230
-8175
-8136
-7956
-7803
-7922
-8046
-8128
-7915
-8070
-8085
-7964
-8047
-7849
-8010
-8019
-8074
-8048
-7942
-8183
-7984
-7921
-7736
-7687
-8006
-7957
-8076
-7949
-7919
-8053
-8124
-8153
-7881
-8144
-8043
-8022
-7904
-7805
-7832
-7705
-8019
-7929
-7813
-7774
-8146
-8242
-8031
-7905
-7785
-7769
-7835
-7951
-7828
-7903
-7988
-7939
-7839
-7788
-7985
-7864
-7675
-7990
-8186
-8204
-7908
-7856
-8028
-7876
-7730
-7840
-8249
-8082
-7942
-8019
-7821
-8020
-7859
-7855
-7639
-7456
-7977
-8025
-8198
-8009
-7842
-7834
-7791
-7916
-7778
-7773
-7944
-8019
-8016
-7865
-7805
-7857
-7794
-8040
-8145
-7932
-7695
-7740
-7946
-8000
-7924
-7795
-7923
-8053
-7993
-7832
-7820
-8009
-8197
-8121
-7920
-7913
-7810
-7925
-7764
-7665
-7916
-7929
-8019
-7848
-7746
-7719
-7845
-7974
-8008
-7790
-7642
-7867
-7946
-8014
-7760
-7912
-8081
-7836
-7698
-7658
-7956
-7969
-8031
-8204
-7970
-7903
-8045
-8105
-8091
-7891
-7688
-7931
-7925
-7870
-7909
-7906
-7926
-7752
-7890
-7933
-8109
-8034
-7804
-7907
-7870
-8336
-8312
-8052
-7981
-7778
-8076
-8012
-8125
-8235
-8161
-8013
-7682
-7794
-7982
-8271
-8308
-8122
-7807
-7844
-8112
-8079
-8102
-8029
-7903
-7889
-8173
-8280
-8114
-8114
-8064
-8004
-8055
-8082
-8136
-8246
-8266
-8211
-7884
-7904
-8087
-7960
-8007
-8158
-8636
-8491
-8321
-8243
-8142
-8138
-7882
-8160
-8229
-8207
-8102
-8261
-8336
-8234
-8045
-7841
-8132
-8269
-8060
-7861
-8181
-8293
-8167
-7955
-7970
-8172
-8280
-8401
-8257
-8213
-8204
-8337
-8403
-8292
-8305
-8115
-8332
-8639
-8582
-8314
-8194
-8475
-8455
-8276
-8034
-7999
-8148
-8326
-8335
-8048
-8091
-7967
-8129
-8329
-8427
-8692
-7967
-8148
-8567
-8298
-8138
-7948
-8378
-8323
-8217
-8399
-8166
-8499
-8486
-8523
-8303
-7933
-8504
-8261
-8517
-8365
-8339
-8140
-8069
-8765
-8182
-8371
-8226
-8327
-8539
-7925
-8588
-8282
-8225
-8370
-7867
-8481
-8068
-8395
-8114
-8083
-8311
-8227
-8685
-8026
-8459
-8293
-8311
-8355
-8086
-8469
-8050
-7975
-8179
-8007
-8685
-8485
-8102
-8275
-8109
-8275
-7969
-8520
-8525
-8093
-8300
-8339
-8586
-8219
-8141
-8225
-8159
-8559
-8426
-8427
-8365
-8246
-8244
-8062
-8058
-8359
-8629
-8311
-8296
-8163
-8140
-8269
-8448
-8460
-8276
-8330
-8119
-8311
-8391
-8313
-8247
-8405
-8256
-8428
-8020
-8229
-8425
-7910
-8883
-7669
-8716
-8079
-8304
-8723
-7940
-8970
-7491
-9012
-8284
-8474
-8210
-8073
-8162
-7926
-8775
-8068
-8975
-7927
-8461
-7914
-8087
-8655
-7877
-9023
-8345
-8527
-8245
-7608
-8465
-8164
-8780
-8326
-7922
-8529
-8420
-8919
-7955
-8327
-8287
-7780
-8714
-7799
-8526
-8179
-8092
-8681
-8060
-8695
-7914
-8710
-8550
-8450
-8465
-8022
-8635
-8254
-8543
-8402
-8332
-8380
-8463
-8516
-8590
-8368
-8505
-8388
-8314
-8590
-8313
-8507
-8181
-8447
-8351
-8035
-8247
-8454
-8888
-8497
-8245
-8126
-8272
-8412
-8474
-8467
-8332
-8168
-8175
-8338
-8472
-8821
-8632
-8592
-8156
-8367
-8353
-8609
-8452
-7760
-8254
-7998
-8595
-8444
-8420
-8377
-8346
-8717
-8329
-8551
-8315
-8453
-8532
-8386
-8291
-8251
-8347
-8272
-8515
-8650
-8496
-8493
-8340
-8363
-8549
-8394
-8205
-8085
-8290
-8663
-8665
-8380
-8306
-8341
-8525
-8658
-8403
-8182
-8579
-8604
-8234
-8109
-8144
-8352
-8592
-8514
-8298
-8320
-8413
-8419
-8467
-8570
-8047
-8064
-8204
-8328
-8342
-8335
-8650
-8344
-8456
-8376
-8400
-8524
-8400
-8591
-8356
-8345
-8283
-8103
-8160
-8076
-8448
-8493
-8299
-8375
-8417
-8307
-8106
-8213
-8332
-8534
-8458
-8601
-8367
-7889
-8071
-8237
-8398
-8142
-8137
-8161
-8513
-8353
-7946
-8238
-8223
-8292
-7767
-8062
-8440
-8383
-8381
-7969
-8221
-8151
-8302
-8277
-8008
-8281
-8160
-8384
-8246
-8110
-8239
-8072
-8367
-8369
-8317
-7992
-8128
-8491
-8241
-8240
-8150
-7989
-7994
-8230
-8388
-8261
-7995
-8095
-8209
-8338
-8337
-8218
-8229
-8048
-8114
-7834
-7795
-8195
-8193
-8120
-7716
-8074
-8390
-8164
-8034
-8002
-8398
-8202
-8101
-8019
-8038
-7964
-8027
-8136
-8010
-8121
-8083
-8056
-8192
-8202
-8083
-8288
-8260
-8235
-8082
-7968
-7910
-7927
-8332
-8318
-8109
-7965
-7895
-8186
-7931
-7940
-7984
-8036
-7949
-7946
-8100
-7739
-8113
-7893
-7983
-7753
-7710
-8212
-7988
-8085
-8113
-8240
-8144
-8199
-8170
-7913
-8373
-7903
-8377
-7920
-7985
-8599
-7625
-8863
-7303
-8295
-7946
-7753
-8632
-7224
-8561
-7656
-8170
-7969
-8094
-7863
-8199
-7621
-8475
-7783
-7625
-9340
-6748
-9042
-7422
-8012
-8499
-7263
-8426
-7834
-7930
-8083
-8083
-7791
-8956
-7573
-8048
-7861
-7869
-8678
-7668
-8381
-7821
-8027
-8536
-7828
-8611
-7845
-7690
-8390
-7609
-8592
-7680
-8338
-8096
-8022
-8426
-7815
-8674
-7770
-8241
-8045
-8209
-8114
-8369
-7789
-8446
-8094
-7920
-8660
-7598
-9012
-7368
-8627
-8026
-7826
-8788
-7377
-9004
-7853
-8058
-8404
-7989
-8597
-8130
-8346
-8501
-8310
-8250
-8267
-8325
-8043
-8308
-8165
-8212
-8356
-7995
-8392
-8092
-8238
-8472
-8244
-8343
-8176
-8392
-8538
-8319
-8601
-8237
-8412
-8164
-8019
-8787
-8208
-8820
-8180
-8539
-8252
-8325
-8820
-8194
-8755
-7634
-8922
-8144
-8911
-8372
-8078
-9047
-7711
-9244
-7778
-8829
-9150
-7965
-8849
-8260
-8046
-8742
-8310
-8438
-8693
-8388
-8929
-7936
-8913
-8527
-8156
-9348
-7449
-8913
-8213
-7895
-9645
-7401
-8861
-8106
-8383
-9327
-7635
-9665
-8146
-8042
-9142
-8060
-9094
-8138
-8544
-8103
-8753
-9239
-7919
-9187
-7642
-8362
-8510
-7891
-9077
-8107
-8768
-8688
-7680
-8740
-8152
-8259
-9193
-7677
-8813
-8424
-8129
-9350
-7628
-9235
-8393
-8369
-8984
-8041
-9035
-8032
-8976
-8420
-8321
-8441
-8586
-8765
-8242
-9054
-8225
-8994
-8329
-8517
-8647
-8131
-9094
-7950
-9157
-8275
-8478
-8865
-8095
-8997
-7978
-8771
-8514
-8692
-8847
-8584
-8643
-8316
-8823
-8590
-9000
-8352
-8700
-8721
-8504
-9047
-7962
-8893
-8299
-8974
-8874
-8255
-9033
-7815
-8949
-8382
-8695
-8643
-8253
-9366
-8402
-8990
-8580
-8671
-9202
-8073
-8951
-8247
-8661
-8973
-8264
-9087
-8238
-8833
-8656
-8674
-8978
-8306
-8870
-8473
-8573
-8716
-8416
-8984
-8639
-8748
-8746
-8727
-8949
-8558
-8556
-8552
-8693
-8844
-8628
-8891
-8970
-8331
-9014
-8427
-8759
-8477
-8603
-8472
-8765
-8704
-8352
-9122
-7701
-9704
-7675
-9064
-8737
-7791
-9825
-7623
-9870
-8144
-8547
-9244
-7813
-9489
-8079
-9098
-8968
-8236
-9368
-7974
-9006
-8643
-8615
-9260
-8378
-9157
-8384
-8644
-8702
-8521
-8846
-8142
-8698
-8498
-8459
-8461
-8426
-8552
-8485
-8492
-8461
-8880
-8654
-8668
-8831
-8803
-8786
-8730
-8633
-8871
-8420
-8610
-8546
-8671
-8685
-8485
-8676
-8759
-8701
-8492
-8829
-8299
-8778
-8234
-8537
-8368
-8733
-8511
-8496
-8960
-8402
-9057
-8136
-9348
-8552
-8638
-8728
-8531
-9131
-8602
-9143
-8477
-9055
-8742
-8900
-9092
-8179
-9076
-8540
-8475
-8717
-8334
-8957
-8795
-8762
-8555
-8932
-8358
-9186
-8261
-8604
-8668
-8117
-9588
-7759
-9944
-7805
-8965
-8963
-8229
-9818
-7458
-10061
-7857
-8955
-9257
-7686
-10122
-8327
-8851
-9012
-7940
-9804
-7639
-9672
-8135
-8135
-9999
-6711
-10542
-7422
-9365
-8566
-8656
-9216
-7735
-10497
-6900
-10610
-7905
-8717
-9777
-7031
-10512
-7271
-9511
-8521
-8232
-10557
-7099
-10488
-7349
-9539
-9492
-7584
-10258
-7709
-9660
-8713
-8958
-8489
-9392
-7965
-8995
-9387
-7766
-9950
-8096
-8711
-8359
-8817
-8451
-8485
-9379
-8201
-9376
-7918
-9070
-8925
-8049
-9856
-7667
-9214
-8715
-8224
-9489
-8117
-8974
-8560
-8932
-8735
-8610
-9242
-8304
-9497
-8542
-8934
-8525
-8244
-9574
-7917
-9491
-8848
-8463
-9575
-7963
-9560
-8286
-8435
-9336
-7822
-9532
-8009
-9102
-8607
-8122
-9293
-8169
-9544
-8436
-8093
-10040
-7926
-9082
-8668
-7954
-9764
-7840
-10027
-7786
-8939
-9069
-7997
-10033
-7794
-9632
-8757
-8247
-9394
-8491
-9086
-8626
-8254
-9493
-8436
-8695
-8651
-8491
-9099
-8588
-9039
-8137
-9059
-8947
-8348
-9060
-8753
-9082
-8754
-8157
-9257
-8638
-8683
-9136
-8284
-8993
-8694
-8974
-8587
-8821
-8697
-9152
-9007
-8788
-8861
-8494
-9040
-8861
-8905
-8855
-8472
-8730
-8946
-7847
-9532
-7735
-9157
-8842
-8207
-9400
-7912
-9378
-8058
-9235
-8940
-8852
-9065
-8390
-8810
-8771
-8389
-8976
-8813
-8840
-8554
-8642
-8952
-8371
-9784
-8063
-9667
-8400
-8816
-9286
-8209
-9075
-7873
-9543
-8118
-9663
-8458
-8337
-9584
-7912
-9310
-8281
-8918
-8781
-8237
-9337
-8018
-9030
-8898
-8568
-9104
-8107
-9516
-7406
-9572
-8771
-8387
-9849
-7187
-10345
-7439
-9279
-8803
-8282
-9743
-7059
-9904
-7453
-9883
-8232
-8334
-9528
-7365
-10271
-7315
-9542
-8092
-8541
-9622
-7185
-9854
-7914
-8956
-9245
-7957
-9997
-8046
-8953
-8809
-7857
-9335
-7673
-9346
-8405
-7971
-8848
-8281
-8908
-9026
-8544
-8621
-8283
-8361
-8788
-8671
-8376
-8447
-8809
-7730
-9681
-7943
-9424
-8334
-8248
-9382
-7622
-10073
-7628
-9569
-8579
-8162
-9101
-7923
-9166
-8335
-8814
-8615
-8039
-8703
-8441
-8950
-8821
-7721
-8756
-7823
-9181
-8629
-8454
-9054
-7835
-9108
-8188
-8754
-8582
-8585
-8483
-8394
-8839
-8270
-8434
-8640
-8264
-8898
-8723
-8208
-9393
-7751
-9118
-8824
-7906
-9422
-7618
-8891
-7994
-8563
-8946
-7805
-9430
-7717
-9345
-7916
-9197
-8493
-7456
-9532
-6613
-9952
-7690
-8524
-9488
-7096
-9514
-8096
-8094
-9015
-8127
-8839
-8663
-8123
-9180
-8111
-9333
-7544
-8465
-8875
-7844
-9407
-7199
-9246
-8209
-8523
-9346
-7608
-9823
-7846
-8529
-9338
-7047
-9864
-7838
-8203
-9287
-7507
-9019
-8098
-8217
-8565
-8364
-8136
-8388
-8289
-8588
-8491
-8455
-8358
-8361
-8696
-8191
-8811
-8212
-8939
-8229
-8300
-8779
-8063
-8990
-8174
-8548
-8501
-8735
-8641
-8454
-8562
-8238
-8647
-8447
-8144
-8430
-8404
-8028
-8705
-8022
-8569
-8103
-7929
-8458
-8796
-8770
-8103
-8248
-8253
-8667
-8415
-8690
-7965
-8837
-7884
-8789
-8390
-8066
-9569
-7759
-8982
-8317
-8625
-8260
-8665
-8625
-8006
-8935
-8283
-8782
-8173
-8478
-8322
-8337
-8746
-8196
-8763
-8352
-8887
-8164
-8489
-8525
-7768
-9137
-7340
-8897
-8184
-8550
-8907
-7492
-9562
-7820
-8449
-8279
-8311
-9134
-7902
-9120
-8609
-8402
-8771
-8214
-8933
-8159
-8764
-8446
-8288
-8923
-8259
-8773
-8497
-8225
-8260
-8399
-8514
-8560
-8276
-8240
-8288
-8530
-8458
-8435
-8661
-8615
-8793
-8337
-8307
-8469
-8426
-8793
-8237
-8493
-8712
-8344
-8618
-8233
-8223
-8530
-8295
-8547
-8572
-8343
-8898
-8704
-8875
-8443
-8577
-8445
-8193
-8493
-8348
-8329
-8352
-8706
-8344
-8541
-8295
-8546
-8314
-8425
-8384
-8024
-8659
-8222
-8716
-8396
-8412
-8679
-8033
-8833
-7967
-8682
-8546
-8032
-8895
-7839
-8785
-8269
-8505
-8815
-8472
-8918
-8369
-8483
-8548
-8313
-8775
-8634
-8265
-8493
-8331
-8428
-8349
-8505
-8058
-8466
-8279
-8487
-8305
-8410
-8763
-8490
-8721
-8038
-8363
-8227
-8695
-8301
-8321
-8232
-8707
-8777
-8455
-8695
-8097
-8650
-8411
-8485
-8344
-8374
-8358
-8561
-8421
-8694
-8382
-8146
-8435
-7821
-8970
-8324
-8793
-8437
-7825
-8805
-8258
-9083
-7945
-8080
-8366
-8110
-9077
-8276
-8540
-8460
-8307
-8795
-8170
-8476
-8594
-8080
-9138
-8232
-8629
-8463
-7831
-9048
-8024
-8868
-7895
-8407
-8934
-7962
-8859
-7879
-8700
-8449
-8151
-8722
-7932
-8374
-8397
-8411
-8992
-8126
-8372
-8519
-8249
-8668
-8293
-8578
-8628
-8435
-8466
-8277
-8616
-8712
-8362
-8467
-8194
-8571
-8454
-8604
-8524
-8029
-8344
-8280
-8736
-8492
-8522
-8371
-8325
-8783
-7969
-8577
-8403
-8003
-8691
-7984
-8568
-8064
-8549
-8508
-8568
-8342
-7919
-8544
-8203
-9281
-8022
-8623
-8023
-7801
-8508
-7923
-8519
-7965
-8539
-8536
-8306
-8543
-7669
-8686
-8359
-8517
-8663
-7428
-8679
-7681
-8845
-8252
-8147
-8930
-7586
-9600
-7868
-8431
-8813
-7470
-9534
-7163
-9402
-7780
-8039
-9830
-6741
-10108
-7202
-8874
-8237
-8043
-9412
-6608
-9923
-7244
-9075
-8360
-7547
-9638
-7392
-8851
-8267
-8857
-8599
-8304
-8578
-8165
-8449
-8603
-7819
-9193
-7525
-9191
-7540
-8581
-8592
-6910
-10528
-5952
-10111
-6976
-8634
-8610
-7429
-9334
-6866
-9360
-8292
-7913
-9665
-6281
-9482
-8061
-6664
-11403
-3925
-12063
-5766
-9478
-9046
-5756
-12181
-4718
-11477
-5814
-8583
-8929
-7077
-10363
-6340
-9770
-7625
-7956
-9190
-6677
-9594
-7009
-8185
-9333
-6606
-9975
-7058
-8664
-8464
-7407
-9738
-6768
-8622
-7619
-8386
-8980
-7549
-8579
-7511
-8792
-7635
-7827
-8048
-8111
-8875
-7411
-8368
-8104
-8326
-8266
-7874
-8378
-7965
-8251
-7789
-7906
-8104
-7925
-8212
-7846
-7971
-8040
-7961
-8155
-8120
-8221
-7852
-7997
-7909
-7771
-8020
-8164
-8504
-7972
-7772
-7821
-7960
-8189
-7937
-7964
-7715
-7762
-7938
-7926
-8443
-7966
-8156
-7981
-8050
-8498
-8173
-8324
-7879
-7752
-8289
-8100
-7655
-8377
-7882
-8478
-7695
-7890
-8524
-7006
-8703
-7418
-8196
-8222
-7152
-8838
-7561
-8857
-7859
-8006
-8468
-6938
-9184
-7849
-8274
-8383
-7427
-8679
-7768
-8576
-8341
-7979
-8519
-8200
-8855
-8341
-8163
-8225
-7971
-8467
-7911
-8200
-7804
-7995
-8558
-8342
-8641
-7974
-8407
-8192
-8430
-8399
-8169
-8155
-8040
-8158
-7899
-8450
-8192
-8718
-8210
-8091
-8451
-8165
-8669
-8405
-8732
-8478
-8332
-8405
-7944
-8411
-8361
-8305
-8312
-8427
-8939
-7921
-7942
-8579
-9027
-8826
-7982
-8507
-8441
-8508
-8118
-8113
-8366
-8190
-8143
-7850
-8702
-8357
-8394
-8528
-8157
-8352
-8009
-8539
-8185
-7995
-8200
-8474
-8633
-8164
-8176
-8124
-8634
-8450
-8668
-8378
-7915
-8566
-8036
-8858
-7949
-7843
-8870
-7640
-8808
-8189
-8383
-8172
-8244
-8073
-8056
-9180
-6971
-9659
-6419
-8978
-8894
-6592
-10257
-5906
-11106
-6278
-8808
-8763
-6162
-11813
-4932
-10628
-7372
-8008
-9430
-6021
-10119
-6625
-9298
-8220
-8225
-9011
-7321
-9096
-8077
-8858
-8693
-8284
-9233
-7766
-8789
-8515
-7919
-10249
-6230
-10153
-8262
-7365
-11001
-6130
-9698
-8953
-8239
-8837
-8580
-8086
-8531
-8479
-9685
-8249
-7402
-9647
-6677
-10673
-5452
-8562
-9732
-4776
-12763
-3589
-9519
-8578
-4585
-14480
-1728
-12957
-6551
-5570
-13393
-3670
-13909
-2783
-11364
-7376
-7379
-10637
-5666
-12260
-2161
-14012
-3850
-9137
-10071
-3873
-11906
-4658
-11546
-5606
-9825
-8324
-7315
-10607
-5275
-10118
-6496
-10496
-7748
-8008
-10142
-5691
-12008
-6851
-7823
-10976
-5610
-10275
-7832
-8315
-8904
-7656
-9048
-7365
-9494
-7007
-10469
-6195
-10670
-8744
-6245
-11294
-5325
-10873
-5818
-10403
-8756
-7617
-10787
-6207
-11535
-6207
-10152
-8846
-5331
-12556
-6947
-7621
-12287
-4760
-12134
-6479
-8567
-13004
-3538
-13950
-5090
-13186
-5888
-10567
-11069
-4043
-13879
-3942
-13971
-3596
-13763
-6873
-7505
-11982
-3032
-15103
-2679
-13164
-7737
-6835
-12746
-4791
-13268
-5037
-9925
-11104
-5669
-12795
-6062
-10271
-7949
-9907
-8935
-7803
-10794
-5066
-11228
-7797
-9919
-10712
-4955
-13818
-5194
-9886
-13376
408
-20573
-371
-13240
-11658
-252
-21303
2319
-17863
-5174
-7070
-17198
1334
-19861
-2581
-10651
-12850
-1588
-19188
1189
-16296
-1467
-12985
-11914
-1556
-21442
4049
-21970
-119
-13367
-11782
-3851
-15328
-3553
-15551
-1781
-18433
-2195
-14100
-10313
-2868
-20121
404
-16910
-7316
-7641
-9159
-6309
-15249
-5955
-6992
-15475
-4498
-10068
-15186
1561
-23034
1471
-12219
-14394
2548
-23944
3274
-16605
-8122
-3578
-18153
-484
-14400
-6189
-10351
-9876
-7979
-13784
-1208
-17928
-3462
-7361
-16624
-971
-17185
-5642
-8380
-13041
-5354
-13578
-6253
-9774
-11449
-4844
-13210
-7686
-9076
-10808
-6581
-12748
-6916
-11358
-9070
-8974
-10351
-8026
-10446
-8733
-10156
-9734
-9748
-8135
-11163
-7231
-10938
-10499
-7318
-10863
-10116
-9354
-9849
-9395
-9087
-10520
-8223
-11535
-7761
-10099
-9733
-9432
-10005
-9151
-10418
-8515
-11223
-8525
-9612
-9477
-9853
-9206
-9874
-10240
-9129
-9826
-8906
-10208
-9226
-9335
-10304
-9837
-8909
-9839
-9360
-9638
-10115
-9114
-10179
-9454
-9575
-10245
-9355
-10039
-9382
-9259
-9681
-8839
-10158
-9543
-9276
-9501
-9745
-10156
-9549
-9765
-9519
-10307
-9807
-9559
-9231
-8778
-9672
-9337
-9525
-9858
-9651
-10032
-9079
-9454
-9441
-8966
-9808
-8490
-10852
-9036
-9277
-9553
-8137
-10356
-8523
-11264
-9345
-9798
-9493
-8906
-10349
-7869
-9708
-8244
-10032
-9168
-9752
-10072
-9063
-10066
-8685
-10077
-8694
-9210
-8972
-10776
-9645
-9043
-8781
-8867
-9788
-8257
-10440
-7669
-10878
-9908
-9229
-9703
-7423
-10120
-8686
-9830
-9296
-9189
-10349
-9107
-9654
-8615
-8797
-9489
-8346
-9778
-8700
-9426
-9398
-8491
-9451
-8282
-9605
-8546
-8846
-9427
-8588
-9863
-9441
-9201
-8936
-8601
-9526
-9154
-8826
-9045
-8678
-9926
-9626
-9071
-8495
-8491
-9701
-9054
-9901
-9286
-9063
-9192
-8872
-9167
-8680
-8812
-9057
-9289
-8913
-9121
-9495
-9973
-8812
-8591
-8943
-9259
-9729
-8736
-9054
-8719
-9199
-9203
-8920
-9854
-8466
-8586
-8884
-9324
-9683
-8636
-9453
-9070
-9449
-9112
-8868
-9005
-8655
-9318
-9055
-9184
-9248
-8886
-9141
-9082
-8895
-9045
-8560
-9553
-9420
-9320
-8944
-8679
-9590
-8383
-9504
-9402
-8686
-9408
-8807
-9897
-8557
-8633
-9000
-8538
-9606
-9036
-8966
-8983
-9309
-9055
-8778
-8661
-9112
-8783
-9278
-9149
-9116
-9442
-8727
-9213
-9387
-8481
-9337
-8311
-9106
-10160
-7905
-9737
-8028
-9363
-8692
-8612
-9841
-8052
-9425
-8747
-9465
-9275
-8387
-9149
-8691
-8931
-9458
-8136
-9813
-8921
-8431
-9069
-8641
-9647
-8979
-8721
-9186
-8836
-9558
-9196
-8575
-9659
-7913
-9328
-8267
-8937
-8995
-8004
-9566
-7964
-9579
-8269
-8875
-9256
-8632
-9474
-8655
-9309
-9153
-8421
-8928
-8554
-8394
-9391
-8699
-9176
-8259
-8765
-9231
-8278
-8493
-7832
-9141
-9064
-8908
-8753
-8807
-8728
-8525
-9016
-8535
-9021
-8057
-8902
-8938
-8716
-8781
-8485
-9023
-8403
-8820
-8701
-9022
-8532
-8735
-8767
-8301
-8658
-8579
-8697
-8254
-9144
-8385
-8626
-9276
-7751
-9579
-7759
-8763
-9170
-7753
-10054
-7567
-9243
-8582
-8342
-9357
-7721
-9463
-7863
-8386
-8575
-8116
-9177
-8080
-9054
-8382
-8163
-8734
-8361
-8860
-8327
-8482
-8287
-8435
-8936
-8750
-8483
-8519
-8640
-8333
-8501
-8596
-8435
-8640
-8517
-8347
-8588
-8619
-8505
-8455
-8289
-8372
-8230
-8287
-8880
-8474
-8369
-8186
-8437
-8443
-8053
-8399
-8514
-8491
-8878
-8441
-8784
-8492
-7977
-9130
-7447
-8850
-8261
-8304
-8898
-7911
-9218
-7410
-8896
-8359
-8281
-9105
-7732
-8875
-8007
-8446
-8633
-8170
-8902
-8179
-9187
-8097
-8354
-8903
-7904
-9017
-8120
-8283
-8150
-8112
-8815
-7946
-8368
-8823
-8262
-8819
-8441
-8156
-8577
-8864
-8033
-8350
-8181
-8199
-8792
-7923
-9191
-7819
-8498
-8729
-8120
-8770
-7498
-8724
-8177
-8258
-8413
-8379
-9043
-8036
-8991
-8313
-8667
-8242
-8473
-8959
-7907
-8824
-7680
-8680
-8563
-8376
-8934
-7700
-8511
-8904
-8122
-8664
-8159
-8568
-8311
-8160
-9116
-8009
-8676
-8127
-8496
-8586
-8134
-8528
-8278
-8397
-8482
-8448
-8506
-8690
-8204
-8515
-7985
-8431
-8558
-8172
-9001
-8239
-8480
-9008
-8040
-8112
-8309
-8271
-8579
-7995
-8867
-8406
-7881
-8558
-8276
-8588
-7909
-8760
-7968
-8798
-8387
-7882
-8963
-7709
-9392
-7466
-8461
-8565
-7587
-9020
-8404
-8599
-8568
-8588
-8484
-8467
-7833
-8987
-8085
-8659
-8070
-7990
-8839
-8097
-9147
-7812
-8429
-8471
-8636
-8360
-7812
-8081
-8344
-8273
-8429
-8535
-8029
-8405
-8303
-8633
-8030
-8140
-8226
-8393
-8437
-8105
-8077
-8503
-8440
-8890
-8477
-7827
-8333
-7673
-9003
-8157
-8003
-8561
-8123
-9029
-7995
-8036
-7946
-7975
-8935
-8022
-8916
-8060
-8078
-8705
-7537
-8933
-7561
-8518
-8545
-8316
-8840
-7755
-9112
-7683
-8325
-8318
-8291
-9206
-7912
-8611
-7998
-8361
-8748
-8281
-8575
-7899
-8219
-8608
-8643
-8315
-8325
-8679
-7812
-8754
-8497
-8160
-8655
-7762
-8905
-7760
-8809
-8255
-8556
-8813
-7988
-9752
-7166
-9134
-7976
-8346
-8925
-7161
-8973
-7907
-9153
-8424
-7620
-8465
-7996
-9145
-8496
-8272
-8609
-7737
-8495
-8410
-9104
-8007
-7767
-8689
-7667
-8759
-8332
-8163
-8674
-8264
-7850
-8733
-8751
-7688
-8741
-8136
-8438
-8127
-8098
-8373
-7732
-9096
-8061
-8793
-8716
-7819
-8772
-8130
-8442
-8326
-8374
-8518
-8275
-8495
-8456
-8558
-8174
-8136
-8507
-8119
-7966
-8623
-8433
-8044
-8280
-7921
-8221
-8708
-8079
-8046
-8955
-8859
-7971
-8766
-8452
-7950
-8754
-7996
-7998
-8412
-8187
-8174
-8397
-8228
-8296
-8434
-8544
-8248
-8330
-8295
-7901
-8362
-8173
-8425
-8265
-8300
-8463
-8314
-8095
-8508
-8493
-8320
-8413
-8259
-8574
-8222
-8370
-7931
-8210
-8441
-8222
-8520
-8070
-8140
-8561
-8238
-7899
-8005
-8290
-8063
-8318
-8171
-7946
-8046
-7904
-8163
-8199
-8477
-7744
-8592
-8294
-8526
-8471
-8157
-8419
-7442
-8317
-7430
-8057
-8583
-8024
-7821
-8263
-8377
-7889
-8090
-8004
-8123
-7798
-8082
-8163
-8254
-8116
-7958
-8188
-8262
-8097
-8040
-7896
-8170
-8299
-8165
-8195
-7671
-8058
-8160
-8077
-8211
-7753
-7858
-8071
-8263
-8244
-7941
-8058
-8088
-8469
-7965
-7614
-8161
-7962
-7889
-8164
-7888
-8019
-7963
-7974
-8358
-7458
-8081
-7947
-7854
-8168
-7694
-8308
-7418
-8051
-8040
-7617
-8391
-7694
-8435
-7745
-8065
-8250
-7648
-8414
-7387
-8199
-7693
-7622
-8338
-7814
-8434
-7563
-8164
-8317
-7578
-8111
-7407
-7988
-8160
-7923
-8241
-7668
-8295
-7755
-7879
-8312
-7541
-8139
-7657
-8480
-8066
-7403
-7958
-7405
-8273
-7642
-8016
-7798
-7794
-8249
-7421
-8100
-7880
-7963
-7819
-7606
-8079
-7857
-8050
-7814
-7736
-8055
-7517
-8055
-7589
-8049
-8236
-7446
-8399
-7863
-8123
-7735
-7442
-7853
-7611
-8065
-7832
-7793
-7763
-7667
-8049
-7753
-7428
-7904
-7961
-8259
-7675
-7557
-7797
-7656
-8222
-7352
-7933
-8149
-7746
-8269
-7536
-7953
-7826
-7348
-8032
-7750
-7965
-7858
-7658
-7918
-7687
-8032
-7898
-7856
-7794
-7771
-7911
-7609
-7753
-7672
-7598
-7692
-7888
-7925
-7707
-7683
-7647
-7754
-7789
-7848
-7715
-7500
-7565
-7848
-7954
-7970
-8015
-7744
-7644
-7607
-7499
-7429
-7661
-7972
-7923
-7503
-7190
-7539
-7880
-7867
-7735
-7783
-7731
-7460
-7558
-7716
-7804
-7779
-7679
-7731
-7649
-7718
-7524
-7421
-7703
-7818
-7961
-7620
-7587
-7615
-7735
-8013
-7690
-7636
-7492
-7562
-7751
-7616
-7545
-7453
-7524
-7773
-7843
-7607
-7427
-7519
-7522
-7553
-7688
-7675
-7629
-7438
-7358
-7551
-7924
-7983
-7602
-7499
-7591
-7704
-7753
-7600
-7661
-7714
-7736
-7857
-7754
-7691
-7556
-7509
-7589
-7650
-7711
-7577
-7620
-7673
-7636
-7445
-7246
-7392
-7607
-7745
-7611
-7502
-7487
-7462
-7481
-7621
-7686
-7459
-7409
-7445
-7419
-7515
-7643
-7583
-7631
-7711
-7607
-7562
-7542
-7679
-7747
-7635
-7345
-7384
-7728
-7622
-7396
-7363
-7603
-7612
-7573
-7529
-7293
-7430
-7498
-7503
-7475
-7487
-7559
-7518
-7584
-7447
-7510
-7545
-7614
-7585
-7236
-7566
-7788
-7811
-7593
-7257
-7405
-7538
-7768
-7609
-7211
-7200
-7477
-7791
-7572
-7261
-7475
-7495
-7350
-7608
-7674
-7459
-7322
-7425
-7467
-7424
-7419
-7435
-7625
-7602
-7526
-7470
-7478
-7495
-7349
-7463
-7376
-7225
-7393
-7245
-7395
-7494
-7425
-7383
-7305
-7446
-7313
-7430
-7428
-7553
-7624
-7439
-7587
-7392
-7186
-7172
-7355
-7379
-7247
-7376
-7230
-7357
-7483
-7362
-7248
-7172
-7377
-7212
-7262
-7247
-7292
-7451
-7357
-7350
-7014
-7270
-7432
-7502
-7343
-7057
-7327
-7408
-7537
-7171
-7109
-7164
-7221
-7473
-7291
-7308
-7434
-7453
-7301
-7424
-7277
-7066
-7461
-7450
-7307
-7262
-7256
-7168
-7066
-7351
-7452
-7252
-7249
-7283
-7391
-7303
-7041
-7457
-7328
-7144
-7221
-7270
-7360
-7198
-7194
-7107
-7368
-7184
-7288
-7436
-7191
-7377
-7215
-7334
-7198
-7066
-7064
-6895
-7410
-7333
-7300
-7431
-7190
-7177
-7114
-7452
-7188
-6994
-7388
-7218
-7375
-7209
-7169
-7188
-7253
-7567
-7203
-7344
-7196
-7304
-7290
-7129
-7158
-7053
-7207
-7303
-7137
-7113
-7027
-6962
-7110
-7001
-7235
-7029
-7449
-7117
-7246
-7010
-7366
-7165
-6878
-7683
-6559
-7787
-7020
-7206
-7943
-6256
-7925
-6975
-7024
-7721
-5925
-8346
-6692
-7419
-7229
-6663
-7720
-6038
-8620
-6115
-8246
-6954
-6606
-8047
-6181
-8222
-6012
-7980
-6486
-7657
-7270
-6774
-7905
-5913
-8331
-6076
-7823
-6870
-6373
-7873
-6766
-7261
-6540
-8264
-5889
-7458
-6919
-6417
-8210
-5549
-8000
-6611
-7372
-7394
-7203
-7272
-6846
-7328
-6864
-7228
-6659
-7761
-6162
-8081
-5990
-7501
-7522
-6108
-8353
-6031
-7885
-6975
-7366
-7454
-6198
-7980
-6798
-7221
-7336
-6642
-7753
-6400
-8091
-5996
-7303
-7661
-6607
-7731
-6144
-8174
-5863
-8009
-6443
-6716
-7898
-5744
-8466
-5950
-7849
-6955
-6676
-7631
-6391
-8266
-5768
-8189
-6950
-6594
-8218
-5995
-8153
-6767
-6863
-7556
-6638
-8055
-7049
-6960
-7594
-6415
-7872
-6555
-6915
-7534
-6421
-7674
-6856
-7040
-6924
-7199
-7240
-6822
-6918
-7266
-7238
-7017
-7568
-6774
-7623
-7238
-6842
-7471
-6587
-7907
-6420
-7394
-7350
-6539
-8407
-5535
-8189
-7340
-6381
-8243
-5801
-8276
-6585
-7338
-7273
-6462
-9045
-5572
-8008
-7214
-6484
-8214
-6983
-7508
-7321
-6933
-7291
-7062
-6814
-8262
-6073
-7820
-7127
-6871
-8129
-6273
-8097
-6286
-7726
-6948
-6678
-8606
-5726
-8541
-6878
-6893
-7846
-6603
-8623
-5740
-8791
-7207
-5636
-9879
-4562
-8723
-7349
-5777
-9906
-4304
-9722
-5584
-7192
-8964
-4838
-9782
-5356
-8244
-7282
-6769
-8868
-5593
-8365
-7615
-6694
-8100
-6678
-7970
-7092
-7728
-7379
-6833
-8204
-6208
-8667
-6784
-7908
-7841
-6925
-8448
-6105
-8369
-7140
-7307
-7865
-7082
-7648
-7229
-7652
-7246
-7631
-7311
-7318
-7700
-7142
-7641
-7414
-7231
-7687
-7210
-7585
-7370
-7666
-7353
-7545
-7813
-7239
-7746
-7536
-7998
-7068
-8028
-7730
-7110
-8047
-6824
-8171
-7294
-7691
-7968
-6911
-8607
-6509
-8657
-7710
-6806
-9334
-6015
-8848
-7268
-6840
-8643
-6308
-8636
-6827
-8044
-7867
-6943
-8554
-6418
-8590
-7330
-7288
-8745
-6624
-8525
-7528
-7192
-8987
-6208
-8526
-8062
-6541
-9214
-5801
-9064
-7451
-6922
-9001
-6083
-9272
-6557
-8564
-7301
-7579
-8712
-5863
-9380
-6112
-8926
-7495
-6979
-8983
-5933
-9022
-6671
-8217
-7948
-7108
-9089
-6367
-8998
-6906
-7323
-8778
-6292
-8845
-6694
-7888
-8061
-6849
-8654
-6849
-8296
-7722
-7318
-8419
-6559
-8633
-7605
-7483
-8189
-6306
-9242
-6390
-8246
-8012
-6599
-9154
-6523
-8585
-6894
-7771
-8222
-7327
-8300
-7059
-8207
-7149
-7867
-8159
-7307
-7989
-7361
-7672
-7776
-7438
-7639
-6954
-7967
-7503
-7278
-8093
-7172
-8358
-6902
-7435
-7995
-7198
-8120
-6939
-7989
-7133
-7793
-7271
-7199
-8313
-6668
-8477
-6883
-7977
-7850
-6985
-8635
-7055
-8046
-7267
-7546
-8219
-7258
-7979
-7561
-7870
-7979
-7488
-8032
-7736
-7928
-7753
-7574
-7777
-7587
-7577
-7519
-7754
-7575
-7581
-7590
-7656
-7855
-7737
-7629
-7473
-7801
-7764
-7636
-7708
-7748
-7880
-7651
-8018
-7403
-7407
-7607
-7405
-7726
-7433
-7637
-7750
-7785
-7721
-7566
-7937
-7370
-7618
-7321
-7575
-7968
-6977
-8331
-7011
-8082
-7848
-7324
-8164
-6791
-8452
-7220
-7595
-7627
-7303
-7897
-7392
-7411
-7590
-7769
-7342
-7762
-7445
-8170
-7242
-7756
-7796
-7491
-8134
-7099
-8107
-7542
-7875
-7835
-7315
-8216
-7573
-7688
-7720
-7216
-7805
-7680
-7970
-7529
-7790
-7570
-7715
-7684
-7099
-7863
-6789
-8043
-7140
-7764
-7578
-7360
-8205
-7065
-8120
-7010
-8006
-7347
-7479
-8016
-7133
-8205
-7097
-8024
-7762
-7256
-7935
-7084
-8082
