03310128.PTO
COCN
2012/03/31 01:28:23.8800
100.0000 m/s  
4660 muestras
-6599
-6577
-6559
-6563
-6547
-6539
-6542
-6547
-6567
-6597
-6611
-6620
-6633
-6617
-6630
-6655
-6681
-6695
-6688
-6727
-6740
-6709
-6710
-6704
-6688
-6667
-6669
-6657
-6636
-6626
-6612
-6630
-6616
-6620
-6622
-6613
-6625
-6611
-6604
-6638
-6654
-6669
-6704
-6717
-6718
-6701
-6682
-6668
-6686
-6684
-6702
-6708
-6688
-6686
-6650
-6642
-6643
-6646
-6652
-6656
-6639
-6640
-6660
-6653
-6652
-6644
-6646
-6643
-6657
-6650
-6624
-6621
-6628
-6615
-6612
-6633
-6627
-6631
-6654
-6674
-6666
-6683
-6689
-6668
-6677
-6675
-6673
-6669
-6675
-6688
-6683
-6693
-6703
-6715
-6735
-6761
-6740
-6718
-6701
-6690
-6691
-6703
-6712
-6704
-6728
-6706
-6687
-6676
-6672
-6666
-6656
-6655
-6649
-6638
-6651
-6634
-6609
-6622
-6635
-6653
-6674
-6686
-6684
-6697
-6691
-6695
-6713
-6736
-6734
-6742
-6727
-6732
-6749
-6738
-6731
-6688
-6683
-6686
-6694
-6710
-6719
-6731
-6729
-6716
-6705
-6705
-6689
-6672
-6663
-6658
-6670
-6665
-6651
-6650
-6639
-6634
-6658
-6669
-6675
-6671
-6678
-6676
-6667
-6686
-6696
-6701
-6693
-6714
-6724
-6724
-6730
-6718
-6722
-6696
-6681
-6677
-6659
-6676
-6683
-6682
-6694
-6686
-6675
-6677
-6662
-6655
-6670
-6693
-6700
-6679
-6650
-6627
-6632
-6638
-6653
-6652
-6659
-6673
-6668
-6681
-6669
-6671
-6659
-6633
-6639
-6649
-6646
-6661
-6682
-6700
-6725
-6722
-6722
-6716
-6702
-6695
-6698
-6707
-6706
-6700
-6698
-6704
-6703
-6711
-6727
-6726
-6727
-6706
-6701
-6702
-6691
-6689
-6684
-6679
-6674
-6672
-6667
-6672
-6659
-6663
-6688
-6676
-6656
-6654
-6665
-6672
-6687
-6693
-6688
-6691
-6694
-6734
-6767
-6761
-6750
-6756
-6748
-6739
-6744
-6738
-6736
-6714
-6693
-6689
-6686
-6685
-6670
-6675
-6681
-6663
-6663
-6674
-6667
-6674
-6665
-6640
-6640
-6625
-6623
-6639
-6639
-6644
-6650
-6627
-6626
-6625
-6633
-6624
-6637
-6643
-6625
-6633
-6622
-6606
-6591
-6580
-6588
-6624
-6617
-6650
-6677
-6685
-6718
-6744
-6725
-6726
-6739
-6725
-6747
-6741
-6724
-6718
-6724
-6678
-6663
-6651
-6632
-6651
-6660
-6676
-6688
-6715
-6714
-6699
-6710
-6708
-6710
-6709
-6709
-6703
-6688
-6675
-6649
-6629
-6600
-6602
-6646
-6664
-6669
-6693
-6689
-6684
-6681
-6675
-6665
-6664
-6678
-6691
-6710
-6712
-6708
-6722
-6739
-6723
-6714
-6710
-6710
-6700
-6684
-6677
-6680
-6669
-6654
-6665
-6646
-6645
-6679
-6700
-6712
-6723
-6724
-6718
-6717
-6720
-6684
-6673
-6670
-6656
-6661
-6647
-6643
-6652
-6668
-6657
-6673
-6682
-6676
-6683
-6690
-6702
-6724
-6739
-6713
-6708
-6702
-6714
-6725
-6724
-6723
-6723
-6734
-6734
-6753
-6752
-6741
-6786
-6798
-6778
-6778
-6777
-6772
-6742
-6732
-6723
-6734
-6726
-6705
-6703
-6708
-6704
-6700
-6714
-6698
-6709
-6689
-6689
-6690
-6698
-6703
-6705
-6722
-6710
-6706
-6684
-6686
-6686
-6700
-6709
-6730
-6736
-6755
-6748
-6739
-6735
-6727
-6723
-6734
-6766
-6752
-6760
-6750
-6744
-6723
-6727
-6726
-6724
-6729
-6739
-6735
-6739
-6736
-6716
-6743
-6760
-6774
-6766
-6782
-6801
-6819
-6820
-6816
-6812
-6796
-6788
-6776
-6748
-6749
-6735
-6715
-6723
-6739
-6744
-6748
-6742
-6742
-6767
-6773
-6793
-6797
-6804
-6801
-6835
-6851
-6887
-6904
-6894
-6887
-6851
-6834
-6780
-6790
-6785
-6790
-6800
-6788
-6813
-6813
-6803
-6834
-6844
-6840
-6815
-6783
-6788
-6780
-6769
-6767
-6768
-6741
-6723
-6714
-6734
-6738
-6743
-6733
-6757
-6763
-6745
-6760
-6747
-6736
-6717
-6763
-6769
-6800
-6814
-6794
-6805
-6818
-6834
-6815
-6809
-6774
-6760
-6742
-6751
-6757
-6753
-6782
-6807
-6817
-6805
-6817
-6828
-6845
-6851
-6825
-6817
-6830
-6832
-6840
-6812
-6774
-6759
-6743
-6742
-6745
-6731
-6725
-6715
-6706
-6714
-6724
-6732
-6736
-6755
-6764
-6782
-6790
-6793
-6775
-6757
-6784
-6789
-6816
-6820
-6806
-6800
-6781
-6803
-6828
-6816
-6826
-6819
-6791
-6783
-6768
-6771
-6768
-6751
-6747
-6746
-6726
-6718
-6717
-6718
-6730
-6747
-6791
-6815
-6804
-6787
-6793
-6778
-6774
-6775
-6764
-6777
-6762
-6768
-6765
-6758
-6751
-6735
-6726
-6715
-6717
-6720
-6726
-6718
-6728
-6724
-6717
-6719
-6716
-6718
-6721
-6717
-6696
-6693
-6703
-6691
-6712
-6718
-6719
-6733
-6730
-6721
-6704
-6705
-6703
-6696
-6698
-6702
-6702
-6718
-6705
-6718
-6730
-6729
-6723
-6725
-6737
-6716
-6734
-6743
-6756
-6767
-6755
-6757
-6753
-6747
-6749
-6738
-6703
-6663
-6663
-6669
-6668
-6648
-6624
-6611
-6593
-6609
-6592
-6584
-6579
-6577
-6596
-6591
-6597
-6612
-6640
-6651
-6649
-6646
-6670
-6680
-6689
-6696
-6683
-6666
-6647
-6658
-6649
-6680
-6683
-6670
-6675
-6658
-6640
-6644
-6651
-6657
-6679
-6689
-6670
-6668
-6651
-6613
-6617
-6622
-6631
-6624
-6635
-6630
-6627
-6622
-6614
-6613
-6605
-6589
-6585
-6617
-6630
-6653
-6663
-6665
-6658
-6673
-6683
-6676
-6682
-6653
-6659
-6658
-6642
-6660
-6644
-6643
-6642
-6631
-6621
-6619
-6606
-6587
-6569
-6578
-6594
-6590
-6592
-6577
-6587
-6579
-6582
-6592
-6595
-6595
-6586
-6586
-6589
-6577
-6567
-6555
-6561
-6576
-6581
-6598
-6590
-6578
-6574
-6582
-6589
-6605
-6614
-6611
-6612
-6610
-6611
-6625
-6621
-6608
-6603
-6582
-6572
-6569
-6571
-6581
-6611
-6626
-6628
-6624
-6625
-6636
-6644
-6667
-6675
-6665
-6639
-6629
-6624
-6634
-6633
-6604
-6596
-6578
-6583
-6582
-6577
-6563
-6565
-6564
-6540
-6560
-6555
-6566
-6585
-6597
-6605
-6611
-6621
-6605
-6596
-6600
-6588
-6601
-6637
-6641
-6639
-6620
-6604
-6590
-6572
-6581
-6599
-6617
-6617
-6609
-6616
-6614
-6624
-6649
-6648
-6623
-6613
-6629
-6624
-6613
-6603
-6590
-6587
-6580
-6590
-6571
-6544
-6538
-6527
-6540
-6533
-6534
-6535
-6535
-6546
-6528
-6557
-6594
-6620
-6630
-6627
-6641
-6642
-6651
-6638
-6669
-6695
-6678
-6688
-6684
-6691
-6690
-6701
-6714
-6709
-6715
-6718
-6712
-6680
-6650
-6637
-6618
-6617
-6639
-6635
-6633
-6630
-6622
-6621
-6614
-6601
-6591
-6583
-6578
-6594
-6606
-6620
-6635
-6638
-6632
-6627
-6639
-6653
-6661
-6669
-6660
-6663
-6662
-6657
-6677
-6690
-6690
-6688
-6701
-6712
-6703
-6695
-6696
-6703
-6696
-6707
-6732
-6732
-6741
-6711
-6704
-6701
-6657
-6646
-6639
-6636
-6634
-6632
-6610
-6609
-6595
-6574
-6572
-6573
-6580
-6587
-6593
-6566
-6549
-6545
-6557
-6578
-6597
-6610
-6613
-6629
-6634
-6638
-6642
-6653
-6657
-6642
-6654
-6669
-6686
-6672
-6657
-6667
-6657
-6666
-6689
-6695
-6682
-6677
-6673
-6671
-6662
-6637
-6625
-6615
-6606
-6613
-6619
-6624
-6619
-6619
-6633
-6643
-6645
-6636
-6641
-6644
-6658
-6667
-6668
-6660
-6662
-6671
-6669
-6667
-6671
-6685
-6694
-6704
-6701
-6705
-6693
-6689
-6692
-6684
-6693
-6671
-6652
-6642
-6633
-6621
-6603
-6603
-6593
-6594
-6596
-6598
-6592
-6601
-6606
-6611
-6619
-6609
-6609
-6599
-6600
-6601
-6611
-6589
-6568
-6562
-6553
-6544
-6528
-6538
-6532
-6531
-6527
-6523
-6531
-6538
-6547
-6547
-6542
-6523
-6516
-6531
-6553
-6559
-6561
-6564
-6565
-6563
-6556
-6560
-6539
-6529
-6541
-6538
-6536
-6530
-6547
-6558
-6545
-6547
-6529
-6527
-6541
-6548
-6536
-6518
-6516
-6522
-6511
-6506
-6532
-6525
-6526
-6519
-6525
-6519
-6501
-6503
-6491
-6477
-6483
-6505
-6520
-6537
-6544
-6561
-6565
-6553
-6561
-6560
-6549
-6550
-6520
-6512
-6522
-6500
-6491
-6489
-6468
-6462
-6478
-6479
-6478
-6494
-6513
-6541
-6574
-6573
-6583
-6593
-6584
-6598
-6601
-6593
-6586
-6570
-6555
-6537
-6521
-6514
-6509
-6498
-6501
-6510
-6523
-6563
-6592
-6606
-6606
-6599
-6597
-6588
-6584
-6577
-6567
-6568
-6574
-6560
-6542
-6539
-6521
-6538
-6578
-6583
-6595
-6597
-6602
-6615
-6611
-6609
-6608
-6582
-6569
-6576
-6579
-6579
-6588
-6608
-6628
-6626
-6604
-6625
-6644
-6648
-6651
-6627
-6610
-6616
-6625
-6619
-6620
-6619
-6612
-6630
-6652
-6649
-6647
-6648
-6656
-6667
-6657
-6641
-6603
-6579
-6568
-6554
-6546
-6532
-6511
-6509
-6527
-6555
-6582
-6594
-6615
-6640
-6653
-6662
-6675
-6676
-6706
-6719
-6700
-6691
-6679
-6682
-6676
-6679
-6693
-6709
-6705
-6697
-6687
-6655
-6666
-6658
-6641
-6642
-6648
-6669
-6668
-6657
-6644
-6642
-6636
-6647
-6665
-6677
-6689
-6700
-6708
-6713
-6704
-6699
-6714
-6726
-6763
-6797
-6814
-6811
-6815
-6808
-6795
-6776
-6752
-6736
-6722
-6725
-6714
-6693
-6665
-6662
-6664
-6667
-6671
-6676
-6688
-6686
-6672
-6668
-6673
-6683
-6699
-6703
-6718
-6727
-6731
-6707
-6704
-6699
-6692
-6687
-6673
-6691
-6693
-6695
-6709
-6741
-6766
-6783
-6794
-6817
-6820
-6815
-6832
-6836
-6824
-6801
-6802
-6796
-6783
-6768
-6744
-6722
-6700
-6685
-6687
-6693
-6695
-6694
-6701
-6705
-6693
-6692
-6696
-6701
-6712
-6705
-6701
-6713
-6731
-6761
-6789
-6800
-6817
-6833
-6839
-6854
-6857
-6854
-6861
-6863
-6857
-6837
-6840
-6843
-6831
-6847
-6842
-6838
-6831
-6819
-6812
-6806
-6810
-6809
-6818
-6810
-6790
-6764
-6751
-6764
-6771
-6767
-6754
-6744
-6766
-6785
-6783
-6778
-6800
-6854
-6858
-6800
-6784
-6846
-6867
-6822
-6758
-6757
-6827
-6883
-6847
-6772
-6774
-6819
-6821
-6777
-6800
-6893
-6965
-6996
-6996
-7013
-7010
-6897
-6773
-6764
-6833
-6878
-6881
-6898
-6859
-6750
-6683
-6681
-6685
-6697
-6782
-6857
-6888
-6884
-6795
-6673
-6678
-6824
-6892
-6853
-6890
-7024
-7088
-7017
-6868
-6824
-6871
-6874
-6826
-6845
-7019
-7106
-6999
-6861
-6817
-6861
-6888
-6837
-6783
-6797
-6893
-7020
-7084
-7063
-7027
-6957
-6832
-6784
-6814
-6883
-6999
-7101
-7061
-6921
-6840
-6836
-6849
-6877
-6905
-6925
-6972
-7020
-6991
-6889
-6908
-7023
-7070
-7056
-7063
-7075
-7007
-6897
-6816
-6831
-6937
-7049
-7102
-7105
-7060
-6974
-6868
-6808
-6871
-6989
-7127
-7198
-7137
-6947
-6706
-6634
-6800
-7076
-7275
-7332
-7278
-7133
-6924
-6713
-6677
-6867
-7135
-7320
-7320
-7183
-6997
-6802
-6678
-6710
-6884
-7143
-7343
-7332
-7113
-6815
-6624
-6593
-6688
-6900
-7168
-7371
-7378
-7160
-6852
-6645
-6655
-6795
-6934
-7082
-7235
-7256
-7058
-6752
-6573
-6613
-6826
-7065
-7174
-7220
-7238
-7124
-6809
-6584
-6668
-6898
-7132
-7299
-7337
-7257
-7116
-6896
-6649
-6593
-6840
-7120
-7225
-7202
-7095
-6947
-6808
-6696
-6597
-6711
-7059
-7304
-7270
-7103
-6921
-6748
-6688
-6730
-6864
-7121
-7376
-7386
-7098
-6782
-6674
-6705
-6770
-6897
-7089
-7253
-7223
-6971
-6649
-6494
-6642
-6914
-7113
-7256
-7350
-7283
-7006
-6698
-6534
-6626
-6961
-7279
-7357
-7284
-7174
-6945
-6623
-6426
-6484
-6747
-7090
-7257
-7120
-6879
-6726
-6603
-6519
-6644
-6982
-7322
-7446
-7260
-6905
-6640
-6541
-6530
-6647
-6948
-7307
-7483
-7341
-6999
-6671
-6571
-6663
-6825
-7033
-7256
-7363
-7211
-6884
-6564
-6487
-6667
-6954
-7184
-7298
-7304
-7131
-6818
-6494
-6394
-6635
-7037
-7309
-7338
-7190
-6969
-6709
-6446
-6347
-6572
-7006
-7309
-7296
-7056
-6789
-6603
-6517
-6558
-6808
-7225
-7477
-7371
-7040
-6691
-6504
-6541
-6759
-7038
-7289
-7453
-7356
-6978
-6604
-6453
-6553
-6840
-7177
-7369
-7372
-7244
-6939
-6571
-6399
-6566
-6926
-7256
-7409
-7332
-7122
-6859
-6593
-6462
-6629
-7031
-7354
-7391
-7198
-6909
-6639
-6472
-6476
-6695
-7067
-7378
-7417
-7154
-6791
-6550
-6507
-6643
-6900
-7215
-7461
-7469
-7228
-6874
-6611
-6622
-6841
-7104
-7339
-7450
-7346
-7070
-6731
-6491
-6522
-6815
-7129
-7292
-7308
-7182
-6900
-6598
-6448
-6548
-6883
-7242
-7393
-7313
-7129
-6881
-6649
-6575
-6724
-7014
-7301
-7414
-7274
-6986
-6717
-6568
-6562
-6737
-7031
-7264
-7318
-7176
-6897
-6650
-6586
-6703
-6928
-7166
-7355
-7385
-7197
-6905
-6647
-6591
-6746
-6988
-7198
-7310
-7295
-7121
-6825
-6582
-6554
-6740
-6991
-7184
-7258
-7169
-6971
-6735
-6557
-6561
-6798
-7080
-7234
-7223
-7050
-6788
-6569
-6507
-6590
-6807
-7088
-7250
-7200
-6997
-6779
-6642
-6658
-6818
-7020
-7235
-7355
-7284
-7031
-6790
-6709
-6777
-6962
-7165
-7301
-7326
-7199
-6926
-6678
-6609
-6740
-6976
-7172
-7248
-7204
-7047
-6787
-6571
-6535
-6691
-6958
-7160
-7212
-7104
-6906
-6697
-6555
-6566
-6731
-6982
-7181
-7201
-7031
-6804
-6635
-6590
-6673
-6881
-7134
-7301
-7311
-7123
-6858
-6683
-6691
-6829
-6998
-7169
-7272
-7202
-6962
-6689
-6540
-6590
-6784
-6990
-7130
-7184
-7088
-6871
-6654
-6551
-6633
-6833
-7035
-7146
-7111
-6980
-6777
-6598
-6553
-6664
-6880
-7073
-7140
-7034
-6834
-6656
-6560
-6568
-6693
-6907
-7118
-7177
-7066
-6866
-6701
-6643
-6693
-6826
-7002
-7148
-7163
-7040
-6837
-6698
-6705
-6832
-7011
-7162
-7226
-7180
-7013
-6788
-6657
-6693
-6853
-7039
-7187
-7212
-7087
-6900
-6710
-6609
-6648
-6812
-7010
-7107
-7061
-6906
-6713
-6576
-6553
-6645
-6847
-7066
-7186
-7134
-6962
-6799
-6707
-6724
-6856
-7043
-7199
-7246
-7129
-6919
-6769
-6746
-6845
-7012
-7164
-7259
-7242
-7094
-6885
-6736
-6714
-6825
-7005
-7142
-7186
-7124
-6969
-6792
-6683
-6688
-6817
-7000
-7118
-7117
-7021
-6888
-6756
-6690
-6750
-6904
-7073
-7173
-7123
-6959
-6794
-6698
-6704
-6802
-6982
-7144
-7211
-7145
-6968
-6798
-6726
-6769
-6896
-7059
-7207
-7238
-7153
-6994
-6814
-6740
-6796
-6941
-7082
-7154
-7138
-7037
-6877
-6764
-6762
-6886
-7067
-7213
-7253
-7179
-7056
-6917
-6855
-6864
-6981
-7147
-7249
-7249
-7128
-6976
-6853
-6789
-6822
-6928
-7077
-7170
-7128
-7013
-6878
-6785
-6787
-6874
-7011
-7135
-7214
-7192
-7054
-6904
-6808
-6828
-6930
-7058
-7168
-7187
-7138
-7016
-6896
-6847
-6894
-7033
-7158
-7215
-7163
-7057
-6946
-6848
-6822
-6886
-7033
-7162
-7180
-7099
-6969
-6852
-6787
-6800
-6915
-7055
-7172
-7199
-7097
-6950
-6827
-6789
-6850
-6963
-7096
-7175
-7169
-7064
-6915
-6819
-6818
-6926
-7063
-7180
-7222
-7162
-7043
-6907
-6809
-6823
-6929
-7063
-7143
-7145
-7077
-6963
-6876
-6819
-6858
-6976
-7115
-7186
-7144
-7046
-6911
-6808
-6790
-6866
-7002
-7119
-7160
-7087
-6958
-6830
-6756
-6782
-6881
-7031
-7125
-7154
-7089
-6968
-6863
-6816
-6862
-6956
-7052
-7097
-7070
-6977
-6853
-6748
-6729
-6810
-6935
-7034
-7048
-6978
-6879
-6781
-6721
-6763
-6887
-7012
-7084
-7063
-6978
-6867
-6782
-6753
-6790
-6900
-7015
-7085
-7045
-6935
-6820
-6748
-6761
-6840
-6955
-7049
-7062
-6982
-6865
-6760
-6728
-6782
-6888
-7007
-7095
-7113
-7050
-6938
-6824
-6785
-6840
-6945
-7043
-7082
-7048
-6949
-6821
-6734
-6743
-6841
-6961
-7048
-7050
-6965
-6860
-6761
-6708
-6733
-6831
-6939
-6995
-6973
-6885
-6773
-6698
-6698
-6764
-6887
-7001
-7056
-7012
-6901
-6788
-6724
-6747
-6840
-6953
-7044
-7071
-7018
-6911
-6797
-6756
-6806
-6925
-7031
-7077
-7070
-6990
-6889
-6778
-6729
-6780
-6879
-6966
-6976
-6936
-6849
-6752
-6699
-6691
-6765
-6873
-6970
-7005
-6958
-6894
-6833
-6821
-6868
-6959
-7055
-7129
-7130
-7026
-6887
-6786
-6769
-6827
-6909
-6982
-7019
-6979
-6887
-6785
-6741
-6779
-6877
-6970
-7024
-7036
-6985
-6877
-6773
-6725
-6762
-6868
-6968
-7034
-7041
-6984
-6894
-6821
-6804
-6847
-6932
-7024
-7062
-7033
-6964
-6888
-6835
-6840
-6904
-6995
-7067
-7079
-7034
-6951
-6886
-6864
-6904
-6984
-7052
-7098
-7089
-7019
-6918
-6839
-6840
-6890
-6974
-7041
-7066
-7044
-6958
-6880
-6824
-6849
-6941
-7041
-7120
-7119
-7067
-6980
-6883
-6841
-6872
-6957
-7040
-7081
-7066
-6990
-6888
-6799
-6762
-6776
-6851
-6931
-6964
-6943
-6886
-6823
-6785
-6817
-6891
-6982
-7048
-7060
-7012
-6951
-6895
-6872
-6902
-6963
-7029
-7055
-7048
-6988
-6906
-6857
-6854
-6915
-6999
-7067
-7099
-7072
-7001
-6927
-6873
-6872
-6923
-6985
-7022
-7016
-6973
-6895
-6829
-6801
-6824
-6894
-6966
-6994
-6976
-6915
-6847
-6818
-6824
-6884
-6969
-7056
-7107
-7082
-6998
-6918
-6884
-6888
-6941
-7000
-7032
-7039
-7000
-6920
-6865
-6860
-6908
-6986
-7045
-7079
-7067
-7016
-6950
-6913
-6915
-6958
-7013
-7058
-7078
-7034
-6970
-6914
-6881
-6880
-6920
-6988
-7032
-7032
-6979
-6910
-6869
-6866
-6890
-6951
-7019
-7036
-7017
-6956
-6889
-6858
-6866
-6887
-6943
-6997
-7033
-7028
-6971
-6918
-6875
-6898
-6932
-6976
-7022
-7025
-7002
-6950
-6887
-6846
-6841
-6892
-6940
-6958
-6960
-6910
-6851
-6805
-6814
-6868
-6930
-6977
-6984
-6966
-6916
-6849
-6811
-6806
-6840
-6895
-6939
-6948
-6914
-6870
-6831
-6828
-6871
-6924
-6976
-7000
-6977
-6926
-6862
-6818
-6804
-6825
-6861
-6907
-6936
-6918
-6880
-6840
-6821
-6838
-6890
-6948
-6976
-6968
-6924
-6868
-6831
-6817
-6845
-6897
-6941
-6961
-6951
-6908
-6850
-6810
-6801
-6828
-6886
-6930
-6931
-6909
-6858
-6826
-6805
-6800
-6825
-6858
-6885
-6880
-6840
-6784
-6735
-6707
-6717
-6751
-6802
-6842
-6841
-6811
-6769
-6736
-6733
-6775
-6834
-6870
-6892
-6882
-6840
-6785
-6769
-6783
-6803
-6843
-6872
-6878
-6839
-6789
-6748
-6719
-6742
-6786
-6820
-6826
-6799
-6770
-6728
-6702
-6700
-6720
-6759
-6791
-6793
-6789
-6753
-6706
-6692
-6690
-6717
-6748
-6774
-6773
-6756
-6713
-6693
-6698
-6712
-6746
-6771
-6786
-6757
-6732
-6693
-6678
-6698
-6711
-6745
-6784
-6796
-6768
-6732
-6707
-6692
-6715
-6763
-6806
-6844
-6849
-6824
-6797
-6777
-6775
-6795
-6808
-6820
-6815
-6785
-6747
-6717
-6696
-6675
-6685
-6702
-6709
-6703
-6681
-6661
-6660
-6673
-6691
-6709
-6745
-6770
-6771
-6766
-6745
-6729
-6726
-6740
-6766
-6794
-6806
-6813
-6789
-6750
-6730
-6737
-6755
-6789
-6831
-6830
-6818
-6782
-6747
-6741
-6761
-6796
-6821
-6838
-6836
-6811
-6784
-6761
-6740
-6743
-6771
-6802
-6812
-6810
-6794
-6765
-6751
-6756
-6769
-6777
-6788
-6784
-6772
-6762
-6745
-6738
-6755
-6772
-6783
-6792
-6798
-6788
-6760
-6737
-6729
-6757
-6773
-6791
-6802
-6798
-6801
-6795
-6800
-6806
-6827
-6857
-6867
-6855
-6836
-6816
-6801
-6802
-6807
-6818
-6835
-6833
-6830
-6816
-6793
-6782
-6786
-6798
-6813
-6835
-6828
-6813
-6785
-6745
-6726
-6725
-6751
-6789
-6809
-6809
-6782
-6757
-6752
-6758
-6776
-6797
-6821
-6850
-6859
-6843
-6820
-6798
-6789
-6791
-6808
-6818
-6835
-6843
-6837
-6821
-6814
-6824
-6845
-6866
-6891
-6919
-6925
-6916
-6887
-6883
-6876
-6879
-6884
-6871
-6852
-6814
-6780
-6757
-6747
-6754
-6779
-6808
-6821
-6822
-6811
-6788
-6786
-6791
-6812
-6847
-6860
-6858
-6833
-6812
-6810
-6803
-6800
-6811
-6832
-6843
-6839
-6818
-6789
-6779
-6793
-6820
-6851
-6875
-6887
-6865
-6843
-6826
-6807
-6813
-6817
-6825
-6823
-6815
-6796
-6769
-6732
-6725
-6724
-6727
-6750
-6770
-6761
-6733
-6721
-6716
-6730
-6736
-6759
-6780
-6805
-6816
-6804
-6796
-6784
-6780
-6789
-6796
-6809
-6823
-6813
-6793
-6785
-6791
-6802
-6804
-6807
-6820
-6824
-6829
-6816
-6803
-6808
-6811
-6813
-6816
-6786
-6745
-6717
-6677
-6642
-6636
-6644
-6655
-6660
-6657
-6647
-6639
-6636
-6645
-6677
-6710
-6742
-6761
-6778
-6777
-6778
-6776
-6778
-6788
-6803
-6821
-6814
-6804
-6772
-6751
-6739
-6733
-6743
-6757
-6748
-6725
-6707
-6673
-6660
-6652
-6649
-6670
-6698
-6703
-6696
-6698
-6680
-6674
-6668
-6677
-6692
-6681
-6678
-6679
-6679
-6668
-6680
-6682
-6698
-6735
-6747
-6750
-6738
-6727
-6723
-6731
-6730
-6721
-6723
-6722
-6704
-6686
-6670
-6654
-6651
-6659
-6669
-6688
-6686
-6655
-6634
-6613
-6600
-6601
-6595
-6598
-6607
-6617
-6627
-6636
-6653
-6671
-6692
-6696
-6695
-6691
-6669
-6638
-6615
-6593
-6593
-6608
-6622
-6648
-6652
-6634
-6622
-6613
-6612
-6638
-6661
-6675
-6686
-6683
-6656
-6622
-6599
-6585
-6572
-6590
-6610
-6617
-6618
-6588
-6560
-6550
-6543
-6538
-6547
-6547
-6551
-6548
-6525
-6504
-6491
-6498
-6525
-6554
-6558
-6559
-6566
-6556
-6548
-6547
-6560
-6558
-6550
-6555
-6543
-6528
-6503
-6482
-6469
-6465
-6480
-6491
-6488
-6488
-6486
-6477
-6480
-6490
-6499
-6516
-6532
-6536
-6522
-6512
-6510
-6514
-6527
-6535
-6551
-6560
-6553
-6543
-6537
-6530
-6532
-6541
-6555
-6575
-6585
-6583
-6565
-6548
-6533
-6519
-6522
-6530
-6527
-6520
-6507
-6494
-6477
-6454
-6455
-6460
-6466
-6479
-6476
-6463
-6453
-6457
-6460
-6468
-6476
-6484
-6496
-6502
-6500
-6497
-6508
-6513
-6528
-6558
-6576
-6578
-6573
-6565
-6553
-6541
-6531
-6543
-6548
-6541
-6531
-6521
-6514
-6499
-6485
-6470
-6472
-6481
-6477
-6454
-6431
-6420
-6410
-6415
-6416
-6409
-6399
-6404
-6403
-6394
-6387
-6392
-6412
-6441
-6464
-6490
-6520
-6520
-6519
-6526
-6525
-6523
-6536
-6542
-6541
-6546
-6543
-6529
-6519
-6510
-6501
-6502
-6501
-6491
-6470
-6441
-6422
-6423
-6421
-6427
-6448
-6463
-6459
-6465
-6456
-6439
-6437
-6423
-6436
-6439
-6432
-6425
-6420
-6414
-6395
-6407
-6410
-6409
-6424
-6426
-6423
-6418
-6411
-6411
-6411
-6432
-6459
-6473
-6482
-6477
-6458
-6430
-6405
-6392
-6396
-6402
-6405
-6403
-6403
-6410
-6414
-6414
-6424
-6436
-6447
-6447
-6425
-6414
-6404
-6399
-6393
-6395
-6402
-6403
-6405
-6391
-6372
-6360
-6361
-6369
-6366
-6357
-6350
-6333
-6326
-6335
-6342
-6353
-6356
-6366
-6379
-6379
-6378
-6370
-6363
-6355
-6356
-6350
-6335
-6323
-6308
-6306
-6300
-6308
-6320
-6325
-6339
-6358
-6375
-6378
-6377
-6374
-6366
-6363
-6375
-6388
-6393
-6390
-6396
-6393
-6379
-6373
-6370
-6366
-6365
-6360
-6348
-6337
-6323
-6313
-6317
-6329
-6327
-6327
-6334
-6334
-6327
-6318
-6316
-6323
-6352
-6385
-6386
-6373
-6361
-6346
-6321
-6293
-6281
-6280
-6279
-6279
-6290
-6306
-6314
-6327
-6355
-6385
-6397
-6394
-6394
-6398
-6392
-6392
-6398
-6402
-6396
-6381
-6372
-6359
-6345
-6347
-6356
-6361
-6377
-6384
-6386
-6382
-6373
-6368
-6372
-6370
-6362
-6359
-6346
-6343
-6339
-6329
-6317
-6322
-6331
-6337
-6345
-6346
-6345
-6348
-6353
-6347
-6341
-6338
-6341
-6350
-6358
-6357
-6354
-6357
-6365
-6379
-6386
-6366
-6351
-6333
-6321
-6313
-6316
-6331
-6346
-6350
-6340
-6348
-6354
-6381
-6396
-6396
-6399
-6395
-6398
-6394
-6403
-6416
-6421
-6426
-6425
-6424
-6431
-6427
-6440
-6452
-6449
-6457
-6455
-6452
-6444
-6429
-6428
-6419
-6405
-6391
-6370
-6351
-6346
-6346
-6357
-6374
-6386
-6396
-6391
-6395
-6399
-6400
-6398
-6406
-6412
-6412
-6415
-6413
-6411
-6410
-6421
-6436
-6462
-6454
-6440
-6438
-6429
-6420
-6416
-6425
-6443
-6449
-6448
-6454
-6450
-6453
-6450
-6443
-6437
-6428
-6425
-6427
-6428
-6426
-6422
-6420
-6417
-6419
-6427
-6441
-6433
-6417
-6409
-6396
-6394
-6395
-6399
-6402
-6411
-6431
-6436
-6430
-6426
-6420
-6431
-6439
-6452
-6462
-6469
-6481
-6489
-6500
-6508
-6496
-6486
-6476
-6464
-6476
-6483
-6482
-6483
-6497
-6505
-6509
-6519
-6509
-6504
-6502
-6497
-6481
-6472
-6474
-6483
-6506
-6504
-6510
-6532
-6546
-6555
-6559
-6544
-6529
-6532
-6519
-6514
-6510
-6489
-6477
-6478
-6478
-6483
-6504
-6502
-6510
-6518
-6519
-6526
-6529
-6557
-6559
-6559
-6576
-6588
-6592
-6593
-6573
-6566
-6562
-6559
-6561
-6539
-6537
-6524
-6529
-6537
-6549
-6562
-6566
-6569
-6556
-6559
-6562
-6550
-6538
-6531
-6527
-6524
-6521
-6532
-6530
-6531
-6525
-6508
-6511
-6522
-6538
-6547
-6563
-6580
-6581
-6602
-6612
-6619
-6647
-6647
-6638
-6624
-6608
-6591
-6586
-6590
-6588
-6585
-6582
-6586
-6583
-6581
-6582
-6593
-6591
-6589
-6603
-6611
-6610
-6611
-6619
-6609
-6603
-6604
-6606
-6612
-6611
-6609
-6621
-6631
-6637
-6656
-6661
-6647
-6640
-6632
-6616
-6614
-6604
-6591
-6588
-6589
-6603
-6619
-6628
-6643
-6663
-6682
-6693
-6704
-6715
-6722
-6719
-6704
-6700
-6686
-6684
-6677
-6670
-6663
-6658
-6662
-6666
-6669
-6669
-6669
-6651
-6641
-6635
-6632
-6626
-6631
-6634
-6633
-6637
-6631
-6639
-6641
-6644
-6648
-6642
-6629
-6622
-6616
-6610
-6611
-6602
-6602
-6604
-6616
-6640
-6657
-6673
-6687
-6706
-6726
-6729
-6724
-6720
-6705
-6705
-6704
-6693
-6689
-6680
-6668
-6658
-6645
-6630
-6619
-6603
-6595
-6591
-6585
-6584
-6586
-6599
-6617
-6644
-6664
-6695
-6712
-6713
-6728
-6745
-6761
-6765
-6749
-6744
-6761
-6756
-6757
-6759
-6753
-6761
-6761
-6748
-6739
-6720
-6713
-6722
-6718
-6713
-6720
-6719
-6708
-6704
-6700
-6694
-6710
-6703
-6687
-6693
-6691
-6709
-6721
-6726
-6720
-6718
-6710
-6697
-6686
-6680
-6674
-6655
-6671
-6676
-6679
-6688
-6695
-6701
-6718
-6718
-6718
-6724
-6724
-6735
-6751
-6769
-6784
-6799
-6784
-6777
-6761
-6744
-6747
-6751
-6759
-6751
-6734
-6729
-6731
-6734
-6740
-6737
-6730
-6714
-6712
-6719
-6717
-6718
-6727
-6739
-6734
-6747
-6758
-6759
-6776
-6784
-6796
-6793
-6768
-6764
-6764
-6759
-6778
-6801
-6806
-6819
-6822
-6807
-6816
-6805
-6793
-6802
-6796
-6792
-6796
-6807
-6797
-6800
-6800
-6783
-6769
-6752
-6737
-6740
-6743
-6732
-6729
-6720
-6710
-6714
-6729
-6721
-6734
-6757
-6771
-6785
-6798
-6812
-6827
-6832
-6816
-6831
-6823
-6808
-6819
-6827
-6826
-6815
-6811
-6791
-6787
-6785
-6771
-6776
-6776
-6772
-6773
-6788
-6802
-6815
-6814
-6817
-6826
-6816
-6816
-6821
-6822
-6810
-6799
-6803
-6800
-6788
-6782
-6777
-6788
-6812
-6812
-6807
-6820
-6825
-6833
-6844
-6832
-6822
-6822
-6819
-6817
-6817
-6801
-6800
-6810
-6801
-6802
-6806
-6809
-6818
-6836
-6857
-6864
-6866
-6856
-6845
-6835
-6821
-6813
-6818
-6812
-6802
-6806
-6813
-6823
-6839
-6853
-6863
-6873
-6880
-6899
-6910
-6890
-6884
-6894
-6898
-6907
-6909
-6910
-6906
-6921
-6939
-6938
-6944
-6928
-6922
-6921
-6914
-6909
-6893
-6875
-6862
-6852
-6850
-6845
-6843
-6848
-6839
-6824
-6806
-6797
-6803
-6807
-6812
-6826
-6843
-6868
-6892
-6910
-6939
-6950
-6951
-6935
-6915
-6892
-6886
-6892
-6883
-6878
-6868
-6865
-6851
-6847
-6843
-6838
-6833
-6825
-6840
-6835
-6831
-6825
-6819
-6824
-6819
-6822
-6836
-6850
-6853
-6844
-6839
-6851
-6853
-6862
-6881
-6887
-6888
-6885
-6893
-6895
-6894
-6895
-6889
-6890
-6892
-6885
-6878
-6867
-6851
-6831
-6822
-6816
-6828
-6851
-6862
-6866
-6863
-6868
-6873
-6867
-6854
-6844
-6840
-6836
-6831
-6837
-6837
-6840
-6848
-6842
-6851
-6860
-6862
-6857
-6843
-6841
-6837
-6839
-6850
-6865
-6873
-6872
-6871
-6864
-6857
-6867
-6878
-6882
-6895
-6885
-6895
-6907
-6899
-6898
-6895
-6889
-6876
-6883
-6877
-6869
-6862
-6871
-6878
-6877
-6892
-6887
-6889
-6877
-6867
-6860
-6857
-6860
-6861
-6863
-6853
-6846
-6844
-6841
-6849
-6859
-6862
-6861
-6847
-6829
-6828
-6825
-6826
-6849
-6860
-6878
-6891
-6899
-6893
-6898
-6902
-6889
-6897
-6891
-6907
-6921
-6923
-6925
-6926
-6915
-6901
-6911
-6888
-6864
-6846
-6831
-6832
-6830
-6832
-6828
-6828
-6828
-6833
-6833
-6850
-6872
-6887
-6901
-6898
-6916
-6926
-6935
-6927
-6907
-6902
-6881
-6862
-6856
-6847
-6836
-6833
-6827
-6822
-6824
-6836
-6846
-6856
-6861
-6879
-6900
-6907
-6920
-6936
-6944
-6962
-6970
-6975
-6983
-6982
-6992
-6991
-6987
-6973
-6964
-6968
-6957
-6948
-6942
-6927
-6913
-6910
-6920
-6919
-6927
-6924
-6920
-6920
-6915
-6917
-6924
-6937
-6940
-6941
-6942
-6929
-6906
-6896
-6894
-6910
-6931
-6945
-6957
-6977
-6977
-6977
-6993
-6993
-7003
-7013
-7009
-7011
-7010
-6991
-6996
-7001
-6999
-7000
-7000
-7002
-7003
-6992
-6978
-6981
-6979
-6965
-6955
-6953
-6966
-6980
-6995
-7017
-7037
-7061
-7076
-7085
-7099
-7101
-7096
-7099
-7100
-7109
-7112
-7108
-7100
-7098
-7080
-7078
-7096
-7099
-7115
-7111
-7108
-7090
-7081
-7080
-7077
-7065
-7036
-7027
-7019
-7031
-7034
-7028
-7032
-7043
-7060
-7080
-7084
-7094
-7116
-7124
-7143
-7148
-7155
-7165
-7167
-7170
-7174
-7181
-7184
-7198
-7185
-7178
-7190
-7185
-7183
-7177
-7180
-7180
-7168
-7145
-7129
-7129
-7115
-7105
-7106
-7099
-7103
-7107
-7106
-7106
-7099
-7096
-7103
-7110
-7117
-7125
-7127
-7132
-7135
-7140
-7144
-7145
-7140
-7143
-7153
-7157
-7166
-7175
-7180
-7169
-7166
-7158
-7147
-7148
-7157
-7161
-7160
-7159
-7136
-7125
-7115
-7114
-7119
-7125
-7143
-7155
-7159
-7157
-7161
-7141
-7144
-7145
-7137
-7154
-7151
-7163
-7182
-7183
-7180
-7162
-7142
-7133
-7125
-7139
-7147
-7158
-7170
-7176
-7182
-7179
-7186
-7181
-7182
-7182
-7172
-7168
-7164
-7146
-7130
-7129
-7134
-7123
-7100
-7088
-7083
-7086
-7085
-7108
-7127
-7143
-7170
-7187
-7205
-7208
-7207
-7212
-7210
-7195
-7178
-7167
-7153
-7141
-7131
-7118
-7106
-7075
-7059
-7060
-7053
-7059
-7062
-7054
-7068
-7068
-7059
-7058
-7044
-7053
-7048
-7040
-7040
-7036
-7029
-7031
-7042
-7050
-7063
-7073
-7093
-7100
-7106
-7117
-7134
-7144
-7133
-7115
-7094
-7083
-7073
-7060
-7058
-7060
-7059
-7052
-7046
-7041
-7032
-7023
-7029
-7016
-6998
-7025
-7038
-7055
-7067
-7058
-7060
-7061
-7066
-7074
-7079
-7080
-7090
-7101
-7116
-7120
-7127
-7140
-7142
-7133
-7122
-7110
-7083
-7066
-7064
-7060
-7059
-7053
-7060
-7069
-7064
-7073
-7082
-7079
-7080
-7091
-7095
-7100
-7103
-7096
-7085
-7078
-7077
-7080
-7074
-7069
-7072
-7072
-7070
-7052
-7041
-7043
-7055
-7045
-7028
-7019
-7005
-6999
-7006
-7011
-7025
-7040
-7044
-7052
-7053
-7062
-7076
-7077
-7086
-7083
-7083
-7084
-7083
-7081
-7083
-7091
-7088
-7094
-7089
-7087
-7082
-7073
-7067
-7046
-7034
-7026
-7020
-7022
-7019
-7012
-7014
-7020
-7016
-7019
-7014
-7016
-7025
-7026
-7028
-7024
-7037
-7056
-7062
-7047
-7056
-7074
-7078
-7098
-7108
-7115
-7108
-7099
-7093
-7097
-7106
-7118
-7135
-7122
-7116
-7100
-7094
-7101
-7076
-7055
-7052
-7045
-7043
-7038
-7024
-7013
-7004
-7001
-7006
-7015
-7010
-7023
-7023
-7029
-7039
-7037
-7031
-7024
-7035
-7035
-7046
-7045
-7043
-7049
-7055
-7059
-7069
-7073
-7064
-7070
-7073
-7074
-7077
-7088
-7099
-7092
-7094
-7075
-7077
-7078
-7065
-7069
-7046
-7028
-7025
-7030
-7040
-7054
-7056
-7047
-7043
-7038
-7022
-7019
-7022
-7012
-6999
-6979
-6966
-6962
-6975
-6985
-6993
-7011
-7009
-7018
-7034
-7048
-7067
-7082
-7101
-7126
-7153
-7157
-7151
-7139
-7124
-7112
-7111
-7106
-7101
-7094
-7087
-7080
-7077
-7079
-7075
-7068
-7054
-7047
-7038
-7020
-6999
-6988
-6985
-6982
-6984
-6983
-6967
-6966
-6967
-6984
-7005
-7014
-7023
-7014
-7011
-7014
-7030
-7046
-7064
-7078
-7092
-7099
-7105
-7113
-7112
-7110
-7093
-7084
-7085
-7073
-7053
-7050
-7048
-7047
-7040
-7034
-7044
-7048
-7052
-7048
-7041
-7032
-7024
-7013
-6996
-6984
-6974
-6968
-6966
-6951
-6936
-6938
-6942
-6950
-6950
-6954
-6960
-6962
-6968
-6970
-6966
-6960
-6955
-6947
-6949
-6954
-6955
-6966
-6979
-6994
-6998
-7006
-7017
-7021
-7019
-7005
-6994
