04021518.PTO
COCE
2012/04/02 15:18:14.8000
100.0000 m/s  
6610 muestras
-9478
-9474
-9432
-9420
-9343
-9401
-9534
-9615
-9545
-9587
-9532
-9658
-9569
-9636
-9623
-9689
-9641
-9734
-9765
-9694
-9621
-9574
-9543
-9591
-9618
-9594
-9559
-9506
-9601
-9592
-9757
-9796
-9783
-9744
-9674
-9601
-9711
-9738
-9804
-9758
-9772
-9745
-9713
-9620
-9590
-9557
-9655
-9728
-9704
-9683
-9562
-9783
-9646
-9604
-9561
-9559
-9614
-9649
-9763
-9735
-9754
-9833
-9752
-9740
-9741
-9762
-9795
-9808
-9816
-9679
-9711
-9587
-9641
-9676
-9559
-9576
-9659
-9630
-9640
-9695
-9727
-9898
-9817
-9726
-9621
-9670
-9751
-9863
-9847
-9781
-9761
-9730
-9758
-9842
-9865
-9846
-9888
-9770
-9718
-9746
-9889
-9736
-9765
-9770
-9764
-9776
-9758
-9808
-9750
-9808
-9767
-9671
-9633
-9741
-9685
-9694
-9653
-9596
-9568
-9572
-9662
-9684
-9689
-9725
-9812
-9801
-9792
-9751
-9747
-9658
-9637
-9580
-9592
-9724
-9848
-9719
-9744
-9833
-9796
-9826
-9708
-9737
-9612
-9721
-9596
-9666
-9618
-9632
-9617
-9643
-9668
-9636
-9813
-9713
-9846
-9703
-9792
-9758
-9882
-9774
-9834
-9924
-9791
-9743
-9680
-9653
-9665
-9741
-9664
-9712
-9588
-9665
-9669
-9661
-9702
-9741
-9670
-9660
-9629
-9573
-9578
-9628
-9682
-9764
-9801
-9788
-9771
-9781
-9746
-9796
-9802
-9784
-9744
-9677
-9741
-9644
-9799
-9743
-9771
-9650
-9671
-9614
-9612
-9657
-9605
-9647
-9569
-9610
-9535
-9664
-9629
-9690
-9773
-9768
-9689
-9738
-9755
-9679
-9684
-9724
-9723
-9629
-9707
-9662
-9672
-9744
-9726
-9716
-9594
-9593
-9601
-9620
-9678
-9645
-9651
-9688
-9703
-9714
-9737
-9672
-9690
-9719
-9777
-9763
-9776
-9808
-9726
-9657
-9661
-9623
-9602
-9656
-9726
-9643
-9697
-9770
-9771
-9810
-9591
-9604
-9650
-9667
-9669
-9729
-9700
-9630
-9570
-9497
-9487
-9479
-9487
-9664
-9733
-9770
-9817
-9662
-9737
-9696
-9653
-9618
-9607
-9544
-9655
-9594
-9542
-9529
-9569
-9621
-9713
-9660
-9489
-9634
-9535
-9554
-9479
-9502
-9488
-9586
-9600
-9626
-9553
-9534
-9627
-9599
-9537
-9577
-9639
-9544
-9630
-9547
-9527
-9530
-9518
-9499
-9528
-9515
-9560
-9450
-9441
-9402
-9497
-9640
-9625
-9585
-9557
-9538
-9339
-9380
-9354
-9466
-9570
-9520
-9470
-9526
-9537
-9461
-9408
-9415
-9519
-9646
-9629
-9567
-9694
-9671
-9626
-9643
-9497
-9494
-9695
-9560
-9531
-9611
-9608
-9675
-9583
-9563
-9606
-9598
-9663
-9603
-9641
-9686
-9775
-9877
-9796
-9716
-9704
-9757
-9583
-9588
-9593
-9683
-9771
-9874
-9788
-9696
-9524
-9468
-9589
-9608
-9632
-9602
-9641
-9633
-9687
-9574
-9650
-9563
-9630
-9545
-9612
-9598
-9542
-9569
-9501
-9595
-9579
-9611
-9514
-9521
-9609
-9633
-9622
-9676
-9593
-9566
-9437
-9392
-9372
-9415
-9460
-9584
-9652
-9597
-9588
-9533
-9499
-9482
-9460
-9380
-9504
-9568
-9575
-9529
-9544
-9450
-9406
-9424
-9343
-9392
-9328
-9377
-9400
-9461
-9352
-9264
-9339
-9275
-9362
-9371
-9389
-9411
-9511
-9499
-9359
-9351
-9437
-9448
-9431
-9480
-9533
-9441
-9422
-9393
-9245
-9227
-9149
-9220
-9333
-9396
-9428
-9278
-9345
-9359
-9279
-9247
-9268
-9463
-9455
-9459
-9419
-9371
-9393
-9305
-9304
-9348
-9322
-9459
-9310
-9330
-9310
-9380
-9522
-9366
-9301
-9262
-9345
-9399
-9460
-9463
-9537
-9554
-9487
-9386
-9327
-9289
-9403
-9379
-9423
-9434
-9558
-9557
-9599
-9617
-9473
-9628
-9618
-9497
-9443
-9516
-9487
-9479
-9369
-9396
-9439
-9510
-9465
-9516
-9409
-9379
-9417
-9416
-9423
-9409
-9411
-9248
-9241
-9172
-9180
-9247
-9470
-9334
-9475
-9568
-9531
-9256
-9288
-9414
-9345
-9361
-9187
-9254
-9231
-9361
-9202
-9273
-9371
-9452
-9401
-9394
-9396
-9463
-9371
-9381
-9348
-9246
-9301
-9260
-9414
-9264
-9306
-9279
-9238
-9381
-9480
-9376
-9356
-9309
-9334
-9248
-9235
-9243
-9310
-9266
-9294
-9388
-9346
-9361
-9376
-9378
-9264
-9356
-9320
-9461
-9430
-9421
-9418
-9317
-9332
-9392
-9380
-9373
-9331
-9414
-9442
-9423
-9411
-9228
-9250
-9303
-9324
-9405
-9471
-9331
-9378
-9423
-9407
-9417
-9387
-9324
-9272
-9237
-9200
-9197
-9240
-9273
-9256
-9292
-9263
-9254
-9212
-9259
-9359
-9446
-9354
-9211
-9201
-9079
-9144
-9243
-9276
-9303
-9358
-9378
-9454
-9442
-9312
-9345
-9346
-9290
-9239
-9238
-9333
-9343
-9317
-9339
-9332
-9325
-9340
-9385
-9381
-9420
-9385
-9402
-9308
-9273
-9261
-9320
-9342
-9288
-9397
-9346
-9311
-9412
-9310
-9272
-9332
-9263
-9295
-9227
-9276
-9324
-9386
-9381
-9379
-9347
-9347
-9306
-9347
-9442
-9489
-9399
-9349
-9429
-9417
-9451
-9414
-9385
-9373
-9396
-9369
-9490
-9502
-9515
-9292
-9117
-9161
-9238
-9340
-9376
-9308
-9364
-9287
-9294
-9471
-9552
-9449
-9197
-9194
-9262
-9509
-9655
-9596
-9407
-9357
-9293
-9359
-9470
-9612
-9512
-9435
-9401
-9305
-9261
-9246
-9367
-9462
-9560
-9496
-9404
-9370
-9461
-9444
-9466
-9457
-9296
-9235
-9309
-9488
-9519
-9548
-9564
-9495
-9398
-9284
-9225
-9263
-9388
-9449
-9545
-9540
-9684
-9528
-9336
-9151
-9182
-9244
-9476
-9626
-9696
-9648
-9421
-9337
-9236
-9374
-9335
-9459
-9259
-9342
-9385
-9493
-9544
-9518
-9488
-9445
-9272
-9172
-9412
-9737
-9968
-9768
-9666
-9601
-9737
-9783
-9755
-9850
-10217
-10337
-10076
-9881
-10063
-10554
-10910
-11004
-11007
-11030
-10919
-10834
-11015
-11266
-11238
-10812
-10327
-9948
-9621
-9174
-8990
-8942
-8917
-8673
-8102
-7598
-7351
-7488
-7540
-7375
-7293
-7601
-8196
-8855
-9598
-10333
-10708
-10786
-10774
-11023
-11185
-11724
-12313
-12512
-12433
-11836
-11298
-10707
-9605
-8503
-7944
-7652
-7347
-6997
-6189
-5288
-4527
-4011
-4162
-4496
-5055
-5825
-6752
-7841
-9195
-10520
-11703
-12727
-13734
-14711
-15336
-15502
-15382
-15117
-14382
-13569
-12897
-12051
-10892
-9757
-8779
-7923
-7347
-6641
-5474
-4543
-4615
-5016
-5515
-5802
-6041
-6606
-7411
-8333
-9640
-11193
-12273
-13120
-13503
-13417
-13009
-12724
-12167
-11880
-11730
-11041
-10057
-9402
-9499
-9957
-10071
-9390
-8664
-8207
-7507
-7003
-7419
-7855
-7659
-6713
-6009
-6654
-8235
-9810
-10552
-11121
-11912
-12828
-13712
-14426
-15234
-15195
-13885
-11383
-9251
-7701
-6509
-5578
-5003
-4775
-4874
-5599
-6458
-7620
-8497
-9567
-11347
-13170
-14074
-13838
-12798
-11218
-9317
-7806
-7019
-7216
-7503
-7145
-6351
-5838
-5896
-6822
-8681
-11113
-13162
-13888
-13779
-13040
-12131
-10861
-10041
-10307
-11365
-12166
-12059
-11467
-11050
-10771
-10326
-9903
-9401
-8590
-7607
-6835
-5977
-5365
-4706
-3378
-1916
-1421
-2208
-3622
-5790
-8407
-11315
-14118
-15825
-16264
-16032
-15672
-15316
-14197
-12521
-10702
-9444
-9014
-8699
-8992
-8885
-8738
-8616
-8783
-8976
-9067
-9050
-8447
-7296
-5791
-4726
-4215
-4003
-3779
-4509
-5806
-7456
-9481
-11586
-12890
-13749
-14260
-14752
-15326
-15192
-14143
-12356
-10125
-7593
-6284
-6475
-7737
-8611
-8604
-8903
-10163
-11637
-12346
-12220
-11376
-9421
-7009
-5681
-5623
-5644
-5056
-4432
-4857
-6439
-7951
-9310
-10755
-12176
-13285
-13413
-12733
-12154
-12065
-11957
-11589
-11276
-11050
-10540
-9005
-7118
-5882
-5725
-7067
-9824
-12683
-13529
-11704
-8424
-5203
-2781
-1588
-2404
-5082
-7352
-7734
-7209
-7552
-9324
-11971
-14915
-17684
-19212
-19311
-18496
-17453
-16201
-13426
-9515
-6125
-3778
-2319
-1124
-448
-808
-1762
-2978
-4099
-5825
-8204
-10905
-12752
-13982
-15218
-15883
-14934
-12654
-10844
-9961
-9391
-8708
-8342
-8496
-9160
-9702
-9879
-8900
-7172
-5508
-4551
-4388
-5015
-6096
-7021
-7475
-7690
-8646
-10772
-13169
-14956
-15932
-16476
-16880
-16278
-14539
-12138
-9850
-7126
-4130
-1851
-1111
-1287
-2140
-3759
-6144
-8440
-9794
-10677
-11838
-13111
-14039
-15064
-15140
-14098
-12280
-10502
-8860
-7458
-6529
-6328
-6849
-7729
-8760
-10116
-11519
-12398
-12709
-12256
-11423
-10375
-8940
-7591
-7036
-6849
-6370
-5414
-5159
-6171
-7828
-9279
-10339
-10773
-10746
-10437
-9846
-9220
-9073
-8955
-8269
-7712
-7360
-7279
-7669
-8759
-10148
-11479
-12059
-11929
-11393
-10817
-10093
-9082
-7989
-6776
-5743
-5484
-5634
-6065
-6618
-6944
-7924
-9608
-11855
-14081
-15781
-16431
-16170
-15161
-13243
-11008
-9254
-7896
-6818
-5893
-4990
-4655
-4892
-5713
-7128
-8464
-9291
-9708
-10517
-11413
-11695
-11112
-9893
-9132
-8718
-8342
-8113
-8237
-8526
-9195
-10035
-10781
-11254
-11463
-11296
-10662
-9722
-8648
-7572
-6615
-5855
-5478
-5678
-6097
-6847
-7988
-9867
-12487
-15124
-16539
-16796
-15967
-14380
-12354
-10180
-8297
-6502
-4906
-3361
-2188
-1842
-2532
-3820
-5537
-7329
-8969
-10243
-11262
-12140
-12753
-13144
-13133
-12659
-11905
-10902
-10022
-9535
-9201
-9238
-9336
-9415
-9160
-9043
-8976
-8748
-7812
-6589
-5893
-5826
-6103
-6020
-6088
-6432
-7571
-8986
-10723
-12728
-14405
-15525
-15529
-14810
-13920
-12899
-11959
-10839
-9865
-8741
-7491
-6431
-5792
-5697
-5835
-6262
-7229
-8360
-9358
-9703
-9512
-9174
-8764
-8408
-7802
-7658
-7394
-7485
-7437
-7800
-8359
-9484
-11032
-12433
-13141
-13412
-13177
-12543
-11955
-10808
-9828
-8484
-7810
-7103
-6746
-6429
-6273
-6477
-7005
-7929
-8828
-9649
-10193
-10301
-9996
-9607
-9080
-8673
-8634
-8633
-8706
-8881
-9187
-9689
-10354
-10982
-11368
-11366
-10930
-10353
-9247
-8200
-7167
-6543
-5960
-5856
-5993
-6632
-7735
-9068
-10671
-12259
-13571
-14252
-14670
-14439
-13765
-12402
-10670
-8502
-6552
-4895
-3946
-3506
-3496
-3935
-4703
-5970
-7381
-9021
-10332
-11351
-12133
-12901
-13326
-13277
-12714
-11909
-11080
-10419
-10298
-10507
-10564
-10479
-10341
-9669
-8762
-7728
-6929
-6341
-5794
-5493
-5057
-4659
-4553
-5086
-5901
-7133
-9069
-11129
-13105
-14442
-15336
-15372
-14911
-14012
-12567
-11180
-9760
-8398
-7025
-5993
-5056
-4407
-4349
-5180
-6408
-7843
-9289
-10176
-10732
-10583
-10645
-10726
-10921
-11195
-10794
-10444
-9955
-9644
-9588
-9873
-10155
-10298
-10387
-10008
-9464
-8834
-7980
-7006
-6281
-5572
-5383
-5621
-5997
-6766
-7626
-8886
-10166
-11675
-13131
-14058
-14615
-14066
-13159
-11773
-10388
-9051
-7766
-6885
-6214
-6398
-6539
-7271
-8503
-9498
-10541
-11202
-11604
-11929
-11956
-11469
-10397
-8932
-7512
-6440
-5775
-5503
-5401
-5810
-6578
-7610
-9185
-10578
-11857
-12693
-12813
-13040
-12771
-11991
-10917
-9576
-8707
-7867
-7489
-7527
-7594
-8144
-8505
-8870
-9147
-9273
-9293
-9035
-8767
-8517
-8188
-7665
-7414
-7250
-7790
-8528
-9407
-10500
-11500
-12175
-12485
-12701
-12379
-11766
-10922
-9939
-8643
-7472
-6396
-5529
-4787
-4641
-5107
-6157
-7533
-8959
-10379
-11503
-12192
-12368
-12213
-11725
-11076
-10117
-9129
-8161
-7647
-7322
-7273
-7617
-8241
-9079
-9907
-10459
-10825
-10993
-10704
-10201
-9755
-9264
-8699
-8207
-7923
-7863
-7987
-8306
-8859
-9634
-10429
-11118
-11500
-11479
-10887
-9954
-8747
-7669
-6723
-5986
-5574
-5491
-5633
-6248
-7363
-8970
-10699
-12370
-13619
-14411
-14732
-14167
-13110
-11728
-10461
-8988
-7741
-6800
-6149
-5776
-5792
-5982
-6324
-6920
-7778
-8609
-9405
-10065
-10262
-10186
-9887
-9585
-9502
-9584
-9840
-10185
-10547
-11163
-11675
-12117
-12227
-12053
-11376
-10645
-9745
-8494
-7025
-5746
-4600
-4050
-4154
-4803
-6013
-7489
-9138
-10506
-12010
-13017
-13808
-14303
-14280
-13786
-12762
-11158
-9676
-8080
-6850
-6040
-5575
-5858
-6312
-7072
-7804
-8588
-9395
-10090
-10416
-10633
-10527
-10402
-10186
-9738
-9356
-9085
-9033
-9075
-9523
-10156
-10683
-11170
-11223
-10993
-10495
-9764
-9000
-8003
-7325
-6876
-6609
-6470
-6719
-7193
-8039
-9129
-10289
-11489
-12276
-12778
-12780
-12483
-11804
-10929
-9905
-8874
-7788
-6790
-6140
-6041
-6384
-7033
-7957
-9084
-10238
-11144
-11599
-11544
-11344
-10901
-10372
-9898
-9368
-8918
-8526
-8366
-8586
-8832
-9144
-9640
-10125
-10598
-10945
-10726
-10276
-9578
-8854
-8093
-7586
-7114
-6901
-6996
-7309
-7939
-8750
-9730
-10667
-11659
-12260
-12618
-12580
-12143
-11269
-10181
-9237
-8714
-8175
-7735
-7644
-7987
-8591
-9159
-9608
-10113
-10383
-10664
-10731
-10374
-9891
-9083
-8462
-7966
-7588
-7481
-7784
-8424
-9015
-9654
-10251
-10651
-11132
-11206
-11124
-10554
-9929
-8944
-8007
-7207
-6720
-6471
-6484
-7134
-7974
-9158
-10236
-11325
-12201
-12894
-12968
-13021
-12528
-11848
-10953
-9899
-8800
-7858
-7213
-6782
-6948
-7085
-7743
-8351
-8975
-9476
-9847
-10034
-9942
-9729
-9561
-9348
-9200
-9091
-8994
-9235
-9698
-10372
-10990
-11709
-12238
-12463
-12270
-11593
-10848
-10026
-8845
-7657
-6347
-5339
-4734
-4758
-5322
-6199
-7238
-8315
-9667
-11014
-11932
-12614
-12826
-12672
-12475
-11928
-11349
-10574
-9985
-9153
-8832
-8593
-8643
-8891
-9196
-9475
-9672
-9801
-9582
-9336
-8749
-8180
-7468
-7068
-6749
-6749
-7028
-7578
-8364
-9314
-10311
-11332
-12075
-12440
-12533
-12310
-11747
-10967
-10107
-9306
-8733
-8129
-7828
-7735
-7790
-8008
-8543
-9133
-9502
-9905
-10074
-10133
-10111
-9842
-9314
-8693
-8263
-7962
-8014
-8347
-8811
-9257
-9811
-10339
-11124
-11549
-11695
-11748
-11215
-10506
-9625
-8725
-7785
-7070
-6760
-6787
-7136
-7933
-8621
-9377
-10062
-10664
-11072
-11405
-11524
-11205
-10736
-10148
-9537
-8868
-8264
-7824
-7928
-8150
-8776
-9233
-9633
-10113
-10432
-10572
-10595
-10339
-9929
-9432
-8845
-8357
-8099
-8128
-8156
-8514
-9097
-9743
-10468
-11150
-11419
-11439
-11053
-10663
-10118
-9533
-8724
-7962
-7372
-7347
-7476
-7763
-8305
-8958
-9858
-10453
-11035
-11381
-11525
-11190
-10774
-10017
-9440
-8707
-8067
-7733
-7609
-7758
-8100
-8612
-9166
-9937
-10664
-11246
-11465
-11516
-11132
-10666
-10207
-9613
-8927
-8418
-8142
-8179
-8342
-8704
-9028
-9506
-9940
-10160
-10453
-10302
-10059
-9604
-9067
-8474
-7980
-7563
-7508
-7777
-8117
-8525
-9108
-9870
-10602
-11299
-11727
-12024
-11963
-11527
-10941
-10301
-9714
-9183
-8670
-8442
-8447
-8578
-8868
-9196
-9317
-9540
-9761
-9827
-9759
-9581
-9171
-8741
-8454
-8045
-7931
-8032
-8412
-9061
-9700
-10363
-11131
-11680
-12009
-12247
-12141
-11745
-11118
-10411
-9661
-8639
-7792
-7210
-7119
-7210
-7439
-7924
-8419
-9117
-9672
-10206
-10652
-10818
-10788
-10599
-10189
-9854
-9598
-9264
-9234
-9265
-9451
-9798
-10171
-10494
-10768
-10929
-10736
-10454
-9992
-9553
-9095
-8487
-7890
-7493
-7366
-7523
-7688
-8097
-8787
-9586
-10424
-11027
-11334
-11501
-11411
-11085
-10709
-10121
-9613
-9336
-9081
-8797
-8812
-9073
-9263
-9497
-9831
-10027
-10183
-10164
-10026
-9666
-9292
-8961
-8644
-8371
-8244
-8304
-8403
-8720
-9292
-9857
-10419
-11024
-11406
-11529
-11377
-10999
-10561
-9990
-9346
-8519
-7984
-7896
-7947
-8135
-8470
-8947
-9464
-10123
-10437
-10712
-10726
-10708
-10466
-10099
-9558
-9230
-8891
-8501
-8431
-8498
-8719
-9070
-9646
-10020
-10318
-10370
-10416
-10685
-10815
-10535
-10190
-9551
-9033
-8649
-8635
-8671
-8918
-9175
-9572
-9955
-10245
-10510
-10546
-10546
-10389
-10152
-9702
-9207
-8655
-8266
-8112
-8138
-8382
-8939
-9194
-9698
-10059
-10328
-10460
-10587
-10552
-10361
-9997
-9654
-9226
-8849
-8736
-8641
-8859
-9076
-9499
-9771
-10165
-10543
-10882
-10910
-10774
-10480
-10120
-9759
-9429
-8860
-8469
-8297
-8247
-8529
-8925
-9439
-9887
-10304
-10615
-10824
-10782
-10650
-10456
-9961
-9516
-9209
-8798
-8539
-8368
-8292
-8302
-8825
-9297
-9773
-10054
-10176
-10308
-10364
-10268
-10067
-9877
-9549
-9354
-9211
-9224
-9322
-9561
-9866
-10197
-10325
-10485
-10604
-10647
-10462
-10147
-9702
-9086
-8500
-8160
-7873
-7835
-7958
-8168
-8552
-9065
-9849
-10456
-10898
-11045
-11207
-11226
-11022
-10774
-10211
-9533
-9146
-8772
-8629
-8507
-8505
-8574
-8766
-9028
-9333
-9786
-9980
-10030
-9833
-9865
-9832
-9660
-9448
-9261
-9409
-9691
-9894
-10155
-10413
-10620
-10740
-10808
-10657
-10439
-9994
-9379
-8906
-8573
-8228
-7836
-7623
-7542
-7880
-8447
-9164
-9642
-10290
-10605
-10746
-11053
-11334
-11211
-10875
-10532
-9921
-9601
-9239
-9003
-8904
-9116
-9234
-9478
-9756
-9971
-10063
-10011
-9804
-9565
-9480
-9233
-9107
-8838
-8582
-8458
-8500
-8775
-9168
-9576
-10022
-10484
-10754
-10873
-10848
-10783
-10677
-10468
-9997
-9367
-8932
-8620
-8540
-8402
-8593
-8800
-9202
-9656
-9975
-10270
-10450
-10536
-10352
-10357
-10127
-9867
-9487
-9276
-9060
-9110
-9239
-9495
-9811
-9969
-10055
-9991
-10115
-10037
-9989
-9694
-9313
-9080
-8898
-8758
-8765
-8945
-9047
-9162
-9647
-10054
-10584
-10891
-10900
-10922
-10883
-10646
-10312
-9913
-9176
-8782
-8526
-8400
-8492
-8674
-8857
-9164
-9546
-9920
-10134
-10348
-10363
-10350
-10264
-10225
-9934
-9654
-9490
-9270
-9271
-9174
-9459
-9671
-9895
-10026
-10206
-10215
-10268
-10152
-10063
-9827
-9493
-9116
-8899
-8859
-8922
-9207
-9425
-9848
-10109
-10560
-10897
-11149
-10958
-10783
-10391
-10157
-9887
-9511
-9073
-8640
-8298
-8241
-8564
-8988
-9454
-9573
-9826
-9845
-10241
-10587
-10843
-10712
-10428
-10039
-9760
-9650
-9652
-9631
-9582
-9629
-9574
-9792
-10122
-10460
-10405
-10272
-9921
-9796
-9720
-9674
-9472
-9093
-8747
-8803
-8981
-9253
-9755
-10091
-10347
-10401
-10650
-10774
-10822
-10674
-10385
-9991
-9596
-9367
-9166
-8990
-8898
-8828
-9005
-9318
-9747
-10089
-10166
-10120
-10225
-10236
-10232
-10187
-9801
-9655
-9397
-9254
-9171
-9311
-9475
-9744
-10055
-10328
-10494
-10457
-10467
-10439
-10273
-9995
-9713
-9354
-9193
-9066
-8950
-8904
-8946
-9157
-9493
-9749
-10087
-10243
-10459
-10456
-10253
-9984
-9746
-9611
-9450
-9296
-9187
-9252
-9360
-9605
-9797
-10024
-10143
-10298
-10351
-10253
-10220
-10180
-9983
-9678
-9203
-8897
-8804
-8838
-9118
-9439
-9562
-9695
-9800
-9983
-10268
-10454
-10448
-10237
-9940
-9530
-9236
-8983
-8916
-8865
-8841
-8874
-9083
-9346
-9630
-9795
-10018
-10172
-10380
-10450
-10320
-10179
-9899
-9615
-9120
-8917
-8989
-9277
-9507
-9756
-9795
-9858
-9903
-9834
-9912
-9891
-9681
-9351
-9131
-9122
-9065
-9016
-9140
-9211
-9337
-9537
-9852
-10078
-10421
-10460
-10341
-10084
-10032
-10060
-9752
-9289
-8782
-8425
-8345
-8578
-8742
-8999
-9193
-9392
-9688
-10202
-10439
-10434
-10144
-9842
-9653
-9525
-9364
-9282
-9289
-9162
-9108
-9195
-9432
-9672
-9892
-9963
-9964
-9844
-9776
-9667
-9552
-9396
-9274
-8885
-8721
-8726
-8986
-9153
-9323
-9543
-9785
-10067
-10007
-10076
-9930
-9797
-9449
-9286
-9123
-9035
-8839
-8612
-8568
-8661
-9054
-9431
-9713
-9962
-10108
-10212
-10275
-10226
-10017
-9713
-9557
-9300
-9110
-8903
-8827
-8911
-9071
-9104
-9199
-9366
-9586
-9735
-9861
-9795
-9580
-9436
-9152
-8991
-8985
-9116
-9205
-9324
-9294
-9458
-9652
-9842
-10026
-10057
-10059
-10057
-10008
-9759
-9459
-9083
-8861
-8694
-8774
-8917
-9173
-9209
-9250
-9623
-9878
-10029
-10072
-10206
-10174
-10021
-9695
-9307
-9006
-8944
-8942
-8915
-8901
-8995
-9086
-9203
-9465
-9822
-10158
-10162
-10108
-9912
-9720
-9528
-9296
-9026
-8898
-8814
-8775
-8942
-9144
-9354
-9369
-9502
-9648
-9850
-9836
-9742
-9601
-9395
-9310
-9326
-9389
-9301
-9189
-9069
-9169
-9354
-9705
-9966
-10170
-10076
-9851
-9619
-9623
-9541
-9369
-9207
-8866
-8639
-8669
-8646
-8852
-9265
-9519
-9811
-9740
-9806
-9810
-10048
-10038
-9875
-9613
-9343
-9129
-9062
-9071
-9285
-9317
-9281
-9281
-9289
-9578
-9572
-9846
-9762
-9801
-9493
-9261
-9145
-8981
-8995
-9077
-9228
-9145
-9348
-9311
-9409
-9693
-9931
-10243
-10239
-10199
-9875
-9300
-8891
-8683
-8805
-9076
-9137
-8998
-9016
-9037
-9185
-9415
-9574
-9878
-10247
-10317
-10088
-9684
-9505
-9339
-9316
-9254
-9163
-9125
-8992
-8982
-8921
-9248
-9562
-9789
-9947
-9761
-9628
-9503
-9499
-9579
-9556
-9397
-9265
-9315
-9185
-9391
-9460
-9763
-9778
-9927
-10102
-10008
-9992
-9812
-9866
-9469
-9228
-8880
-8948
-8993
-9129
-9098
-9166
-9433
-9597
-9782
-9814
-9981
-10024
-9993
-9736
-9546
-9365
-9297
-9168
-9176
-9167
-9204
-9360
-9475
-9536
-9583
-9862
-10053
-10272
-10305
-10044
-9806
-9483
-9400
-9325
-9321
-9260
-9330
-9338
-9392
-9368
-9488
-9742
-10055
-10260
-10052
-10038
-9742
-9570
-9426
-9426
-9446
-9500
-9280
-9204
-9228
-9307
-9497
-9776
-10127
-10358
-10397
-10025
-9654
-9495
-9487
-9511
-9506
-9374
-9395
-9398
-9449
-9537
-9817
-9985
-10185
-10329
-10290
-10202
-10131
-9968
-9786
-9574
-9316
-9076
-8937
-9120
-9210
-9387
-9603
-9861
-10112
-10194
-10238
-10099
-9966
-9889
-9788
-9597
-9428
-9184
-9128
-9175
-8957
-9140
-9339
-9522
-9720
-9856
-9949
-10064
-10069
-10097
-9933
-9735
-9642
-9602
-9591
-9570
-9715
-9690
-9599
-9575
-9723
-9876
-10027
-9984
-9989
-9896
-9701
-9427
-9260
-9280
-9169
-9298
-9587
-9632
-9669
-9670
-9817
-10056
-10312
-10287
-10277
-10181
-9917
-9844
-9535
-9341
-9098
-9177
-9231
-9448
-9612
-9655
-9994
-10026
-10080
-10168
-10244
-10275
-10125
-9890
-9739
-9755
-9750
-9529
-9404
-9360
-9436
-9709
-9814
-9922
-9998
-10024
-9980
-10028
-9884
-9750
-9600
-9662
-9658
-9446
-9320
-9234
-9576
-9744
-9943
-10002
-10133
-10247
-10189
-10113
-10053
-9965
-9911
-9666
-9481
-9348
-9184
-9275
-9297
-9429
-9612
-9658
-9713
-9953
-10156
-10228
-10283
-10333
-10110
-9772
-9554
-9451
-9454
-9410
-9333
-9433
-9538
-9856
-9988
-9957
-9873
-10045
-10240
-10117
-10037
-9829
-9665
-9332
-9119
-9166
-9360
-9523
-9654
-9650
-9625
-9852
-9991
-10102
-10201
-10245
-10201
-10008
-9816
-9650
-9649
-9591
-9483
-9505
-9573
-9682
-9878
-9962
-9975
-9965
-9937
-9892
-9923
-9850
-9627
-9453
-9313
-9292
-9253
-9314
-9438
-9740
-9917
-10018
-10061
-10174
-10185
-10160
-10051
-9889
-9975
-9792
-9616
-9388
-9251
-9258
-9370
-9426
-9481
-9663
-9953
-10169
-10123
-10066
-10017
-10018
-9928
-9807
-9549
-9429
-9350
-9283
-9314
-9408
-9766
-9944
-9996
-9968
-9840
-9847
-10020
-10025
-9909
-9726
-9513
-9401
-9387
-9445
-9508
-9554
-9632
-9645
-9723
-9881
-9994
-10210
-10272
-10244
-9932
-9694
-9616
-9559
-9498
-9343
-9320
-9432
-9600
-9755
-9968
-10115
-10142
-10067
-10060
-10079
-10092
-10023
-9763
-9505
-9268
-9060
-9152
-9368
-9519
-9572
-9622
-9687
-9794
-9966
-10134
-10163
-10212
-10001
-9766
-9710
-9692
-9747
-9589
-9530
-9476
-9419
-9462
-9684
-9812
-9971
-9983
-9960
-9851
-9656
-9650
-9637
-9580
-9585
-9550
-9523
-9546
-9653
-9817
-9892
-10021
-10075
-10179
-10038
-9944
-9824
-9783
-9659
-9431
-9274
-9252
-9386
-9389
-9370
-9449
-9739
-9887
-9981
-10005
-10140
-10255
-10193
-10085
-9949
-9783
-9557
-9421
-9316
-9299
-9379
-9402
-9432
-9512
-9601
-9708
-9803
-9910
-10026
-10172
-10182
-9981
-9766
-9456
-9280
-9370
-9675
-9925
-9867
-9740
-9586
-9709
-9901
-9960
-9999
-9898
-9731
-9575
-9376
-9352
-9425
-9381
-9345
-9242
-9375
-9725
-10103
-10272
-10305
-10325
-10375
-10239
-9971
-9796
-9754
-9675
-9506
-9443
-9362
-9523
-9630
-9773
-9823
-9838
-9840
-9954
-10151
-10232
-10136
-9898
-9757
-9637
-9559
-9361
-9339
-9442
-9673
-9734
-9692
-9738
-9831
-10066
-10207
-10134
-10006
-9923
-9803
-9627
-9563
-9550
-9509
-9683
-9748
-9809
-9762
-9744
-9742
-9836
-9975
-9965
-9999
-9920
-10073
-9845
-9549
-9414
-9415
-9610
-9695
-9757
-9716
-9801
-9859
-9966
-10017
-9995
-10056
-10065
-9908
-9767
-9467
-9385
-9488
-9600
-9576
-9431
-9533
-9639
-9936
-10099
-10157
-9983
-9921
-9793
-9838
-9922
-9850
-9722
-9472
-9294
-9222
-9401
-9588
-9797
-9875
-9984
-9972
-10014
-9997
-10116
-10040
-9900
-9633
-9568
-9597
-9551
-9492
-9486
-9643
-9671
-9832
-9743
-9842
-9953
-10072
-10042
-10068
-9908
-9767
-9664
-9502
-9350
-9310
-9446
-9613
-9823
-9855
-9790
-9689
-9818
-10126
-10231
-10122
-9950
-9715
-9584
-9477
-9460
-9404
-9626
-9677
-9761
-9680
-9722
-9834
-9951
-10083
-10072
-10063
-10084
-10148
-9994
-9903
-9635
-9709
-9606
-9585
-9577
-9632
-9819
-10097
-10263
-10061
-10035
-9960
-9960
-9918
-9868
-9671
-9381
-9128
-9159
-9518
-9896
-9977
-9802
-9813
-9827
-10007
-9966
-10169
-10337
-10307
-10004
-9680
-9646
-9562
-9552
-9479
-9633
-9563
-9676
-9652
-9749
-9825
-9977
-10017
-10007
-9955
-9882
-9795
-9638
-9637
-9436
-9362
-9340
-9408
-9546
-9757
-9740
-9775
-9639
-9750
-9956
-10145
-10036
-9938
-9601
-9480
-9555
-9618
-9661
-9475
-9599
-9406
-9682
-9630
-9942
-10039
-10044
-9902
-9692
-9767
-9590
-9728
-9525
-9572
-9285
-9315
-9329
-9534
-9733
-9748
-9791
-9613
-9775
-9879
-9983
-9981
-9999
-9691
-9781
-9484
-9435
-9456
-9367
-9692
-9689
-9973
-9880
-9766
-9749
-9668
-9723
-9759
-9627
-9638
-9549
-9509
-9490
-9446
-9485
-9420
-9489
-9632
-9862
-9922
-10029
-9928
-9914
-9814
-9816
-9758
-9573
-9509
-9294
-9360
-9379
-9654
-9775
-9743
-9474
-9393
-9604
-9804
-9962
-9932
-9831
-9670
-9593
-9459
-9484
-9438
-9556
-9595
-9548
-9467
-9548
-9704
-9873
-9946
-9879
-9842
-9757
-9702
-9677
-9575
-9424
-9399
-9355
-9502
-9573
-9663
-9640
-9609
-9581
-9602
-9739
-9983
-10092
-10039
-9858
-9642
-9400
-9267
-9403
-9469
-9483
-9438
-9590
-9736
-9808
-9947
-10095
-9942
-9772
-9666
-9637
-9661
-9650
-9545
-9479
-9358
-9250
-9200
-9307
-9573
-9786
-9974
-9979
-9936
-9980
-10125
-10030
-9884
-9627
-9391
-9329
-9451
-9457
-9396
-9359
-9353
-9423
-9632
-9916
-10072
-10126
-9995
-9823
-9581
-9440
-9403
-9507
-9627
-9677
-9676
-9631
-9520
-9486
-9514
-9708
-9835
-9946
-9981
-9928
-9896
-9722
-9587
-9467
-9466
-9445
-9550
-9666
-9687
-9710
-9597
-9584
-9733
-9742
-9824
-9785
-9809
-9803
-9702
-9603
-9414
-9347
-9312
-9309
-9339
-9559
-9780
-9895
-9877
-9803
-9784
-9658
-9502
-9500
-9633
-9631
-9586
-9454
-9361
-9345
-9525
-9698
-9782
-9899
-9807
-9843
-9755
-9903
-9937
-9914
-9760
-9587
-9556
-9441
-9401
-9374
-9522
-9605
-9642
-9616
-9719
-9737
-9793
-9840
-9884
-9826
-9704
-9570
-9492
-9567
-9513
-9611
-9613
-9657
-9733
-9734
-9636
-9535
-9632
-9734
-9726
-9691
-9759
-9601
-9445
-9271
-9277
-9491
-9643
-9762
-9756
-9859
-9856
-9738
-9775
-9697
-9799
-9853
-9862
-9878
-9736
-9706
-9598
-9464
-9470
-9484
-9461
-9537
-9684
-9888
-9881
-9796
-9781
-9776
-9788
-9803
-9707
-9799
-9681
-9448
-9363
-9424
-9411
-9525
-9825
-9872
-9995
-9888
-9777
-9840
-9827
-9777
-9701
-9662
-9715
-9681
-9630
-9426
-9457
-9509
-9535
-9717
-9824
-9897
-9893
-9858
-9774
-9780
-9629
-9620
-9523
-9577
-9662
-9616
-9713
-9659
-9688
-9607
-9665
-9716
-9808
-9782
-9828
-9855
-9892
-9834
-9734
-9596
-9531
-9606
-9518
-9691
-9706
-9767
-9793
-9803
-9791
-9793
-9779
-9840
-9774
-9826
-9668
-9623
-9614
-9546
-9418
-9407
-9584
-9736
-9944
-9904
-9840
-9607
-9657
-9620
-9668
-9651
-9811
-9824
-9577
-9466
-9465
-9477
-9612
-9611
-9640
-9721
-9875
-9947
-10039
-10067
-9796
-9734
-9445
-9353
-9396
-9559
-9677
-9588
-9446
-9468
-9632
-9844
-9870
-9962
-10005
-10017
-9928
-9793
-9653
-9648
-9559
-9694
-9619
-9416
-9548
-9451
-9654
-9486
-9544
-9656
-9740
-9764
-9826
-9925
-9779
-9646
-9439
-9559
-9607
-9563
-9643
-9608
-9663
-9685
-9705
-9767
-9819
-9706
-9650
-9660
-9632
-9743
-9774
-9795
-9699
-9616
-9538
-9489
-9540
-9557
-9594
-9743
-9803
-9908
-9977
-10018
-9981
-9877
-9737
-9601
-9450
-9554
-9638
-9723
-9612
-9627
-9660
-9656
-9807
-9654
-9767
-9711
-9761
-9755
-9899
-9758
-9719
-9560
-9414
-9504
-9643
-9826
-9906
-9976
-9884
-9827
-9693
-9750
-9734
-9905
-9736
-9752
-9639
-9512
-9582
-9529
-9597
-9553
-9672
-9701
-9704
-9731
-9818
-9927
-9871
-9823
-9817
-9746
-9659
-9610
-9627
-9587
-9475
-9487
-9536
-9677
-9778
-9905
-9908
-9819
-9784
-9645
-9629
-9693
-9774
-9620
-9509
-9393
-9429
-9665
-9779
-9840
-9825
-9716
-9688
-9696
-9759
-9913
-9859
-9739
-9647
-9649
-9671
-9589
-9584
-9514
-9444
-9522
-9632
-9809
-9859
-9764
-9778
-9739
-9656
-9688
-9682
-9605
-9465
-9422
-9391
-9410
-9583
-9641
-9684
-9647
-9624
-9785
-9921
-9897
-9866
-9865
-9746
-9699
-9642
-9586
-9487
-9507
-9526
-9510
-9518
-9581
-9732
-9848
-9890
-9649
-9498
-9417
-9509
-9724
-9697
-9566
-9517
-9429
-9257
-9223
-9439
-9651
-9866
-9900
-9763
-9653
-9641
-9708
-9789
-9878
-9685
-9570
-9429
-9471
-9435
-9311
-9423
-9510
-9609
-9705
-9809
-9797
-9827
-9733
-9619
-9515
-9344
-9461
-9517
-9456
-9420
-9325
-9417
-9475
-9588
-9622
-9708
-9647
-9677
-9772
-9710
-9750
-9686
-9700
-9716
-9681
-9493
-9483
-9507
-9562
-9605
-9615
-9682
-9830
-9794
-9691
-9508
-9396
-9288
-9374
-9441
-9453
-9640
-9550
-9568
-9459
-9504
-9543
-9848
-9875
-10010
-9841
-9571
-9475
-9472
-9695
-9582
-9477
-9414
-9453
-9307
-9534
-9443
-9529
-9408
-9576
-9599
-9530
-9734
-9732
-9745
-9515
-9416
-9313
-9273
-9229
-9380
-9343
-9426
-9546
-9725
-9640
-9678
-9528
-9500
-9576
-9544
-9527
-9464
-9466
-9404
-9440
-9350
-9262
-9150
-9399
-9466
-9609
-9566
-9503
-9462
-9434
-9482
-9429
-9503
-9494
-9432
-9430
-9435
-9394
-9368
-9392
-9510
-9555
-9589
-9592
-9600
-9568
-9650
-9525
-9384
-9495
-9511
-9390
-9339
-9310
-9171
-9245
-9295
-9295
-9542
-9697
-9698
-9608
-9661
-9609
-9425
-9448
-9290
-9224
-9207
-9377
-9450
-9501
-9508
-9603
-9667
-9660
-9709
-9546
-9580
-9396
-9414
-9443
-9488
-9377
-9408
-9332
-9257
-9253
-9244
-9356
-9448
-9694
-9662
-9651
-9635
-9697
-9483
-9464
-9504
-9504
-9485
-9510
-9376
-9285
-9330
-9388
-9483
-9598
-9663
-9549
-9490
-9436
-9450
-9485
-9524
-9516
-9568
-9505
-9500
-9462
-9517
-9444
-9604
-9517
-9494
-9625
-9557
-9545
-9512
-9500
-9386
-9362
-9321
-9317
-9369
-9466
-9492
-9491
-9452
-9527
-9538
-9622
-9685
-9702
-9656
-9725
-9696
-9591
-9427
-9476
-9516
-9377
-9482
-9497
-9526
-9501
-9527
-9546
-9633
-9564
-9620
-9680
-9589
-9397
-9294
-9378
-9389
-9397
-9304
-9361
-9569
-9599
-9598
-9615
-9628
-9694
-9638
-9520
-9526
-9681
-9595
-9507
-9390
-9272
-9192
-9253
-9429
-9397
-9434
-9550
-9607
-9589
-9562
-9465
-9548
-9531
-9433
-9490
-9421
-9470
-9510
-9408
-9376
-9412
-9556
-9509
-9583
-9527
-9369
-9397
-9298
-9346
-9288
-9397
-9389
-9348
-9337
-9283
-9365
-9401
-9511
-9559
-9558
-9543
-9618
-9634
-9694
-9608
-9658
-9569
-9404
-9435
-9535
-9422
-9278
-9454
-9339
-9334
-9410
-9576
-9503
-9566
-9580
-9549
-9575
-9526
-9511
-9447
-9425
-9295
-9351
-9459
-9524
-9629
-9719
-9686
-9746
-9699
-9632
-9552
-9577
-9530
-9437
-9597
-9579
-9639
-9535
-9306
-9455
-9383
-9318
-9494
-9544
-9455
-9625
-9510
-9489
-9454
-9366
-9387
-9393
-9591
-9617
-9612
-9445
-9476
-9363
-9492
-9418
-9437
-9500
-9596
-9484
-9447
-9579
-9479
-9588
-9451
-9546
-9475
-9590
-9573
-9425
-9351
-9427
-9506
-9554
-9635
-9669
-9784
-9503
-9404
-9310
-9219
-9410
-9397
-9366
-9419
-9458
-9462
-9450
-9501
-9672
-9734
-9649
-9610
-9566
-9669
-9588
-9530
-9552
-9511
-9497
-9537
-9557
-9592
-9707
-9610
-9534
-9599
-9512
-9497
-9653
-9533
-9625
-9527
-9444
-9428
-9471
-9531
-9537
-9647
-9660
-9756
-9763
-9801
-9785
-9860
-9759
-9751
-9677
-9667
-9646
-9511
-9517
-9553
-9623
-9649
-9736
-9752
-9789
-9796
-9677
-9693
-9679
-9536
-9614
-9607
-9441
-9556
-9555
-9543
-9562
-9581
-9638
-9487
-9527
-9609
-9687
-9581
-9716
-9677
-9717
-9733
-9719
-9700
-9596
-9658
-9544
-9615
-9650
-9701
-9714
-9698
-9736
-9732
-9676
-9735
-9656
-9566
-9537
-9633
-9512
-9485
-9497
-9552
-9575
-9580
-9610
-9658
-9736
-9573
-9680
-9538
-9611
-9628
-9662
-9744
-9588
-9611
-9470
-9470
-9650
-9677
-9765
-9737
-9600
-9773
-9731
-9689
-9719
-9713
-9673
-9604
-9572
-9505
-9705
-9648
-9616
-9577
-9556
-9634
-9625
-9701
-9662
-9715
-9635
-9591
-9698
-9604
-9686
-9589
-9528
-9556
-9533
-9593
-9546
-9584
-9582
-9750
-9681
-9688
-9705
-9695
-9628
-9547
-9599
-9589
-9630
-9524
-9665
-9614
-9648
-9717
-9567
-9571
-9602
-9644
-9655
-9705
-9623
-9598
-9588
-9519
-9537
-9594
-9540
-9602
-9630
-9647
-9623
-9633
-9773
-9768
-9768
-9713
-9625
-9575
-9516
-9535
-9555
-9465
-9616
-9623
-9697
-9606
-9631
-9605
-9701
-9784
-9662
-9708
-9701
-9725
-9713
-9661
-9645
-9675
-9452
-9541
-9523
-9696
-9574
-9694
-9694
-9753
-9740
-9716
-9859
-9606
-9769
-9551
-9674
-9571
-9575
-9544
-9546
-9635
-9452
-9619
-9603
-9605
-9596
-9609
-9655
-9608
-9686
-9710
-9672
-9665
-9669
-9616
-9560
-9569
-9541
-9723
-9687
-9760
-9839
-9784
-9887
-9792
-9771
-9804
-9760
-9677
-9611
-9643
-9670
-9642
-9665
-9557
-9600
-9648
-9612
-9741
-9754
-9739
-9660
-9633
-9733
-9634
-9680
-9790
-9632
-9588
-9645
-9691
-9698
-9772
-9809
-9786
-9782
-9742
-9680
-9747
-9826
-9691
-9729
-9785
-9735
-9686
-9652
-9714
-9673
-9717
-9662
-9646
-9578
-9590
-9624
-9639
-9725
-9636
-9662
-9630
-9652
-9621
-9543
-9473
-9589
-9613
-9668
-9707
-9745
-9861
-9760
-9667
-9573
-9572
-9601
-9522
-9509
-9530
-9569
-9691
-9676
-9727
-9732
-9676
-9716
-9741
-9681
-9742
-9692
-9681
-9563
-9509
-9562
-9565
-9580
-9495
-9595
-9551
-9712
-9811
-9747
-9863
-9750
-9613
-9745
-9718
-9723
-9663
-9620
-9548
-9590
-9714
-9720
-9697
-9684
-9760
-9703
-9774
-9770
-9719
-9638
-9741
-9769
-9675
-9623
-9574
-9537
-9479
-9586
-9643
-9574
-9560
-9631
-9718
-9722
-9662
-9512
-9585
-9624
-9617
-9542
-9488
-9486
-9477
-9514
-9429
-9516
-9642
-9745
-9713
-9832
-9685
-9703
-9645
-9640
-9698
-9799
-9754
-9532
-9614
-9489
-9512
-9597
-9674
-9661
-9654
-9578
-9661
-9731
-9680
-9563
-9584
-9568
-9597
-9582
-9540
-9595
-9599
-9571
-9527
-9604
-9628
-9709
-9724
-9735
-9609
-9639
-9550
-9579
-9677
-9640
-9530
-9524
-9631
-9633
-9716
-9712
-9755
-9777
-9804
-9792
-9853
-9729
-9702
-9636
-9620
-9594
-9640
-9702
-9731
-9641
-9514
-9610
-9673
-9816
-9662
-9699
-9769
-9832
-9687
-9553
-9567
-9605
-9712
-9754
-9703
-9743
-9644
-9725
-9785
-9738
-9809
-9823
-9820
-9760
-9800
-9721
-9756
-9668
-9695
-9713
-9744
-9622
-9635
-9601
-9726
-9702
-9707
-9795
-9772
-9811
-9786
-9760
-9671
-9766
-9771
-9770
-9609
-9635
-9587
-9779
-9809
-9774
-9675
-9800
-9829
-9776
-9807
-9789
-9829
-9758
-9682
-9622
-9709
-9665
-9642
-9654
-9736
-9664
-9766
-9752
-9806
-9786
-9793
-9758
-9746
-9691
-9646
-9567
-9609
-9662
-9678
-9608
-9577
-9730
-9713
-9765
-9726
-9760
-9709
-9808
-9678
-9698
-9674
-9673
-9710
-9654
-9640
-9725
-9735
-9655
-9689
-9704
-9744
-9794
-9749
-9745
-9917
-9814
-9713
-9722
-9797
-9742
-9753
-9828
-9855
-9829
-9744
-9673
-9828
-9917
-9758
-9762
-9836
-9838
-9892
-9893
-9837
-9817
-9681
-9623
-9688
-9736
-9665
-9712
-9936
-9872
-9807
-9776
-9724
-9754
-9793
-9760
-9709
-9755
-9643
-9681
-9722
-9764
-9822
-9814
-9750
-9742
-9810
-9818
-9711
-9722
-9725
-9778
-9844
-9807
-9689
-9777
-9849
-9649
-9754
-9851
-9960
-9917
-10007
-9853
-9756
-9818
-9734
-9735
-9832
-9705
-9715
-9751
-9695
-9789
-9839
-9759
-9681
-9814
-9871
-10077
-9975
-9881
-9792
-9781
-9759
-9897
-9884
-9809
-9846
-9815
-9708
-9735
-9828
-9886
-9948
-9927
-9944
-9895
-9939
-9738
-9732
-9798
-9791
-9811
-9846
-9812
-9936
-9909
-9820
-9778
-9777
-9837
-9852
-9826
-9833
-9822
-9656
-9613
-9743
-9759
-9805
-9867
-9848
-9880
-9839
-9933
-9874
-9876
-9909
-9980
-9984
-10021
-9957
-9762
-9721
-9678
-9787
-9866
-9867
-9836
-9825
-9780
-9783
-9842
-9744
-9766
-9863
-10010
-9937
-9791
-9637
-9591
-9604
-9651
-9698
-9714
-9851
-9728
-9744
-9700
-9734
-9876
-10011
-9987
-9963
-9904
-9812
-9765
-9761
-9726
-9780
-9891
-9919
-9910
-9836
-9775
-9755
-9734
-9630
-9719
-9724
-9801
-9828
-9853
-9743
-9684
-9748
-9727
-9797
-9814
-9790
-9933
-10031
-9971
-9892
-9947
-9940
-9824
-9776
-9765
-9714
-9659
-9684
-9666
-9712
-9753
-9700
-9756
-9827
-9904
-9951
-9813
-9845
-9715
-9766
-9845
-9908
-9837
-9787
-9729
-9839
-9836
-9745
-9681
-9592
-9698
-9851
-10009
-9769
-9747
-9722
-9829
-9787
-9751
-9716
-9748
-9648
-9582
-9650
-9811
-9887
-9875
-9752
-9740
-9791
-9733
-9620
-9556
-9649
-9619
-9585
-9554
-9626
-9574
-9734
-9617
-9789
-9844
-9866
-9774
-9794
-9774
-9760
-9756
-9635
-9601
-9569
-9657
-9699
-9781
-9705
-9769
-9710
-9772
-9624
-9729
-9766
-9794
-9751
-9662
-9574
-9568
-9673
-9680
-9732
-9632
-9663
-9657
-9765
-9740
-9751
-9759
-9691
-9696
-9712
-9761
-9778
-9763
-9730
-9716
-9660
-9752
-9715
-9689
-9730
-9738
-9759
-9621
-9635
-9613
-9622
-9658
-9646
-9542
-9560
-9539
-9619
-9823
-9903
-9865
-9724
-9698
-9672
-9688
-9684
-9757
-9787
-9833
-9864
-9936
-9804
-9674
-9607
-9516
-9608
-9575
-9692
-9668
-9642
-9706
-9720
-9679
-9628
-9753
-9780
-9760
-9683
-9549
-9552
-9604
-9643
-9765
-9718
-9699
-9725
-9657
-9616
-9634
-9664
-9710
-9660
-9600
-9591
-9651
-9666
-9541
-9401
-9401
-9493
-9533
-9655
-9740
-9832
-9727
-9670
-9733
-9650
-9574
-9617
-9594
-9531
-9509
-9504
-9645
-9759
-9719
-9741
-9678
-9707
-9752
-9629
-9677
-9662
-9605
-9607
-9586
-9649
-9654
-9594
-9500
-9505
-9571
-9639
-9765
-9752
-9885
-9746
-9487
-9524
-9738
-9854
-9811
-9856
-9778
-9761
-9696
-9582
-9585
-9628
-9696
-9684
-9704
-9687
-9687
-9643
-9632
-9642
-9640
-9628
-9675
-9767
-9749
-9680
-9669
-9694
-9662
-9701
-9696
-9580
-9428
-9503
-9546
-9592
-9675
-9756
-9784
-9629
-9456
-9493
-9509
-9482
-9582
-9656
-9607
-9672
-9671
-9659
-9610
-9563
-9673
-9571
-9729
-9692
-9545
-9456
-9475
-9426
-9441
-9494
-9559
-9562
-9504
-9415
-9376
-9634
-9563
-9560
-9502
-9563
-9559
-9585
-9535
-9518
-9618
-9681
-9635
-9593
-9581
-9517
-9610
-9593
-9625
-9486
-9484
-9487
-9495
-9494
-9478
-9459
-9562
-9504
-9599
-9560
-9478
-9469
-9433
-9560
-9579
-9657
-9652
-9574
-9416
-9452
-9350
-9429
-9470
-9630
-9611
-9616
-9629
-9627
-9527
-9498
-9456
-9404
-9494
-9470
-9530
-9394
-9420
-9351
-9417
-9449
-9535
-9404
-9431
-9447
-9461
-9472
-9453
-9528
-9375
-9553
-9443
-9404
-9545
-9456
-9571
-9422
-9414
-9450
-9523
-9566
-9428
-9647
-9592
-9520
-9546
-9451
-9427
-9383
-9411
-9375
-9485
-9583
-9382
-9441
-9391
-9438
-9346
-9408
-9499
-9495
-9577
-9525
-9504
-9492
-9452
-9470
-9460
-9396
-9449
-9451
-9571
-9601
-9620
-9444
-9631
-9593
-9544
-9648
-9542
-9602
-9456
-9434
-9284
-9276
-9401
-9405
-9473
-9573
-9664
-9506
-9555
-9623
-9447
-9513
-9529
-9619
-9471
-9430
-9560
-9426
-9551
-9498
-9667
-9618
-9573
-9647
-9613
-9712
-9663
-9646
-9613
-9693
-9652
-9515
-9391
-9386
-9434
-9588
-9601
-9652
-9510
-9565
-9549
-9564
-9518
-9514
-9490
-9540
-9559
-9375
-9620
-9499
-9661
-9677
-9597
-9607
-9660
-9665
-9765
-9533
-9549
-9528
-9608
-9657
-9627
-9648
-9546
-9600
-9449
-9623
-9526
-9686
-9669
-9583
-9503
-9677
-9614
-9597
-9663
-9600
-9691
-9643
-9564
-9630
-9684
-9658
-9691
-9574
-9642
-9663
-9579
-9540
-9619
-9538
-9688
-9594
-9612
-9519
-9528
-9376
-9441
-9460
-9524
-9650
-9658
-9684
-9435
-9609
-9408
-9614
-9594
-9673
-9720
-9661
-9611
-9565
-9556
-9603
-9577
-9579
-9509
-9391
-9598
-9539
-9580
-9517
-9529
-9495
-9568
-9520
-9429
-9440
-9431
-9471
-9428
-9527
-9507
-9523
-9629
-9595
-9591
-9559
-9519
-9612
-9699
-9647
-9635
-9790
-9675
-9702
-9625
-9538
-9614
-9597
-9711
-9566
-9631
-9566
-9641
-9574
-9565
-9537
-9579
-9577
-9515
-9504
-9561
-9547
-9445
-9538
-9459
-9553
-9607
-9759
-9558
-9684
-9578
-9626
-9500
-9507
-9635
-9473
-9578
-9650
-9687
-9567
-9608
-9601
-9549
-9519
-9602
-9538
-9490
-9549
-9594
-9510
-9487
-9454
-9425
-9434
-9395
-9434
-9438
-9397
-9530
-9492
-9503
-9480
-9450
-9381
-9391
-9499
-9521
-9513
-9517
-9635
-9459
-9383
-9358
-9274
-9377
-9326
-9280
-9376
-9474
-9356
-9419
-9406
-9307
-9362
-9447
-9535
-9480
-9399
-9262
-9365
-9273
-9392
-9435
-9594
-9392
-9483
-9598
-9490
-9482
-9482
-9513
-9378
-9461
-9462
-9548
-9514
-9598
-9423
-9432
-9487
-9501
-9488
-9554
-9405
-9622
-9558
-9464
-9524
-9342
-9414
-9458
-9479
-9581
-9837
-9685
-9673
-9428
-9459
-9452
-9508
-9654
-9586
-9574
-9470
-9407
-9387
-9449
-9342
-9357
-9463
-9396
-9424
-9456
-9438
-9510
-9488
-9434
-9420
-9448
-9405
-9580
-9501
-9378
-9396
-9428
-9346
-9314
-9450
-9322
-9554
-9593
-9582
-9575
-9591
-9487
-9393
-9434
-9437
-9476
-9504
-9510
-9406
-9487
-9359
-9381
-9442
-9376
-9486
-9585
-9512
-9562
-9518
-9484
-9467
-9498
-9498
-9492
-9551
-9511
-9414
-9428
-9488
-9396
-9522
-9558
-9472
-9438
-9420
-9496
-9473
-9430
-9468
-9483
-9532
-9358
-9546
-9619
-9469
-9510
-9511
-9229
-9318
-9560
-9639
-9740
-9753
-9598
-9449
-9383
-9377
-9615
-9612
-9673
-9598
-9628
-9442
-9542
-9541
-9535
-9537
-9622
-9601
-9492
-9613
-9450
-9488
-9551
-9561
-9559
-9674
-9542
-9591
-9532
-9554
-9570
-9603
-9565
-9535
-9526
-9518
-9597
-9636
-9544
-9507
-9557
-9462
-9539
-9551
-9609
-9615
-9651
-9549
-9631
-9575
-9500
-9615
-9695
-9588
-9524
-9515
-9497
-9538
-9533
-9697
-9745
-9782
-9698
-9580
-9607
-9591
-9583
-9528
-9457
-9599
-9566
-9597
-9582
-9596
-9574
-9575
-9634
-9645
-9741
-9747
-9773
-9682
-9603
-9514
-9516
-9576
-9711
-9795
-9813
-9690
-9582
-9580
-9582
-9548
-9616
-9662
-9666
-9613
-9458
-9552
-9519
-9513
-9515
-9505
-9506
-9537
-9525
-9553
-9526
-9593
-9647
-9684
-9764
-9675
-9750
-9726
-9705
-9612
-9642
-9625
-9610
-9635
-9646
-9652
-9577
-9592
-9533
-9452
-9481
-9514
-9592
-9599
-9590
-9603
-9635
-9748
-9682
-9599
-9544
-9587
-9571
-9664
-9667
-9727
-9713
-9718
-9591
-9700
-9701
-9601
-9645
-9609
-9687
-9566
-9646
-9498
-9712
-9673
-9627
-9647
-9611
-9689
-9668
-9735
-9672
-9634
-9580
-9557
-9624
-9695
-9719
-9699
-9645
-9721
-9748
-9772
-9624
-9621
-9680
-9654
-9688
-9750
-9772
-9772
-9793
-9608
-9651
-9590
-9719
-9727
-9739
-9846
-9771
-9789
-9770
-9783
-9705
-9790
-9663
-9709
-9640
-9726
-9672
-9636
-9591
-9635
-9517
-9548
-9633
-9562
-9726
-9658
-9799
-9643
-9753
-9563
-9596
-9647
-9758
-9701
-9711
-9763
-9769
-9766
-9684
-9785
-9826
-9850
-9623
-9750
-9742
-9743
-9713
-9793
-9770
-9790
-9686
-9657
-9658
-9680
-9668
-9619
-9682
-9659
-9678
-9660
-9689
-9592
-9656
-9488
-9669
-9681
-9620
-9629
-9660
-9694
-9648
-9810
-9664
-9841
-9723
-9713
-9697
-9676
-9624
-9698
-9671
-9584
-9711
-9557
-9591
-9571
-9617
-9529
-9638
-9711
-9713
-9725
-9755
-9550
-9560
-9510
-9554
-9718
-9658
-9705
-9707
-9742
-9649
-9640
-9619
-9689
-9727
-9752
-9650
-9585
-9689
-9745
-9667
-9660
-9584
-9624
-9578
-9558
-9558
-9650
-9682
-9638
-9643
-9530
-9553
-9630
-9685
-9653
-9693
-9595
-9619
-9597
-9586
-9644
-9730
-9677
-9714
-9677
-9574
-9612
-9563
-9776
-9758
-9666
-9655
-9508
-9541
-9689
-9738
-9574
-9753
-9696
-9540
-9563
-9507
-9670
-9646
-9577
-9583
-9579
-9499
-9617
-9616
-9677
-9674
-9569
-9597
-9617
-9533
-9573
-9650
-9602
-9709
-9694
-9652
-9616
-9572
-9584
-9643
-9663
-9688
-9660
-9650
-9629
-9545
-9561
-9586
-9588
-9664
-9703
-9622
-9596
-9702
-9628
-9629
-9577
-9509
-9586
-9627
-9685
-9771
-9752
-9674
-9645
-9602
-9642
-9698
-9745
-9671
-9689
-9642
-9623
-9664
-9727
-9731
-9700
-9736
-9603
-9660
-9757
-9742
-9683
-9661
-9635
-9537
-9676
-9764
-9723
-9625
-9724
-9706
-9666
-9624
-9633
-9742
-9772
-9804
-9825
-9787
-9714
-9723
-9634
-9787
-9708
-9771
-9680
-9645
-9564
-9705
-9741
-9719
-9790
-9670
-9726
-9547
-9703
-9698
-9826
-9821
-9870
-9794
-9672
-9697
-9714
-9742
-9663
-9699
-9723
-9689
-9740
-9782
-9722
-9811
-9710
-9644
-9727
-9714
-9698
-9725
-9678
-9658
-9640
-9700
-9715
-9720
-9773
-9760
-9716
-9766
-9810
