04042112.PTO
MINZ
2012/04/04 21:12:27.0899
100.0000 m/s  
13000 muestras
258
250
239
253
251
259
248
273
263
274
263
269
255
286
283
288
285
291
289
287
292
276
281
287
285
277
284
259
269
255
255
230
237
234
239
233
249
236
246
254
267
261
276
296
289
299
297
309
303
318
304
305
293
307
296
295
289
292
279
270
267
262
248
255
260
261
244
256
261
253
257
238
253
259
272
264
279
265
271
264
272
254
261
262
257
251
258
262
263
271
270
263
253
271
264
285
267
281
261
280
259
262
247
259
251
247
243
243
246
238
241
241
241
236
252
250
264
249
262
248
262
239
251
267
271
265
269
250
267
264
269
261
259
274
268
275
272
282
267
278
272
257
251
271
263
273
268
271
272
280
269
262
263
271
264
256
265
254
248
241
257
244
257
253
269
263
273
267
281
269
272
259
259
259
268
265
273
272
269
273
271
265
259
262
255
269
247
253
243
265
251
247
249
271
262
267
260
266
261
262
277
250
264
261
267
256
268
261
285
267
281
259
261
258
273
263
261
254
254
243
250
235
237
239
241
254
251
264
258
260
243
250
246
263
257
261
257
261
259
260
255
251
255
271
267
260
263
263
275
278
278
260
257
259
263
250
254
248
269
248
261
249
250
252
271
267
271
273
267
275
273
275
270
285
273
291
263
276
267
283
262
267
250
265
259
277
271
279
267
277
279
265
265
269
272
273
277
271
271
275
292
271
281
281
300
288
287
276
268
263
255
242
240
241
241
247
241
253
248
245
241
250
246
269
254
281
262
275
269
276
265
257
255
261
261
261
261
267
263
261
265
244
247
253
267
256
273
266
275
268
277
267
264
263
267
261
267
266
260
262
255
261
253
255
245
252
247
260
248
266
256
248
242
257
249
255
241
246
240
236
231
223
223
213
228
226
241
227
239
237
265
239
253
260
264
261
264
263
263
272
275
260
267
268
262
263
255
265
255
260
255
251
235
263
245
262
242
251
257
262
267
258
239
244
251
268
270
256
271
264
267
246
252
255
267
263
274
253
256
243
253
236
243
246
242
238
247
250
244
254
254
254
246
267
264
280
271
284
285
292
287
289
269
281
269
279
267
283
275
275
268
274
268
267
273
268
266
265
274
264
265
253
255
251
271
253
261
242
252
253
265
249
251
260
261
267
274
273
264
274
267
274
256
285
272
275
271
277
266
272
255
256
253
271
270
265
269
269
280
264
271
261
267
263
275
267
277
261
274
258
275
266
275
273
270
271
267
276
275
277
263
270
253
264
245
247
244
263
251
245
236
242
228
246
227
236
245
244
244
255
261
251
266
268
286
274
275
275
291
272
278
266
275
271
282
283
287
265
280
273
271
267
252
248
245
252
242
247
239
258
235
239
230
238
227
231
247
257
244
254
261
245
249
259
269
258
265
255
259
248
271
263
265
245
259
248
271
257
267
266
271
260
266
258
259
256
257
256
262
261
257
248
247
254
253
263
247
247
241
261
245
253
242
257
241
257
257
266
251
264
271
258
250
261
263
249
251
244
251
242
260
238
244
247
267
247
253
245
250
249
260
256
267
271
275
283
276
285
279
300
279
285
275
275
265
276
261
269
250
263
252
255
244
252
249
244
243
232
242
249
258
242
257
255
264
248
262
261
267
263
269
269
267
280
281
283
286
281
281
286
276
275
264
281
265
270
253
264
254
262
249
258
239
263
250
255
250
245
249
253
257
253
255
264
272
275
288
282
287
275
285
253
264
263
278
263
276
271
262
255
268
253
241
253
249
239
234
246
240
254
245
242
232
248
245
249
243
247
243
256
252
252
259
245
258
248
253
242
260
258
269
253
261
263
277
269
280
259
275
251
259
239
251
251
257
249
259
262
261
259
256
259
241
265
268
278
262
278
265
277
273
271
265
275
265
266
265
254
252
262
259
248
243
234
251
240
253
243
260
260
271
250
265
272
280
283
283
274
279
280
277
270
261
288
271
277
275
273
259
269
265
273
255
274
249
265
254
268
256
251
244
240
237
244
241
241
252
243
254
257
266
247
259
249
254
251
271
255
272
271
273
267
282
275
280
285
283
279
271
283
275
271
259
278
265
273
266
269
259
265
261
252
243
259
251
263
263
269
265
265
266
260
263
274
283
275
290
269
291
276
277
257
267
264
259
255
264
262
263
253
251
251
251
260
257
267
262
270
255
269
259
261
255
269
266
263
257
261
249
263
264
255
258
266
269
259
266
266
276
258
273
246
259
257
277
261
272
258
263
251
259
252
263
260
266
259
254
261
261
279
266
272
272
284
272
289
275
278
259
269
265
267
249
263
246
247
249
243
253
237
240
240
233
237
245
241
266
249
267
250
274
254
275
273
289
271
271
268
279
274
273
277
275
287
284
285
279
283
268
281
264
271
260
284
280
290
287
293
297
292
287
268
265
276
277
267
277
259
273
258
273
251
259
249
257
237
248
245
247
237
245
247
243
249
249
244
243
243
237
246
239
232
226
243
234
246
243
249
241
257
243
255
255
267
271
281
283
291
286
288
288
269
274
275
290
277
288
273
277
256
270
243
251
240
261
250
244
241
241
243
241
229
224
237
233
244
239
261
245
261
245
255
239
259
253
259
249
256
251
270
265
253
259
263
261
257
248
229
245
259
274
239
250
245
255
250
262
240
263
269
282
273
251
259
274
281
281
273
275
281
274
274
259
273
270
272
267
275
260
259
241
243
241
250
243
251
255
247
245
250
251
235
244
246
249
235
250
239
260
252
268
250
268
264
267
255
261
264
267
259
263
266
249
266
256
264
252
259
258
262
246
259
243
273
261
266
265
265
249
263
259
266
264
267
280
271
273
267
284
268
268
253
263
257
265
255
275
255
265
261
271
245
238
246
252
254
243
245
238
248
245
255
233
261
264
266
249
264
244
264
259
269
269
292
291
289
290
293
285
274
277
255
266
242
255
244
245
239
251
241
249
234
245
239
246
231
249
245
241
253
250
248
243
248
239
253
245
256
245
265
255
259
247
266
258
269
247
260
264
262
260
253
245
247
256
249
248
239
256
239
255
242
255
256
271
281
285
282
277
274
279
275
279
291
286
288
274
283
270
281
260
275
267
279
262
273
266
281
272
286
279
273
277
291
285
288
282
281
285
282
273
269
268
256
270
252
262
253
267
246
255
235
237
228
235
226
227
229
233
243
247
249
246
264
256
277
265
267
259
269
263
271
270
277
273
277
287
291
282
287
294
267
266
263
268
257
271
261
264
255
259
239
252
240
262
243
251
247
264
257
261
256
263
262
256
263
264
257
267
261
261
255
245
255
239
243
255
265
255
266
265
260
263
278
265
269
267
264
255
241
241
209
221
217
214
207
221
215
229
211
237
218
235
248
272
270
279
290
300
308
327
343
353
374
372
391
387
396
399
401
382
365
343
326
300
299
282
270
254
249
233
193
183
178
163
146
143
139
137
124
128
111
125
129
151
150
170
167
179
176
189
183
198
215
227
231
239
267
267
284
295
319
332
366
401
467
493
547
581
613
614
627
619
625
590
558
531
475
421
353
306
221
157
66
-9
-102
-150
-265
-355
-425
-413
-379
-309
-277
-270
-269
-208
-105
-7
111
222
357
489
649
775
885
907
912
983
1124
1203
1155
999
901
879
859
751
590
402
229
55
-139
-314
-444
-485
-541
-647
-796
-819
-691
-564
-589
-551
-419
-189
-11
141
261
383
515
662
815
1000
1139
1153
1113
1138
1247
1273
1154
975
858
751
647
491
301
95
-68
-214
-307
-411
-515
-636
-690
-623
-482
-357
-341
-336
-286
-132
38
223
362
517
665
794
867
899
927
1056
1163
1209
1115
975
867
809
742
608
443
257
100
-39
-113
-175
-199
-244
-313
-420
-524
-569
-515
-406
-329
-341
-355
-306
-162
12
151
281
395
503
622
719
768
774
741
763
804
877
883
893
853
781
683
635
565
524
466
395
294
185
83
-35
-132
-242
-321
-371
-341
-291
-223
-174
-94
-43
49
99
156
181
245
276
311
317
327
343
357
390
439
505
553
587
581
601
574
571
535
507
488
485
450
419
356
301
239
214
191
179
178
181
187
162
118
76
77
71
97
115
113
98
118
141
188
216
255
255
235
208
214
208
201
181
143
119
103
119
135
163
174
203
185
204
205
231
241
275
305
329
331
363
391
454
505
555
620
657
721
747
747
693
617
503
407
318
280
213
182
147
144
119
103
79
38
-5
-52
-97
-137
-149
-149
-131
-134
-128
-132
-89
7
96
169
255
320
395
427
461
482
539
603
655
687
691
663
633
597
553
525
505
493
456
423
355
293
209
111
-14
-97
-161
-164
-177
-147
-124
-102
-91
-68
-13
20
66
135
203
249
314
353
406
429
515
593
699
757
801
787
748
691
638
597
547
470
343
249
151
68
-45
-135
-207
-220
-223
-175
-151
-100
-89
-50
-55
-31
-3
47
96
153
228
339
419
479
547
623
706
759
797
765
725
664
586
495
447
369
309
235
193
153
113
117
108
86
61
47
31
17
9
-2
-12
5
0
31
49
116
159
217
243
265
296
325
319
309
279
265
271
281
319
328
357
375
407
427
459
461
477
471
481
430
403
386
350
286
247
201
159
147
156
159
136
131
82
59
19
21
24
53
61
88
113
161
189
253
289
351
400
467
509
544
557
552
534
499
463
421
415
403
401
365
344
295
242
177
159
120
103
71
39
-7
-27
-13
5
26
59
110
180
249
317
371
412
469
493
515
518
525
509
506
487
452
429
421
403
394
386
375
348
319
277
235
208
167
145
112
89
33
9
-22
-15
-13
23
55
101
128
159
187
213
223
246
265
276
321
345
383
407
445
443
473
472
467
440
444
426
403
353
307
263
225
194
179
171
160
175
177
193
187
203
199
195
151
135
130
147
157
179
188
194
184
192
211
261
299
320
310
298
263
243
240
222
243
251
321
349
399
419
439
434
435
428
432
432
465
464
438
394
345
294
246
221
204
203
195
193
187
197
169
154
109
86
38
37
35
34
44
65
75
109
157
183
223
243
291
307
348
353
368
365
386
384
382
359
348
335
368
394
432
456
480
482
438
379
337
270
195
135
93
67
33
36
30
73
120
164
163
166
156
171
198
225
247
293
334
362
393
404
417
427
446
432
418
391
388
366
369
324
270
201
146
117
95
88
108
123
127
134
145
150
141
151
125
107
108
132
136
181
220
283
323
391
417
449
455
446
423
411
389
369
350
335
323
311
320
320
336
327
336
308
295
239
198
153
135
93
73
65
67
88
130
167
193
236
283
318
311
318
283
276
255
257
236
254
264
285
293
332
357
386
391
393
372
345
320
297
271
230
203
171
171
153
149
144
161
165
196
215
239
227
252
248
248
247
250
247
260
275
289
309
316
330
325
338
301
281
234
231
215
215
179
184
176
191
204
236
251
291
310
315
307
299
291
269
266
232
228
189
199
203
233
257
282
294
331
340
357
358
348
320
301
283
255
258
259
275
291
333
347
377
388
396
360
338
305
284
243
217
199
187
185
195
200
204
203
209
214
219
236
224
239
230
220
185
195
184
189
187
224
255
295
311
311
325
331
325
321
310
297
305
307
331
311
364
383
407
409
438
427
431
389
365
302
260
227
188
159
129
133
112
115
112
123
135
181
180
218
205
214
209
210
220
223
220
255
277
316
343
367
392
400
398
370
351
309
293
251
242
187
173
141
145
127
154
169
200
217
248
262
273
287
283
277
275
273
258
263
253
263
270
287
297
327
325
365
359
363
334
318
287
272
251
239
248
246
266
260
270
254
244
228
219
181
182
135
123
100
117
106
125
127
148
156
188
230
258
311
325
349
348
364
347
354
341
365
368
379
387
399
396
391
380
346
315
283
249
208
173
150
131
125
135
142
169
191
222
239
272
282
310
305
318
307
314
303
298
295
291
285
297
310
316
330
329
340
327
321
303
274
223
206
165
150
124
137
125
137
143
157
163
177
193
192
203
215
233
230
233
242
273
275
313
318
344
351
382
389
387
376
373
355
327
292
267
251
220
218
215
237
227
261
256
271
264
280
249
239
201
193
183
193
186
196
208
223
233
244
264
273
282
280
281
259
262
248
257
233
244
232
241
251
283
295
313
323
323
318
309
289
267
239
225
206
181
192
203
232
255
289
305
337
325
334
320
334
317
302
292
286
286
285
297
283
301
304
321
302
315
295
310
268
268
213
201
180
177
165
190
208
235
247
283
305
310
319
315
313
275
273
265
271
253
263
257
276
270
281
279
289
289
287
260
237
214
203
187
175
173
160
175
165
196
166
208
225
248
257
270
262
267
255
259
246
239
255
277
288
305
331
347
365
355
357
341
348
323
308
273
271
247
233
216
211
204
211
225
231
242
244
245
239
243
220
220
217
224
225
256
257
283
300
321
333
353
364
369
356
351
328
311
295
278
255
235
241
235
232
215
226
204
198
173
175
159
162
157
174
161
181
195
211
235
253
274
289
318
332
343
332
341
321
320
291
292
287
285
273
297
292
301
302
298
271
263
254
221
202
184
175
158
171
166
173
174
218
221
252
254
282
271
286
278
271
254
264
260
269
254
255
268
253
266
265
277
281
287
282
270
252
245
222
219
184
205
205
215
234
248
257
268
273
277
271
263
273
255
257
259
258
263
282
283
299
297
323
331
337
323
318
313
289
269
237
233
201
205
193
209
211
242
249
281
280
297
288
287
281
266
248
243
240
239
234
239
253
247
273
273
287
277
285
271
273
251
264
247
253
247
254
256
267
288
290
304
320
329
320
325
296
293
267
265
238
237
230
249
245
267
265
296
286
287
277
279
269
257
237
226
221
212
228
229
241
239
269
266
293
286
297
286
290
275
268
259
275
257
259
258
267
273
286
309
303
305
301
307
272
272
244
245
228
233
221
229
232
252
255
268
280
282
294
288
268
261
260
243
247
225
245
247
248
259
269
275
303
299
314
301
301
287
278
262
233
227
241
233
243
269
280
286
282
295
271
274
250
232
207
209
194
190
186
203
197
206
228
248
263
269
288
289
305
291
290
276
284
271
291
267
287
279
285
286
290
291
292
287
276
269
241
239
208
214
187
208
215
241
241
269
277
293
289
297
275
281
284
284
266
263
272
263
269
269
270
268
289
289
295
284
284
265
253
229
205
199
203
199
209
221
231
249
266
281
274
292
279
282
271
271
253
253
230
242
231
254
259
273
270
279
277
272
267
283
253
239
238
233
229
223
241
235
261
273
285
298
329
325
333
316
297
267
252
233
227
218
220
233
238
247
246
265
256
255
238
259
229
240
227
227
219
223
224
243
240
252
275
284
293
307
317
295
290
269
252
236
247
229
243
234
259
255
276
281
276
273
275
268
251
237
220
207
205
206
201
211
225
253
259
268
268
289
275
277
252
261
257
248
244
243
238
249
258
270
267
278
296
293
306
295
293
274
277
248
231
218
247
247
252
263
289
281
297
303
295
288
285
276
255
255
242
252
235
259
245
273
289
315
313
324
313
320
305
297
279
273
269
251
259
252
256
258
298
286
299
295
309
291
279
252
242
213
214
209
203
195
234
251
259
270
285
297
285
298
271
271
253
251
232
237
225
229
217
236
231
244
251
256
254
255
251
245
239
236
227
217
230
230
253
267
292
296
321
311
302
295
313
291
269
251
242
231
226
225
221
242
250
267
268
275
279
283
261
271
233
235
221
223
211
225
227
245
258
267
267
283
305
305
311
298
292
275
285
262
267
264
293
288
308
304
313
320
326
305
288
272
261
245
223
220
201
203
197
203
199
211
218
245
236
259
250
255
243
256
235
229
226
250
257
271
285
303
329
331
332
311
323
305
299
289
285
260
266
246
252
246
251
249
263
269
266
273
272
259
234
241
227
226
215
228
219
244
241
263
243
265
274
294
292
293
283
276
269
261
249
231
251
250
272
263
278
279
292
281
287
276
277
254
253
252
257
250
261
264
259
268
282
291
301
316
300
317
294
297
253
264
255
247
231
243
229
246
249
263
246
262
261
251
243
212
209
194
200
192
195
189
215
217
247
239
255
250
273
267
261
256
252
247
247
246
241
247
238
253
245
274
277
294
287
295
275
275
253
252
230
239
236
244
247
269
274
275
282
289
286
276
288
265
267
245
263
237
253
242
255
248
275
273
286
287
300
301
296
297
274
269
264
276
257
267
254
280
285
295
293
303
291
294
279
288
261
257
248
242
229
231
249
251
263
271
283
280
281
269
270
253
267
251
245
228
243
227
241
241
251
250
264
268
271
269
279
280
275
275
255
252
247
245
247
279
277
303
295
307
290
291
283
269
253
237
234
217
228
220
229
234
245
237
263
271
285
272
287
275
267
241
252
240
237
231
233
236
233
258
259
258
266
282
263
271
263
271
247
258
231
243
249
256
244
275
277
281
278
273
269
253
252
228
234
203
214
218
225
214
229
236
271
255
266
269
269
262
259
239
227
217
215
216
217
233
243
254
267
280
266
268
261
268
236
237
223
227
215
224
221
234
244
258
271
269
277
294
303
283
287
266
273
254
259
239
256
246
256
259
261
274
287
283
283
274
261
259
248
247
221
231
234
253
255
266
281
290
284
302
276
281
275
279
273
271
263
264
253
251
249
249
265
268
274
269
277
267
268
261
237
222
234
231
249
238
247
260
274
290
276
291
299
297
293
305
285
289
273
268
253
265
258
271
265
276
267
273
253
259
235
239
222
227
234
220
237
233
261
257
274
265
299
301
311
307
319
307
293
283
260
255
253
266
267
274
268
277
277
283
260
263
261
246
220
224
209
203
197
205
195
211
229
247
260
275
278
282
281
279
267
253
261
251
255
246
270
258
273
270
285
270
287
280
285
263
261
246
239
226
222
235
236
247
244
260
255
271
273
291
269
285
267
270
252
259
245
242
248
258
257
267
284
276
280
279
281
273
279
248
251
239
261
257
263
266
291
290
305
303
308
303
304
299
283
271
251
256
237
241
225
237
247
262
255
277
268
279
272
276
253
263
253
249
247
256
251
252
271
274
277
276
288
283
293
275
277
270
272
257
255
251
286
279
286
294
305
305
315
316
306
296
289
286
266
256
241
259
247
257
251
265
265
280
282
288
274
273
265
269
247
237
245
238
242
249
259
255
269
266
266
265
279
271
271
258
253
240
251
247
237
245
255
274
268
283
281
295
282
284
270
267
247
249
236
233
227
242
245
251
256
264
269
276
272
271
271
262
252
232
228
228
251
239
257
258
278
270
298
285
279
264
281
254
250
246
250
242
239
251
240
250
244
264
269
276
259
269
257
259
240
241
240
246
242
248
249
265
266
280
275
271
275
264
265
237
241
223
236
212
217
215
239
239
247
261
278
262
267
266
254
243
255
243
242
243
244
253
252
275
258
277
279
291
267
282
261
267
244
249
219
229
229
245
254
257
271
278
299
291
305
287
276
259
273
268
271
252
255
243
256
245
262
257
273
271
270
272
258
260
230
231
225
228
210
221
228
239
241
265
251
260
271
286
267
267
261
265
255
246
246
242
259
262
264
260
276
276
277
265
274
257
261
250
251
242
243
236
245
241
238
235
250
253
252
261
251
246
228
244
211
227
218
243
227
249
248
263
269
286
269
277
282
281
275
276
267
251
273
265
264
249
266
264
267
261
267
258
263
234
236
223
216
208
215
205
217
222
239
256
259
274
275
287
290
287
275
275
274
281
260
273
283
283
273
283
289
273
285
297
290
277
297
281
284
271
277
261
271
265
277
269
293
287
309
301
306
287
281
257
247
239
245
241
248
248
250
274
268
297
283
300
299
315
302
297
275
282
273
265
253
252
260
261
261
267
284
271
281
268
254
245
254
236
250
239
251
238
257
264
277
279
285
279
284
267
268
263
260
247
223
235
241
255
251
268
265
285
281
287
277
278
265
272
268
262
260
271
265
265
249
261
279
278
287
283
291
274
287
268
253
234
250
231
244
237
257
257
265
266
273
272
283
284
283
272
254
265
244
251
234
262
246
266
268
285
278
288
289
295
275
273
273
256
260
250
251
244
253
248
265
262
281
287
289
294
291
256
263
246
231
211
218
217
215
227
239
242
259
268
254
265
265
275
269
271
265
265
255
265
241
259
237
256
255
269
271
283
269
260
260
248
250
243
253
237
248
241
258
259
273
262
290
273
283
267
274
256
248
241
233
231
239
245
247
255
255
272
249
265
247
248
227
231
206
229
226
225
220
229
229
237
246
255
261
263
264
264
263
249
237
233
251
237
249
239
264
260
273
264
261
253
259
255
257
239
238
225
225
224
201
215
220
235
227
250
254
253
256
269
249
255
244
253
242
259
249
255
255
267
265
270
285
269
282
269
272
257
260
243
243
224
236
227
251
249
249
253
263
260
257
258
262
261
255
259
251
256
254
271
252
264
272
286
275
282
270
276
263
266
253
251
253
251
255
249
255
254
265
266
279
262
273
269
282
273
275
266
277
263
271
259
279
269
283
285
284
279
279
281
259
261
252
261
252
259
249
251
253
274
264
285
276
288
282
293
283
268
276
274
261
250
264
268
269
271
281
271
282
274
281
270
290
280
285
277
265
251
250
251
251
249
254
263
263
281
271
280
280
266
245
251
244
243
239
241
245
258
257
274
260
259
261
259
249
246
243
224
235
230
236
227
237
241
262
259
270
267
283
270
284
267
281
272
267
264
273
271
273
275
265
278
282
291
287
298
282
291
279
286
263
283
272
279
272
289
290
295
299
293
290
265
273
260
255
245
249
239
251
237
247
241
254
251
269
253
274
259
265
250
243
234
235
247
238
248
256
269
275
287
275
294
286
294
294
299
277
279
269
270
258
271
275
281
280
285
289
287
294
281
269
264
275
267
269
255
267
257
269
263
258
240
267
269
268
265
267
266
251
256
232
237
238
241
244
253
247
270
273
282
267
279
275
280
271
265
257
262
263
253
254
251
257
253
257
255
268
255
255
245
236
230
239
229
224
214
229
229
245
241
245
251
259
269
265
271
266
263
258
265
231
242
236
243
240
245
243
258
249
266
243
241
245
243
242
237
233
234
251
248
247
247
271
257
283
279
282
279
283
266
272
251
263
255
253
250
262
269
274
278
268
276
281
291
268
271
255
254
236
245
232
234
234
245
246
255
255
262
269
257
255
254
271
258
272
262
278
266
284
271
270
264
294
279
291
281
280
254
264
255
242
230
230
233
228
241
245
257
265
275
265
265
263
277
259
261
253
255
244
261
252
259
269
285
284
303
300
278
282
263
265
247
265
251
260
256
256
255
256
259
262
255
271
265
275
260
255
258
256
257
251
251
264
265
261
283
271
284
274
285
267
270
267
280
264
265
255
249
259
253
251
251
273
274
286
262
272
255
262
247
247
241
256
254
263
251
255
251
267
255
249
251
263
257
254
259
247
246
239
251
231
248
241
264
259
278
269
281
279
303
271
269
266
269
268
248
259
265
259
259
277
259
291
269
278
276
281
258
266
250
244
242
257
262
263
262
260
275
267
273
261
268
251
259
244
246
223
237
226
239
223
243
251
263
255
275
269
272
273
273
263
260
273
274
279
267
277
262
273
269
270
247
265
256
259
254
252
246
249
252
242
251
266
265
271
277
271
276
269
271
251
266
255
252
237
245
236
239
241
255
243
252
243
250
248
251
241
232
245
236
243
233
255
249
268
256
279
265
273
272
275
262
267
263
263
256
259
259
251
248
247
263
262
271
262
279
267
273
263
264
243
258
263
258
263
267
269
278
281
276
278
279
285
276
277
269
279
259
261
260
264
237
267
263
276
263
271
271
275
272
268
266
260
266
263
255
260
260
254
265
257
269
267
295
283
288
275
290
275
279
256
272
264
273
280
289
280
285
301
295
290
276
282
266
268
249
256
237
243
234
231
219
239
240
251
252
257
261
266
273
255
261
258
266
248
253
251
263
239
261
247
256
251
264
253
261
249
249
247
242
231
230
243
242
250
242
243
231
249
257
226
228
245
231
235
233
241
232
241
252
253
255
272
282
278
274
281
287
258
257
241
241
218
224
211
225
212
241
233
244
240
249
261
253
257
260
263
255
260
250
253
250
270
252
270
262
273
265
278
269
263
257
267
255
248
252
251
242
260
265
251
261
251
271
261
269
240
250
245
249
227
247
243
260
256
261
265
272
271
262
256
246
264
258
263
255
255
259
276
257
261
257
295
281
290
284
301
278
293
287
275
271
275
267
264
274
259
275
270
282
269
276
289
288
272
285
275
287
264
277
266
270
271
280
289
281
287
289
296
282
273
254
252
239
247
241
245
242
263
262
262
269
282
283
281
288
277
274
279
282
259
266
262
264
251
274
256
259
270
272
261
264
247
248
249
245
249
259
254
259
252
258
271
272
295
288
295
285
291
273
277
264
282
272
270
260
264
264
270
257
257
262
261
260
252
257
238
242
234
248
217
234
235
250
234
263
245
259
249
261
238
243
243
236
238
237
237
237
247
244
251
242
281
259
277
263
268
267
266
254
254
244
263
254
261
270
264
268
270
273
262
263
253
255
251
262
243
238
237
253
230
249
235
242
238
255
252
252
262
269
264
257
257
247
246
254
262
257
263
256
262
247
267
262
268
251
261
261
266
258
259
250
269
275
277
281
279
292
294
295
274
287
280
291
269
284
264
267
267
274
255
270
281
290
301
303
314
296
295
288
289
275
290
272
284
275
285
285
291
275
287
281
280
280
269
273
261
255
249
250
245
251
253
267
268
274
266
295
292
284
273
280
272
280
268
273
267
263
261
267
264
275
282
269
268
253
256
231
247
235
240
227
233
239
259
248
270
261
269
273
259
255
273
274
265
249
240
258
237
248
233
251
227
257
240
261
247
261
242
253
225
227
219
219
219
228
243
243
249
246
249
238
262
243
257
244
256
237
256
252
249
245
257
257
260
278
277
272
269
279
263
261
257
263
255
261
247
263
243
252
237
252
251
258
259
267
265
266
252
253
247
244
253
242
253
257
260
261
272
264
271
253
261
248
259
255
263
253
276
267
276
270
283
289
284
291
283
287
271
276
250
251
247
252
237
235
233
246
237
249
242
239
243
242
255
248
244
237
250
232
237
237
243
247
265
264
285
275
287
279
279
276
283
273
269
263
261
261
264
269
264
269
279
292
277
295
291
287
267
264
243
242
231
246
230
230
229
231
228
228
227
227
241
241
245
233
251
245
251
236
247
253
268
271
300
283
295
286
307
290
279
279
269
267
255
256
241
253
263
263
249
262
265
274
259
261
251
269
241
260
233
227
233
239
251
248
255
254
252
243
240
241
256
233
241
234
242
234
251
244
251
254
265
257
270
267
263
260
258
255
237
243
244
255
245
259
251
273
248
279
254
259
261
266
258
263
257
256
248
253
241
241
261
276
268
263
289
279
294
271
268
256
273
265
277
270
279
271
288
288
285
282
281
279
284
286
269
283
268
273
249
248
228
239
226
245
233
240
241
250
239
249
249
255
255
254
263
254
254
259
269
265
287
278
295
296
303
293
302
287
287
273
288
281
290
279
279
274
268
265
249
249
242
243
233
241
232
239
235
246
220
245
249
267
271
285
285
297
301
309
291
283
291
287
286
279
287
265
271
259
258
247
272
253
265
261
279
265
256
260
257
252
260
265
263
274
275
297
283
301
284
297
298
295
293
291
279
277
259
248
232
243
238
241
245
246
243
246
257
255
255
245
263
261
263
258
279
271
271
270
270
268
288
291
288
280
284
284
275
265
255
249
249
257
249
263
248
261
254
270
254
271
264
279
263
265
253
255
251
253
235
239
249
240
245
237
246
237
245
234
233
215
233
227
242
240
255
248
261
264
262
255
267
267
255
251
239
244
229
242
223
229
230
260
239
258
247
265
264
260
257
259
251
246
250
254
261
255
268
268
271
267
288
288
303
287
291
275
280
268
260
252
259
255
256
250
256
255
258
257
257
256
269
266
251
251
245
245
239
251
236
242
239
256
245
243
237
250
249
251
233
239
246
241
250
243
251
253
271
261
273
262
287
264
277
255
271
252
265
252
240
239
255
252
255
271
274
281
268
281
267
274
265
277
270
272
267
279
266
284
257
267
281
281
273
272
280
274
272
254
265
254
269
253
264
255
263
252
267
258
261
256
248
239
247
237
247
243
261
265
259
271
287
294
291
291
287
287
278
285
262
265
259
277
265
268
252
267
255
274
251
255
261
265
265
259
267
252
255
241
245
241
261
244
261
254
271
268
288
276
279
275
287
275
269
281
275
279
261
267
260
265
257
257
249
250
246
249
239
244
228
222
223
235
229
234
244
239
255
260
261
263
279
275
277
269
273
259
270
260
255
245
260
265
277
281
285
280
289
280
267
277
279
274
267
279
268
267
273
281
251
261
243
257
245
263
246
246
242
244
239
240
243
252
251
259
257
260
251
257
273
251
274
265
273
248
254
241
245
245
247
248
253
254
256
248
254
265
269
263
251
263
262
273
268
285
281
280
272
277
259
269
259
262
255
260
262
255
258
251
255
248
252
254
266
270
283
269
283
272
285
268
279
266
266
259
270
265
269
274
265
261
277
275
289
291
279
291
275
274
248
249
236
239
228
245
237
244
246
255
239
243
234
234
221
230
231
225
224
229
229
223
242
247
264
270
282
270
290
282
287
268
281
272
277
274
265
273
259
269
275
279
281
275
264
273
251
267
254
255
237
254
255
265
261
266
261
263
265
275
271
267
277
273
262
267
267
269
281
277
275
263
279
273
282
271
275
274
277
266
255
249
253
262
259
261
259
264
252
263
251
263
259
272
249
263
247
245
241
261
243
257
257
264
259
273
263
264
288
271
265
255
258
239
257
246
263
248
267
251
265
271
273
276
273
267
269
265
252
252
243
239
243
255
248
263
255
264
252
261
245
262
253
265
265
259
257
239
245
245
237
234
248
237
255
258
255
254
263
249
253
241
258
246
253
249
255
254
259
255
267
264
259
265
265
268
257
258
243
249
227
245
252
255
243
246
247
256
245
248
231
237
247
253
251
251
252
246
254
254
255
252
269
253
270
263
265
245
263
243
251
236
260
245
252
267
264
265
268
275
252
256
256
266
250
260
262
265
252
271
265
268
280
283
283
288
278
279
277
274
257
248
258
255
257
243
253
259
263
252
263
255
274
255
256
257
265
259
270
248
241
236
243
246
237
260
252
253
254
274
251
257
253
265
243
261
245
265
254
261
253
262
267
278
268
263
260
259
263
259
258
260
262
259
277
275
288
277
289
277
281
278
277
269
256
257
253
256
271
270
249
257
257
267
257
265
257
267
259
278
249
253
254
256
244
259
257
265
252
259
254
256
268
277
271
268
278
272
271
267
279
262
292
273
292
281
287
271
278
265
261
263
265
261
249
265
237
238
233
243
229
243
241
265
259
277
265
271
269
273
255
267
267
274
264
270
276
269
265
273
266
259
272
262
273
248
251
242
244
229
231
225
244
238
256
251
264
277
283
287
284
279
279
276
271
280
263
263
257
283
251
268
264
271
263
270
254
252
235
246
239
235
249
246
253
251
255
253
271
268
276
254
275
265
273
257
276
267
265
265
276
271
277
285
283
285
277
281
275
272
258
256
256
269
261
274
255
269
273
281
268
269
267
276
271
274
271
265
270
259
258
264
273
274
283
267
287
277
290
279
270
263
270
263
267
247
253
256
255
252
249
257
249
255
250
261
249
261
253
263
236
251
241
272
258
269
262
270
267
275
264
261
265
262
262
269
271
259
271
269
255
237
263
254
269
254
270
263
267
259
251
240
249
247
253
250
243
250
242
245
232
239
229
247
234
241
230
247
240
254
243
259
270
280
282
277
279
283
290
281
276
275
287
273
281
268
284
264
276
265
273
254
267
263
261
254
267
253
252
256
246
244
249
259
257
253
251
263
261
253
245
249
247
255
249
252
241
258
252
248
247
261
263
259
265
271
287
271
291
283
290
274
292
274
284
264
283
263
269
265
264
255
279
264
264
264
262
269
269
277
263
267
269
279
280
277
264
275
255
269
257
260
247
250
243
242
240
229
229
223
221
214
230
230
255
250
265
265
281
263
272
259
293
282
289
277
285
278
289
275
271
265
275
277
267
268
259
269
249
254
232
232
224
239
228
237
227
238
237
234
221
230
229
237
239
239
248
253
260
246
253
252
261
247
273
259
264
252
280
266
261
253
268
259
263
263
264
263
263
275
250
258
251
259
242
256
247
251
225
253
231
231
242
254
253
255
262
271
269
260
259
254
271
261
274
269
276
269
282
259
264
249
273
264
274
254
256
256
265
255
246
261
259
266
259
271
270
271
268
283
253
257
263
269
254
274
271
287
264
275
264
265
271
275
277
271
278
260
263
249
248
228
251
236
241
231
248
243
253
239
244
249
244
245
255
259
245
235
250
256
237
251
259
271
261
269
263
271
262
273
259
259
261
273
261
263
269
266
263
261
250
249
260
256
256
247
261
241
249
238
251
235
245
235
251
249
254
251
266
258
259
267
275
271
270
278
265
272
274
279
257
269
263
279
270
277
264
267
260
266
250
258
266
261
254
257
256
269
276
272
281
258
279
277
291
278
293
284
291
285
283
283
289
299
303
306
295
305
300
304
296
301
281
289
280
277
267
275
271
263
245
265
246
253
245
252
246
255
268
268
261
257
274
272
276
268
287
265
281
275
285
273
285
277
282
264
265
257
257
259
248
249
263
263
265
271
269
281
271
280
257
268
266
272
275
285
271
275
257
263
244
250
256
251
251
240
250
230
234
228
217
209
228
219
239
241
255
237
261
259
251
255
258
273
275
263
261
259
251
255
244
243
246
253
246
260
252
267
265
264
257
265
258
273
275
276
274
275
273
261
253
251
246
236
249
236
245
239
259
236
230
236
241
228
238
245
261
255
252
266
264
256
276
282
279
279
271
285
276
279
265
269
271
278
271
279
265
267
251
257
243
239
239
242
241
245
247
248
261
252
253
241
254
243
261
255
266
244
263
253
252
248
267
260
263
252
262
265
262
268
247
249
258
267
249
259
255
266
263
267
258
259
260
261
250
252
255
263
259
260
258
260
265
260
277
266
263
260
278
258
257
248
246
243
244
246
260
256
265
260
254
252
265
267
262
266
265
277
267
279
260
270
263
271
251
267
260
279
251
271
254
260
251
264
265
261
265
267
273
263
262
253
263
247
256
249
249
239
256
237
236
241
263
250
263
263
257
263
267
266
254
256
257
268
249
261
253
270
243
258
234
227
229
237
233
233
237
240
231
236
224
239
277
267
271
263
265
264
268
251
269
270
291
281
282
261
263
263
289
284
268
271
271
268
269
270
270
271
268
275
264
274
281
284
276
287
276
286
281
293
273
285
285
293
284
291
294
292
288
272
269
251
261
257
264
256
261
252
265
244
251
238
249
242
244
238
236
239
247
243
235
253
244
260
256
289
277
297
291
300
288
295
291
289
281
294
290
285
281
279
266
262
267
263
279
265
276
263
264
250
252
226
249
232
240
235
244
247
253
243
242
244
263
256
255
267
255
262
273
278
253
275
264
263
263
281
268
275
258
263
242
250
250
241
243
249
247
242
248
245
254
241
266
255
252
246
268
257
271
261
263
258
279
271
281
269
275
285
276
284
270
270
263
269
255
267
250
263
243
244
214
230
235
241
235
245
244
254
254
253
251
249
270
269
275
263
271
268
281
285
286
279
287
271
274
257
274
255
255
249
249
245
255
265
267
267
264
269
265
270
242
250
239
243
239
239
221
232
235
250
232
246
255
265
253
238
233
251
275
259
253
241
259
247
254
242
257
240
259
252
260
253
273
264
280
278
281
276
291
282
287
293
291
293
285
290
287
289
268
275
248
258
242
256
239
250
233
243
247
255
257
252
267
257
271
272
279
264
273
258
259
250
262
251
264
260
263
260
267
255
253
249
267
265
259
255
257
249
241
254
250
258
251
268
256
273
261
275
259
267
259
255
258
270
265
267
267
265
283
267
262
259
277
263
265
258
269
249
255
242
241
228
241
235
251
244
251
240
241
248
235
228
230
242
237
242
253
269
258
277
271
285
279
296
277
290
279
288
267
265
245
241
232
237
243
228
233
229
239
234
241
241
265
240
274
276
278
277
289
283
271
273
286
285
280
289
289
297
282
289
255
269
259
260
236
256
244
252
241
249
233
239
232
237
239
237
245
259
251
253
250
262
267
254
262
261
263
257
281
276
267
272
274
265
281
270
272
273
279
279
270
273
277
287
281
297
284
295
295
306
270
273
268
283
262
277
261
263
257
259
249
253
253
264
275
270
282
275
287
272
281
262
281
277
291
276
297
284
299
281
284
287
289
286
273
281
267
265
265
265
245
260
252
265
263
283
274
281
277
282
257
269
273
274
267
253
251
257
259
253
251
235
246
249
255
242
249
241
253
248
251
241
245
244
258
252
266
263
276
263
255
264
262
251
244
249
237
241
236
251
241
244
252
264
250
263
247
248
244
253
237
241
247
252
241
248
243
243
239
247
245
241
251
245
247
244
254
240
243
236
241
237
257
260
253
260
251
253
243
240
217
230
223
240
233
249
239
259
257
272
263
267
273
280
279
281
269
269
269
267
268
256
266
254
253
260
270
269
272
252
263
255
267
257
269
268
273
276
279
276
283
280
263
279
270
268
267
262
256
265
253
269
255
273
259
283
264
281
269
281
265
279
281
275
263
268
264
252
262
267
259
251
293
277
287
270
272
275
283
273
272
267
287
282
283
276
275
279
273
281
268
268
262
271
254
265
257
261
254
258
237
246
253
248
252
256
253
253
260
266
261
260
274
262
279
284
291
284
299
279
281
272
291
287
289
287
290
271
268
274
254
256
267
260
258
254
249
257
247
245
229
243
233
249
239
249
240
262
262
256
252
258
255
250
253
252
257
239
253
243
236
239
269
253
267
261
281
268
272
269
269
263
285
289
283
279
279
289
275
286
261
260
261
270
249
259
233
242
232
245
234
245
241
258
260
265
263
280
273
265
259
264
282
277
282
274
283
268
275
257
255
235
255
248
257
254
261
245
246
251
251
252
271
272
269
271
273
275
265
280
258
260
247
256
239
247
243
261
253
268
259
253
243
253
255
253
256
249
262
256
256
248
261
255
261
259
264
262
281
267
269
255
268
252
255
265
258
247
250
256
233
237
231
225
213
223
223
235
232
249
233
235
236
253
243
247
258
259
255
255
261
267
280
277
281
263
274
273
283
270
268
261
265
259
273
263
267
259
263
256
249
246
247
240
243
255
257
257
253
255
236
243
233
241
223
239
236
238
229
249
237
239
258
263
265
258
267
259
275
267
271
261
264
259
263
249
248
246
254
249
254
242
245
246
255
269
259
267
274
267
273
271
291
291
281
296
290
290
286
295
267
269
271
270
253
251
261
258
255
257
245
243
253
240
240
236
253
234
237
232
236
227
245
243
255
247
261
254
261
262
263
259
269
279
276
280
272
288
276
276
263
275
255
267
255
266
253
269
255
262
239
247
255
263
268
273
288
274
284
280
279
274
297
280
286
269
282
261
279
263
259
257
249
243
241
235
236
245
243
249
237
251
234
250
239
264
243
257
256
255
253
267
267
277
267
273
270
270
264
262
253
249
260
257
262
274
279
276
289
279
270
247
267
252
251
236
250
244
241
243
241
229
233
237
229
240
237
244
242
251
237
249
243
260
249
273
257
269
259
265
252
257
261
257
264
257
262
261
273
271
262
251
284
260
266
265
279
258
270
268
282
275
270
271
264
277
282
283
278
273
256
262
255
273
267
269
269
283
275
285
261
262
259
265
262
264
255
275
275
274
273
276
293
283
297
280
289
287
291
283
282
268
283
267
276
264
281
263
261
264
262
255
268
273
261
263
270
269
257
272
256
266
263
271
260
271
254
265
263
259
251
256
253
251
253
260
254
250
264
259
263
261
280
263
278
277
287
275
288
277
277
257
273
267
270
263
262
257
256
269
260
261
264
269
259
265
265
279
273
284
272
285
275
283
281
276
270
267
271
273
263
256
261
255
260
241
241
239
245
236
231
226
239
234
245
243
250
247
257
259
259
262
276
275
281
283
281
280
271
282
259
262
248
261
245
248
240
247
243
253
244
232
235
235
238
247
243
237
241
239
238
239
258
253
275
258
284
269
282
270
266
266
280
260
271
263
257
251
261
261
240
247
250
254
241
255
246
259
247
263
251
263
268
284
273
283
294
288
291
289
281
271
269
263
259
245
261
240
255
239
247
236
253
245
257
243
254
241
254
255
245
257
265
265
279
274
267
277
276
286
257
270
273
277
269
283
281
267
271
279
257
257
259
265
259
252
254
250
255
245
260
242
259
247
260
252
265
247
270
251
267
248
255
248
248
254
255
259
256
259
245
255
264
267
255
274
256
264
259
278
249
269
262
274
252
270
267
259
253
253
244
238
251
251
259
253
265
251
257
254
255
260
270
264
279
261
270
268
281
270
269
259
263
258
257
263
251
250
257
265
240
263
265
269
263
279
269
284
269
268
250
256
267
264
264
254
271
264
259
262
264
256
275
264
271
262
270
255
261
251
253
240
251
239
247
251
255
257
245
258
252
264
255
265
266
290
271
292
272
282
261
271
273
275
268
281
263
254
263
254
241
245
256
244
249
236
258
245
262
242
247
237
257
249
263
249
250
244
249
249
250
243
239
256
245
248
246
250
257
258
243
241
246
261
251
266
263
280
281
277
265
274
271
261
264
256
273
260
269
261
251
244
270
259
273
260
273
259
278
268
265
266
281
275
277
275
279
271
271
279
266
265
268
276
263
265
249
263
257
246
194
181
210
267
281
260
248
247
257
256
253
255
273
270
283
276
293
281
294
281
277
265
287
272
277
277
284
267
271
265
251
246
247
255
236
248
251
262
251
263
247
259
245
255
243
259
253
262
258
273
266
267
271
275
284
274
279
269
282
268
261
245
257
241
255
250
255
240
259
240
233
243
257
258
261
265
261
279
263
280
265
277
267
287
272
284
277
290
276
282
262
257
256
269
257
257
254
250
235
230
232
231
236
235
255
257
267
262
271
259
266
257
268
271
282
279
274
277
279
278
269
274
283
283
277
276
271
271
267
272
251
253
249
264
249
262
243
251
233
243
239
237
243
244
248
244
256
264
269
256
263
254
251
241
253
236
253
234
248
239
231
231
256
250
257
261
264
266
265
273
269
275
289
289
281
292
275
274
261
271
257
268
268
277
285
283
278
281
277
263
258
253
262
247
259
254
263
251
259
252
263
232
245
234
251
239
251
252
250
249
245
253
257
266
261
275
276
277
280
291
269
296
289
288
271
292
274
277
277
281
257
263
261
255
258
253
262
253
279
265
269
259
266
252
267
247
257
255
265
261
258
249
259
256
258
265
257
281
271
282
270
275
265
277
268
284
276
271
262
267
249
249
247
255
245
260
253
245
245
250
236
224
238
246
253
241
261
246
265
262
269
265
277
270
278
272
278
279
277
270
261
256
251
255
257
261
265
275
262
268
256
266
269
284
269
281
268
273
272
267
253
248
268
267
274
265
256
243
256
243
242
225
256
243
257
254
266
259
275
276
264
269
268
269
270
274
268
281
290
295
279
287
273
274
277
281
263
272
259
263
241
249
248
251
244
253
249
255
254
268
254
253
262
252
251
255
255
247
253
254
249
237
260
258
263
258
277
259
272
259
263
262
264
263
269
268
268
275
277
281
270
283
275
300
277
283
274
288
264
269
256
267
258
264
256
265
265
255
265
242
223
217
241
220
229
226
242
220
241
234
229
234
256
250
256
259
266
269
267
273
259
264
251
274
251
268
265
265
263
273
264
270
254
281
268
276
259
265
259
253
239
242
250
251
258
245
245
238
241
241
237
232
241
239
243
255
264
249
272
265
255
257
281
272
271
287
287
281
269
279
267
274
274
302
288
293
288
296
268
278
271
277
259
263
259
270
257
257
257
240
238
234
241
233
249
243
252
251
265
250
255
249
284
274
290
284
290
277
283
290
275
282
281
293
275
300
284
286
283
296
274
285
267
279
267
263
262
269
264
265
249
245
240
226
236
224
229
233
241
228
235
216
233
227
248
236
247
241
260
245
239
229
243
249
252
256
272
269
264
283
266
273
281
297
283
293
288
290
283
289
267
278
280
271
267
276
271
267
257
256
247
239
237
224
232
223
221
217
240
215
230
219
241
227
245
237
245
235
248
241
242
246
255
256
254
262
247
257
253
262
231
245
247
263
244
269
263
261
248
259
244
252
258
269
270
265
269
256
265
245
242
224
241
229
244
234
233
230
241
234
238
237
250
245
253
259
261
263
273
269
267
277
281
284
275
284
271
267
259
263
236
245
248
259
255
271
267
283
276
291
281
287
303
294
301
300
300
288
293
287
285
267
281
285
288
269
277
277
282
277
262
266
265
263
265
275
264
277
275
275
264
275
265
283
266
281
270
279
271
289
271
276
289
283
279
285
287
276
286
284
285
267
283
273
276
259
261
258
273
260
261
240
256
256
255
260
256
255
253
251
234
243
239
257
252
264
247
273
246
261
245
257
258
269
252
263
258
258
262
269
260
257
273
259
276
275
269
267
271
267
273
250
275
259
262
259
264
264
273
266
258
248
267
266
256
259
253
265
256
266
246
264
260
267
275
270
257
273
269
269
255
261
258
260
261
263
257
252
264
262
262
249
269
260
264
251
274
257
273
253
255
239
249
234
240
229
239
236
252
259
237
247
255
267
265
269
257
277
263
271
253
274
247
265
265
271
263
273
265
268
261
261
263
253
259
257
263
251
265
250
252
251
263
253
259
243
249
235
245
241
235
228
252
252
247
251
251
271
267
276
265
273
272
284
281
289
279
298
297
293
274
285
277
285
279
273
268
269
275
265
255
249
265
249
255
245
255
240
248
254
246
234
253
248
257
252
255
259
267
266
253
249
247
265
247
259
242
254
249
273
265
272
274
285
267
269
266
279
269
274
263
250
267
253
265
248
252
243
260
245
253
250
268
261
272
259
273
259
262
251
249
251
256
265
259
260
259
267
264
277
270
275
275
283
267
285
271
280
268
275
269
263
265
261
261
268
264
267
265
259
258
250
264
255
266
252
259
247
251
247
250
253
249
241
256
247
252
242
247
239
227
233
238
242
235
247
238
255
252
268
245
246
239
247
238
248
240
235
246
245
225
223
249
247
253
240
259
244
260
248
247
247
261
255
252
250
255
247
262
256
245
257
258
270
263
278
272
270
271
282
256
269
272
283
277
284
282
285
276
290
270
277
275
285
277
277
271
277
281
275
280
259
276
274
279
258
275
278
274
273
270
269
281
289
294
288
294
289
299
300
289
289
281
281
265
260
243
259
245
248
228
225
231
245
231
245
246
243
246
266
260
257
269
271
268
269
277
273
297
287
281
265
271
260
276
261
272
271
272
267
273
269
275
279
263
271
257
267
258
260
237
252
247
255
249
253
246
256
259
248
235
244
253
247
246
251
261
260
272
277
282
266
282
281
283
274
285
277
275
270
272
260
276
270
274
267
280
277
264
271
255
250
239
243
233
251
241
253
249
247
229
249
253
259
247
263
257
253
256
264
257
260
273
271
295
272
288
280
293
284
275
256
271
248
247
236
242
227
230
229
230
216
227
241
245
243
245
258
253
259
247
260
263
266
249
266
268
266
266
268
245
253
255
243
245
247
250
237
251
253
241
238
259
250
265
255
273
261
282
272
267
265
273
269
263
252
247
252
244
244
230
248
237
246
228
244
228
247
226
235
223
234
238
252
244
251
256
263
260
266
257
257
266
269
277
274
279
263
284
265
268
257
275
259
267
248
252
255
254
251
243
246
245
244
239
250
247
253
247
259
237
250
243
254
245
256
257
269
254
253
242
247
259
267
269
272
279
282
281
274
277
271
292
276
283
269
267
258
260
250
243
229
237
228
237
240
243
245
247
255
249
257
268
275
260
267
259
269
257
265
253
273
271
278
284
282
283
286
280
271
263
260
264
262
265
270
276
271
277
255
263
256
280
263
276
267
273
267
282
276
261
271
275
275
271
281
276
281
273
287
270
285
267
273
265
257
249
255
240
250
248
247
251
256
255
250
268
257
267
260
258
241
255
250
278
271
283
280
295
285
286
277
282
273
273
270
269
255
263
257
240
245
245
242
244
251
240
248
240
265
239
253
251
255
256
261
265
268
267
281
266
267
262
266
261
257
259
250
250
236
239
231
244
243
265
254
268
259
269
265
262
256
269
269
269
277
269
267
268
278
259
274
267
276
262
294
276
296
275
281
260
258
257
262
249
247
250
244
255
239
239
232
243
244
261
247
265
245
261
254
269
261
268
279
277
273
283
285
284
281
278
279
277
287
283
291
272
281
268
275
247
262
254
265
255
274
282
277
283
287
273
272
279
266
278
262
276
262
272
263
261
246
260
259
271
252
285
274
281
274
274
263
272
271
271
275
274
283
267
271
259
275
265
286
277
279
264
272
255
261
237
247
261
270
261
260
256
248
260
263
260
247
263
246
265
261
272
251
265
253
259
255
266
262
271
254
250
243
238
248
236
241
243
259
248
257
259
273
263
273
259
265
254
258
258
260
247
249
243
236
222
225
239
233
227
221
233
220
241
231
232
240
265
249
260
251
265
260
270
265
257
248
262
266
261
267
257
261
261
261
255
263
254
264
243
253
253
265
262
272
253
262
257
264
261
266
259
265
269
256
252
239
257
244
257
253
262
246
260
252
251
241
258
239
252
251
252
245
262
261
243
257
254
268
251
256
251
273
262
256
252
261
262
275
262
261
249
263
255
259
250
245
256
252
262
267
262
271
265
258
263
241
263
245
246
253
259
254
255
255
257
251
264
274
275
279
265
267
269
274
255
264
266
264
253
264
263
269
254
263
247
257
253
259
253
265
266
269
256
250
249
245
266
261
281
267
277
265
273
253
260
247
258
252
256
250
261
243
257
271
257
260
262
262
256
265
256
260
256
271
255
265
265
276
269
281
273
271
273
261
256
251
250
260
268
255
272
273
276
265
275
259
279
273
283
267
267
265
278
266
264
261
274
269
272
271
269
267
269
266
244
253
255
253
243
257
245
252
237
242
225
237
246
254
250
261
257
259
263
266
264
265
274
261
277
267
273
260
255
247
245
237
255
237
243
243
247
248
264
253
250
261
265
269
265
291
284
293
285
295
268
286
286
291
277
285
280
283
286
284
271
268
273
275
275
272
275
275
279
265
262
254
276
267
273
247
265
265
270
253
258
266
272
276
280
287
281
289
282
290
267
276
269
277
263
279
265
267
259
265
245
244
250
257
250
265
261
252
271
277
274
265
284
276
280
277
285
273
281
271
266
250
265
258
274
255
263
271
277
273
267
273
273
280
278
279
263
279
273
267
253
262
265
269
263
276
261
262
257
254
235
231
237
234
234
241
254
235
259
233
232
224
249
229
249
242
263
252
261
258
257
255
265
260
269
270
269
287
280
283
269
268
255
265
255
264
249
259
251
255
237
246
246
251
249
263
261
251
265
261
261
242
272
250
255
259
261
252
255
252
249
239
261
256
267
261
263
256
262
242
219
224
221
228
219
228
223
227
222
232
215
233
227
251
243
260
250
264
264
271
261
262
268
272
273
271
278
265
270
255
253
240
263
247
241
246
257
250
266
264
267
261
263
272
265
273
264
271
272
282
266
264
265
269
259
271
243
246
240
239
219
224
225
237
230
233
238
237
249
233
246
253
254
249
275
269
278
267
295
281
277
267
291
280
285
279
291
292
286
293
265
269
277
294
284
296
284
280
268
274
257
266
263
277
265
263
258
262
253
247
244
238
229
225
237
235
245
238
256
239
250
247
254
247
256
252
269
263
271
265
265
263
268
264
264
272
260
259
269
277
255
262
256
267
252
269
259
261
249
249
255
250
258
256
253
249
249
251
246
241
243
231
245
242
251
259
268
255
279
267
279
271
288
283
295
285
294
291
296
293
287
289
284
283
275
280
269
265
246
261
239
252
237
258
243
255
253
263
258
261
262
266
275
267
268
261
274
265
285
267
279
265
272
250
269
249
261
263
273
259
241
241
259
267
273
269
253
260
250
267
247
255
252
261
239
259
260
270
275
284
265
275
281
279
275
281
284
281
287
274
270
249
266
252
259
243
255
253
254
255
252
248
253
253
267
268
263
269
265
270
257
261
254
275
249
255
249
259
250
263
234
252
241
252
244
263
250
247
251
261
251
247
261
271
272
268
279
274
271
261
266
257
266
262
265
273
280
268
266
263
258
252
258
266
249
259
251
259
261
268
243
255
254
263
264
266
254
264
264
264
244
247
248
259
253
263
271
260
280
277
278
265
278
265
270
256
275
259
273
255
255
244
267
262
259
271
275
278
269
275
259
270
258
271
259
283
271
287
279
283
264
280
281
277
273
277
266
253
252
263
254
233
258
257
259
245
249
243
243
228
231
223
236
227
249
243
256
249
250
250
241
233
237
241
242
251
243
257
242
264
255
265
261
276
258
272
264
267
271
265
254
264
254
243
246
254
253
243
246
234
237
235
242
227
251
244
260
253
270
259
264
262
268
260
253
251
249
250
238
252
232
235
241
247
237
239
227
251
242
247
234
243
255
263
262
263
267
272
267
259
254
253
267
257
264
270
277
261
283
275
272
268
280
267
264
257
270
254
255
258
250
258
253
255
252
249
239
245
225
249
223
235
235
245
235
258
257
272
257
263
261
261
273
271
275
271
268
265
274
266
285
269
292
284
292
285
277
267
287
273
273
271
273
255
258
268
264
279
277
281
254
265
266
277
261
271
263
264
265
270
255
259
263
270
270
267
268
269
265
263
267
259
276
266
273
266
271
261
283
281
281
273
292
274
285
281
283
281
285
284
267
269
280
275
271
277
266
271
265
259
235
244
239
254
234
240
227
239
236
248
245
250
255
260
263
257
259
260
266
269
271
261
283
276
294
275
283
278
284
268
267
257
270
259
260
254
253
254
249
255
243
250
247
255
247
273
262
270
279
291
265
278
267
276
268
263
255
264
258
249
247
235
245
243
247
232
246
237
251
246
258
256
265
264
274
265
274
272
279
275
261
269
275
270
266
277
273
275
270
281
259
266
258
263
247
258
249
262
255
265
263
268
263
263
265
267
269
270
268
259
262
251
259
245
249
236
252
241
253
240
238
232
245
245
243
249
249
245
245
255
238
244
257
270
263
270
253
261
257
270
249
248
238
244
233
249
245
233
258
257
252
247
261
251
265
248
261
251
253
249
250
247
273
268
265
261
267
265
266
266
255
260
269
275
270
261
259
271
258
265
253
259
268
266
263
269
259
267
267
274
259
257
265
261
259
256
263
255
267
258
259
245
268
257
263
246
262
248
267
258
275
256
265
269
262
251
257
269
267
264
261
262
261
265
260
265
262
275
257
261
252
261
246
253
244
257
251
247
252
243
237
227
239
229
229
228
237
233
263
255
261
249
275
268
275
274
283
284
280
275
267
262
273
273
257
273
258
271
255
267
254
262
257
264
255
256
243
263
253
255
244
254
254
260
276
279
280
286
286
284
268
266
286
276
285
286
299
282
292
284
269
269
275
271
272
262
263
260
257
267
252
262
263
286
266
277
272
281
271
278
267
281
267
280
277
277
281
284
287
271
277
263
270
258
268
250
253
241
253
241
248
244
257
236
248
251
249
245
252
255
239
241
245
259
243
254
247
259
248
267
251
252
253
267
263
269
261
265
262
267
256
264
272
268
277
276
274
271
275
269
268
259
266
249
266
260
256
248
263
257
248
240
252
246
253
253
247
249
248
264
249
257
268
262
260
276
263
284
258
275
264
269
263
269
255
261
263
267
259
259
255
251
267
255
281
255
266
256
271
247
252
239
263
251
265
251
267
267
273
279
267
278
275
280
279
283
274
277
280
296
275
277
273
271
255
271
264
258
257
266
250
247
255
252
248
243
247
242
248
235
249
230
247
238
250
238
259
259
269
269
275
281
291
295
292
297
284
293
293
293
272
273
277
283
265
275
262
257
251
262
235
244
246
254
242
246
253
245
229
239
228
227
229
231
233
235
254
249
261
256
252
247
247
249
258
259
274
290
277
279
271
279
280
277
279
286
269
285
273
278
255
263
255
261
251
255
257
263
271
272
262
261
278
272
273
271
274
266
277
273
261
257
279
258
268
261
256
254
257
243
243
230
236
241
245
243
253
263
257
257
258
262
267
271
258
269
255
267
253
257
243
249
259
264
259
264
271
269
271
265
263
265
280
255
263
275
289
282
287
269
266
246
263
249
250
243
235
235
227
215
211
217
218
220
217
224
221
231
235
257
252
268
268
279
279
282
276
283
282
275
268
263
260
250
259
254
257
263
267
260
253
234
248
234
251
248
258
252
260
251
252
248
265
261
267
265
267
271
263
272
251
254
258
266
256
275
256
281
265
277
261
281
276
283
279
276
283
279
283
272
285
274
284
276
288
271
284
274
286
272
271
255
273
258
255
255
257
254
247
263
254
248
242
257
233
247
247
259
240
251
237
254
252
263
254
263
262
271
258
263
253
249
259
261
264
257
264
270
271
253
258
253
261
253
261
261
263
260
272
261
249
242
246
248
237
241
243
245
238
249
232
239
239
251
239
257
252
258
249
269
245
253
256
274
263
275
278
293
291
278
273
273
279
266
277
271
284
263
287
269
275
265
290
267
270
261
263
267
274
273
262
267
254
268
261
283
273
293
267
285
266
269
275
285
274
273
268
273
255
261
246
244
250
241
247
241
237
247
263
245
251
251
264
255
271
271
279
278
288
272
266
260
252
249
239
243
233
243
256
251
230
234
237
247
242
239
235
248
241
259
247
257
272
281
275
268
279
288
289
285
277
261
278
269
273
258
268
258
279
261
256
248
269
260
267
260
271
263
275
280
267
271
273
274
268
277
254
262
253
253
241
248
252
266
247
270
254
264
252
258
252
250
267
269
273
273
289
275
277
281
277
254
270
261
269
251
263
262
266
256
251
252
255
246
251
261
249
258
252
258
234
242
227
235
225
239
232
247
246
252
237
258
267
267
274
266
273
265
274
270
262
258
276
273
283
267
273
263
263
256
255
240
240
235
238
233
238
239
232
233
218
227
227
236
237
250
238
263
254
258
244
265
256
264
263
269
264
271
259
267
245
249
267
257
260
263
269
262
263
259
270
248
273
260
275
262
269
265
276
261
267
256
273
269
275
272
277
289
280
288
272
281
287
291
283
291
273
281
275
267
249
260
250
246
257
253
255
242
265
259
259
246
265
259
274
263
276
257
275
260
251
233
267
257
257
254
269
264
260
271
266
267
274
285
285
287
280
292
279
278
257
267
268
265
255
265
254
262
264
252
256
259
267
253
255
267
260
264
278
263
259
254
272
266
275
270
282
271
279
272
271
263
263
270
261
254
255
267
254
263
252
257
256
264
241
258
252
261
240
265
247
252
252
247
249
249
252
244
247
245
252
250
261
253
265
244
264
247
273
257
239
240
263
251
259
256
258
268
262
