04042112.PTO
CURE
2012/04/04 21:12:27.0899
100.0000 m/s  
13000 muestras
-7986
-9989
-8657
-9659
-9164
-8423
-10755
-6902
-11144
-8855
-9025
-9155
-8492
-9922
-10277
-6813
-9608
-11330
-7283
-10223
-8630
-10283
-8407
-9204
-10166
-8480
-9192
-9985
-8646
-8546
-10617
-7470
-10827
-8335
-8125
-10960
-7784
-10839
-8375
-8030
-12527
-5714
-10030
-9459
-8779
-11122
-5078
-14117
-5112
-10463
-10877
-5471
-14339
-3603
-13222
-7626
-8633
-11288
-6289
-12155
-6897
-11265
-7742
-10105
-8595
-9468
-9198
-9454
-9459
-7798
-12215
-5628
-12067
-7618
-9879
-9289
-7804
-12317
-6161
-11274
-8383
-9051
-9704
-8865
-9420
-9086
-9577
-8894
-9168
-9407
-9367
-8445
-10244
-8663
-9071
-9968
-7994
-9946
-8987
-9091
-10405
-7132
-11195
-8246
-9574
-9693
-7880
-11004
-8138
-9936
-8447
-10127
-8759
-9269
-9356
-8678
-10432
-7573
-10254
-8879
-9060
-10150
-7956
-11037
-7161
-9470
-11540
-6274
-10530
-9132
-8544
-10873
-7543
-9702
-9659
-8167
-10360
-8242
-9862
-8723
-9467
-9319
-8260
-11299
-6784
-10771
-8978
-8511
-10852
-7563
-10498
-8253
-10139
-8766
-9203
-9531
-8688
-10013
-8442
-9678
-8948
-9563
-8833
-9048
-9530
-8975
-8953
-10014
-8014
-9494
-9419
-9057
-9323
-8677
-9981
-8174
-10309
-8506
-9123
-9472
-9097
-8933
-9282
-9395
-8358
-10050
-8467
-9746
-8588
-9410
-9100
-8820
-9950
-8332
-9743
-8643
-9607
-8838
-9288
-9078
-9258
-9367
-8688
-9717
-8474
-9808
-8464
-9728
-8841
-9160
-9168
-8719
-9677
-8759
-9270
-9029
-9380
-9035
-9251
-8411
-10106
-8448
-9477
-8922
-8833
-9921
-8117
-9724
-9130
-8600
-8994
-9945
-8220
-9958
-8932
-8551
-9709
-8294
-9944
-8828
-8886
-9319
-8623
-9834
-8307
-9353
-8763
-9262
-9600
-8269
-9901
-8502
-9516
-8683
-9238
-9169
-9227
-8806
-9277
-9045
-9118
-9009
-8697
-10026
-8175
-9491
-9079
-9128
-8814
-8865
-9620
-8729
-9069
-9375
-8480
-10089
-8548
-9079
-9037
-9040
-9200
-8437
-10393
-7536
-10392
-8388
-8965
-9322
-8334
-10275
-7743
-9759
-8642
-9400
-8731
-9400
-8918
-8802
-9418
-8375
-10141
-7899
-10323
-8230
-9122
-9057
-9127
-9605
-8244
-10163
-7607
-10264
-8520
-9516
-8753
-8825
-9748
-8142
-10199
-8072
-9900
-8137
-9985
-8800
-8302
-10441
-7577
-10164
-7922
-10386
-8357
-9413
-9335
-7897
-11030
-7023
-10845
-8077
-9333
-9475
-8227
-10407
-7755
-10336
-8117
-9659
-9273
-8468
-10189
-8103
-9845
-8715
-9232
-9045
-9026
-9244
-9020
-8993
-8883
-9762
-8417
-9606
-8920
-9042
-9136
-8967
-9428
-8899
-9342
-9116
-8855
-9368
-8793
-9515
-8838
-9067
-9499
-8242
-10146
-8344
-9468
-9270
-8697
-9681
-8554
-9970
-8332
-9486
-9166
-8960
-9283
-8750
-9902
-8113
-9921
-8824
-9028
-9392
-8444
-9864
-8706
-9323
-9101
-8693
-9475
-8738
-9377
-8811
-8917
-9793
-8594
-9237
-8887
-9651
-8304
-9516
-9545
-8195
-9533
-9637
-9059
-7916
-10277
-8651
-9202
-9521
-8436
-9726
-9059
-9044
-9187
-8766
-9297
-9720
-8171
-10406
-8465
-8604
-10335
-8381
-9873
-8443
-9800
-8251
-9748
-9306
-8224
-10619
-7602
-10215
-8439
-9541
-9175
-8552
-10611
-7263
-10511
-8720
-8863
-10006
-7746
-10500
-8086
-9830
-9009
-8685
-10028
-8067
-10104
-8685
-9549
-8716
-9609
-8990
-8956
-9748
-8346
-9867
-8861
-9253
-8982
-9629
-8520
-9156
-9783
-8498
-9781
-8958
-9028
-9124
-9368
-8910
-9281
-9497
-8968
-9270
-8913
-9660
-8827
-9215
-9260
-9284
-9244
-8990
-9458
-8953
-9566
-8917
-9281
-9401
-9080
-9381
-8772
-9433
-9271
-9047
-9345
-8797
-9540
-9089
-9168
-9335
-9002
-9490
-8907
-9153
-9307
-9196
-9319
-9259
-9267
-9033
-9294
-9262
-9166
-9417
-9058
-9402
-9184
-9307
-9362
-9235
-9391
-9172
-9046
-9167
-9637
-8878
-9474
-9059
-9186
-9465
-8819
-9842
-8630
-9630
-9142
-8982
-9510
-8998
-9466
-9020
-9502
-8849
-9693
-8768
-9430
-9163
-9158
-9767
-8425
-9999
-8824
-9389
-9405
-8919
-9700
-8624
-9820
-8767
-9523
-9362
-8759
-9992
-8432
-10163
-8575
-9326
-9192
-9269
-9741
-8275
-10144
-8535
-9537
-9188
-9073
-9476
-8949
-9520
-8823
-9743
-8753
-9221
-9583
-8994
-9411
-8544
-9935
-8625
-9661
-8991
-8831
-9807
-8469
-10024
-8316
-10117
-8738
-8988
-9483
-9290
-9249
-8675
-10339
-8181
-10113
-8469
-9942
-8829
-8834
-10479
-7539
-11019
-8027
-9537
-9894
-8100
-10761
-7584
-10036
-9390
-8560
-9983
-8629
-9865
-8565
-9843
-8833
-9177
-9987
-8284
-9872
-8888
-9275
-9428
-8670
-9922
-8780
-9383
-9211
-9046
-9661
-8795
-9856
-9069
-9240
-9320
-9127
-9518
-9362
-8563
-10058
-8717
-9372
-9685
-8263
-10550
-8140
-10033
-9026
-9016
-9680
-8945
-9617
-8780
-9830
-8781
-9810
-8822
-9527
-9331
-8703
-10102
-8452
-9720
-9060
-9285
-9438
-8813
-9705
-8838
-9676
-9059
-9371
-9191
-9631
-8972
-8940
-10129
-8737
-9603
-8981
-9511
-9075
-9416
-9308
-9394
-9343
-9252
-9455
-8883
-9896
-8796
-9428
-9445
-9186
-9392
-9363
-9225
-9320
-9431
-9280
-9165
-9423
-9103
-9448
-9119
-9427
-9413
-8831
-9780
-9096
-9430
-9656
-8978
-9394
-9543
-9037
-9497
-9155
-9782
-8639
-9899
-9186
-9081
-9727
-9152
-9295
-9367
-9488
-8829
-10146
-8490
-10346
-8205
-10160
-9208
-8912
-10457
-7961
-10568
-8552
-10038
-8974
-9682
-9428
-9089
-9858
-8630
-10059
-8855
-9881
-9021
-9531
-9445
-9133
-9772
-8957
-9953
-8917
-9884
-9101
-9478
-9535
-9097
-9870
-8845
-9964
-9010
-9729
-9535
-9003
-9538
-9661
-9105
-9625
-9762
-9581
-9273
-8988
-10294
-8589
-9963
-9125
-9658
-9531
-8726
-10354
-8554
-10013
-9250
-9329
-9953
-8537
-10391
-8816
-9536
-9772
-8909
-10293
-8441
-10177
-9358
-9098
-9687
-9370
-9590
-9237
-9829
-8889
-10151
-8959
-9549
-9634
-9358
-9690
-9076
-9933
-9010
-9850
-9135
-9647
-9593
-9202
-9678
-9482
-9507
-9215
-9895
-9227
-9446
-9511
-9586
-9388
-9532
-9378
-9458
-9619
-9307
-9781
-9128
-9656
-9434
-9522
-9518
-9292
-9670
-9184
-9753
-9278
-9516
-9567
-9260
-9653
-9319
-9643
-9446
-9447
-9575
-9481
-9467
-9467
-9544
-9450
-9534
-9515
-9345
-9706
-9356
-9579
-9462
-9480
-9654
-9309
-9769
-9350
-9694
-9503
-9518
-9399
-9740
-9360
-9449
-9473
-9534
-9761
-9337
-9691
-9278
-10074
-8892
-9895
-9633
-9555
-9476
-9160
-10246
-8825
-10196
-9291
-9469
-9856
-9155
-9779
-9260
-9950
-9204
-9658
-9434
-9402
-9870
-9022
-10151
-9100
-9948
-9097
-9711
-9698
-8944
-10437
-8560
-10156
-9213
-9650
-9440
-9398
-10154
-8486
-10276
-9288
-9450
-9684
-9249
-9859
-9046
-9957
-9251
-9707
-9615
-9323
-9713
-9259
-10114
-8782
-10012
-9452
-9488
-9528
-9618
-9545
-9346
-9797
-8791
-10591
-8668
-9835
-9470
-9393
-10032
-8750
-10185
-9221
-9567
-9378
-9709
-9581
-9009
-10003
-9111
-9846
-9599
-8866
-10083
-9106
-9704
-9504
-9470
-9796
-8884
-10161
-9331
-9494
-9871
-8947
-9954
-9443
-9735
-9214
-9436
-10054
-9125
-9772
-9608
-9209
-9633
-9681
-9075
-10044
-9220
-9498
-9638
-9362
-9709
-9107
-9889
-9353
-9502
-9639
-9297
-9672
-9468
-9285
-9972
-9087
-9598
-9726
-9181
-9631
-9570
-9580
-9436
-9597
-9464
-9427
-9749
-9728
-9043
-10185
-9196
-9625
-9640
-9253
-9831
-9224
-9888
-9236
-9991
-9274
-9711
-9616
-9472
-9785
-9123
-10235
-8910
-10207
-9557
-8971
-10323
-9214
-9796
-9370
-9826
-9264
-9995
-9517
-9427
-9791
-9227
-10279
-8881
-10184
-9031
-10007
-9522
-9407
-10181
-8780
-10377
-8968
-10173
-9275
-9669
-9901
-9186
-10338
-8974
-9989
-9560
-9726
-9729
-9381
-9990
-9179
-10145
-9628
-9241
-10236
-9284
-9758
-9650
-9661
-9783
-9382
-10062
-9388
-9702
-9704
-9623
-9635
-9562
-9868
-9606
-9498
-9882
-9610
-9631
-9943
-9523
-9686
-9791
-9743
-9453
-9907
-9512
-9894
-9593
-9375
-10597
-8973
-9419
-11116
-8270
-10596
-9705
-9229
-10947
-7830
-11528
-8068
-10898
-9986
-8246
-11912
-8032
-10875
-8701
-10542
-9648
-9114
-10892
-8850
-10326
-9605
-9677
-9808
-9843
-9545
-9821
-9797
-9933
-9402
-10420
-8938
-10100
-10122
-8973
-10545
-8948
-10607
-9141
-10141
-9715
-9547
-10224
-9311
-10067
-9582
-10156
-9266
-10260
-9459
-9968
-9786
-9691
-10103
-9147
-10603
-9208
-10065
-9847
-9463
-10549
-9059
-10383
-9406
-9964
-9948
-9457
-10361
-8754
-10805
-9093
-10090
-9977
-9304
-10597
-8778
-10730
-9411
-9737
-10236
-9328
-10287
-9591
-10028
-9820
-9766
-9886
-9739
-10060
-9546
-10182
-9530
-10198
-9786
-9632
-10345
-8908
-11065
-9195
-9906
-10402
-9111
-10727
-9062
-10851
-8808
-10406
-10117
-8813
-11516
-8351
-11182
-9231
-9910
-10264
-9177
-10841
-9219
-10670
-8665
-11147
-9928
-8873
-11392
-8245
-10777
-10324
-8698
-10936
-9516
-10709
-8644
-10477
-10438
-9085
-11243
-8206
-11282
-8732
-10768
-9964
-8652
-12069
-8390
-10847
-8666
-11196
-9474
-9512
-11149
-8407
-11445
-8100
-11699
-8890
-9617
-10793
-8853
-10999
-9272
-10609
-9299
-10534
-9450
-10519
-9214
-10248
-10050
-9173
-11084
-8377
-11485
-8809
-10028
-10324
-8973
-11240
-8310
-11417
-8846
-10389
-10106
-9167
-11075
-8338
-11876
-8045
-11300
-9328
-9780
-10629
-9032
-11218
-7852
-12153
-8118
-11040
-9604
-9318
-11009
-8438
-11492
-8461
-11213
-9084
-9950
-10761
-8514
-11238
-9014
-10190
-10237
-9119
-10942
-9010
-10576
-9700
-9387
-10918
-8856
-10542
-9431
-10378
-10108
-9648
-10245
-8743
-11367
-9032
-9972
-10538
-9074
-10888
-9394
-10045
-9763
-10396
-9365
-10372
-9818
-9607
-10684
-8846
-10964
-9110
-10104
-10124
-9514
-10586
-9346
-10336
-9492
-10298
-9468
-9926
-10637
-8788
-11162
-9011
-10117
-10344
-9270
-10637
-9254
-10311
-9579
-10302
-9610
-10007
-10215
-9477
-10328
-9686
-10004
-9801
-10051
-9700
-10343
-9501
-10134
-9813
-9932
-10095
-9351
-10865
-9237
-10560
-9612
-10202
-9996
-10242
-9691
-10337
-10313
-9400
-10874
-9391
-10984
-9166
-10879
-9476
-10435
-10406
-9619
-10395
-9793
-10019
-9414
-10516
-8857
-10465
-8770
-10336
-9162
-9252
-10071
-8577
-10362
-8407
-10141
-9228
-10254
-9765
-9388
-11229
-8733
-11395
-9168
-10527
-10324
-9038
-11402
-8701
-11409
-8861
-10427
-10135
-10307
-10392
-9487
-11664
-8832
-11672
-8859
-10911
-9665
-9655
-10629
-9004
-10649
-8722
-11276
-7854
-11075
-9341
-9343
-10855
-7636
-11703
-7470
-10470
-8271
-8538
-10118
-7077
-10880
-7688
-10242
-8156
-10097
-9257
-9366
-11071
-8237
-12157
-8332
-11479
-10345
-9912
-11423
-10005
-11778
-10387
-10977
-11609
-10881
-11554
-11108
-12268
-10849
-10634
-11995
-9804
-11093
-9087
-10021
-8830
-9077
-8806
-8223
-8867
-8134
-9134
-8391
-9838
-8291
-9548
-9798
-7356
-9947
-8655
-7568
-9618
-8036
-7958
-9400
-9238
-9576
-11180
-9825
-11603
-12887
-10910
-12551
-13110
-10691
-13370
-11175
-11019
-12086
-9473
-12233
-8763
-10716
-9506
-9128
-9802
-8540
-9677
-8671
-8614
-8702
-9063
-7489
-8131
-6741
-7663
-6665
-6970
-8015
-6799
-8677
-8093
-9006
-9072
-10185
-10555
-10215
-11793
-10776
-11561
-11772
-12548
-12340
-12409
-12338
-11337
-12808
-10536
-12923
-9708
-10599
-11999
-8028
-12076
-6885
-10772
-8367
-7671
-9613
-6542
-11276
-5373
-10036
-8134
-9060
-10877
-7339
-12001
-8099
-11226
-9078
-10106
-11694
-9418
-11653
-10586
-10961
-11305
-11797
-10247
-12372
-10295
-9835
-9477
-9812
-8985
-7245
-8537
-8524
-6455
-7057
-8699
-6422
-9815
-6692
-10080
-9243
-8927
-11416
-9685
-10401
-11519
-11315
-11078
-12770
-10906
-13518
-11705
-12325
-12268
-12879
-11962
-12864
-11527
-11315
-11481
-8607
-10487
-5857
-8603
-5362
-5269
-6109
-3359
-6812
-4575
-6759
-6079
-8159
-8656
-8267
-11279
-8418
-12072
-11124
-11258
-12824
-12201
-13395
-13056
-14726
-12895
-14730
-14139
-12782
-15027
-11062
-13678
-11333
-10696
-11033
-7586
-8915
-5177
-8358
-3772
-7668
-5168
-5374
-8419
-4033
-10147
-5699
-9946
-7162
-10606
-9515
-8471
-12158
-6932
-15022
-9994
-12147
-13976
-10384
-15307
-13151
-11034
-13124
-13943
-9693
-13461
-9313
-10573
-10276
-8653
-7594
-7035
-8841
-5798
-7990
-4546
-11735
-5769
-9058
-7497
-12829
-5444
-9879
-13053
-1681
-17763
-427
-16300
-7656
-8776
-13394
-8543
-13893
-7470
-16752
-8014
-14913
-11245
-14957
-7702
-13088
-11507
-10203
-12847
-6687
-15357
-4332
-15517
-4846
-13466
-6759
-8747
-13215
-2415
-14854
-3801
-12900
-5950
-8525
-5766
-11721
-4632
-8289
-13351
-2020
-16719
-3768
-14461
-7619
-10654
-12646
-5511
-15775
-5705
-13315
-10485
-9841
-14719
-8220
-15617
-9110
-11255
-13288
-9317
-11176
-9515
-10555
-8103
-10389
-7946
-10130
-6324
-11699
-6290
-10684
-10188
-7284
-13503
-6585
-15716
-5636
-13616
-9252
-9162
-11924
-5547
-13668
-5335
-12241
-7487
-9443
-12676
-6239
-13414
-7245
-10043
-11019
-6074
-10954
-7243
-9259
-8217
-7954
-9913
-7866
-10944
-8554
-12187
-10159
-11880
-12730
-10749
-13813
-10539
-13228
-10209
-12239
-10330
-9961
-11854
-8094
-10269
-10926
-9295
-9972
-10564
-8186
-11090
-7757
-10613
-8007
-7724
-9465
-5968
-10375
-5790
-9188
-7270
-8216
-10859
-7254
-11733
-8763
-11534
-9652
-10954
-12492
-8037
-14550
-8564
-12888
-11045
-10344
-12853
-8475
-13922
-7623
-13465
-8774
-10423
-10745
-7796
-10963
-6053
-11434
-4767
-8911
-7845
-4666
-11576
-7403
-7524
-13044
-7076
-10878
-12043
-9149
-13551
-8766
-12318
-9660
-13942
-8599
-12548
-11899
-10034
-12970
-7225
-16040
-4990
-14532
-8087
-8814
-11044
-4721
-13982
-5524
-6043
-11656
-6616
-8055
-8770
-7470
-13160
-2273
-17246
-8103
-9420
-13032
-9989
-12335
-7457
-15624
-6348
-13374
-8897
-10773
-8911
-10270
-9625
-9049
-11829
-8057
-11047
-7790
-10919
-8588
-8397
-10636
-7057
-10046
-9081
-7774
-10508
-8192
-10331
-9157
-11219
-9046
-10369
-10274
-11009
-9463
-9801
-10642
-8178
-10784
-8110
-11899
-8032
-12439
-9478
-10955
-11841
-9031
-12956
-8277
-12051
-7180
-11112
-8438
-8036
-11255
-6411
-11083
-7399
-10556
-9230
-9305
-11105
-9137
-11919
-7187
-11956
-8804
-9228
-11564
-7296
-12479
-7009
-11965
-9080
-8995
-12841
-6340
-14381
-7784
-10864
-11781
-6644
-13617
-6264
-11215
-8882
-8170
-10983
-6755
-11037
-6972
-11925
-7739
-8896
-11515
-7190
-11374
-9099
-10159
-9599
-8613
-10353
-9546
-9440
-10975
-9002
-10227
-9618
-10808
-8587
-11369
-10578
-8496
-11361
-7683
-10179
-9870
-8769
-9218
-10528
-7778
-11392
-8986
-10151
-9082
-9974
-10071
-9403
-10698
-8489
-12859
-6643
-11447
-7971
-9071
-9466
-8433
-10021
-7352
-10944
-6784
-9991
-10088
-9138
-11150
-8519
-11749
-9332
-8945
-11546
-9412
-10265
-9797
-11371
-11454
-8883
-11460
-11091
-9324
-11099
-7003
-11629
-7521
-8086
-9598
-5529
-9358
-6752
-8317
-8446
-9051
-8924
-8791
-8748
-10607
-9655
-10041
-10761
-9809
-9711
-10649
-8258
-10361
-10176
-8167
-12798
-8017
-12399
-9285
-11188
-11488
-8561
-11536
-8311
-10677
-7630
-9483
-7964
-7983
-8457
-7263
-9297
-7692
-8784
-9724
-9713
-9233
-10523
-9380
-9208
-9578
-9259
-9460
-8838
-10526
-8393
-10016
-10220
-8664
-12056
-9100
-10607
-10122
-9681
-10305
-8765
-10845
-8430
-10133
-8490
-8920
-8738
-7308
-10102
-6704
-9166
-8444
-8261
-9213
-8440
-9363
-9300
-10395
-8932
-10543
-10143
-9691
-9696
-10201
-10100
-11074
-9955
-10999
-10857
-9552
-12308
-7887
-11642
-8917
-9775
-9882
-7454
-10480
-6746
-9318
-7183
-9044
-7736
-8651
-9088
-7629
-9721
-7901
-9397
-7660
-10267
-7886
-9410
-8623
-8781
-10940
-7883
-9551
-10692
-10747
-8602
-13056
-9474
-10406
-11756
-10083
-10468
-10582
-10589
-8735
-10528
-8820
-10738
-8181
-9970
-8881
-9939
-9027
-8398
-10919
-6135
-11529
-5970
-8842
-9535
-6188
-8934
-6746
-10066
-7125
-10344
-8624
-9560
-10946
-9071
-12366
-8350
-10845
-10557
-9744
-10416
-8827
-11660
-8720
-10293
-10439
-9059
-11092
-8700
-11070
-8856
-9941
-9003
-9591
-8492
-8301
-9884
-5964
-10145
-6660
-9257
-7752
-8375
-9686
-8535
-11021
-8175
-11744
-8163
-11696
-9206
-8654
-11641
-6999
-11968
-7381
-11147
-10254
-9321
-12690
-8301
-12277
-8986
-10525
-10214
-9223
-10169
-8150
-10016
-7804
-8535
-8628
-7880
-8844
-8350
-9418
-9135
-9297
-10360
-9413
-10863
-9053
-10201
-9076
-8347
-10284
-7559
-10437
-8218
-9455
-9249
-8835
-10773
-9259
-11564
-8930
-11967
-9407
-9961
-10937
-7650
-12021
-7008
-11630
-8325
-8804
-11140
-7444
-11699
-7962
-11693
-8508
-10692
-9599
-9529
-11137
-8069
-10148
-7911
-10236
-6812
-9316
-9388
-7395
-9979
-9233
-9815
-9523
-9455
-10847
-8632
-10702
-9838
-8607
-10847
-8300
-10788
-8903
-10016
-10017
-9060
-10557
-9191
-10582
-9751
-9430
-10461
-9876
-9219
-9822
-8985
-8709
-8547
-8891
-9346
-8031
-9753
-9195
-9714
-10484
-9983
-10239
-10947
-10240
-9687
-9634
-9015
-9761
-8498
-10119
-8746
-10692
-9253
-9348
-11921
-9222
-10735
-9268
-8876
-10137
-8962
-8560
-9531
-8188
-9151
-10303
-7638
-9583
-10803
-8200
-10461
-10748
-9279
-9527
-10580
-9675
-9673
-9596
-9529
-9241
-9059
-9449
-9340
-9907
-9081
-11142
-8962
-11046
-10038
-9615
-10702
-7995
-10424
-7540
-8598
-8728
-6491
-10372
-6626
-9192
-9336
-7481
-11411
-7494
-10871
-8857
-9805
-10168
-9496
-10103
-9490
-10725
-9121
-10669
-10101
-11165
-9268
-11732
-10221
-11161
-11062
-9510
-11914
-9033
-10344
-9750
-8134
-9719
-7171
-8660
-8546
-6428
-10240
-6268
-10833
-6834
-9804
-9170
-7782
-11013
-6199
-11828
-5790
-11587
-7395
-9526
-10604
-7493
-12070
-7711
-12762
-8812
-11894
-11028
-10147
-12556
-8704
-12347
-8947
-10651
-9943
-7631
-11302
-6958
-10452
-8454
-8825
-10134
-8007
-10604
-8215
-9741
-8332
-8135
-8718
-7367
-9385
-7414
-8843
-9328
-8226
-10912
-8398
-11938
-9591
-11064
-10833
-10386
-11705
-8813
-12341
-8219
-11133
-9034
-10115
-10107
-8317
-11104
-8403
-10726
-9358
-9414
-10152
-9426
-9066
-9007
-9044
-7921
-9137
-7715
-8506
-9155
-8200
-9585
-8907
-9802
-9308
-10139
-9664
-9887
-9861
-9307
-10170
-9106
-9907
-9302
-10213
-9276
-10190
-10306
-9742
-10781
-9463
-10802
-9779
-10743
-9152
-10097
-9581
-8897
-10060
-7720
-10251
-7789
-9312
-8434
-9509
-9203
-8881
-10005
-8642
-10292
-8028
-10291
-8369
-9491
-8899
-8630
-9591
-8747
-10121
-9412
-10316
-9747
-10514
-10004
-10736
-9893
-10388
-10690
-9034
-10713
-8876
-9444
-9410
-8775
-9651
-8599
-9961
-8972
-9530
-10023
-9133
-10098
-9263
-9747
-8865
-9118
-9307
-8220
-9327
-8845
-9346
-9073
-9706
-9943
-9287
-10916
-9379
-10560
-9968
-9430
-10077
-8839
-9959
-8716
-9682
-9445
-8707
-9893
-9242
-9838
-9954
-9477
-10308
-9671
-9876
-9516
-9475
-9718
-8530
-9220
-8716
-9138
-8629
-8999
-9553
-9167
-10043
-9383
-10353
-9794
-9834
-10160
-9271
-10260
-9034
-9867
-9451
-9422
-9898
-9451
-10209
-9502
-10335
-9532
-10151
-9645
-9383
-9553
-9021
-9405
-8272
-9159
-8969
-8963
-8872
-9048
-9706
-9210
-10089
-10074
-9891
-9808
-10567
-9850
-9874
-9861
-9295
-9859
-9480
-9337
-9155
-9835
-9000
-10586
-9331
-10250
-9759
-9696
-10197
-8768
-10576
-8097
-10246
-8280
-8837
-9254
-8539
-9311
-8734
-10065
-8851
-10405
-9241
-10132
-9473
-9605
-9920
-9097
-9694
-8960
-9680
-8726
-9517
-9111
-9771
-9833
-9458
-10071
-9910
-10205
-9258
-10737
-9854
-8828
-10031
-8668
-9499
-9308
-8648
-9534
-9629
-9115
-9574
-10496
-8716
-10145
-9594
-9442
-9621
-8928
-9414
-8828
-9174
-8610
-9463
-9085
-9260
-9364
-9635
-9558
-9762
-10107
-9673
-10249
-9377
-10099
-9583
-9266
-9957
-8756
-9618
-9261
-9543
-9785
-9139
-10577
-9119
-10559
-9488
-9503
-10406
-8413
-9935
-8769
-9860
-7811
-9617
-9947
-8106
-11286
-7806
-10501
-9602
-9221
-11011
-8111
-10756
-8707
-9269
-9880
-8375
-9630
-8648
-9593
-8694
-9470
-9523
-9144
-9960
-9135
-10247
-9115
-9722
-9183
-9354
-8559
-8944
-9442
-8124
-9867
-8593
-10043
-8970
-10110
-9997
-9381
-10409
-9082
-10117
-9116
-9701
-9328
-9180
-9993
-8631
-9783
-9678
-8466
-10812
-8890
-9890
-9313
-9291
-10106
-9089
-9505
-8318
-10248
-8011
-9507
-8386
-9394
-9235
-8401
-10913
-7588
-11340
-8871
-9686
-10368
-8523
-10774
-8312
-10152
-8586
-9286
-9187
-9050
-9810
-8641
-10468
-8951
-10075
-9232
-9967
-9833
-9014
-9892
-8996
-9649
-8719
-9838
-8260
-10238
-8702
-8980
-10155
-8655
-10527
-8409
-11308
-8007
-10556
-9260
-8404
-10767
-7473
-10194
-7864
-9850
-8275
-9086
-9668
-9190
-9679
-9067
-10271
-8693
-10151
-8776
-9619
-8943
-9113
-9296
-8578
-9755
-8704
-9564
-9382
-9496
-9630
-9816
-9546
-9569
-9798
-9373
-9298
-8941
-9448
-8501
-9078
-8754
-8827
-9086
-8465
-10048
-8555
-10040
-8912
-9639
-9877
-8453
-10343
-7821
-10000
-8628
-9047
-9868
-8391
-10324
-8841
-10059
-9573
-9582
-9993
-9299
-10053
-8663
-9691
-9034
-8891
-9146
-8583
-9133
-8555
-9134
-8628
-9490
-8718
-9539
-9100
-8974
-9792
-8251
-10184
-8340
-9630
-8704
-8766
-9717
-8205
-10465
-8198
-10401
-9138
-9761
-10217
-8824
-10453
-8758
-10293
-8311
-9729
-8649
-9092
-9436
-8172
-10281
-8425
-9947
-9315
-8777
-9661
-8976
-9489
-8899
-8995
-9293
-8248
-9692
-8437
-9223
-8713
-9088
-9704
-7712
-10563
-8469
-10695
-8432
-10154
-10548
-7112
-12288
-6645
-11332
-7992
-8620
-10649
-7035
-12465
-6390
-11783
-8379
-9061
-9721
-8467
-11024
-6647
-11021
-6972
-9244
-8905
-7822
-10045
-6808
-10931
-7911
-8944
-9748
-8016
-10750
-7042
-11808
-7409
-9323
-10281
-7161
-11046
-7045
-10933
-7534
-9040
-10593
-7915
-9569
-10564
-8455
-8891
-10401
-7775
-10393
-7361
-9431
-8058
-8129
-9189
-7487
-9460
-8565
-8736
-8551
-10317
-6549
-11102
-7603
-8840
-9237
-7102
-11790
-4641
-12367
-6943
-8756
-10232
-6269
-12801
-5595
-11457
-8378
-9554
-9990
-7601
-10084
-8344
-10432
-5804
-11440
-7338
-9496
-7914
-9507
-8034
-7944
-12563
-4830
-12225
-6010
-10875
-7938
-7284
-11502
-5333
-11114
-7217
-9028
-9454
-7113
-10271
-7678
-11267
-7141
-9174
-10869
-6442
-11560
-6118
-11002
-7607
-8571
-9915
-6642
-10155
-8201
-10203
-7407
-9284
-9411
-8946
-8503
-8963
-8876
-8132
-9310
-8309
-8241
-9280
-7829
-8952
-8893
-8268
-10090
-7640
-9961
-8576
-9924
-7979
-8729
-10029
-7318
-9578
-7917
-9778
-7636
-9257
-9044
-8483
-9460
-8592
-9986
-8348
-9358
-8909
-8596
-8834
-9282
-8175
-8204
-9499
-8147
-8694
-9001
-8907
-8667
-9104
-9127
-8763
-9203
-8546
-9405
-7679
-8890
-9250
-7974
-9450
-7407
-9883
-8133
-8582
-9987
-7318
-10869
-7596
-9481
-9241
-8117
-10120
-7311
-9866
-7642
-9181
-8279
-8425
-8965
-8815
-8802
-8717
-9794
-8051
-10253
-7732
-10284
-7840
-9158
-8551
-7994
-9496
-7450
-10032
-6400
-11096
-7269
-9288
-9666
-7283
-11235
-6201
-10709
-7506
-8958
-9014
-7267
-10362
-6723
-9941
-7852
-8847
-9031
-8433
-9067
-8412
-10086
-8026
-9463
-8755
-8871
-8342
-8751
-9045
-7961
-9100
-7893
-9299
-8601
-8710
-8788
-8894
-9135
-8403
-9550
-7939
-8709
-8462
-8332
-8499
-8413
-8712
-8449
-8747
-8982
-8957
-8665
-9361
-8520
-9092
-8528
-9254
-8441
-8735
-8872
-7953
-9357
-8081
-8915
-8539
-8585
-9141
-8514
-8882
-9026
-8419
-9075
-8759
-8521
-8787
-8227
-8541
-8394
-8804
-8426
-8753
-9055
-8628
-9472
-8584
-9283
-8775
-8782
-9401
-8290
-8319
-8478
-9962
-6861
-9674
-8442
-8508
-9161
-7949
-10310
-6704
-10427
-7797
-8657
-9130
-8088
-8880
-7837
-9316
-7321
-9251
-7823
-8403
-8608
-8811
-9073
-7559
-10789
-7755
-8338
-9867
-7257
-9899
-7110
-8957
-8872
-7276
-10153
-7728
-8499
-9290
-8325
-9139
-9288
-7949
-8554
-9299
-9006
-7263
-9556
-8011
-8324
-8565
-7825
-9373
-7239
-10025
-7387
-9254
-9179
-8239
-9076
-8426
-9616
-7468
-9404
-8052
-8810
-8466
-8207
-9632
-7275
-10075
-8230
-8788
-10061
-7441
-10144
-8007
-9032
-8529
-7970
-9430
-7265
-9035
-8237
-8068
-9106
-8345
-8593
-9104
-8571
-8755
-9084
-9100
-7950
-9277
-8633
-7867
-9579
-7528
-8962
-8702
-8698
-8782
-8811
-8934
-8464
-9723
-8229
-8794
-8883
-8781
-8250
-8307
-8910
-7761
-8853
-8528
-8442
-9388
-7551
-9802
-8640
-8534
-9464
-7528
-9942
-7718
-9188
-8227
-8405
-9270
-7417
-9865
-7422
-9534
-8735
-8112
-10125
-7442
-10389
-7743
-9350
-8708
-7966
-9504
-6990
-10138
-6896
-9998
-7575
-9102
-9039
-8013
-10433
-7125
-10603
-7404
-9417
-8450
-8384
-8939
-7781
-9640
-8631
-7748
-8760
-9748
-7582
-10038
-8362
-8863
-8739
-8516
-9917
-7565
-10068
-7566
-8828
-9095
-7345
-10124
-7307
-9551
-8672
-8170
-9793
-8026
-10297
-8197
-8567
-9256
-7455
-10456
-6947
-9103
-8294
-7817
-10029
-6286
-10972
-6967
-10786
-7299
-9139
-9670
-6272
-11475
-5599
-11118
-6322
-10115
-8107
-7866
-9975
-5325
-12548
-5870
-10596
-8288
-7975
-10858
-6360
-12085
-5446
-10264
-8258
-8014
-9644
-6275
-11230
-5823
-10423
-8208
-9078
-8534
-8406
-9313
-8384
-8725
-7730
-9824
-6648
-10090
-7248
-8320
-8718
-8035
-9473
-8748
-8287
-8827
-9435
-7429
-9458
-8278
-9090
-7686
-9139
-9007
-7181
-10215
-7023
-9647
-7917
-9032
-9783
-6961
-11147
-6897
-9800
-8240
-8073
-9602
-6852
-9743
-6572
-9933
-7643
-8704
-8914
-8049
-9597
-7422
-10810
-6384
-10637
-7032
-9174
-9190
-6673
-10811
-5965
-10429
-7175
-9328
-8299
-8562
-9153
-8590
-8725
-8300
-9341
-8046
-9086
-7332
-10269
-6600
-9693
-7311
-8846
-9302
-7014
-10250
-6699
-10605
-6762
-10273
-7550
-8404
-10033
-6256
-11280
-5610
-10086
-7709
-9135
-7568
-9442
-8345
-6802
-12854
-4262
-13050
-3816
-11340
-8523
-5469
-13154
-3898
-11462
-5199
-11185
-5751
-9618
-8700
-5831
-13826
-3208
-11863
-7536
-8387
-9832
-6763
-9596
-6983
-9397
-6900
-9725
-7778
-8386
-7460
-8684
-10184
-7173
-9384
-8734
-8540
-7701
-10374
-6616
-8838
-8395
-8131
-9016
-7420
-9548
-7424
-9047
-7896
-8763
-8557
-8471
-8230
-8077
-8615
-9265
-7416
-8342
-8381
-6488
-10546
-6847
-8808
-7298
-9631
-8562
-7730
-10927
-4679
-12718
-5360
-9735
-9337
-5776
-10805
-5985
-10506
-5953
-10860
-7596
-8174
-9474
-7698
-9731
-7027
-9747
-7353
-8783
-7840
-8302
-8898
-6929
-9544
-7326
-8777
-8554
-8360
-9120
-7334
-9609
-7675
-8596
-8530
-8184
-7770
-9179
-7312
-8992
-8458
-7222
-10184
-6916
-9733
-7790
-9299
-8341
-8089
-10184
-6580
-8784
-8656
-8005
-8082
-8003
-8767
-8635
-8454
-7676
-8965
-8849
-7075
-9809
-8693
-7720
-9042
-7381
-10141
-6061
-9934
-8972
-5997
-11036
-5670
-11341
-6894
-8327
-10714
-5901
-11073
-6622
-9204
-8712
-7784
-9251
-7079
-9758
-7119
-8615
-8885
-7813
-7901
-9882
-8322
-7579
-9631
-7251
-10304
-6635
-8500
-9443
-6827
-8797
-8945
-7206
-8795
-8348
-8774
-8409
-8113
-9430
-7245
-10533
-6511
-9629
-7982
-8274
-8325
-7997
-9140
-6855
-9446
-7706
-9962
-6704
-10372
-7428
-8696
-9071
-6723
-10577
-6498
-9681
-7785
-7990
-9192
-7427
-8567
-8830
-7846
-9638
-7175
-9288
-8929
-7419
-10159
-6414
-10208
-6680
-9564
-8338
-6861
-9836
-6538
-10278
-6853
-9624
-8316
-7838
-10011
-7251
-9136
-8482
-8501
-7722
-8804
-8306
-7904
-8844
-8135
-8332
-8623
-8783
-8387
-8757
-8602
-8570
-8736
-8202
-8756
-7995
-8389
-8829
-7706
-9152
-7949
-8606
-8824
-8395
-8765
-8328
-9128
-8120
-9038
-8360
-8547
-8419
-8223
-8526
-7924
-8681
-7993
-9279
-7696
-8844
-9047
-7885
-9623
-7699
-9135
-8198
-8336
-8700
-7968
-8849
-7919
-8605
-8411
-8548
-8604
-8538
-8413
-8815
-8566
-8514
-8849
-8102
-8640
-8249
-8488
-8207
-8284
-8410
-8278
-8665
-8267
-9142
-8276
-8888
-8878
-8389
-8869
-8381
-8984
-7925
-8741
-8387
-8000
-8976
-7668
-9206
-8073
-8505
-9279
-7927
-9350
-8367
-8925
-8207
-8899
-8486
-8062
-8942
-7805
-8947
-8107
-8646
-8484
-8838
-8850
-8150
-9046
-8465
-8911
-8632
-8615
-8574
-8311
-8726
-8171
-8597
-8494
-8413
-8886
-8552
-8740
-8865
-8715
-8635
-9022
-8376
-8796
-8677
-8306
-8735
-8115
-8670
-8404
-8623
-8419
-8789
-8912
-8656
-8671
-9004
-8685
-8590
-8961
-8207
-9264
-7798
-9136
-8275
-8663
-8774
-8262
-9252
-8087
-9469
-8396
-9384
-8079
-9429
-8569
-8500
-9085
-7911
-9316
-7894
-9034
-8199
-9150
-8426
-8669
-9392
-8341
-9290
-8364
-9262
-8281
-8772
-8991
-8028
-9561
-7781
-9018
-8786
-8164
-9573
-8154
-9198
-8503
-9580
-8922
-7871
-10117
-7388
-9336
-9008
-8055
-8984
-7933
-9319
-8139
-9224
-8245
-9399
-8590
-8789
-9250
-8188
-9610
-8056
-9148
-8424
-9053
-8149
-8936
-8641
-8839
-8704
-8997
-9051
-8072
-10119
-7975
-9442
-8434
-8419
-8903
-8757
-8206
-9284
-8270
-8177
-9881
-7390
-9715
-8317
-8927
-9095
-8350
-9629
-8224
-8985
-8637
-8394
-8956
-8125
-9337
-8353
-8448
-9506
-8024
-9650
-8068
-9209
-9671
-7031
-10893
-6992
-9409
-9307
-7277
-10329
-6755
-10374
-7378
-9961
-7849
-8853
-9891
-7163
-10872
-6791
-10941
-6938
-9392
-9767
-6470
-11096
-7014
-9149
-9590
-6916
-11041
-7545
-8641
-10416
-7450
-10148
-8047
-9514
-7916
-9085
-9195
-7327
-9749
-8440
-8531
-9389
-8225
-9580
-8577
-8714
-9747
-7478
-10938
-6805
-9774
-8942
-8026
-9733
-7126
-10396
-7204
-9990
-8090
-9090
-9457
-7652
-10451
-7262
-10717
-7728
-8437
-10309
-6999
-9933
-7953
-9107
-8651
-8163
-9396
-8784
-9062
-8846
-9565
-8430
-9116
-9133
-8684
-9062
-8225
-9405
-8253
-8896
-9028
-8244
-9425
-8350
-9666
-8046
-9462
-8903
-8627
-9373
-7909
-10145
-7542
-9412
-8780
-7902
-9764
-8125
-8989
-8955
-9038
-9159
-8488
-9455
-9170
-8052
-9916
-7790
-9325
-8718
-8658
-9225
-7577
-10424
-7487
-9583
-8899
-8830
-9185
-8975
-9039
-8498
-9592
-8045
-9451
-8331
-9093
-8459
-9035
-8865
-8706
-8994
-8674
-9547
-8307
-9507
-8545
-9230
-8883
-8584
-9310
-8423
-8992
-8414
-9308
-8589
-8937
-8895
-9045
-9103
-8774
-9541
-8342
-9640
-8548
-9104
-8934
-8867
-8881
-8801
-9115
-8599
-9662
-8366
-9578
-8831
-9367
-9036
-9009
-9428
-8467
-9475
-8761
-8831
-8894
-8760
-8956
-9153
-8499
-9456
-8517
-9528
-8457
-9226
-9760
-8085
-9893
-8297
-9333
-8822
-8993
-8793
-8973
-9062
-8736
-9266
-9136
-8870
-9566
-8660
-9453
-9117
-8562
-10069
-7644
-9877
-8655
-9245
-8376
-9202
-9107
-9007
-9226
-8566
-9794
-8265
-10146
-7980
-9800
-8478
-9597
-8742
-8411
-10197
-7827
-9582
-8585
-9727
-8719
-9167
-9284
-9460
-9382
-8607
-9946
-8354
-9354
-9588
-8684
-8613
-8941
-9771
-8235
-9768
-9005
-8741
-10184
-8233
-9867
-8483
-9845
-8691
-9108
-9475
-8169
-10093
-7538
-10869
-7344
-9977
-9437
-7752
-11516
-7339
-10382
-8451
-9258
-9390
-8670
-9331
-8775
-9273
-8526
-9566
-8525
-9525
-8585
-9646
-9051
-9164
-9484
-8565
-9785
-8779
-9471
-8831
-9417
-8592
-9377
-8885
-9176
-9238
-8694
-9866
-8378
-10028
-8609
-9532
-9635
-7972
-10273
-8426
-8716
-10065
-7963
-10070
-7843
-10064
-9376
-7738
-11234
-7337
-10079
-8888
-9192
-9617
-7874
-10464
-7920
-9177
-9864
-7804
-9891
-8059
-9574
-9435
-8355
-10044
-7910
-9926
-9248
-8508
-9322
-9058
-8660
-9606
-8115
-9362
-9511
-8154
-10038
-7897
-10174
-9036
-8668
-9868
-8465
-9475
-9017
-8911
-8909
-9208
-8611
-9241
-8584
-9478
-9061
-8704
-9847
-8543
-9955
-8419
-9858
-9046
-8390
-9873
-8772
-8725
-9257
-9076
-8573
-9703
-8429
-9557
-9374
-8552
-9708
-8749
-9231
-9599
-8367
-9762
-8829
-8462
-9731
-8664
-8981
-9282
-9089
-8943
-9093
-9439
-8970
-9013
-9685
-8254
-9637
-9012
-8614
-9764
-8152
-9688
-8470
-9402
-8973
-8609
-10095
-8220
-9703
-8818
-9205
-9300
-8950
-8990
-8994
-9323
-8755
-9059
-9015
-9034
-8801
-9398
-8835
-9295
-8911
-9291
-9130
-8772
-9501
-8831
-9005
-9019
-8819
-8983
-8990
-9159
-8937
-8980
-9389
-8937
-9355
-8980
-9290
-9031
-9018
-9049
-8909
-9177
-8744
-9108
-8799
-9079
-9031
-8996
-9027
-9063
-9104
-8999
-9162
-8995
-9157
-8793
-8929
-8986
-8894
-8985
-8823
-8904
-9059
-8843
-9144
-9153
-8945
-9312
-8925
-9159
-8921
-9172
-8747
-8954
-8923
-8703
-9077
-8675
-9140
-8889
-8905
-8808
-9182
-8938
-9082
-8943
-8823
-8970
-8783
-8782
-8878
-8782
-8655
-9122
-8457
-9306
-8677
-8940
-9094
-8864
-9274
-8585
-9349
-8663
-9004
-8743
-8805
-8899
-8625
-8846
-8730
-9019
-8715
-9123
-8853
-8970
-8947
-8841
-8955
-8845
-8852
-8710
-8797
-8907
-8632
-9052
-8792
-8752
-9241
-8677
-9110
-8926
-9112
-8815
-9040
-9019
-8725
-9094
-8561
-9072
-8661
-8927
-8883
-8811
-9100
-8780
-9150
-8924
-9084
-9019
-8955
-8890
-8985
-8909
-8652
-8941
-8915
-8749
-8900
-8902
-9004
-9122
-9016
-9103
-8975
-9216
-8941
-9091
-8926
-9028
-8956
-8798
-9102
-8834
-9106
-8738
-9185
-8968
-9095
-9133
-9052
-9267
-8929
-9220
-8861
-9164
-8865
-8994
-8945
-8833
-9173
-8876
-9291
-9000
-9278
-9180
-9131
-9245
-8990
-9247
-8862
-9176
-8988
-9048
-9100
-8953
-9235
-8930
-9254
-9062
-9191
-9204
-9118
-9246
-9064
-9284
-8935
-9204
-8981
-9113
-9071
-8875
-9249
-8860
-9228
-9069
-9277
-9184
-9227
-9312
-9207
-9340
-9057
-9212
-9041
-9181
-9033
-9138
-9131
-9147
-9216
-9219
-9314
-9244
-9360
-9209
-9214
-9149
-9187
-9181
-9147
-9048
-9140
-9178
-9136
-9154
-9227
-9209
-9252
-9249
-9218
-9314
-9253
-9350
-9159
-9188
-9182
-9218
-9031
-9134
-9163
-9102
-9290
-9228
-9381
-9225
-9327
-9273
-9297
-9332
-9249
-9278
-9135
-9280
-9196
-9160
-9287
-9191
-9420
-9275
-9379
-9370
-9357
-9466
-9335
-9416
-9235
-9327
-9314
-9335
-9019
-9406
-9001
-9253
-9327
-9159
-9388
-9173
-9709
-8961
-9645
-8935
-9783
-9113
-8972
-9820
-8380
-10168
-8308
-9689
-9511
-8566
-10102
-8645
-9991
-9085
-9427
-9581
-8842
-9614
-9003
-9312
-9208
-9132
-9234
-9011
-9376
-9239
-9049
-9640
-9017
-9502
-9319
-9308
-9307
-9047
-9586
-8712
-9834
-8701
-9378
-9344
-8790
-10004
-8603
-9614
-9273
-9512
-9183
-9212
-9603
-8751
-9574
-9107
-9351
-8985
-9051
-9128
-9255
-9594
-8785
-9525
-8885
-9893
-9092
-9056
-9522
-8738
-9931
-8378
-9609
-8950
-9554
-8654
-9605
-9266
-8621
-10187
-8086
-10340
-8711
-9957
-8594
-9650
-9472
-8515
-9469
-8967
-9478
-8438
-10576
-7703
-10570
-8664
-8999
-10267
-7977
-10621
-8057
-10452
-8838
-8507
-10266
-8001
-10203
-8351
-9444
-9541
-8410
-10161
-8470
-9792
-9046
-9393
-9399
-9118
-9234
-9203
-9277
-8667
-9874
-8492
-9666
-8794
-9352
-9506
-8559
-10006
-8366
-9879
-9253
-8539
-9825
-8817
-8819
-9512
-8890
-9175
-9079
-9085
-9411
-8847
-9590
-9015
-9503
-9042
-9401
-9216
-8911
-9569
-8662
-9398
-8954
-9248
-8999
-9026
-9388
-8985
-9308
-9174
-9385
-9173
-9302
-9249
-9145
-9230
-9187
-8954
-9159
-9186
-8941
-9327
-9028
-9360
-9068
-9404
-9158
-9108
-9418
-8887
-9412
-9069
-9024
-9137
-8966
-9258
-9278
-8729
-9345
-9217
-9260
-9225
-9322
-9261
-9137
-9386
-9056
-9329
-8949
-9251
-8982
-9220
-9014
-9109
-9205
-9109
-9292
-9153
-9358
-9050
-9322
-9148
-9199
-9092
-9087
-9250
-8898
-9196
-9142
-9148
-9273
-9001
-9507
-8846
-9868
-9005
-9122
-9632
-8761
-9776
-8682
-9593
-8762
-9609
-9034
-8929
-9741
-8474
-10138
-8748
-8995
-9856
-8905
-9393
-8996
-9198
-9390
-8664
-9689
-8556
-9860
-8838
-9045
-10095
-8162
-10550
-8092
-10441
-8763
-9140
-9985
-7980
-10698
-7883
-10311
-8370
-9600
-9116
-8770
-10067
-8114
-10527
-8291
-9643
-9369
-9114
-9395
-9053
-9450
-8941
-9291
-9077
-9197
-8958
-9476
-8773
-9440
-9239
-9006
-9599
-8949
-9666
-8958
-9409
-9198
-9149
-9308
-8955
-9241
-8972
-9628
-8616
-9687
-9206
-9101
-9647
-9148
-9655
-8908
-9526
-8949
-9424
-9089
-8953
-9547
-8760
-9548
-9062
-9270
-9305
-9268
-9319
-9270
-9360
-9032
-9477
-8962
-9288
-9004
-9226
-9114
-9062
-9180
-9159
-9401
-9017
-9288
-9274
-9215
-9298
-9136
-9158
-9199
-8963
-9519
-8607
-9499
-9149
-9024
-9373
-9081
-9296
-9138
-9426
-9157
-9264
-9025
-9461
-8828
-9862
-8521
-9429
-9946
-8168
-9243
-10119
-8979
-8729
-9559
-8820
-9826
-8951
-9702
-8501
-9858
-8668
-8872
-10561
-7003
-10210
-9659
-8449
-9545
-8287
-10914
-8600
-8700
-10601
-7581
-10361
-8389
-10736
-7814
-8718
-10371
-7679
-10540
-7695
-10375
-8206
-10041
-9211
-8480
-10252
-8358
-9960
-8873
-8890
-8271
-10622
-8973
-8206
-10617
-7039
-11690
-8432
-7987
-11205
-7426
-11524
-7007
-10135
-9941
-7561
-10630
-7964
-9899
-8581
-9180
-9393
-8889
-9561
-8701
-9728
-8877
-9530
-8686
-9809
-9539
-8094
-10223
-8475
-9820
-8323
-10094
-8791
-8862
-10164
-8193
-10476
-7840
-11032
-8315
-8942
-10160
-8275
-9952
-8097
-10393
-8142
-9734
-9081
-8778
-9938
-8262
-10086
-8655
-9480
-9207
-9134
-9394
-8932
-9355
-9218
-9010
-9292
-9009
-9197
-9265
-8970
-9390
-8937
-9585
-9088
-9404
-9230
-9075
-9668
-8823
-9370
-8843
-9264
-9312
-8596
-10050
-8633
-9683
-9101
-9285
-9555
-8723
-9965
-8539
-9997
-8483
-9598
-9068
-8718
-9796
-8569
-9736
-8671
-9691
-9027
-9310
-9335
-9041
-9549
-9066
-9258
-8981
-9433
-8984
-9167
-9315
-8981
-9316
-9320
-9133
-9434
-9078
-9501
-9316
-9204
-9496
-8987
-9341
-9248
-9194
-9061
-9297
-9369
-9014
-9368
-9346
-8969
-9855
-8670
-9828
-9300
-8626
-10200
-8441
-9849
-8776
-9502
-9238
-8865
-9936
-8452
-9980
-8982
-9234
-9683
-9052
-9441
-9356
-9469
-9149
-9286
-9307
-9103
-9458
-9086
-9393
-9331
-9042
-9835
-9013
-9624
-9194
-9491
-9488
-9104
-9621
-8944
-9414
-9104
-9312
-9070
-9492
-9065
-9559
-9368
-9048
-9838
-8844
-9704
-9184
-9255
-9571
-8980
-9474
-9121
-9274
-9356
-9221
-9432
-9065
-9680
-9186
-9329
-9551
-9153
-9644
-9137
-9536
-9171
-9439
-9222
-9277
-9378
-9066
-9584
-8961
-9841
-9037
-9396
-9503
-9358
-9226
-9334
-9655
-8754
-9860
-8829
-9425
-9174
-9261
-9253
-9189
-9548
-8891
-9817
-8915
-9533
-9611
-8837
-9653
-9141
-9256
-9397
-9107
-9433
-9163
-9473
-9048
-9678
-8971
-9642
-9549
-9045
-9905
-8816
-9840
-9086
-9634
-8898
-9326
-9432
-8877
-9982
-8564
-9813
-9193
-9276
-9746
-8979
-9910
-8963
-9222
-9633
-9086
-9420
-9100
-9476
-9230
-9446
-9157
-9095
-10014
-8802
-9526
-9625
-8864
-9849
-9080
-9437
-9353
-9124
-9607
-8723
-9945
-8710
-9812
-9060
-9277
-9863
-8860
-10060
-8601
-10072
-8345
-10301
-8771
-9076
-10002
-8549
-10059
-8617
-9920
-8780
-9848
-9078
-9588
-9321
-9443
-9467
-9176
-9595
-8801
-9880
-8714
-9836
-8786
-9581
-9194
-9377
-9516
-8916
-9999
-8799
-9878
-8980
-9648
-9323
-9240
-9474
-9117
-9672
-8802
-9922
-8911
-9453
-9502
-9158
-9772
-9050
-9626
-9307
-9488
-9110
-9612
-9164
-9326
-9281
-9030
-9781
-9001
-9661
-9070
-9584
-9014
-9947
-9103
-9245
-10216
-8360
-10224
-8689
-9488
-9305
-9049
-9692
-8948
-9919
-8874
-9622
-9294
-9499
-9368
-9058
-9964
-8664
-10011
-8912
-9171
-10108
-8341
-9841
-8987
-9205
-9637
-9180
-9312
-9249
-9713
-9250
-9164
-9807
-9171
-9079
-9473
-9382
-9361
-9089
-9304
-9425
-9592
-8947
-10004
-8878
-9483
-9802
-8956
-9928
-8843
-9460
-9622
-9118
-9196
-9507
-9117
-9391
-9573
-9159
-9461
-9602
-8728
-10278
-8822
-9173
-9806
-8599
-10067
-8568
-9953
-8711
-9578
-9445
-8860
-9902
-8873
-10031
-8908
-9693
-9340
-9215
-9288
-9472
-9841
-8566
-10042
-8950
-9145
-9523
-9136
-10419
-8480
-9550
-10082
-8485
-9578
-9593
-9364
-9436
-8979
-9489
-9127
-9644
-9047
-9159
-9991
-8573
-9917
-8960
-9661
-9729
-8679
-9780
-9131
-9660
-8810
-9791
-9117
-9294
-9175
-9619
-9602
-8227
-10692
-8032
-10438
-9168
-8899
-10200
-8561
-9710
-8773
-10088
-8371
-9969
-8922
-9608
-9109
-9207
-9913
-8516
-10600
-7875
-10984
-8189
-9562
-10098
-7979
-10633
-8174
-10130
-8800
-9414
-9693
-9289
-8899
-10095
-8958
-9507
-9726
-8707
-10323
-8352
-10316
-8344
-10132
-8991
-8970
-9952
-8651
-9953
-8882
-9775
-9151
-9259
-9690
-9110
-9281
-9556
-9138
-9383
-9091
-9287
-9341
-9252
-9230
-9495
-8606
-10866
-8356
-9136
-10562
-7990
-10665
-8129
-10163
-8787
-9574
-9464
-8201
-10963
-8039
-10099
-9191
-8839
-10258
-8691
-9880
-9180
-9382
-9670
-8665
-9912
-9071
-9334
-9557
-8969
-9762
-9026
-9641
-9139
-9453
-9638
-8970
-9787
-9036
-9614
-9458
-9112
-9358
-9467
-8896
-9584
-9292
-9305
-9560
-8830
-10063
-8962
-9502
-9161
-9674
-9395
-8900
-9684
-9052
-9272
-9456
-9055
-9419
-9454
-8949
-9890
-9023
-9595
-9489
-9435
-8839
-9835
-9145
-9133
-9902
-8390
-10077
-9031
-8982
-9596
-9132
-9600
-9291
-9315
-9441
-8914
-10280
-8317
-9868
-9038
-8886
-10029
-8366
-10231
-7986
-10707
-8867
-9268
-9399
-9477
-9493
-7908
-12106
-6593
-11023
-8959
-8513
-10899
-7201
-11385
-7071
-11082
-7957
-10173
-9688
-7595
-11843
-6763
-11409
-7597
-10755
-8727
-8421
-10734
-7643
-10699
-7617
-11324
-7553
-9563
-10184
-7930
-10896
-7479
-11143
-7976
-9941
-9278
-8013
-11583
-7019
-10973
-7766
-9989
-9360
-8557
-10754
-7555
-11548
-6050
-12200
-8331
-8096
-11685
-6389
-11982
-6655
-11374
-7556
-9391
-10833
-6488
-12025
-7059
-10725
-8003
-9754
-9806
-8302
-10683
-7445
-10829
-8235
-9101
-9903
-8790
-9365
-8975
-9417
-9208
-9315
-9284
-9411
-8967
-9600
-8851
-9760
-8563
-9665
-8845
-8986
-9791
-7958
-10937
-7415
-10726
-8945
-8474
-10279
-7919
-10308
-8368
-10054
-8456
-9363
-8987
-9052
-9118
-8970
-9905
-8579
-9208
-9448
-9373
-8585
-10192
-8164
-9998
-8624
-9335
-9341
-8367
-10050
-7905
-10530
-8290
-9682
-8830
-9278
-9964
-8036
-9976
-9328
-9074
-8762
-9434
-9816
-8678
-8612
-10829
-7834
-9903
-9134
-8700
-10554
-7685
-10253
-9385
-8247
-10254
-8483
-8812
-10173
-7833
-10291
-8242
-9816
-8356
-9655
-9839
-8194
-9864
-7975
-11931
-6591
-10618
-8239
-10268
-9215
-6605
-13377
-5350
-12209
-7405
-9636
-10378
-6141
-13221
-5290
-11940
-8700
-8084
-10291
-7919
-10853
-7571
-9689
-9347
-10395
-7270
-9951
-8162
-12001
-7107
-8258
-12875
-4615
-14505
-4405
-12156
-9882
-5324
-12831
-6193
-12329
-7603
-9208
-10296
-8220
-9634
-9689
-8816
-9134
-9553
-9370
-8681
-9675
-9078
-8651
-10447
-7533
-10787
-8255
-9346
-9821
-8346
-10291
-8226
-9909
-9182
-8682
-9872
-8257
-9523
-9057
-9184
-9417
-8849
-9750
-8589
-10246
-8373
-9699
-9926
-7967
-10184
-9160
-8569
-9741
-8498
-9675
-9002
-8885
-9776
-8390
-9779
-9302
-8867
-9666
-8936
-9330
-9703
-7730
-10889
-7437
-10437
-8749
-8333
-10703
-7124
-11192
-7136
-11067
-7968
-9235
-10092
-8108
-10265
-8007
-9853
-8884
-9631
-8254
-10158
-8687
-8998
-9707
-8169
-10293
-8682
-9089
-9484
-8954
-9255
-8821
-9453
-9208
-9927
-7791
-9990
-9391
-8208
-10450
-7882
-10364
-8517
-9366
-9552
-8380
-9533
-9700
-8302
-9160
-9851
-8456
-9299
-8663
-9800
-9617
-8935
-8197
-10284
-8359
-9057
-10026
-8331
-10119
-8507
-8993
-9342
-9029
-8854
-8877
-9816
-9342
-8687
-8958
-9932
-8731
-9186
-9379
-8659
-9580
-8793
-9768
-8666
-9115
-8784
-9862
-9012
-8415
-10237
-7596
-10606
-8492
-9507
-9381
-8253
-10437
-8397
-9358
-9078
-9506
-8431
-9776
-9122
-9545
-9039
-8626
-10724
-6430
-12197
-6823
-10387
-9812
-6952
-12385
-4992
-13630
-5688
-10926
-7850
-9666
-10158
-6053
-13857
-4858
-12579
-6684
-11019
-7787
-10081
-9391
-8052
-10905
-6063
-12331
-7114
-10317
-9098
-9166
-9350
-9273
-9303
-9460
-8377
-10358
-8738
-9233
-9584
-7262
-12282
-7036
-9595
-9267
-9329
-8541
-10164
-9109
-8036
-11203
-6634
-11952
-7471
-9194
-9767
-8425
-10120
-8018
-10469
-7624
-10517
-8463
-9271
-9423
-8648
-9971
-8604
-9549
-9178
-8818
-9680
-8976
-8722
-10121
-7883
-10110
-8584
-9627
-9048
-8783
-9838
-8383
-10328
-7920
-10118
-8514
-9647
-9037
-8704
-10131
-8072
-10179
-8064
-10330
-7936
-9818
-8985
-9072
-10198
-7221
-11053
-6949
-10527
-8999
-9503
-8637
-8530
-10537
-7335
-11052
-7083
-10678
-8518
-8392
-10965
-7134
-10492
-8210
-9457
-8603
-9218
-10173
-7350
-10161
-9405
-8345
-8886
-9868
-8318
-9680
-8800
-9237
-9807
-7443
-10522
-8297
-8724
-9464
-8639
-8786
-10139
-7885
-10119
-9169
-7722
-10699
-7917
-9238
-9169
-10326
-6040
-12672
-6476
-9162
-11503
-4703
-12242
-6775
-11564
-6576
-9486
-10297
-7879
-9235
-8610
-10795
-6823
-10976
-7617
-9143
-9850
-6907
-11206
-8129
-8399
-9870
-8959
-7820
-10615
-7968
-8705
-9490
-8208
-11352
-4507
-13922
-4833
-11064
-8315
-7430
-12679
-3895
-14467
-3356
-14449
-4811
-9998
-11188
-4571
-14006
-4066
-13063
-6275
-9948
-9235
-7451
-11536
-5897
-11191
-8006
-9136
-9259
-8128
-9874
-8402
-9511
-8267
-9216
-8492
-10206
-7158
-9909
-9447
-7431
-11405
-6609
-10428
-8658
-8903
-9513
-7949
-10425
-6979
-10609
-8377
-8081
-10722
-6665
-11470
-6713
-10497
-8606
-8004
-11059
-6556
-11290
-6939
-10408
-8344
-8874
-9217
-8803
-8665
-9127
-8981
-8079
-9997
-8396
-10325
-7001
-10617
-8308
-9252
-8948
-8726
-9640
-7781
-10106
-8217
-9633
-8053
-9887
-8436
-9139
-9148
-8375
-10121
-7700
-10077
-8018
-9963
-7883
-9380
-9347
-7608
-10899
-7278
-10285
-7791
-10272
-8508
-8260
-10600
-7123
-10335
-8502
-9189
-8539
-9099
-9487
-7941
-10134
-8102
-9046
-9428
-8545
-9458
-8429
-9444
-8653
-9302
-8313
-9335
-9274
-7768
-10112
-7923
-9625
-8540
-8833
-9556
-8287
-9944
-7499
-10798
-7614
-9576
-9213
-8046
-10217
-6810
-11495
-6573
-10199
-8629
-8387
-10219
-7366
-10448
-7533
-10333
-7986
-8841
-9638
-8339
-9415
-8310
-9284
-8707
-9061
-8752
-8901
-9125
-8562
-9540
-8404
-9279
-8750
-8939
-9309
-8115
-9687
-8316
-9111
-9308
-8020
-9403
-9481
-7825
-9733
-8841
-8603
-9135
-8796
-9344
-8406
-9366
-8272
-9553
-8106
-9304
-9387
-7680
-9875
-8843
-8810
-8831
-8964
-8852
-8913
-8882
-9175
-8662
-9075
-8992
-8591
-9222
-8794
-8680
-9200
-8569
-9342
-8666
-8589
-10018
-7641
-10043
-8640
-8830
-9178
-8431
-9582
-8273
-9400
-8517
-9139
-8637
-9329
-8709
-8892
-9251
-8441
-9450
-8424
-9378
-8492
-9004
-9128
-8536
-9165
-8550
-9206
-8630
-9074
-9193
-8543
-9120
-8918
-8886
-8884
-8964
-9042
-8780
-8922
-8924
-8826
-9129
-8756
-8984
-8987
-8909
-9047
-8870
-9216
-8684
-9188
-8778
-8840
-9253
-8430
-9412
-8536
-9092
-8999
-8807
-9363
-8443
-9463
-8701
-9120
-8734
-9272
-8931
-8659
-9217
-8480
-9703
-8025
-9612
-8858
-8508
-9602
-8419
-9391
-8564
-9343
-8809
-9304
-9041
-8265
-9849
-8534
-9030
-8978
-8782
-9364
-8676
-8872
-9188
-9106
-8748
-9165
-8570
-9439
-8840
-8651
-9265
-8742
-9298
-8665
-9203
-8740
-9230
-8833
-8931
-9077
-8877
-9194
-8544
-9390
-8760
-9015
-9071
-8804
-9101
-8612
-9027
-8962
-8874
-9042
-8860
-8963
-8862
-9293
-8680
-9127
-9067
-8688
-9275
-8446
-9202
-9022
-8650
-9111
-8911
-8932
-8870
-9177
-8983
-9064
-8773
-9151
-8635
-9088
-9157
-8213
-9571
-8381
-9092
-8943
-8799
-8892
-9196
-9177
-8278
-9435
-8797
-9115
-9130
-8421
-9709
-8515
-8532
-9659
-8223
-9558
-8420
-9320
-8901
-8649
-9547
-8022
-9943
-8371
-9041
-9269
-8387
-9285
-8686
-9078
-8637
-9056
-8490
-9521
-8551
-8886
-9117
-8844
-9514
-8108
-9821
-8445
-9323
-8350
-9503
-8858
-8245
-10107
-7764
-9398
-9131
-8718
-8999
-9041
-9526
-8180
-9184
-9606
-7758
-9598
-8611
-9368
-8835
-8428
-9663
-8092
-9688
-8382
-9491
-8814
-8538
-10225
-7664
-9703
-8590
-9335
-8365
-8736
-10058
-7334
-10328
-8306
-8991
-8931
-9115
-9108
-8674
-8848
-9618
-8704
-8181
-10274
-7912
-9354
-8368
-9687
-8703
-8661
-9209
-8960
-9165
-8614
-9306
-8862
-9628
-7756
-9954
-8705
-8750
-9673
-7773
-10095
-8413
-8975
-9110
-8502
-9570
-8252
-9726
-8364
-9158
-9308
-8527
-9098
-8860
-9338
-8223
-9650
-8366
-9438
-8605
-8960
-9568
-8149
-10139
-8038
-9685
-8891
-8711
-9330
-8619
-9656
-8082
-9100
-10018
-8232
-9251
-9333
-8056
-9949
-8762
-9362
-7519
-9997
-9570
-8361
-9144
-8426
-9502
-7901
-10472
-6946
-10890
-7246
-10061
-9270
-6969
-12134
-5827
-11395
-7141
-10005
-8676
-8215
-10652
-6827
-10905
-7480
-10049
-8572
-8573
-10196
-7487
-10345
-8294
-9231
-8796
-9159
-9171
-8746
-8625
-8273
-11990
-5186
-11674
-8272
-8501
-9933
-7217
-12089
-4073
-13942
-6290
-9142
-9678
-7429
-12293
-3610
-14945
-4051
-11583
-8464
-6842
-13993
-2047
-15775
-3994
-11444
-9297
-6746
-12579
-4365
-13685
-5063
-11187
-8426
-8365
-9753
-8489
-9432
-7650
-11564
-6062
-11325
-7424
-9580
-9019
-8353
-10062
-7494
-10161
-8259
-9345
-8942
-8398
-9261
-9392
-7997
-10175
-7511
-10397
-8129
-8868
-10061
-6986
-11000
-7009
-10687
-7607
-9403
-9359
-7827
-10675
-6878
-10998
-7295
-9977
-8606
-8185
-10526
-6516
-11192
-8492
-8656
-9110
-9188
-8395
-9356
-8871
-8390
-10143
-7618
-10497
-7269
-9745
-9400
-7543
-10526
-7649
-9796
-8493
-8627
-9761
-8200
-9511
-8300
-9464
-8675
-9036
-9436
-7718
-10225
-8066
-8811
-9580
-7882
-9796
-7663
-10487
-8550
-7382
-11602
-6587
-10191
-8858
-8206
-10016
-7673
-9726
-8805
-9398
-8474
-8948
-9149
-8271
-8986
-9861
-8233
-8974
-9274
-8358
-9243
-8901
-8588
-8881
-9185
-8454
-8961
-8773
-9359
-8111
-9604
-8701
-8782
-9427
-8343
-9647
-8208
-9680
-8082
-9504
-8831
-8562
-9542
-8058
-9754
-8286
-9349
-8484
-9036
-9354
-8228
-9449
-8602
-9140
-8710
-8876
-9101
-8810
-9089
-8461
-9445
-8436
-8918
-9267
-8395
-9512
-8334
-9306
-8834
-8603
-9394
-8334
-9205
-8662
-8750
-9395
-8452
-8792
-9258
-8384
-9215
-9078
-8311
-9810
-8663
-9342
-8233
-9489
-9049
-7825
-10378
-7394
-10362
-8019
-8965
-9160
-8668
-9541
-7751
-10485
-7057
-10304
-7784
-9337
-9521
-7392
-10016
-8092
-9509
-7932
-9775
-8428
-8777
-9260
-8504
-9479
-8436
-9152
-8904
-8297
-9430
-8725
-8438
-9692
-7996
-9384
-8711
-8963
-9018
-8522
-9383
-8351
-9705
-7948
-9246
-8834
-8650
-9124
-8092
-9868
-8239
-9266
-8001
-10124
-8276
-8635
-9668
-7740
-10045
-7765
-10575
-7332
-9295
-9549
-7475
-10651
-7613
-9631
-8626
-8630
-9796
-8052
-9549
-8576
-9058
-9376
-8522
-9401
-8677
-8775
-9105
-9307
-8283
-9619
-8762
-8687
-9412
-8612
-9839
-7654
-9955
-8687
-8696
-9458
-8623
-9431
-8304
-9272
-9185
-8509
-8616
-10200
-7324
-10151
-8519
-8293
-10650
-7100
-9999
-8708
-9131
-8896
-8666
-9414
-8557
-9185
-8582
-9671
-8163
-9133
-9517
-7968
-9490
-8665
-9633
-7928
-10063
-9129
-7764
-10611
-6866
-10620
-8068
-9132
-9579
-7897
-10049
-7745
-10171
-7759
-9794
-8375
-9362
-8757
-8644
-9548
-7713
-9975
-8089
-9463
-8525
-9232
-8671
-9112
-8672
-8994
-9011
-8773
-9339
-8882
-8852
-8727
-9382
-8668
-9214
-8450
-9516
-8505
-9034
-9233
-9454
-8106
-9530
-8982
-7850
-10722
-7151
-10242
-8010
-9215
-9256
-7920
-9881
-7557
-10164
-8192
-10511
-7511
-9175
-9471
-7349
-10923
-7250
-9474
-9341
-7699
-10306
-7594
-9263
-9941
-7753
-9981
-7742
-10414
-6939
-11052
-8045
-8320
-11025
-6103
-11840
-6138
-11374
-7477
-9227
-10046
-7139
-11356
-6459
-10976
-7412
-10184
-8811
-7604
-11009
-6904
-9939
-7983
-10658
-7783
-8645
-10202
-7083
-11400
-6865
-10085
-8809
-8457
-9791
-8041
-10027
-7761
-9874
-8572
-8324
-9913
-8412
-9129
-9335
-8657
-8997
-9094
-9179
-8449
-9660
-8080
-9750
-8306
-9057
-9339
-7857
-10444
-7142
-10678
-7532
-10288
-8233
-8703
-9974
-7733
-10394
-7148
-10709
-7450
-9989
-8348
-9190
-9015
-8489
-10120
-7723
-10325
-7928
-9809
-8486
-9302
-9169
-8603
-9358
-8622
-9261
-8879
-8790
-8959
-9153
-8638
-9439
-8793
-9040
-9022
-9170
-8370
-9557
-8952
-8795
-9084
-8683
-9195
-8419
-9623
-8204
-9683
-8674
-8927
-9095
-8822
-9158
-8625
-9557
-8345
-9480
-8679
-9135
-8941
-8673
-9523
-8421
-9448
-8806
-8909
-9449
-8499
-9622
-8452
-9320
-8802
-8923
-9233
-8531
-9759
-8356
-9266
-9052
-8818
-9223
-8581
-9392
-8901
-8902
-9126
-8827
-9206
-8654
-9405
-8461
-10569
-7807
-8838
-9983
-7684
-10348
-7905
-9803
-8830
-8913
-8974
-9104
-9292
-8286
-9397
-9036
-9205
-8624
-9093
-9077
-8472
-10035
-8373
-8583
-10153
-7839
-9822
-8458
-8964
-9269
-8554
-9625
-8313
-9262
-9130
-8403
-9463
-8958
-8986
-8718
-9068
-9236
-8765
-9047
-8869
-9298
-8057
-10468
-7600
-9540
-9478
-7770
-10401
-7969
-9767
-8254
-9941
-8307
-9161
-9512
-8061
-9931
-8013
-9712
-8582
-9330
-8645
-9138
-8995
-8636
-9601
-8580
-9117
-9135
-9093
-8818
-9251
-8533
-9567
-8466
-9518
-8345
-9563
-8918
-8637
-9800
-7986
-10318
-7777
-9853
-8423
-9629
-9038
-8595
-9819
-7822
-10255
-8105
-9271
-9274
-8113
-9911
-8852
-8433
-9972
-8267
-9199
-9545
-8297
-9503
-8839
-8835
-9678
-8208
-9354
-9161
-8612
-9478
-8519
-9569
-8616
-9452
-8496
-9344
-8980
-8923
-9283
-8761
-9302
-8274
-10095
-7723
-9987
-8223
-9187
-9630
-7997
-10354
-7722
-10394
-7923
-9524
-8925
-8535
-10023
-7740
-10045
-8131
-9344
-8942
-8790
-9433
-8531
-9475
-8527
-9245
-8811
-9176
-8771
-8792
-9368
-8637
-9379
-8532
-9546
-8428
-9482
-8879
-8955
-9410
-8688
-9528
-8464
-9669
-8094
-9920
-8700
-8634
-9577
-8686
-9792
-7511
-10375
-8004
-9603
-10081
-6194
-11682
-7528
-10311
-7564
-8748
-10923
-5926
-12430
-6330
-9929
-9758
-8091
-9673
-8281
-9957
-8115
-9671
-8176
-9838
-8792
-8914
-8770
-9135
-8879
-8972
-9586
-7998
-9659
-8710
-9241
-8445
-9619
-8544
-9078
-9076
-8846
-9661
-7769
-9932
-8863
-8631
-9740
-8299
-9131
-9356
-8006
-10300
-8138
-9477
-8929
-8443
-10078
-7670
-10465
-7516
-9677
-8807
-8438
-10239
-7501
-10790
-7553
-9723
-9044
-8356
-9623
-8493
-9569
-7892
-10287
-8286
-9098
-9627
-8162
-9286
-9357
-8193
-9540
-8828
-8834
-9251
-8330
-10018
-7885
-9662
-8798
-8134
-10278
-8052
-9378
-9126
-8054
-10183
-7784
-10060
-7886
-8796
-11400
-6509
-10151
-8775
-8682
-8673
-8505
-11185
-6819
-9767
-8854
-8816
-9775
-7275
-10461
-8124
-9416
-8535
-9163
-9161
-8122
-10003
-8144
-9259
-8692
-8649
-9705
-8298
-9192
-8929
-8817
-9365
-8073
-10127
-8309
-8927
-9277
-8545
-9342
-8510
-9113
-8484
-9519
-8750
-8247
-9886
-8264
-8917
-9657
-7706
-9947
-8391
-9065
-8732
-8739
-9680
-7881
-9560
-8379
-9193
-8886
-8632
-8836
-9038
-8585
-9544
-8482
-8570
-9992
-7644
-8948
-9667
-7728
-9002
-9141
-9478
-8488
-8115
-10057
-7855
-10073
-7371
-10663
-7947
-8481
-10481
-7387
-9386
-8688
-9959
-7282
-10075
-8338
-9378
-8186
-9498
-8807
-8560
-9995
-7574
-10363
-7432
-10093
-8546
-8512
-9478
-8294
-9588
-7827
-9876
-8426
-8768
-9322
-8252
-9531
-8317
-9444
-8503
-9311
-9074
-8591
-9406
-7999
-9444
-9149
-8016
-9434
-9032
-8240
-9060
-9550
-7747
-9442
-9030
-8496
-9783
-7645
-10517
-7649
-9854
-8650
-8953
-9494
-8115
-10174
-7477
-10221
-8298
-9001
-8912
-8987
-8802
-9261
-9051
-8753
-9428
-8664
-9368
-8625
-9310
-8782
-9225
-8265
-9727
-8305
-9073
-9103
-8454
-9604
-7841
-10095
-7994
-9702
-8706
-9162
-9390
-8445
-9966
-8153
-10041
-8229
-9566
-8455
-8905
-9836
-7492
-9907
-9252
-8013
-9998
-8832
-8734
-10150
-7548
-10028
-8698
-9111
-8830
-8551
-10042
-7409
-10069
-8302
-9148
-8741
-9273
-8740
-9022
-9422
-8412
-9810
-7823
-10153
-8467
-9376
-8494
-9177
-9191
-8520
-9119
-8965
-9481
-8358
-9510
-8137
-9596
-9289
-8301
-9574
-8649
-8590
-9536
-8437
-9347
-8489
-9190
-9648
-7796
-9546
-9258
-8391
-9827
-8099
-9893
-9119
-8361
-10394
-7537
-10236
-7775
-9844
-8584
-8568
-9909
-7554
-10785
-7050
-10747
-7913
-9286
-9479
-7779
-10957
-6815
-11107
-7994
-9109
-9605
-8787
-9390
-8232
-9815
-8441
-9684
-8247
-10223
-8092
-9013
-9614
-8032
-9995
-8071
-10180
-8165
-9235
-9274
-8342
-9764
-7971
-10340
-7471
-10097
-8947
-8393
-9981
-7773
-10535
-7594
-10088
-8654
-9059
-9323
-8422
-10207
-7993
-9915
-8628
-9092
-9174
-8572
-9419
-8958
-9020
-8564
-9413
-8901
-8907
-8910
-9351
-8739
-8550
-9713
-8676
-9266
-8311
-9925
-8020
-9039
-10143
-7886
-9664
-8561
-9333
-8984
-9025
-8694
-9594
-8707
-9122
-9483
-8186
-9844
-8189
-9899
-8365
-8928
-10033
-7590
-10486
-8288
-9433
-9558
-7837
-10393
-8365
-9115
-9319
-8696
-9882
-8046
-9645
-8826
-8853
-9773
-8064
-10291
-7513
-10502
-8522
-8656
-10254
-7687
-10549
-7866
-9996
-8410
-9312
-9099
-8571
-9596
-8523
-9580
-8628
-9725
-8524
-9537
-8936
-9185
-9116
-8799
-9551
-8631
-9640
-8467
-9224
-9020
-8921
-8920
-8990
-9584
-8752
-9507
-8808
-9503
-9015
-9201
-9189
-8797
-9611
-8632
-9665
-8762
-9184
-9310
-8726
-9639
-8554
-9483
-8973
-9133
-9196
-9050
-9363
-8780
-9495
-8892
-9199
-9037
-9233
-8952
-9135
-9117
-9157
-8956
-9200
-9370
-8785
-9599
-8738
-9397
-9125
-9090
-9182
-9186
-9309
-9034
-9212
-9209
-9159
-9323
-9189
-9352
-8974
-9469
-9004
-9199
-9439
-8679
-9703
-8406
-10157
-8477
-9527
-9092
-9002
-9737
-8417
-10116
-8098
-9998
-8775
-9419
-9232
-8862
-9691
-8472
-9903
-8640
-9415
-9022
-9220
-9484
-9091
-9606
-8667
-9910
-9029
-8960
-9581
-9193
-9083
-9179
-9251
-9346
-9215
-9079
-9373
-8894
-9710
-8995
-9399
-9117
-9489
-9104
-9041
-9692
-8827
-9714
-8769
-9668
-9153
-9042
-9657
-9075
-9546
-9044
-9556
-8858
-9460
-9245
-8837
-9946
-8995
-9356
-9042
-9410
-9200
-9178
-9937
-8414
-9999
-9361
-8550
-10321
-8260
-9886
-8999
-8967
-10156
-8575
-9787
-8967
-9608
-9384
-9116
-9283
-9623
-9201
-9069
-9559
-9162
-9293
-9300
-9433
-9198
-8987
-9745
-8882
-9267
-9600
-8589
-9985
-8794
-9769
-9196
-9080
-9766
-9116
-9423
-9068
-9502
-9339
-8770
-10233
-9079
-8484
-10809
-8134
-9850
-9309
-9269
-9712
-8390
-10271
-8475
-10140
-8905
-8995
-10243
-8278
-9785
-8932
-9586
-9123
-9235
-9450
-9087
-9677
-8915
-9806
-8889
-9556
-9256
-9202
-9446
-9226
-9284
-9299
-9561
-9051
-9597
-9236
-9408
-9440
-9466
-9153
-9509
-9176
-9307
-9433
-9116
-9694
-9045
-9567
-9078
-9412
-9476
-9156
-9549
-9282
-9574
-9178
-9548
-9298
-9392
-9410
-9354
-9344
-9267
-9697
-9112
-9609
-9214
-9378
-9373
-9284
-9490
-9200
-9433
-9187
-9476
-9217
-9445
-9178
-9268
-9336
-9184
-9410
-9138
-9379
-9184
-9399
-9211
-9372
-9266
-9084
-9462
-9135
-9387
-9224
-9325
-9319
-9310
-9395
-9358
-9280
-9368
-9597
-9251
-9464
-9289
-9430
-9433
-9197
-9494
-9401
-9174
-9617
-9173
-9591
-9195
-9426
-9502
-8968
-9898
-8689
-9695
-9132
-9432
-9066
-9166
-9498
-8918
-9953
-8463
-10154
-8902
-9229
-9773
-8766
-9946
-8580
-9956
-8967
-9477
-9478
-8879
-9816
-8701
-10105
-8640
-9604
-9115
-9482
-9509
-9055
-10052
-8579
-9998
-9223
-9371
-9483
-9200
-9353
-9493
-8937
-9709
-9072
-9374
-9660
-8847
-9755
-9424
-9429
-8847
-9753
-9716
-8385
-9355
-10796
-7921
-9399
-10374
-8503
-9618
-9277
-9577
-9054
-9562
-9439
-8797
-10259
-8499
-9654
-9658
-9084
-9469
-9430
-9287
-8256
-11461
-8182
-9073
-9758
-9250
-9310
-9172
-9680
-8590
-10164
-8243
-10022
-9006
-9738
-8526
-9723
-9230
-9188
-10340
-7320
-11198
-8149
-9814
-9377
-9303
-9291
-8908
-10153
-8267
-10557
-8371
-9761
-9150
-9215
-9945
-8977
-9555
-9433
-9295
-9467
-9385
-9018
-10622
-6988
-11029
-8053
-9091
-10952
-7154
-11785
-6855
-11459
-8107
-9220
-10358
-7629
-11113
-7612
-10635
-8398
-9719
-9203
-9020
-9691
-8822
-9742
-8819
-9710
-9008
-9539
-9144
-9335
-9132
-9658
-9100
-9219
-9488
-8872
-9570
-8846
-9740
-8896
-9509
-9329
-9078
-9611
-8899
-9546
-9164
-9271
-9375
-9288
-9211
-9245
-9429
-9164
-9311
-9212
-9364
-9251
-9441
-9448
-8653
-10262
-8796
-9404
-9591
-8945
-9612
-8949
-9831
-8766
-9379
-9842
-7779
-10797
-8336
-9110
-10702
-8096
-10328
-8181
-11139
-7099
-11197
-7988
-9499
-10516
-6959
-12558
-5584
-12400
-7163
-9921
-9685
-8657
-9993
-8009
-11824
-6083
-12160
-7331
-10167
-9972
-7958
-10898
-7431
-11632
-7402
-10471
-9166
-8808
-10244
-8211
-10548
-8137
-10214
-8608
-9660
-9386
-9284
-9265
-9201
-10008
-8567
-10400
-8436
-10074
-8888
-9861
-8900
-9299
-9937
-8741
-10996
-7134
-10679
-9025
-9380
-9423
-9112
-10176
-8156
-10933
-7821
-10732
-8586
-9545
-9716
-8396
-10725
-7842
-10778
-7984
-10314
-9164
-8608
-10427
-8378
-10447
-8806
-9877
-8742
-9923
-9270
-9293
-9705
-8805
-10165
-8988
-9876
-9309
-9938
-8717
-9977
-9337
-9448
-9596
-8903
-10347
-8104
-10737
-8689
-9809
-9575
-8579
-10780
-8119
-10598
-8659
-10173
-9254
-8783
-10541
-8114
-11166
-8026
-10533
-8864
-9281
-10328
-8400
-10439
-8400
-10675
-8179
-10552
-8778
-9224
-10506
-7906
-11044
-8504
-9832
-9073
-9281
-10468
-7823
-10683
-8916
-9805
-9623
-8603
-10657
-8181
-10527
-8738
-9790
-9908
-8874
-10152
-8165
-11287
-8704
-8826
-10590
-8166
-10531
-9110
-9234
-9863
-9209
-9450
-9137
-10096
-8788
-9732
-9350
-9233
-10076
-8921
-9889
-9409
-9356
-9764
-9345
-9653
-9379
-9571
-9396
-9558
-9366
-9517
-9392
-9682
-9170
-9958
-9300
-9332
-9945
-8959
-10081
-8968
-10101
-8989
-10065
-9226
-9500
-9891
-9009
-10035
-9102
-9836
-9443
-9548
-9378
-9522
-9965
-9413
-9428
-9079
-10160
-10710
-6585
-11968
-8542
-10399
-8911
-8075
-12900
-5825
-13161
-6710
-10603
-9785
-8186
-12194
-6338
-12263
-7419
-10836
-9437
-8366
-11314
-7975
-10924
-8777
-9494
-10757
-8686
-9456
-10370
-8954
-9497
-9908
-9328
-9915
-8961
-10130
-9381
-9708
-9419
-9513
-9639
-9045
-10793
-8091
-11114
-8234
-10117
-10124
-8272
-11338
-7497
-11301
-8531
-9840
-9393
-8854
-10943
-7790
-11159
-8600
-9756
-10184
-8189
-10971
-8271
-10353
-9017
-9440
-10154
-8502
-10859
-8075
-10608
-8903
-9480
-9960
-8759
-10247
-8613
-10475
-8870
-9412
-10174
-8710
-9745
-9442
-9707
-9236
-9271
-10344
-8819
-9956
-9230
-9478
-9974
-8858
-10064
-8995
-10038
-8852
-9863
-9364
-9147
-10304
-8788
-10310
-8933
-9681
-9252
-9995
-8994
-9866
-9501
-8892
-10253
-8328
-11079
-8063
-10223
-9328
-9085
-10064
-8684
-10677
-8258
-10411
-8876
-10133
-9269
-9238
-10019
-8466
-10509
-8606
-10446
-8285
-10478
-9284
-8089
-11812
-7096
-10871
-8827
-9214
-10440
-7849
-10881
-8198
-10537
-9375
-9106
-9260
-9280
-10198
-8180
-10332
-8755
-9696
-9587
-9451
-9346
-9289
-9104
-10189
-9211
-8836
-9939
-8911
-9819
-8887
-10514
-8257
-10438
-8528
-9655
-9885
-8768
-10176
-8360
-10427
-8501
-9992
-8659
-10287
-8474
-9668
-9686
-8545
-9986
-8601
-10937
-7434
-11335
-8326
-9459
-9918
-8140
-11551
-7357
-10900
-8079
-10376
-9610
-9130
-9891
-8779
-10135
-8261
-10823
-8213
-10785
-8060
-9924
-9869
-8137
-10891
-7937
-10198
-9327
-9487
-9367
-8738
-10203
-8844
-9768
-9640
-8618
-10715
-8321
-9968
-9579
-8959
-10401
-9241
-9481
-9279
-10054
-8573
-10216
-9153
-9253
-9544
-8826
-10450
-7976
-9985
-9426
-9440
-9736
-8476
-10452
-8524
-10018
-9208
-9510
-9552
-8811
-10520
-8120
-10125
-9142
-9293
-9481
-9112
-10739
-8072
-10521
-8667
-9850
-9168
-8640
-11005
-7712
-10879
-8425
-9947
-8838
-9473
-10166
-8031
-10714
-8514
-9650
-9116
-9690
-9118
-9574
-9327
-9107
-9729
-9326
-8991
-9568
-9807
-8280
-10243
-8941
-9398
-9571
-9375
-9423
-9244
-9933
-8865
-9734
-9255
-9621
-9171
-9409
-9823
-8945
-9806
-9315
-9790
-9028
-9500
-9524
-9290
-9500
-9560
-9275
-9381
-10087
-8626
-10042
-9123
-9435
-9610
-9075
-9646
-9127
-9670
-9391
-9214
-9690
-8869
-10084
-9167
-8960
-10228
-8187
-10511
-8565
-9761
-9616
-8972
-10090
-8318
-10814
-8562
-9686
-9499
-8803
-10335
-8468
-10100
-9408
-9549
-9241
-8851
-10186
-9395
-8440
-10533
-9064
-9029
-10369
-7623
-11734
-7504
-10436
-9609
-7917
-11187
-8128
-10482
-8055
-10784
-8472
-9558
-9425
-9080
-10395
-7949
-10584
-8658
-9933
-9237
-9246
-9642
-9039
-9871
-9143
-9571
-9336
-9344
-9529
-9709
-9004
-9806
-9649
-8918
-9911
-9365
-9287
-9808
-9148
-9424
-9480
-9401
-9613
-8807
-10332
-8583
-9826
-9563
-8695
-10154
-8543
-10291
-8573
-9713
-9478
-9105
-9793
-8965
-9994
-8940
-9601
-9395
-9474
-9509
-9272
-9735
-9205
-9299
-9570
-9172
-9481
-9580
-9101
-9408
-9522
-9348
-9196
-9718
-9295
-8912
-10052
-8788
-9591
-9577
-8747
-9734
-9088
-9612
-9141
-9680
-9213
-9401
-9447
-9130
-9915
-8825
-9969
-9102
-9518
-9713
-8799
-10013
-8963
-9637
-9285
-9476
-9340
-9172
-9689
-9014
-9736
-8999
-9872
-8872
-9491
-9576
-8872
-9889
-8881
-9822
-9026
-9450
-9532
-9258
-9687
-9178
-9653
-9153
-9669
-9332
-9477
-9542
-9245
-9786
-9168
-9660
-9282
-9440
-9458
-9403
-9417
-9372
-9601
-9447
-9313
-9470
-9653
-9297
-9571
-9419
-9513
-9406
-9565
-9257
-9650
-9260
-9555
-9404
-9250
-9590
-9198
-9809
-9110
-9733
-9381
-9334
-9679
-9132
-9494
-9259
-9344
-9650
-9020
-9781
-9535
-9407
-10310
-8489
-9401
-9922
-9125
-9576
-9443
-9437
-8952
-10634
-8437
-9792
-9933
-8459
-10500
-8674
-10416
-8780
-9527
-9658
-9277
-9505
-9477
-9386
-9150
-10128
-8539
-10528
-8385
-10156
-9149
-9309
-10088
-8496
-10752
-7839
-10414
-9331
-9494
-9584
-9056
-9805
-9004
-10406
-8162
-10771
-8770
-9261
-9738
-9123
-10622
-7962
-10686
-8880
-9672
-8738
-10067
-9217
-8891
-11549
-6411
-11748
-8520
-9618
-9480
-9311
-10005
-8651
-10090
-8679
-11178
-6577
-12660
-7015
-9988
-10233
-8479
-10485
-6891
-13271
-6329
-11134
-9069
-9159
-10553
-7779
-10997
-8749
-9664
-9219
-9610
-9566
-9271
-9346
-9841
-9349
-9649
-9548
-9418
-9817
-9237
-9437
-9636
-9485
-9356
-9477
-9367
-9306
-9738
-9313
-9577
-9344
-9320
-9860
-9213
-9759
-8990
-10061
-9377
-9214
-9949
-8823
-10150
-8948
-9752
-9545
-9294
-9712
-9160
-9880
-9035
-10132
-9134
-9419
-9803
-9075
-9718
-9283
-9601
-9256
-9765
-9269
-9408
-9833
-9279
-9750
-9368
-9551
-9366
-9609
-9660
-9239
-9656
-9478
-9433
-9475
-9423
-9604
-9384
-9522
-9585
-9365
-9659
-9293
-9673
-9454
-9505
-9579
-9305
-9623
-9286
-9679
-9364
-9480
-9541
-9505
-9561
-9384
-9626
-9434
-9591
-9451
-9534
-9479
-9562
-9509
-9396
-9598
-9405
-9596
-9462
-9469
-9568
-9478
-9454
-9619
-9440
-9547
-9511
-9391
-9581
-9380
-9595
-9456
-9488
-9451
-9530
-9484
-9524
-9517
-9372
-9600
-9483
-9553
-9415
-9453
-9490
-9445
-9434
-9516
-9384
-9534
-9497
-9333
-9630
-9359
-9593
-9422
-9418
-9435
-9385
-9569
-9299
-9501
-9424
-9434
-9440
-9450
-9498
-9404
-9462
-9514
-9366
-9420
-9472
-9435
-9519
-9393
-9537
-9410
-9504
-9448
-9455
-9462
-9344
-9588
-9423
-9512
-9440
-9456
-9511
-9477
-9512
-9376
-9389
-9499
-9437
-9407
-9421
-9446
-9422
-9353
-9456
-9346
-9546
-9339
-9435
-9455
-9406
-9460
-9356
-9532
-9378
-9437
-9318
-9583
-9265
-9552
-9421
-9268
-9600
-9280
-9584
-9281
-9554
-9431
-9410
-9412
-9423
-9486
-9197
-9619
-9400
-9446
-9399
-9520
-9450
-9258
-9696
-9229
-9356
-9592
-9369
-9405
-9345
-9535
-9258
-9515
-9651
-9008
-9771
-9352
-9409
-9472
-9290
-9651
-9147
-9617
-9268
-9679
-9053
-9717
-9345
-9289
-9894
-8706
-10084
-8916
-9605
-10000
-8810
-10142
-9149
-9187
-9930
-8955
-9826
-9111
-9623
-9281
-9650
-9519
-9140
-10079
-8595
-10357
-8726
-9868
-9639
-9282
-9362
-9673
-9500
-8904
-10570
-7895
-11109
-8359
-9811
-9717
-8662
-10393
-8226
-11293
-8054
-10038
-9807
-8978
-9939
-9149
-9814
-9267
-9876
-8902
-10095
-9065
-9987
-9290
-9522
-9441
-9413
-10336
-8267
-10672
-8576
-10386
-9008
-9412
-10171
-8458
-10721
-7996
-10944
-8603
-9740
-9723
-8895
-10284
-8762
-10225
-8803
-10130
-8887
-9881
-9274
-9646
-9546
-9061
-10232
-8957
-10067
-9200
-9750
-9363
-9651
-9434
-9691
-9309
-9598
-9834
-9069
-9995
-9037
-9886
-9317
-9735
-9417
-9610
-9737
-9305
-9997
-9085
-10175
-9266
-9539
-9709
-9221
-10116
-9049
-9829
-9520
-9366
-10022
-8963
-10077
-9260
-9483
-9904
-9257
-9976
-9117
-9887
-9338
-9602
-9649
-9416
-9804
-9358
-9873
-9250
-9954
-9480
-9423
-9901
-9340
-9787
-9499
-9634
-9658
-9488
-9518
-9485
-9608
-9563
-9545
-9582
-9578
-9527
-9660
-9481
-9566
-9566
-9495
-9719
-9454
-9609
-9545
-9571
-9572
-9589
-9467
-9643
-9713
-9324
-9935
-9313
-9779
-9596
-9428
-9924
-9208
-9938
-9303
-9632
-9626
-9411
-9722
-9370
-9781
-9327
-9740
-9575
-9475
-9629
-9408
-9631
-9474
-9670
-9542
-9421
-9738
-9455
-9676
-9450
-9564
-9754
-9273
-9815
-9336
-9713
-9514
-9445
-9680
-9313
-9787
-9422
-9603
-9669
-9488
-9639
-9558
-9482
-9612
-9488
-9652
-9378
-9653
-9589
-9477
-9715
-9326
-9777
-9329
-9718
-9609
-9442
-9680
-9429
-9637
-9465
-9540
-9496
-9519
-9519
-9649
-9359
-9563
-9578
-9521
-9514
-9437
-9708
-9453
-9623
-9451
-9632
-9540
-9483
-9546
-9463
-9540
-9503
-9639
-9485
-9541
-9475
-9524
-9544
-9688
-9442
-9495
-9564
-9628
-9512
-9385
-9758
-9229
-9816
-9271
-9590
-9726
-9145
-9879
-9156
-9764
-9431
-9439
-9628
-9258
-9761
-9319
-9648
-9372
-9507
-9669
-9221
-9720
-9409
-9431
-9561
-9517
-9489
-9403
-9577
-9493
-9587
-9397
-9565
-9581
-9488
-9471
-9555
-9585
-9416
-9703
-9410
-9647
-9496
-9436
-9705
-9387
-9680
-9336
-9725
-9433
-9621
-9652
-9321
-9858
-9316
-9773
-9416
-9658
-9604
-9495
-9735
-9285
-9906
-9342
-9588
-9696
-9399
-9857
-9219
-9952
-9372
-9721
-9620
-9525
-9872
-9191
-10155
-9141
-9926
-9285
-10000
-9230
-9532
-9959
-9142
-10242
-8815
-10217
-9130
-9787
-9414
-9779
-9519
-9369
-10069
-8856
-10364
-9091
-9848
-9348
-9711
-9729
-9184
-10214
-9065
-9903
-9715
-9369
-9776
-9381
-9820
-9433
-9679
-9696
-9476
-9617
-9663
-9566
-9580
-9724
-9445
-10001
-9059
-10182
-9310
-9879
-9687
-9458
-9802
-9301
-10095
-8548
-10783
-9136
-9896
-9405
-9821
-9915
-8957
-10546
-8579
-10509
-9126
-9718
-9966
-9079
-10280
-9326
-9626
-9976
-9420
-9979
-9553
-9568
-10013
-9384
-10243
-9241
-10194
-9582
-9464
-10492
-9071
-10145
-9538
-10130
-9534
-9554
-10487
-8859
-10450
-9207
-9932
-9989
-9222
-10291
-9310
-10417
-8982
-10334
-9421
-9919
-9719
-9433
-10301
-8814
-10969
-8381
-10787
-9285
-9787
-9958
-9377
-10511
-8759
-11122
-8489
-10545
-9773
-9499
-9967
-9732
-10212
-9629
-9963
-9913
-9677
-9854
-10338
-9129
-10691
-8827
-10951
-9275
-9268
-10718
-8550
-11168
-8738
-10165
-10366
-8531
-10991
-9501
-9446
-10372
-8994
-11186
-8279
-10533
-10106
-8317
-11706
-8562
-10985
-8403
-11160
-10204
-8446
-10690
-9637
-9848
-9893
-10625
-8133
-11802
-8815
-9843
-10025
-9827
-10082
-9246
-10376
-9148
-10876
-9195
-9780
-9768
-10116
-9915
-9099
-10262
-10036
-9221
-10608
-9253
-10166
-9337
-10682
-9061
-9385
-11185
-8175
-11591
-8504
-10482
-9818
-9334
-10796
-9118
-10190
-9545
-10032
-9780
-9795
-9942
-9599
-9693
-10243
-9478
-9834
-9989
-9579
-9801
-9995
-9703
-9615
-10089
-9657
-9661
-9891
-9697
-9802
-9956
-9464
-10081
-9679
-9731
-10093
-9604
-10064
-9474
-10253
-9645
-10050
-9843
-9652
-10394
-9234
-10148
-9444
-10319
-9374
-10379
-9266
-9617
-11219
-7737
-11521
-9056
-10032
-9694
-9534
-10129
-9042
-11043
-8212
-10822
-9440
-10062
-9018
-10094
-10057
-9263
-10311
-8860
-10903
-8747
-10322
-9637
-9499
-10376
-8984
-10654
-9442
-8978
-10990
-8961
-10184
-9296
-9590
-10990
-8080
-11338
-8486
-10503
-9424
-9286
-11620
-6969
-11715
-8855
-9900
-9728
-9343
-10520
-8708
-10756
-8608
-10957
-8883
-9973
-9865
-9510
-10297
-8822
-10640
-8832
-10537
-9110
-10100
-9526
-9423
-10402
-8832
-10408
-9165
-10388
-9301
-9578
-10379
-8949
-10092
-9700
-8986
-10521
-9442
-9811
-8965
-10239
-10422
-8694
-10199
-9152
-10412
-8847
-10123
-10162
-8743
-10386
-9740
-9278
-9705
-10054
-9626
-8922
-10161
-9233
-9434
-9857
-9748
-10268
-8477
-10489
-9422
-9378
-10184
-9010
-9612
-9913
-9444
-9166
-10818
-9161
-9104
-10820
-9122
-9231
-9542
-9625
-9713
-9685
-9740
-9380
-9569
-9901
-8991
-10020
-9534
-9411
-10264
-9092
-9391
-10127
-9456
-9375
-9732
-9306
-9845
-9039
-10113
-8545
-10719
-8604
-9682
-10011
-8718
-10718
-8218
-11183
-7501
-10892
-8946
-9606
-10109
-8398
-11277
-7506
-11397
-8289
-10252
-9949
-8685
-10209
-9393
-9471
-9259
-10440
-8633
-10592
-8563
-10455
-8753
-10432
-9607
-9026
-10259
-8805
-10767
-8514
-10895
-8313
-10798
-9270
-9243
-10335
-8710
-10275
-9475
-9234
-10216
-8981
-9584
-10818
-8029
-10495
-9141
-10380
-8609
-9969
-9766
-8885
-10830
-8095
-10671
-9304
-9659
-9724
-9448
-9984
-8795
-10640
-8873
-9956
-9928
-9035
-10415
-8760
-10547
-9026
-9905
-9455
-9718
-9839
-9279
-10123
-8942
-10825
-8616
-10291
-9602
-9365
-10232
-8719
-10589
-8928
-9666
-9986
-9255
-10263
-8668
-10657
-9492
-9175
-10157
-9480
-9852
-9220
-10335
-8905
-10512
-9173
-9512
-10296
-8738
-10507
-9082
-9508
-10451
-8893
-10081
-9429
-9909
-9893
-8993
-10391
-9353
-9898
-9315
-10125
-9020
-9964
-9876
-9395
-9675
-9708
-9767
-9150
-10317
-9032
-10309
-9071
-9873
-9433
-9495
-10651
-8336
-10421
-9691
-9014
-10202
-9697
-9611
-9518
-10204
-9145
-9847
-9517
-9580
-9898
-9743
-10165
-9556
-8022
-11332
-10365
-6548
-13667
-7707
-9507
-10478
-8147
-11972
-7400
-11703
-8459
-9184
-10424
-9655
-9856
-8600
-11113
-7823
-11060
-8636
-10551
-9185
-9073
-11705
-6739
-12050
-8198
-10265
-9316
-9034
-11425
-6522
-13105
-6965
-10300
-11058
-7191
-12664
-6191
-12396
-8615
-8945
-11003
-7840
-11883
-7240
-11166
-9677
-8754
-10657
-8400
-10558
-9087
-9587
-10413
-8172
-10703
-9195
-9717
-9805
-9380
-10040
-9193
-10322
-8569
-10705
-8921
-9699
-10343
-9100
-9925
-9081
-10420
-9202
-9651
-9771
-9640
-9474
-9788
-9489
-9283
-10411
-8854
-9981
-10079
-8833
-9928
-9961
-8795
-10314
-9623
-9086
-10475
-8888
-9940
-9818
-9403
-9758
-9168
-10384
-9149
-9734
-9983
-8814
-10383
-9282
-9625
-9755
-9418
-10106
-8929
-9473
-10671
-9003
-9624
-10262
-8956
-10072
-9634
-9377
-9577
-9843
-9764
-9258
-10022
-9312
-9725
-9750
-9115
-10625
-8681
-10298
-9798
-8996
-10460
-8878
-10561
-8827
-10510
-9279
-9587
-10478
-8885
-10692
-8420
-11320
-8641
-10027
-10024
-8720
-11317
-7756
-11589
-8373
-10230
-9926
-8662
-11105
-8156
-10964
-8637
-10411
-9600
-9317
-10456
-8924
-10220
-9304
-9946
-9632
-9891
-9856
-9573
-9787
-9575
-9745
-9972
-9575
-9782
-9393
-9913
-10348
-8948
-10140
-9794
-9653
-9583
-9692
-9721
-9679
-9707
-9516
-10231
-9281
-10179
-9310
-10408
-9172
-9631
-10564
-9067
-10184
-9259
-10644
-8990
-10433
-9496
-9662
-10299
-8723
-11063
-9087
-9767
-9589
-10182
-10428
-8771
-9992
-10145
-9238
-9572
-10017
-9733
-9186
-10223
-9545
-9515
-10554
-9024
-10075
-9252
-10966
-8713
-9892
-9932
-9597
-10206
-9117
-10579
-8276
-11973
-7798
-10915
-9445
-9610
-10424
-8534
-11244
-8266
-10954
-8674
-10325
-9197
-10298
-9011
-10020
-9676
-9186
-10209
-8815
-10924
-7915
-11040
-8808
-10151
-9415
-9297
-10609
-8302
-10909
-8825
-10274
-9438
-9299
-10596
-8614
-10440
-9110
-9816
-9924
-9040
-10682
-8652
-10127
-9452
-9785
-9696
-9041
-10630
-8637
-10220
-9283
-9666
-10062
-8701
-10541
-9136
-10035
-9447
-9675
-9572
-9764
-9607
-9335
-10311
-9020
-10436
-9025
-10123
-9327
-10035
-9355
-9580
-10076
-9321
-9588
-9574
-10750
-8505
-9659
-10071
-9556
-8988
-10866
-8552
-9946
-9801
-9432
-9716
-9435
-10233
-8613
-10976
-8310
-10573
-9395
-9649
-9465
-9525
-10409
-7970
-11827
-8285
-10275
-9711
-8952
-10957
-7873
-11579
-8213
-10454
-9671
-8693
-11295
-7622
-11627
-8388
-10156
-9908
-8817
-10617
-8706
-10557
-8746
-10531
-8849
-9942
-9651
-9332
-9990
-9024
-10301
-8950
-10078
-8911
-10442
-8822
-9772
-10050
-8843
-10339
-9052
-10059
-9179
-9979
-9426
-9481
-9897
-9397
-9783
-9244
-10039
-9319
-9605
-9897
-9099
-10026
-9415
-9465
-9626
-9558
-9648
-9162
-9938
-9485
-9429
-9706
-9298
-10273
-8951
-9602
-9940
-9051
-10141
-8998
-10244
-9118
-9851
-9654
-9174
-10371
-8816
-10146
-9224
-9885
-9498
-9531
-10032
-9003
-10286
-9143
-9760
-9770
-9349
-9870
-9280
-9968
-9265
-9931
-9254
-9706
-9793
-9090
-10187
-9072
-10098
-9279
-9690
-9755
-9322
-10120
-8960
-10255
-9303
-9317
-10008
-9143
-9876
-9701
-9515
-9615
-9265
-9811
-9532
-9437
-10226
-8584
-10161
-9289
-9783
-9130
-9942
-9760
-9229
-10555
-8562
-10371
-8781
-10772
-8179
-10728
-9084
-8797
-11101
-8124
-10496
-8565
-10346
-9465
-9115
-10343
-9098
-9787
-9032
-9482
-10626
-8500
-10371
-8820
-10194
-8955
-9591
-10104
-8789
-9639
-9259
-10743
-7947
-10948
-8824
-10188
-8862
-9893
-10318
-7843
-11430
-7952
-10740
-8887
-9738
-9952
-8289
-11232
-8269
-10628
-8419
-10254
-9237
-9313
-10450
-8101
-11295
-7914
-11216
-8246
-9602
-10763
-7626
-11352
-8607
-9884
-9702
-8781
-10508
-8511
-10214
-9024
-9525
-10382
-8772
-10171
-8925
-9841
-9051
-10382
-8170
-11023
-8852
-9312
-10381
-8333
-10947
-7216
-12683
-6174
-11761
-9251
-8163
-11585
-6866
-12777
-6173
-11981
-8163
-9758
-9502
-8552
-11209
-7816
-10850
-8131
-10380
-8295
-11464
-7575
-10506
-9304
-8633
-11789
-6110
-13040
-6485
-11371
-8993
-7926
-13001
-4544
-14162
-6418
-10197
-10935
-6330
-13451
-5260
-13428
-6989
-9863
-10739
-6697
-12817
-6566
-11349
-8408
-9778
-9132
-10322
-8827
-8861
-10903
-7714
-11050
-7953
-11077
-8261
-9560
-9750
-8910
-10013
-8991
-9929
-8362
-10607
-8858
-8928
-10079
-9396
-9050
-9842
-8840
-9046
-10129
-9361
-8757
-10171
-8505
-10014
-9283
-8267
-11088
-7389
-10909
-9280
-8412
-10318
-8655
-9958
-8976
-9336
-9732
-9182
-9408
-9508
-9282
-9447
-9223
-9486
-9681
-9125
-9231
-9459
-9505
-9309
-9322
-9584
-8820
-10296
-8558
-9459
-10148
-8122
-10847
-8023
-10776
-8604
-9187
-10448
-7706
-11234
-7579
-10885
-8616
-9737
-9381
-8814
-10346
-8549
-10795
-7000
-11727
-7845
-10047
-9612
-8302
-11110
-7227
-11431
-8003
-10097
-8972
-9498
-9547
-8869
-10439
-7978
-10573
-8673
-9811
-9135
-9563
-9644
-8507
-10758
-8384
-9553
-10083
-8523
-9649
-9568
-9372
-9224
-9181
-9553
-9613
-9028
-9970
-9111
-8919
-9644
-9993
-8879
-8927
-10396
-8671
-10056
-8738
-9322
-10022
-8466
-10046
-9368
-8684
-10147
-8934
-9141
-9940
-8741
-9855
-9098
-9380
-9740
-8903
-10058
-8703
-9292
-10316
-8313
-10300
-8857
-9467
-9692
-8899
-10059
-8562
-10240
-8821
-9391
-9734
-9112
-9454
-9330
-9273
-9321
-9637
-8772
-10168
-8896
-9483
-9498
-9331
-9448
-9017
-9864
-8841
-9777
-9113
-9314
-9399
-9187
-9698
-9091
-9385
-9507
-9334
-9260
-9581
-9093
-9799
-9082
-9133
-9839
-8673
-10122
-8630
-9789
-9705
-8659
-9971
-8991
-9647
-9078
-9600
-9225
-9415
-9266
-9356
-9329
-9279
-9635
-8874
-9464
-9479
-9308
-8931
-9693
-9364
-9031
-9466
-9363
-9301
-9440
-9118
-9444
-9189
-9331
-9559
-8904
-9797
-8878
-9287
-9748
-9011
-9358
-9324
-9333
-9308
-9068
-9710
-8994
-9274
-9634
-8628
-10259
-8612
-9446
-9882
-8377
-10229
-8660
-9652
-9390
-8828
-9860
-8344
-10217
-8698
-9453
-9617
-8560
-10166
-8516
-9941
-8845
-9337
-9518
-9051
-9604
-8943
-9644
-9009
-9459
-9215
-9286
-9448
-8882
-9567
-9252
-9073
-9582
-8841
-9788
-8586
-9611
-9333
-8971
-9556
-8696
-9979
-8777
-9605
-8990
-9641
-8864
-9332
-9563
-8947
-9214
-9258
-9538
-8674
-9893
-8852
-9729
-8722
-9657
-9266
-9151
-9377
-8945
-9905
-8607
-9758
-9034
-9574
-9121
-9076
-9757
-8827
-9656
-9137
-9209
-9586
-9053
-9533
-8923
-9502
-9167
-9327
-9070
-9682
-9309
-8865
-10133
-8537
-9509
-8847
-9753
-9299
-9311
-9363
-9033
-9637
-8895
-9702
-9008
-9362
-9246
-9184
-9370
-9277
-9219
-9428
-9094
-9406
-9241
-9400
-9408
-9193
-9367
-9073
-9649
-8894
-9707
-9416
-8749
-9855
-9071
-9270
-9584
-8956
-9895
-8723
-9745
-9429
-8723
-9989
-8991
-9301
-9456
-9250
-9319
-9492
-8782
-10106
-8492
-10019
-9072
-9165
-10038
-8028
-10670
-8319
-9861
-8897
-9526
-9156
-9124
-10003
-8440
-10134
-8587
-9898
-8857
-9392
-9980
-8445
-9825
-9203
-9394
-9437
-9141
-9373
-9123
-9282
-9583
-9406
-8620
-10143
-8586
-9699
-9151
-9123
-10088
-8143
-10596
-8245
-9797
-9164
-9508
-9352
-8822
-10219
-8294
-10349
-8417
-9856
-9126
-9322
-9435
-8875
-10023
-8479
-10158
-8672
-9771
-9257
-9115
-9677
-8898
-9670
-8938
-9538
-9382
-9141
-9512
-9222
-9285
-9344
-9203
-9588
-8774
-9754
-9016
-9629
-9197
-8895
-10131
-8522
-9826
-9071
-9562
-9307
-9280
-9347
-9287
-9561
-8901
-9981
-8583
-10062
-8719
-9810
-9527
-8457
-10636
-8069
-10428
-8444
-9918
-9145
-8710
-10523
-7832
-10643
-8361
-10053
-8875
-9421
-9663
-8535
-10273
-8296
-10471
-8480
-9768
-8899
-9408
-9929
-8541
-10167
-8534
-10204
-8881
-9561
-9285
-9471
-9402
-9054
-9858
-8872
-9850
-8725
-10030
-8653
-9888
-9157
-9094
-10026
-8372
-10371
-8477
-9781
-9262
-9188
-9600
-8961
-9716
-8982
-9584
-9220
-9391
-9381
-9097
-9604
-9364
-9143
-9787
-8946
-9479
-9354
-9241
-9646
-9008
-9592
-9267
-9360
-9432
-9211
-9349
-9553
-8978
-9725
-9166
-9333
-9587
-8949
-9846
-8823
-9676
-9225
-9118
-9716
-8834
-9774
-9047
-9279
-9518
-8976
-9704
-9004
-9638
-9081
-9523
-9446
-8879
-10035
-8652
-9738
-9096
-9247
-9710
-8828
-9855
-8918
-9606
-9214
-9256
-9614
-8936
-9772
-9025
-9560
-9294
-9255
-9479
-9060
-9764
-9035
-9504
-9308
-9305
-9472
-9165
-9542
-9235
-9487
-9190
-9449
-9363
-9297
-9443
-9164
-9576
-9201
-9438
-9378
-9290
-9445
-9257
-9435
-9280
-9382
-9288
-9347
-9373
-9326
-9339
-9337
-9365
-9315
-9381
-9248
-9382
-9307
-9335
-9367
-9354
-9457
-9298
-9302
-9393
-9513
-9324
-9408
-9370
-9422
-9326
-9407
-9439
-9243
-9516
-9256
-9437
-9252
-9495
-9262
-9399
-9534
-9181
-9522
-9231
-9500
-9356
-9486
-9340
-9409
-9437
-9379
-9494
-9325
-9587
-9287
-9459
-9414
-9376
-9542
-9245
-9600
-9370
-9478
-9375
-9468
-9509
-9247
-9535
-9418
-9548
-9067
-9750
-9187
-9718
-9392
-9221
-9957
-8819
-9859
-9142
-9501
-9672
-9047
-9997
-8841
-9797
-9409
-9196
-10047
-8349
-10701
-8533
-9451
-10030
-7989
-10853
-8559
-9649
-9536
-9209
-9684
-8736
-10304
-8622
-10079
-9257
-8768
-10146
-8594
-10133
-8996
-9432
-9132
-9780
-9757
-8517
-10140
-8965
-9477
-9663
-8905
-9922
-9174
-9010
-10180
-8504
-10218
-8814
-9614
-9464
-8839
-10214
-8515
-10289
-8595
-9958
-8849
-9724
-9590
-8638
-10168
-8737
-9644
-9327
-9519
-9015
-9633
-9073
-9556
-9532
-8946
-9720
-9101
-9344
-9466
-9140
-9285
-9713
-8959
-9272
-9489
-9309
-9556
-8582
-10391
-8476
-9331
-10156
-8063
-10536
-8480
-9895
-8656
-9927
-9029
-8783
-10179
-8425
-10053
-8002
-10013
-8540
-10480
-8976
-8299
-10731
-8186
-9462
-9227
-9262
-9297
-9041
-9487
-9179
-8484
-10207
-8932
-8814
-9770
-9106
-9536
-8920
-9519
-9044
-9366
-9410
-8870
-9950
-8230
-10097
-8911
-8904
-10781
-7660
-10168
-8822
-9284
-9193
-8968
-9433
-8909
-9739
-8546
-9857
-8512
-9839
-8872
-9400
-9589
-8603
-10148
-8593
-9918
-9196
-9311
-9467
-8960
-10048
-8347
-9807
-9280
-8672
-9940
-8218
-10916
-7648
-9829
-9774
-7766
-10680
-8096
-9987
-8240
-10493
-8260
-9376
-9895
-8070
-10467
-8178
-9751
-9033
-9558
-8850
-9306
-9544
-8757
-9553
-9309
-8757
-9711
-9283
-8811
-9785
-8746
-9333
-8957
-9758
-9068
-8725
-9708
-8688
-9374
-9530
-9070
-8732
-10136
-8161
-9742
-9436
-7772
-11393
-7334
-9783
-9478
-8688
-9985
-7742
-10747
-8176
-9299
-9717
-8231
-10150
-8451
-9347
-8857
-9991
-8295
-9651
-9354
-8426
-10592
-7489
-10763
-7927
-9845
-8953
-8712
-9916
-8399
-9700
-8362
-9829
-8763
-9538
-8869
-9335
-8747
-9731
-9043
-8788
-9437
-9173
-8992
-8805
-9797
-8673
-9120
-9317
-9114
-9247
-9346
-8468
-10274
-8418
-9227
-9703
-8632
-9487
-8645
-10032
-8421
-9555
-9036
-9149
-9156
-8747
-9464
-8532
-9741
-8959
-9236
-8556
-9872
-8552
-9385
-9336
-8431
-10243
-7723
-10424
-8620
-8923
-9651
-8664
-9905
-8241
-9846
-8966
-8990
-9607
-8705
-9362
-8913
-9572
-8929
-9367
-9074
-9181
-9546
-8576
-9782
-8643
-9496
-8986
-9339
-9343
-8878
-9291
-9083
-9370
-8766
-9667
-8606
-9763
-8769
-9376
-9180
-8680
-10197
-8202
-9829
-8945
-9266
-9158
-8862
-9765
-8730
-9293
-9062
-9356
-8851
-9570
-9207
-8617
-9728
-9063
-9160
-9292
-9166
-9131
-9320
-9187
-9086
-9456
-8859
-9530
-9017
-9148
-9391
-9056
-9232
-9115
-9383
-8789
-9619
-8916
-9229
-9208
-9275
-9338
-9064
-9110
-9130
-9530
-8852
-9332
-9267
-9190
-8975
-9440
-8861
-9432
-9105
-9194
-9239
-8914
-9553
-8859
-9487
-9011
-9341
-9000
-9235
-9175
-9081
-9250
-9004
-9329
-8964
-9363
-8994
-9182
-9143
-9050
-9257
-9063
-9225
-9105
-9115
-9175
-9088
-9160
-9119
-9124
-9130
-9112
-9144
-9110
-9130
-9121
-9147
-9100
-9164
-9137
-9143
-9089
-9184
-9115
-9072
-9157
-9133
-9130
-9117
-9170
-9060
-9189
-9055
-9199
-9105
-9106
-9131
-9064
-9225
-8979
-9222
-8949
-9323
-8969
-9077
-9323
-8824
-9407
-8730
-9324
-8884
-9178
-9133
-8758
-9488
-8657
-9444
-8769
-9162
-9228
-8839
-9315
-8801
-9247
-9014
-9116
-9069
-8980
-9138
-9040
-9062
-9087
-9074
-9043
-9085
-8996
-9154
-9006
-9088
-9140
-9019
-9191
-9011
-9130
-9122
-9011
-9254
-9064
-9098
-9014
-9123
-9130
-8871
-9240
-8799
-9282
-8903
-9008
-9264
-8716
-9481
-8662
-9528
-8865
-8897
-9491
-8668
-9553
-8754
-9316
-9045
-9097
-9237
-8900
-9342
-8895
-9279
-9006
-9260
-9016
-9119
-9163
-8914
-9363
-8881
-9203
-9024
-9116
-9167
-8987
-9261
-8927
-9263
-9039
-9101
-9227
-8892
-9285
-8985
-9172
-9298
-8761
-9343
-9036
-9011
-9255
-9011
-9150
-8979
-9275
-8847
-9241
-9114
-8932
-9313
-8847
-9291
-9033
-9062
-9097
-9156
-9175
-9091
-9223
-8919
-9317
-9088
-9164
-8933
-9345
-8989
-8839
-9648
-8596
-9462
-8894
-9257
-8970
-9014
-9568
-8299
-9582
-8750
-9130
-9297
-8801
-9356
-8834
-9055
-9604
-8279
-9505
-9349
-8180
-9955
-8240
-9775
-8698
-9033
-9403
-8556
-9492
-8491
-10075
-7978
-9733
-8830
-9134
-9097
-8977
-9633
-7863
-10542
-7283
-10536
-8135
-9011
-10075
-7327
-10936
-7302
-10291
-8217
-9162
-9412
-8205
-10032
-7975
-9813
-8444
-9141
-9002
-9026
-8941
-9262
-8580
-9131
-9209
-8539
-9599
-8114
-9700
-8946
-8943
-8957
-9120
-8907
-8780
-9267
-8683
-9217
-8757
-9173
-8608
-9234
-8855
-8971
-9244
-8572
-9352
-8520
-9223
-9015
-8751
-9101
-8737
-9213
-8782
-8998
-8727
-9255
-8698
-8704
-9539
-8024
-9601
-8830
-8538
-9514
-8518
-9467
-8574
-9023
-9498
-8023
-9820
-8761
-8351
-9897
-8137
-9407
-8791
-8969
-9186
-8556
-9565
-8395
-9339
-8621
-8964
-9262
-8472
-9313
-8619
-9182
-8785
-8895
-9122
-8898
-9108
-8609
-9455
-8664
-9000
-8960
-8784
-9385
-8262
-9173
-8933
-8675
-9441
-8560
-9027
-9364
-8449
-9499
-8593
-9612
-7958
-9177
-10022
-7050
-10730
-7707
-9475
-8438
-10332
-8191
-8396
-10435
-6843
-11178
-7127
-10252
-8039
-9555
-8700
-8733
-9550
-8157
-9699
-8183
-9615
-8679
-9179
-8604
-9539
-7865
-10742
-7489
-9854
-8231
-9407
-9542
-7684
-10467
-7432
-10609
-7612
-9971
-8582
-9165
-8895
-8976
-9020
-8731
-9495
-8372
-9600
-8274
-9461
-8626
-8901
-9472
-8647
-9055
