04051208.PTO
COCE
2012/04/05 12:08:09.2400
100.0000 m/s  
8096 muestras
-9371
-9355
-9359
-9378
-9373
-9360
-9347
-9342
-9354
-9353
-9322
-9339
-9342
-9348
-9355
-9378
-9377
-9366
-9356
-9342
-9321
-9316
-9311
-9329
-9355
-9344
-9356
-9344
-9334
-9319
-9330
-9324
-9329
-9341
-9346
-9358
-9376
-9355
-9343
-9347
-9340
-9367
-9341
-9338
-9344
-9351
-9349
-9339
-9335
-9322
-9322
-9313
-9311
-9319
-9337
-9336
-9343
-9320
-9324
-9317
-9325
-9319
-9316
-9341
-9348
-9336
-9327
-9331
-9319
-9336
-9308
-9347
-9346
-9377
-9354
-9327
-9339
-9335
-9339
-9322
-9346
-9321
-9339
-9341
-9331
-9323
-9326
-9337
-9345
-9340
-9343
-9353
-9335
-9344
-9331
-9331
-9324
-9302
-9315
-9303
-9327
-9330
-9329
-9338
-9339
-9332
-9319
-9341
-9353
-9358
-9361
-9352
-9357
-9370
-9364
-9386
-9386
-9394
-9374
-9363
-9364
-9372
-9370
-9367
-9361
-9367
-9364
-9350
-9339
-9335
-9360
-9336
-9373
-9365
-9384
-9372
-9372
-9361
-9357
-9366
-9364
-9376
-9366
-9386
-9367
-9382
-9369
-9413
-9396
-9410
-9415
-9395
-9376
-9394
-9386
-9389
-9405
-9391
-9411
-9378
-9395
-9361
-9372
-9354
-9377
-9382
-9380
-9352
-9357
-9352
-9345
-9379
-9354
-9388
-9398
-9418
-9401
-9441
-9427
-9411
-9413
-9395
-9422
-9410
-9398
-9405
-9392
-9389
-9389
-9357
-9335
-9329
-9343
-9369
-9366
-9337
-9346
-9349
-9355
-9354
-9379
-9383
-9393
-9399
-9398
-9399
-9394
-9443
-9418
-9427
-9433
-9421
-9437
-9438
-9436
-9431
-9426
-9411
-9396
-9391
-9386
-9387
-9395
-9383
-9374
-9353
-9370
-9364
-9370
-9377
-9364
-9380
-9374
-9377
-9385
-9396
-9406
-9413
-9419
-9412
-9407
-9402
-9412
-9428
-9411
-9401
-9409
-9402
-9416
-9427
-9423
-9416
-9409
-9412
-9395
-9403
-9400
-9413
-9398
-9398
-9396
-9385
-9399
-9383
-9381
-9379
-9382
-9390
-9394
-9368
-9384
-9391
-9399
-9394
-9399
-9382
-9390
-9383
-9381
-9387
-9385
-9410
-9386
-9398
-9375
-9395
-9393
-9405
-9392
-9390
-9382
-9385
-9392
-9382
-9391
-9412
-9429
-9399
-9415
-9388
-9399
-9398
-9393
-9394
-9411
-9396
-9407
-9408
-9380
-9378
-9394
-9397
-9386
-9419
-9415
-9420
-9408
-9413
-9391
-9379
-9383
-9388
-9372
-9370
-9385
-9383
-9407
-9394
-9396
-9372
-9371
-9376
-9378
-9384
-9383
-9396
-9401
-9417
-9406
-9420
-9403
-9404
-9401
-9414
-9423
-9418
-9412
-9406
-9420
-9408
-9419
-9433
-9433
-9437
-9432
-9419
-9423
-9428
-9442
-9449
-9463
-9434
-9438
-9418
-9438
-9435
-9434
-9423
-9424
-9427
-9417
-9404
-9400
-9415
-9406
-9427
-9400
-9426
-9409
-9420
-9394
-9409
-9404
-9405
-9434
-9441
-9435
-9419
-9419
-9395
-9403
-9397
-9431
-9436
-9451
-9443
-9434
-9431
-9432
-9411
-9410
-9436
-9423
-9434
-9434
-9421
-9410
-9394
-9404
-9395
-9388
-9425
-9431
-9426
-9441
-9434
-9438
-9446
-9432
-9440
-9434
-9432
-9421
-9406
-9415
-9404
-9410
-9398
-9399
-9404
-9408
-9408
-9408
-9425
-9429
-9424
-9429
-9438
-9440
-9439
-9400
-9429
-9398
-9397
-9413
-9408
-9433
-9414
-9423
-9407
-9384
-9375
-9387
-9392
-9407
-9413
-9404
-9392
-9416
-9400
-9385
-9406
-9397
-9401
-9396
-9394
-9375
-9374
-9367
-9375
-9378
-9362
-9357
-9363
-9365
-9354
-9365
-9343
-9328
-9330
-9316
-9316
-9357
-9358
-9362
-9360
-9346
-9362
-9358
-9338
-9314
-9333
-9338
-9321
-9324
-9306
-9329
-9367
-9361
-9344
-9351
-9354
-9345
-9362
-9347
-9366
-9370
-9375
-9337
-9365
-9358
-9331
-9344
-9363
-9368
-9364
-9385
-9328
-9371
-9347
-9340
-9351
-9367
-9359
-9376
-9356
-9347
-9367
-9354
-9351
-9316
-9352
-9349
-9364
-9354
-9389
-9347
-9367
-9349
-9353
-9386
-9361
-9380
-9358
-9380
-9329
-9368
-9338
-9345
-9339
-9342
-9313
-9347
-9381
-9337
-9397
-9359
-9388
-9364
-9398
-9376
-9393
-9382
-9368
-9385
-9333
-9354
-9351
-9389
-9328
-9390
-9370
-9375
-9400
-9391
-9405
-9376
-9419
-9367
-9421
-9377
-9388
-9365
-9385
-9399
-9397
-9403
-9368
-9419
-9392
-9415
-9395
-9458
-9427
-9456
-9425
-9413
-9403
-9396
-9414
-9403
-9407
-9377
-9429
-9398
-9423
-9410
-9422
-9395
-9397
-9379
-9390
-9433
-9425
-9444
-9436
-9442
-9430
-9469
-9450
-9440
-9452
-9452
-9453
-9497
-9490
-9467
-9504
-9460
-9441
-9425
-9426
-9428
-9424
-9399
-9421
-9425
-9434
-9436
-9411
-9425
-9402
-9433
-9425
-9439
-9474
-9476
-9453
-9481
-9469
-9433
-9458
-9462
-9480
-9481
-9496
-9487
-9505
-9476
-9459
-9480
-9445
-9442
-9449
-9461
-9437
-9446
-9432
-9416
-9416
-9448
-9423
-9434
-9432
-9414
-9461
-9448
-9455
-9447
-9453
-9427
-9465
-9443
-9436
-9450
-9467
-9447
-9461
-9468
-9444
-9428
-9418
-9442
-9436
-9450
-9440
-9424
-9400
-9390
-9365
-9402
-9370
-9377
-9386
-9392
-9381
-9402
-9381
-9391
-9414
-9410
-9414
-9401
-9430
-9419
-9446
-9383
-9391
-9397
-9414
-9413
-9415
-9382
-9369
-9359
-9343
-9344
-9341
-9371
-9355
-9363
-9343
-9364
-9352
-9377
-9346
-9352
-9368
-9347
-9357
-9356
-9335
-9325
-9342
-9297
-9342
-9349
-9360
-9358
-9354
-9330
-9300
-9326
-9320
-9323
-9312
-9318
-9329
-9327
-9304
-9304
-9309
-9308
-9315
-9347
-9324
-9318
-9348
-9327
-9324
-9331
-9307
-9309
-9315
-9297
-9324
-9326
-9295
-9300
-9303
-9275
-9271
-9270
-9261
-9264
-9257
-9255
-9264
-9271
-9264
-9260
-9244
-9246
-9270
-9262
-9265
-9271
-9301
-9258
-9284
-9271
-9255
-9279
-9299
-9295
-9276
-9292
-9256
-9263
-9234
-9257
-9260
-9253
-9241
-9268
-9243
-9245
-9241
-9206
-9210
-9210
-9217
-9207
-9229
-9212
-9231
-9208
-9216
-9220
-9209
-9227
-9239
-9256
-9226
-9239
-9242
-9220
-9213
-9205
-9212
-9183
-9173
-9174
-9178
-9188
-9206
-9188
-9194
-9194
-9186
-9198
-9207
-9228
-9224
-9241
-9214
-9202
-9199
-9209
-9182
-9181
-9189
-9184
-9212
-9201
-9178
-9158
-9166
-9150
-9152
-9148
-9175
-9176
-9173
-9168
-9166
-9172
-9166
-9163
-9151
-9167
-9163
-9174
-9170
-9184
-9167
-9198
-9194
-9192
-9158
-9145
-9165
-9172
-9179
-9148
-9172
-9166
-9175
-9156
-9183
-9176
-9176
-9153
-9178
-9179
-9203
-9204
-9192
-9197
-9189
-9213
-9189
-9199
-9176
-9196
-9187
-9227
-9204
-9223
-9196
-9216
-9211
-9200
-9216
-9194
-9216
-9183
-9217
-9200
-9213
-9204
-9227
-9209
-9218
-9209
-9215
-9217
-9217
-9213
-9202
-9226
-9208
-9217
-9227
-9241
-9239
-9235
-9220
-9227
-9234
-9256
-9238
-9255
-9248
-9247
-9230
-9221
-9225
-9231
-9240
-9235
-9253
-9237
-9227
-9197
-9183
-9198
-9236
-9226
-9247
-9244
-9226
-9203
-9204
-9221
-9233
-9228
-9240
-9239
-9229
-9240
-9215
-9238
-9216
-9241
-9247
-9233
-9218
-9250
-9238
-9242
-9246
-9235
-9263
-9251
-9245
-9218
-9234
-9195
-9219
-9232
-9258
-9268
-9276
-9280
-9263
-9255
-9230
-9228
-9228
-9249
-9273
-9286
-9262
-9262
-9227
-9239
-9251
-9251
-9277
-9270
-9260
-9264
-9234
-9227
-9241
-9233
-9238
-9272
-9259
-9268
-9297
-9308
-9282
-9276
-9297
-9286
-9310
-9315
-9315
-9301
-9324
-9276
-9275
-9276
-9315
-9304
-9295
-9273
-9275
-9274
-9247
-9276
-9239
-9288
-9268
-9296
-9268
-9293
-9286
-9299
-9287
-9269
-9295
-9262
-9280
-9275
-9302
-9272
-9283
-9305
-9318
-9293
-9300
-9297
-9289
-9316
-9305
-9306
-9296
-9299
-9294
-9301
-9297
-9302
-9304
-9292
-9299
-9314
-9319
-9303
-9316
-9289
-9313
-9299
-9291
-9305
-9304
-9300
-9302
-9311
-9286
-9330
-9347
-9387
-9377
-9365
-9348
-9361
-9400
-9456
-9487
-9529
-9571
-9555
-9541
-9517
-9536
-9536
-9566
-9611
-9656
-9687
-9741
-9738
-9701
-9705
-9656
-9598
-9556
-9533
-9539
-9589
-9594
-9586
-9508
-9343
-9192
-9058
-8998
-8965
-9035
-9061
-9087
-9065
-9064
-8986
-8899
-8862
-8852
-8895
-8939
-9077
-9220
-9341
-9317
-9292
-9239
-9228
-9199
-9246
-9332
-9483
-9559
-9563
-9527
-9482
-9403
-9268
-9172
-9129
-9148
-9056
-9026
-8978
-8933
-8849
-8843
-8821
-8856
-8900
-8931
-9004
-9042
-9089
-9108
-9167
-9260
-9363
-9472
-9631
-9805
-9949
-10006
-10022
-10021
-9969
-9901
-9864
-9845
-9820
-9786
-9713
-9618
-9502
-9373
-9244
-9116
-8978
-8859
-8795
-8708
-8686
-8652
-8612
-8603
-8652
-8700
-8799
-8833
-8871
-8915
-8996
-9094
-9179
-9346
-9499
-9687
-9805
-9926
-9948
-10003
-9966
-9942
-9857
-9824
-9798
-9794
-9722
-9666
-9719
-9704
-9762
-9711
-9665
-9507
-9370
-9116
-9017
-8933
-8919
-8944
-8982
-8979
-8862
-8754
-8607
-8621
-8620
-8670
-8685
-8784
-8914
-9029
-9072
-9145
-9192
-9228
-9228
-9249
-9295
-9293
-9338
-9340
-9397
-9450
-9600
-9774
-9987
-10141
-10177
-10153
-9997
-9819
-9660
-9564
-9522
-9580
-9703
-9764
-9727
-9618
-9467
-9288
-9149
-9067
-9013
-8989
-8963
-8903
-8850
-8781
-8700
-8580
-8473
-8420
-8398
-8417
-8448
-8588
-8818
-9052
-9170
-9198
-9196
-9223
-9249
-9278
-9302
-9343
-9451
-9497
-9549
-9637
-9777
-9869
-9927
-9912
-9893
-9841
-9754
-9663
-9526
-9383
-9254
-9122
-8985
-8943
-8923
-8897
-8875
-8941
-8990
-9034
-9022
-9006
-9016
-9089
-9157
-9213
-9238
-9202
-9180
-9214
-9373
-9580
-9748
-9773
-9698
-9546
-9458
-9520
-9729
-9860
-9822
-9667
-9394
-9105
-8890
-8828
-8948
-9011
-9009
-8948
-8919
-8954
-9028
-9095
-9085
-9031
-8951
-8920
-8925
-9011
-9047
-9075
-9102
-9188
-9282
-9450
-9619
-9735
-9768
-9717
-9648
-9574
-9464
-9369
-9394
-9485
-9597
-9571
-9373
-9079
-8917
-8865
-8955
-9123
-9297
-9423
-9490
-9438
-9346
-9235
-9179
-9208
-9269
-9298
-9209
-9152
-9069
-9059
-9099
-9221
-9261
-9283
-9323
-9355
-9279
-9107
-9008
-8879
-8787
-8720
-8757
-8793
-8873
-8940
-8963
-9025
-9067
-9135
-9162
-9153
-9115
-9078
-9072
-9109
-9165
-9193
-9254
-9306
-9327
-9283
-9268
-9273
-9357
-9517
-9602
-9666
-9724
-9743
-9653
-9560
-9384
-9300
-9299
-9318
-9319
-9269
-9161
-9057
-9080
-9078
-9126
-9119
-9133
-9080
-9024
-8906
-8824
-8779
-8737
-8775
-8827
-8937
-9025
-9149
-9208
-9321
-9394
-9442
-9441
-9479
-9561
-9674
-9722
-9673
-9604
-9501
-9484
-9431
-9408
-9324
-9293
-9241
-9209
-9222
-9214
-9184
-9072
-8992
-8860
-8705
-8458
-8305
-8239
-8318
-8475
-8631
-8716
-8703
-8734
-8761
-8850
-8908
-9046
-9133
-9219
-9243
-9258
-9225
-9237
-9292
-9381
-9495
-9577
-9650
-9639
-9660
-9667
-9757
-9808
-9849
-9782
-9725
-9626
-9565
-9474
-9354
-9238
-9140
-9136
-9144
-9179
-9164
-9160
-9078
-9000
-8859
-8743
-8667
-8696
-8749
-8736
-8716
-8725
-8729
-8764
-8897
-9000
-9091
-9207
-9295
-9305
-9327
-9332
-9384
-9502
-9581
-9624
-9590
-9509
-9458
-9472
-9489
-9556
-9653
-9670
-9634
-9580
-9485
-9381
-9302
-9226
-9192
-9133
-9061
-8922
-8867
-8810
-8795
-8792
-8749
-8733
-8743
-8761
-8778
-8809
-8755
-8664
-8586
-8605
-8701
-8912
-9082
-9237
-9300
-9300
-9263
-9263
-9305
-9417
-9570
-9681
-9705
-9716
-9702
-9602
-9568
-9556
-9589
-9578
-9545
-9486
-9495
-9507
-9514
-9531
-9559
-9571
-9563
-9505
-9414
-9389
-9333
-9263
-9226
-9149
-9085
-9079
-9115
-9161
-9204
-9168
-9082
-8994
-8866
-8792
-8763
-8794
-8799
-8803
-8785
-8811
-8876
-8961
-9012
-9031
-9051
-9048
-9085
-9170
-9282
-9403
-9509
-9504
-9455
-9416
-9375
-9385
-9452
-9509
-9576
-9625
-9598
-9538
-9489
-9445
-9440
-9389
-9325
-9225
-9143
-9019
-8955
-8905
-8874
-8894
-8886
-8933
-8939
-9011
-8991
-8977
-8952
-8938
-8932
-8972
-9004
-9077
-9166
-9244
-9313
-9298
-9329
-9364
-9472
-9509
-9574
-9594
-9601
-9586
-9551
-9515
-9507
-9520
-9488
-9478
-9370
-9305
-9267
-9305
-9344
-9371
-9370
-9310
-9267
-9129
-9022
-8931
-8938
-8951
-8963
-8977
-8959
-8956
-8987
-9056
-9124
-9237
-9274
-9332
-9350
-9348
-9311
-9252
-9193
-9197
-9227
-9260
-9310
-9340
-9369
-9361
-9330
-9237
-9191
-9172
-9234
-9299
-9334
-9310
-9267
-9191
-9110
-9074
-9081
-9140
-9218
-9289
-9287
-9305
-9298
-9320
-9358
-9398
-9433
-9423
-9361
-9320
-9294
-9247
-9234
-9260
-9296
-9323
-9352
-9342
-9338
-9327
-9309
-9238
-9153
-9108
-9026
-8971
-8928
-8942
-8972
-9012
-9016
-9067
-9085
-9048
-9100
-9110
-9126
-9177
-9258
-9292
-9401
-9458
-9473
-9474
-9463
-9422
-9402
-9425
-9465
-9604
-9685
-9719
-9695
-9668
-9561
-9524
-9456
-9394
-9361
-9285
-9209
-9128
-9094
-9051
-9088
-9059
-9079
-9081
-9059
-9002
-8959
-8932
-8895
-8935
-8977
-9021
-9071
-9165
-9179
-9261
-9280
-9354
-9425
-9457
-9447
-9481
-9533
-9551
-9575
-9526
-9536
-9490
-9459
-9362
-9332
-9257
-9232
-9194
-9209
-9247
-9273
-9319
-9312
-9252
-9127
-9039
-8937
-8942
-8950
-9023
-9094
-9134
-9138
-9130
-9150
-9207
-9256
-9294
-9324
-9316
-9299
-9255
-9212
-9224
-9269
-9327
-9372
-9399
-9400
-9408
-9379
-9377
-9397
-9393
-9454
-9509
-9544
-9538
-9520
-9452
-9417
-9325
-9265
-9235
-9235
-9242
-9279
-9317
-9308
-9295
-9241
-9226
-9212
-9224
-9163
-9131
-9106
-9065
-9061
-9087
-9121
-9179
-9235
-9222
-9208
-9215
-9219
-9277
-9345
-9374
-9367
-9356
-9314
-9287
-9301
-9315
-9383
-9412
-9416
-9403
-9424
-9390
-9374
-9341
-9330
-9314
-9317
-9331
-9279
-9242
-9179
-9160
-9129
-9162
-9156
-9233
-9294
-9384
-9400
-9398
-9361
-9323
-9269
-9228
-9252
-9227
-9282
-9258
-9263
-9236
-9264
-9238
-9272
-9277
-9306
-9280
-9209
-9169
-9155
-9196
-9235
-9272
-9243
-9257
-9213
-9238
-9256
-9298
-9335
-9360
-9388
-9383
-9380
-9336
-9322
-9315
-9308
-9286
-9242
-9216
-9194
-9169
-9162
-9163
-9166
-9215
-9234
-9281
-9287
-9292
-9234
-9188
-9177
-9163
-9179
-9181
-9209
-9228
-9253
-9249
-9241
-9209
-9229
-9239
-9279
-9310
-9343
-9328
-9292
-9240
-9237
-9264
-9296
-9320
-9324
-9346
-9327
-9301
-9290
-9318
-9335
-9386
-9378
-9368
-9325
-9298
-9248
-9222
-9186
-9166
-9168
-9167
-9199
-9208
-9251
-9268
-9280
-9255
-9247
-9207
-9168
-9109
-9091
-9098
-9108
-9119
-9155
-9193
-9226
-9239
-9228
-9249
-9211
-9241
-9281
-9336
-9366
-9387
-9376
-9357
-9357
-9351
-9356
-9396
-9477
-9500
-9536
-9531
-9525
-9456
-9448
-9453
-9450
-9467
-9432
-9381
-9287
-9223
-9170
-9160
-9131
-9185
-9185
-9210
-9193
-9173
-9148
-9120
-9111
-9068
-9076
-9057
-9093
-9112
-9149
-9158
-9229
-9242
-9280
-9305
-9373
-9414
-9454
-9472
-9481
-9512
-9513
-9555
-9565
-9590
-9595
-9610
-9564
-9539
-9536
-9538
-9524
-9563
-9493
-9440
-9371
-9298
-9258
-9227
-9186
-9182
-9146
-9061
-9069
-9077
-9098
-9147
-9228
-9239
-9273
-9286
-9266
-9229
-9266
-9280
-9327
-9344
-9358
-9409
-9482
-9492
-9455
-9437
-9381
-9406
-9394
-9393
-9407
-9449
-9425
-9384
-9346
-9308
-9302
-9308
-9300
-9330
-9371
-9350
-9341
-9344
-9352
-9386
-9416
-9372
-9358
-9308
-9240
-9208
-9212
-9197
-9208
-9231
-9226
-9218
-9208
-9197
-9219
-9223
-9211
-9196
-9167
-9151
-9138
-9174
-9189
-9243
-9284
-9311
-9316
-9368
-9368
-9386
-9398
-9389
-9413
-9428
-9448
-9436
-9432
-9376
-9345
-9276
-9233
-9218
-9240
-9261
-9303
-9290
-9255
-9238
-9174
-9140
-9133
-9150
-9128
-9135
-9130
-9092
-9076
-9089
-9106
-9157
-9207
-9234
-9255
-9229
-9197
-9196
-9190
-9193
-9216
-9196
-9195
-9194
-9210
-9225
-9268
-9288
-9298
-9298
-9280
-9270
-9277
-9287
-9269
-9302
-9278
-9266
-9214
-9192
-9137
-9128
-9128
-9114
-9140
-9179
-9222
-9205
-9222
-9156
-9127
-9072
-9043
-9043
-9054
-9077
-9100
-9124
-9119
-9148
-9164
-9181
-9232
-9274
-9299
-9328
-9316
-9270
-9215
-9192
-9188
-9193
-9207
-9226
-9208
-9205
-9168
-9150
-9157
-9166
-9183
-9203
-9204
-9203
-9204
-9175
-9187
-9165
-9174
-9155
-9132
-9141
-9181
-9193
-9216
-9248
-9242
-9243
-9215
-9185
-9156
-9118
-9078
-9076
-9050
-9036
-9056
-9089
-9086
-9115
-9133
-9146
-9138
-9157
-9191
-9193
-9214
-9235
-9215
-9193
-9225
-9209
-9261
-9290
-9340
-9333
-9317
-9300
-9282
-9275
-9291
-9305
-9287
-9294
-9216
-9208
-9111
-9080
-9075
-9042
-9055
-9104
-9084
-9129
-9177
-9147
-9180
-9156
-9121
-9098
-9133
-9120
-9146
-9166
-9194
-9207
-9271
-9268
-9279
-9327
-9338
-9330
-9313
-9284
-9245
-9261
-9214
-9224
-9215
-9226
-9206
-9216
-9177
-9189
-9223
-9237
-9286
-9283
-9265
-9227
-9214
-9179
-9207
-9228
-9226
-9177
-9142
-9113
-9101
-9131
-9160
-9211
-9258
-9301
-9297
-9274
-9223
-9168
-9164
-9146
-9151
-9168
-9204
-9257
-9306
-9298
-9283
-9291
-9289
-9333
-9361
-9391
-9378
-9361
-9313
-9281
-9256
-9219
-9216
-9238
-9245
-9234
-9235
-9203
-9181
-9173
-9177
-9201
-9226
-9207
-9178
-9130
-9093
-9066
-9061
-9085
-9116
-9143
-9167
-9186
-9247
-9268
-9273
-9302
-9303
-9294
-9279
-9260
-9230
-9235
-9220
-9218
-9237
-9259
-9287
-9302
-9301
-9287
-9250
-9240
-9235
-9240
-9250
-9274
-9260
-9231
-9184
-9157
-9151
-9176
-9226
-9251
-9296
-9297
-9290
-9254
-9248
-9250
-9274
-9276
-9268
-9215
-9182
-9133
-9100
-9090
-9135
-9180
-9225
-9265
-9242
-9221
-9168
-9165
-9121
-9134
-9114
-9106
-9099
-9107
-9116
-9156
-9160
-9182
-9181
-9188
-9209
-9220
-9228
-9220
-9253
-9214
-9248
-9232
-9247
-9245
-9230
-9209
-9229
-9235
-9264
-9309
-9324
-9358
-9335
-9313
-9264
-9229
-9225
-9199
-9197
-9187
-9181
-9174
-9136
-9101
-9074
-9097
-9109
-9169
-9187
-9168
-9124
-9076
-9010
-8989
-8997
-9014
-9051
-9079
-9120
-9139
-9149
-9149
-9178
-9197
-9211
-9239
-9265
-9273
-9276
-9265
-9242
-9208
-9216
-9196
-9216
-9236
-9240
-9232
-9207
-9206
-9211
-9225
-9192
-9195
-9164
-9115
-9070
-9042
-9012
-9022
-9043
-9082
-9118
-9129
-9140
-9133
-9131
-9127
-9164
-9160
-9157
-9142
-9129
-9101
-9109
-9119
-9140
-9170
-9207
-9224
-9215
-9187
-9175
-9189
-9200
-9199
-9181
-9204
-9166
-9164
-9128
-9124
-9078
-9070
-9074
-9096
-9114
-9116
-9158
-9146
-9140
-9106
-9099
-9070
-9083
-9071
-9080
-9072
-9062
-9063
-9076
-9123
-9159
-9205
-9236
-9231
-9209
-9203
-9154
-9132
-9134
-9125
-9123
-9133
-9136
-9163
-9163
-9152
-9147
-9149
-9142
-9107
-9078
-9069
-9070
-9049
-9038
-9038
-9042
-9015
-9011
-9000
-8972
-8993
-9039
-9075
-9135
-9174
-9164
-9160
-9160
-9137
-9115
-9116
-9106
-9126
-9158
-9171
-9203
-9222
-9193
-9202
-9215
-9228
-9252
-9246
-9208
-9178
-9159
-9099
-9082
-9077
-9079
-9090
-9093
-9085
-9064
-9079
-9059
-9069
-9076
-9064
-9066
-9063
-9057
-9047
-9062
-9058
-9048
-9050
-9041
-9063
-9099
-9124
-9157
-9167
-9177
-9191
-9195
-9181
-9173
-9165
-9148
-9140
-9136
-9130
-9143
-9170
-9195
-9224
-9229
-9243
-9217
-9186
-9167
-9143
-9158
-9130
-9125
-9104
-9111
-9104
-9107
-9134
-9155
-9183
-9181
-9203
-9192
-9197
-9187
-9196
-9185
-9197
-9198
-9201
-9168
-9132
-9124
-9108
-9145
-9174
-9216
-9240
-9264
-9257
-9255
-9222
-9194
-9159
-9133
-9130
-9127
-9129
-9151
-9156
-9154
-9184
-9188
-9229
-9241
-9256
-9245
-9234
-9225
-9214
-9218
-9234
-9250
-9252
-9275
-9244
-9242
-9231
-9279
-9313
-9323
-9319
-9287
-9304
-9276
-9263
-9244
-9243
-9240
-9238
-9226
-9218
-9199
-9188
-9209
-9228
-9259
-9284
-9284
-9258
-9263
-9239
-9206
-9188
-9143
-9152
-9178
-9183
-9209
-9226
-9229
-9247
-9257
-9251
-9267
-9283
-9302
-9276
-9307
-9286
-9265
-9257
-9252
-9279
-9283
-9292
-9300
-9341
-9298
-9326
-9326
-9323
-9309
-9321
-9294
-9267
-9252
-9187
-9192
-9168
-9183
-9169
-9199
-9195
-9223
-9242
-9226
-9268
-9273
-9274
-9272
-9281
-9259
-9270
-9262
-9269
-9295
-9318
-9361
-9357
-9353
-9332
-9350
-9338
-9326
-9320
-9328
-9321
-9309
-9282
-9195
-9206
-9185
-9192
-9193
-9243
-9264
-9286
-9260
-9203
-9195
-9180
-9212
-9204
-9226
-9204
-9225
-9166
-9154
-9136
-9155
-9200
-9239
-9304
-9304
-9313
-9299
-9309
-9271
-9268
-9236
-9255
-9269
-9265
-9271
-9276
-9260
-9274
-9273
-9257
-9271
-9263
-9274
-9250
-9252
-9238
-9232
-9223
-9223
-9213
-9204
-9206
-9227
-9239
-9244
-9247
-9265
-9272
-9285
-9286
-9257
-9256
-9233
-9200
-9189
-9194
-9182
-9202
-9199
-9204
-9198
-9231
-9244
-9291
-9298
-9305
-9291
-9247
-9221
-9202
-9203
-9171
-9224
-9219
-9253
-9242
-9246
-9230
-9252
-9249
-9225
-9230
-9224
-9233
-9230
-9230
-9219
-9239
-9214
-9220
-9203
-9222
-9204
-9230
-9249
-9247
-9248
-9251
-9262
-9218
-9210
-9192
-9185
-9161
-9155
-9148
-9159
-9182
-9207
-9241
-9228
-9244
-9246
-9240
-9249
-9254
-9238
-9228
-9210
-9179
-9185
-9159
-9173
-9194
-9223
-9229
-9206
-9211
-9197
-9191
-9174
-9168
-9175
-9191
-9186
-9172
-9176
-9153
-9151
-9154
-9164
-9172
-9199
-9212
-9232
-9226
-9198
-9186
-9169
-9180
-9166
-9169
-9152
-9159
-9153
-9149
-9146
-9153
-9179
-9198
-9215
-9199
-9191
-9189
-9175
-9159
-9144
-9129
-9143
-9147
-9160
-9159
-9163
-9159
-9170
-9183
-9184
-9171
-9166
-9168
-9172
-9169
-9143
-9160
-9147
-9147
-9125
-9119
-9116
-9119
-9135
-9165
-9198
-9193
-9190
-9177
-9180
-9160
-9157
-9122
-9107
-9112
-9137
-9128
-9133
-9143
-9138
-9168
-9179
-9184
-9172
-9189
-9173
-9162
-9146
-9142
-9116
-9125
-9135
-9137
-9127
-9137
-9154
-9146
-9158
-9134
-9138
-9143
-9174
-9152
-9138
-9133
-9122
-9106
-9100
-9115
-9133
-9154
-9157
-9164
-9184
-9209
-9207
-9210
-9186
-9179
-9172
-9157
-9144
-9152
-9169
-9165
-9169
-9163
-9161
-9172
-9193
-9187
-9171
-9175
-9182
-9172
-9175
-9164
-9142
-9145
-9123
-9118
-9116
-9139
-9153
-9160
-9173
-9180
-9172
-9178
-9190
-9203
-9204
-9209
-9208
-9198
-9177
-9155
-9143
-9150
-9181
-9190
-9213
-9228
-9260
-9231
-9244
-9224
-9205
-9178
-9178
-9167
-9171
-9177
-9161
-9174
-9162
-9178
-9178
-9184
-9187
-9185
-9160
-9170
-9144
-9153
-9162
-9166
-9151
-9169
-9161
-9168
-9180
-9194
-9197
-9218
-9238
-9219
-9226
-9209
-9195
-9194
-9189
-9191
-9201
-9199
-9198
-9171
-9153
-9140
-9172
-9185
-9222
-9228
-9259
-9225
-9206
-9181
-9168
-9173
-9167
-9189
-9201
-9210
-9211
-9201
-9191
-9217
-9214
-9249
-9235
-9238
-9236
-9217
-9197
-9203
-9169
-9180
-9180
-9190
-9201
-9208
-9216
-9210
-9231
-9223
-9243
-9230
-9241
-9223
-9242
-9229
-9194
-9201
-9205
-9218
-9204
-9213
-9217
-9225
-9223
-9251
-9281
-9282
-9290
-9273
-9251
-9237
-9228
-9210
-9223
-9218
-9235
-9245
-9259
-9260
-9250
-9234
-9219
-9203
-9204
-9203
-9210
-9217
-9214
-9205
-9194
-9194
-9192
-9192
-9199
-9221
-9209
-9233
-9228
-9241
-9215
-9226
-9220
-9264
-9233
-9251
-9225
-9225
-9205
-9204
-9204
-9190
-9243
-9230
-9281
-9220
-9257
-9213
-9216
-9190
-9206
-9181
-9207
-9184
-9179
-9167
-9175
-9222
-9216
-9257
-9242
-9270
-9236
-9227
-9215
-9222
-9213
-9246
-9237
-9244
-9220
-9219
-9216
-9251
-9237
-9257
-9262
-9270
-9279
-9279
-9293
-9272
-9295
-9260
-9273
-9263
-9308
-9294
-9288
-9264
-9280
-9295
-9299
-9310
-9310
-9333
-9318
-9312
-9261
-9251
-9245
-9251
-9259
-9271
-9289
-9302
-9320
-9315
-9310
-9303
-9311
-9319
-9318
-9328
-9341
-9333
-9317
-9316
-9320
-9316
-9322
-9334
-9337
-9317
-9334
-9333
-9336
-9347
-9351
-9352
-9348
-9352
-9326
-9322
-9295
-9324
-9328
-9338
-9353
-9354
-9366
-9387
-9404
-9398
-9401
-9390
-9392
-9371
-9373
-9350
-9351
-9362
-9358
-9364
-9368
-9377
-9403
-9408
-9395
-9382
-9384
-9377
-9353
-9378
-9391
-9386
-9378
-9362
-9353
-9364
-9340
-9317
-9341
-9350
-9363
-9405
-9387
-9363
-9357
-9335
-9303
-9321
-9326
-9319
-9332
-9330
-9328
-9338
-9351
-9345
-9358
-9348
-9350
-9342
-9348
-9318
-9347
-9319
-9322
-9326
-9303
-9327
-9338
-9345
-9324
-9360
-9353
-9360
-9367
-9359
-9332
-9360
-9335
-9323
-9337
-9317
-9320
-9321
-9309
-9297
-9301
-9326
-9325
-9334
-9324
-9333
-9312
-9297
-9280
-9263
-9282
-9273
-9315
-9316
-9353
-9327
-9322
-9316
-9342
-9330
-9333
-9365
-9342
-9335
-9326
-9309
-9289
-9290
-9311
-9322
-9300
-9337
-9332
-9340
-9356
-9347
-9334
-9333
-9333
-9342
-9347
-9342
-9331
-9326
-9343
-9324
-9343
-9326
-9338
-9351
-9353
-9373
-9352
-9361
-9352
-9372
-9355
-9345
-9319
-9313
-9289
-9302
-9299
-9321
-9352
-9346
-9361
-9341
-9357
-9326
-9349
-9340
-9357
-9360
-9360
-9330
-9347
-9330
-9323
-9361
-9344
-9367
-9365
-9403
-9372
-9385
-9354
-9336
-9340
-9339
-9351
-9360
-9337
-9337
-9335
-9293
-9325
-9317
-9358
-9343
-9386
-9381
-9373
-9377
-9366
-9359
-9345
-9346
-9328
-9338
-9326
-9355
-9356
-9394
-9380
-9411
-9405
-9393
-9411
-9399
-9409
-9408
-9426
-9421
-9405
-9372
-9355
-9357
-9355
-9366
-9387
-9410
-9416
-9413
-9400
-9389
-9379
-9355
-9352
-9354
-9373
-9347
-9356
-9351
-9325
-9332
-9335
-9360
-9374
-9395
-9392
-9395
-9392
-9375
-9375
-9359
-9362
-9365
-9363
-9373
-9382
-9376
-9385
-9396
-9408
-9403
-9410
-9410
-9384
-9387
-9379
-9358
-9340
-9339
-9350
-9354
-9365
-9366
-9349
-9357
-9354
-9372
-9370
-9359
-9352
-9355
-9347
-9342
-9331
-9326
-9338
-9367
-9367
-9363
-9372
-9353
-9381
-9387
-9397
-9411
-9418
-9417
-9396
-9389
-9360
-9357
-9360
-9354
-9374
-9387
-9391
-9372
-9368
-9353
-9355
-9359
-9366
-9359
-9402
-9395
-9391
-9382
-9363
-9371
-9354
-9376
-9344
-9390
-9406
-9423
-9416
-9409
-9410
-9395
-9385
-9377
-9385
-9390
-9403
-9385
-9406
-9389
-9414
-9419
-9443
-9447
-9442
-9466
-9441
-9447
-9430
-9456
-9444
-9439
-9436
-9428
-9409
-9412
-9402
-9384
-9416
-9420
-9441
-9437
-9448
-9423
-9413
-9424
-9405
-9407
-9413
-9420
-9421
-9417
-9430
-9422
-9429
-9457
-9454
-9486
-9490
-9493
-9469
-9444
-9452
-9426
-9442
-9452
-9456
-9442
-9433
-9432
-9439
-9454
-9455
-9458
-9464
-9482
-9462
-9460
-9442
-9439
-9439
-9442
-9443
-9437
-9465
-9453
-9469
-9455
-9465
-9459
-9457
-9467
-9468
-9480
-9474
-9475
-9440
-9432
-9423
-9450
-9435
-9449
-9444
-9456
-9446
-9429
-9436
-9440
-9458
-9451
-9473
-9448
-9441
-9392
-9402
-9386
-9413
-9428
-9437
-9436
-9436
-9435
-9410
-9419
-9408
-9454
-9458
-9477
-9459
-9465
-9416
-9396
-9393
-9394
-9407
-9419
-9436
-9427
-9435
-9418
-9424
-9383
-9411
-9425
-9431
-9436
-9417
-9411
-9383
-9382
-9372
-9390
-9411
-9441
-9450
-9457
-9455
-9436
-9419
-9402
-9414
-9394
-9431
-9408
-9429
-9417
-9407
-9410
-9407
-9422
-9419
-9443
-9432
-9437
-9408
-9430
-9397
-9398
-9369
-9387
-9388
-9405
-9407
-9398
-9396
-9411
-9430
-9417
-9449
-9429
-9437
-9395
-9414
-9388
-9406
-9386
-9392
-9395
-9379
-9386
-9379
-9401
-9398
-9445
-9453
-9469
-9461
-9454
-9429
-9406
-9399
-9392
-9396
-9397
-9408
-9410
-9399
-9387
-9390
-9378
-9390
-9409
-9415
-9414
-9394
-9380
-9350
-9349
-9354
-9381
-9409
-9415
-9442
-9431
-9409
-9398
-9403
-9401
-9405
-9408
-9410
-9411
-9410
-9383
-9360
-9348
-9343
-9354
-9351
-9371
-9376
-9390
-9385
-9397
-9385
-9385
-9402
-9420
-9410
-9402
-9400
-9380
-9390
-9388
-9404
-9413
-9442
-9422
-9411
-9376
-9376
-9373
-9374
-9347
-9332
-9344
-9328
-9329
-9305
-9316
-9310
-9328
-9329
-9342
-9328
-9346
-9353
-9352
-9351
-9359
-9362
-9351
-9364
-9348
-9346
-9343
-9362
-9335
-9324
-9312
-9306
-9324
-9359
-9357
-9360
-9349
-9327
-9310
-9293
-9302
-9319
-9329
-9326
-9341
-9349
-9369
-9359
-9369
-9359
-9369
-9354
-9349
-9341
-9353
-9363
-9353
-9352
-9333
-9335
-9321
-9336
-9324
-9330
-9335
-9348
-9359
-9361
-9345
-9345
-9334
-9325
-9331
-9329
-9345
-9346
-9331
-9313
-9325
-9318
-9342
-9363
-9380
-9377
-9363
-9366
-9353
-9360
-9347
-9352
-9360
-9368
-9383
-9384
-9375
-9367
-9351
-9343
-9353
-9370
-9377
-9380
-9380
-9351
-9334
-9322
-9323
-9334
-9331
-9339
-9358
-9360
-9366
-9373
-9394
-9388
-9391
-9381
-9360
-9346
-9345
-9348
-9357
-9363
-9357
-9362
-9360
-9363
-9349
-9365
-9364
-9389
-9377
-9374
-9381
-9377
-9349
-9333
-9340
-9330
-9351
-9352
-9343
-9340
-9363
-9371
-9365
-9366
-9381
-9377
-9380
-9367
-9383
-9375
-9380
-9376
-9371
-9378
-9373
-9386
-9384
-9405
-9406
-9411
-9402
-9408
-9411
-9409
-9400
-9392
-9391
-9398
-9397
-9389
-9402
-9407
-9415
-9419
-9421
-9430
-9430
-9419
-9411
-9387
-9379
-9369
-9376
-9391
-9393
-9395
-9395
-9419
-9416
-9406
-9403
-9404
-9420
-9431
-9446
-9455
-9456
-9449
-9428
-9425
-9435
-9435
-9440
-9449
-9467
-9478
-9453
-9447
-9439
-9456
-9463
-9463
-9466
-9452
-9451
-9425
-9433
-9430
-9432
-9434
-9456
-9472
-9480
-9485
-9480
-9492
-9480
-9461
-9448
-9445
-9445
-9444
-9445
-9455
-9442
-9450
-9446
-9445
-9440
-9435
-9443
-9453
-9451
-9441
-9436
-9439
-9449
-9443
-9450
-9438
-9446
-9448
-9446
-9447
-9453
-9459
-9470
-9482
-9495
-9504
-9489
-9478
-9446
-9438
-9434
-9431
-9440
-9454
-9471
-9477
-9470
-9463
-9446
-9459
-9451
-9445
-9448
-9441
-9442
-9432
-9436
-9439
-9451
-9447
-9444
-9438
-9447
-9441
-9457
-9450
-9446
-9444
-9438
-9449
-9457
-9469
-9485
-9492
-9479
-9477
-9463
-9457
-9457
-9483
-9489
-9492
-9492
-9492
-9485
-9470
-9458
-9455
-9466
-9462
-9459
-9466
-9475
-9495
-9507
-9496
-9501
-9503
-9497
-9488
-9479
-9490
-9501
-9502
-9489
-9474
-9461
-9456
-9453
-9464
-9480
-9479
-9492
-9494
-9498
-9497
-9493
-9500
-9487
-9491
-9498
-9490
-9501
-9505
-9483
-9475
-9474
-9463
-9480
-9480
-9502
-9509
-9504
-9477
-9467
-9459
-9455
-9474
-9469
-9483
-9475
-9475
-9465
-9465
-9463
-9472
-9464
-9454
-9443
-9445
-9431
-9420
-9418
-9422
-9431
-9427
-9420
-9409
-9410
-9403
-9402
-9411
-9439
-9440
-9437
-9416
-9406
-9406
-9411
-9413
-9407
-9403
-9398
-9397
-9394
-9391
-9397
-9401
-9407
-9402
-9410
-9415
-9417
-9414
-9402
-9388
-9370
-9367
-9366
-9373
-9367
-9369
-9364
-9361
-9359
-9351
-9337
-9343
-9331
-9345
-9351
-9351
-9347
-9327
-9316
-9322
-9337
-9337
-9334
-9330
-9352
-9339
-9339
-9341
-9337
-9339
-9329
-9311
-9308
-9310
-9301
-9305
-9322
-9326
-9340
-9337
-9334
-9306
-9288
-9309
-9319
-9330
-9318
-9311
-9277
-9268
-9264
-9271
-9278
-9310
-9322
-9319
-9311
-9296
-9291
-9273
-9291
-9300
-9311
-9309
-9311
-9289
-9268
-9257
-9250
-9256
-9262
-9260
-9251
-9251
-9236
-9239
-9235
-9232
-9226
-9219
-9225
-9233
-9246
-9241
-9236
-9223
-9224
-9245
-9267
-9285
-9286
-9286
-9282
-9280
-9281
-9278
-9278
-9265
-9256
-9241
-9238
-9243
-9244
-9243
-9232
-9227
-9228
-9238
-9239
-9248
-9254
-9252
-9241
-9236
-9227
-9226
-9234
-9243
-9248
-9253
-9247
-9240
-9254
-9255
-9266
-9269
-9259
-9245
-9236
-9231
-9223
-9214
-9221
-9236
-9263
-9268
-9266
-9266
-9266
-9280
-9277
-9278
-9273
-9256
-9241
-9234
-9239
-9246
-9247
-9259
-9261
-9263
-9271
-9260
-9262
-9266
-9266
-9274
-9282
-9297
-9293
-9292
-9274
-9257
-9240
-9235
-9241
-9252
-9266
-9261
-9253
-9251
-9258
-9255
-9269
-9253
-9260
-9253
-9268
-9265
-9261
-9273
-9267
-9279
-9270
-9273
-9267
-9286
-9301
-9310
-9321
-9330
-9319
-9307
-9297
-9298
-9297
-9316
-9306
-9292
-9284
-9273
-9290
-9287
-9304
-9290
-9274
-9277
-9274
-9288
-9295
-9298
-9292
-9274
-9280
-9277
-9280
-9299
-9315
-9318
-9317
-9311
-9319
-9326
-9341
-9330
-9306
-9308
-9315
-9316
-9315
-9312
-9309
-9309
-9316
-9333
-9334
-9345
-9332
-9339
-9333
-9329
-9333
-9337
-9335
-9331
-9347
-9333
-9330
-9344
-9340
-9341
-9329
-9326
-9335
-9328
-9325
-9308
-9316
-9327
-9333
-9331
-9321
-9328
-9336
-9328
-9359
-9382
-9408
-9422
-9413
-9409
-9397
-9387
-9384
-9390
-9402
-9397
-9392
-9395
-9396
-9410
-9398
-9395
-9388
-9402
-9414
-9421
-9422
-9423
-9420
-9423
-9411
-9404
-9392
-9394
-9416
-9411
-9423
-9429
-9443
-9448
-9457
-9457
-9467
-9481
-9502
-9509
-9506
-9498
-9478
-9473
-9465
-9470
-9484
-9473
-9471
-9485
-9484
-9487
-9486
-9486
-9495
-9509
-9504
-9498
-9493
-9485
-9488
-9488
-9495
-9508
-9519
-9526
-9533
-9528
-9523
-9508
-9511
-9520
-9530
-9552
-9548
-9539
-9512
-9501
-9495
-9515
-9537
-9542
-9555
-9565
-9554
-9543
-9531
-9524
-9528
-9540
-9541
-9530
-9539
-9531
-9543
-9533
-9530
-9526
-9532
-9542
-9550
-9545
-9538
-9532
-9519
-9507
-9504
-9507
-9507
-9505
-9507
-9507
-9502
-9506
-9499
-9505
-9513
-9525
-9521
-9522
-9524
-9515
-9500
-9502
-9494
-9504
-9513
-9520
-9518
-9515
-9512
-9512
-9511
-9518
-9525
-9531
-9534
-9511
-9512
-9499
-9511
-9506
-9506
-9508
-9506
-9517
-9515
-9517
-9524
-9513
-9516
-9510
-9506
-9504
-9498
-9506
-9512
-9510
-9499
-9495
-9501
-9505
-9493
-9499
-9501
-9502
-9494
-9487
-9477
-9473
-9468
-9467
-9460
-9452
-9454
-9457
-9465
-9473
-9473
-9476
-9475
-9476
-9482
-9489
-9478
-9471
-9462
-9443
-9438
-9435
-9432
-9436
-9456
-9452
-9462
-9444
-9439
-9434
-9436
-9437
-9442
-9427
-9432
-9438
-9446
-9449
-9434
-9446
-9435
-9448
-9432
-9435
-9426
-9437
-9419
-9403
-9407
-9414
-9400
-9389
-9377
-9364
-9374
-9375
-9388
-9387
-9400
-9388
-9406
-9406
-9417
-9420
-9407
-9396
-9385
-9378
-9354
-9356
-9353
-9349
-9362
-9354
-9349
-9353
-9341
-9340
-9353
-9372
-9371
-9389
-9386
-9380
-9386
-9380
-9385
-9388
-9404
-9399
-9393
-9392
-9389
-9387
-9381
-9384
-9383
-9385
-9386
-9384
-9372
-9365
-9353
-9342
-9338
-9352
-9359
-9365
-9370
-9356
-9362
-9356
-9361
-9370
-9367
-9366
-9361
-9355
-9350
-9334
-9345
-9357
-9371
-9384
-9379
-9381
-9370
-9374
-9382
-9382
-9376
-9369
-9361
-9356
-9349
-9346
-9339
-9344
-9349
-9350
-9350
-9347
-9351
-9373
-9380
-9382
-9391
-9397
-9402
-9376
-9362
-9350
-9365
-9363
-9358
-9371
-9377
-9377
-9378
-9377
-9365
-9384
-9393
-9394
-9380
-9385
-9373
-9371
-9375
-9379
-9390
-9384
-9393
-9389
-9383
-9389
-9400
-9398
-9408
-9398
-9400
-9390
-9370
-9361
-9379
-9387
-9387
-9384
-9388
-9405
-9405
-9408
-9389
-9394
-9393
-9395
-9380
-9381
-9375
-9387
-9387
-9390
-9401
-9401
-9402
-9398
-9411
-9412
-9434
-9437
-9430
-9411
-9406
-9400
-9403
-9398
-9400
-9417
-9434
-9445
-9431
-9435
-9434
-9438
-9433
-9432
-9438
-9436
-9433
-9426
-9428
-9430
-9428
-9421
-9423
-9424
-9417
-9431
-9450
-9447
-9440
-9431
-9418
-9414
-9407
-9416
-9406
-9395
-9367
-9372
-9384
-9386
-9389
-9383
-9401
-9403
-9405
-9405
-9425
-9436
-9436
-9407
-9413
-9424
-9429
-9429
-9425
-9429
-9436
-9430
-9399
-9393
-9393
-9414
-9424
-9426
-9414
-9429
-9427
-9423
-9423
-9423
-9419
-9413
-9421
-9420
-9435
-9436
-9432
-9434
-9445
-9430
-9428
-9427
-9419
-9407
-9397
-9397
-9403
-9409
-9403
-9399
-9383
-9386
-9390
-9399
-9411
-9413
-9406
-9399
-9397
-9386
-9397
-9412
-9416
-9416
-9408
-9418
-9419
-9418
-9413
-9414
-9422
-9420
-9415
-9399
-9391
-9387
-9405
-9410
-9407
-9409
-9410
-9411
-9406
-9399
-9403
-9398
-9396
-9405
-9406
-9421
-9430
-9434
-9416
-9408
-9397
-9394
-9394
-9397
-9399
-9405
-9407
-9403
-9406
-9420
-9427
-9420
-9409
-9388
-9393
-9402
-9418
-9419
-9414
-9404
-9404
-9394
-9391
-9388
-9396
-9393
-9386
-9396
-9402
-9407
-9396
-9397
-9400
-9409
-9413
-9434
-9430
-9425
-9422
-9429
-9440
-9454
-9459
-9461
-9464
-9441
-9428
-9429
-9438
-9433
-9435
-9427
-9413
-9414
-9417
-9416
-9420
-9418
-9421
-9428
-9420
-9414
-9408
-9416
-9429
-9432
-9441
-9445
-9442
-9443
-9443
-9435
-9421
-9425
-9428
-9413
-9417
-9403
-9403
-9388
-9377
-9375
-9374
-9378
-9384
-9396
-9399
-9412
-9420
-9446
-9460
-9460
-9446
-9428
-9426
-9436
-9432
-9433
-9436
-9424
-9416
-9409
-9400
-9390
-9383
-9387
-9404
-9437
-9435
-9435
-9407
-9386
-9380
-9358
-9368
-9365
-9382
-9389
-9389
-9375
-9370
-9359
-9361
-9380
-9386
-9380
-9377
-9374
-9374
-9375
-9372
-9376
-9381
-9400
-9400
-9399
-9390
-9381
-9369
-9366
-9380
-9391
-9380
-9368
-9343
-9326
-9332
-9340
-9344
-9340
-9358
-9360
-9371
-9370
-9359
-9365
-9380
-9392
-9387
-9374
-9369
-9364
-9347
-9340
-9341
-9349
-9354
-9362
-9362
-9363
-9360
-9345
-9346
-9341
-9326
-9327
-9327
-9321
-9321
-9313
-9311
-9324
-9330
-9345
-9361
-9370
-9374
-9354
-9353
-9346
-9355
-9360
-9348
-9343
-9341
-9349
-9358
-9358
-9353
-9357
-9361
-9378
-9380
-9378
-9376
-9376
-9379
-9379
-9374
-9353
-9344
-9348
-9356
-9366
-9352
-9346
-9343
-9350
-9378
-9394
-9416
-9417
-9402
-9386
-9387
-9394
-9404
-9409
-9415
-9410
-9392
-9384
-9370
-9380
-9371
-9387
-9383
-9378
-9385
-9368
-9365
-9361
-9363
-9363
-9385
-9383
-9394
-9383
-9378
-9371
-9369
-9385
-9376
-9389
-9391
-9398
-9399
-9394
-9397
-9395
-9398
-9415
-9417
-9407
-9409
-9415
-9421
-9425
-9436
-9428
-9406
-9408
-9399
-9393
-9392
-9386
-9380
-9367
-9367
-9356
-9358
-9368
-9382
-9386
-9401
-9389
-9388
-9387
-9378
-9389
-9392
-9408
-9414
-9434
-9423
-9422
-9407
-9409
-9410
-9423
-9424
-9432
-9438
-9438
-9431
-9425
-9423
-9412
-9419
-9410
-9416
-9401
-9421
-9396
-9411
-9410
-9417
-9421
-9430
-9447
-9448
-9456
-9454
-9437
-9418
-9438
-9440
-9449
-9442
-9462
-9462
-9483
-9476
-9478
-9477
-9471
-9468
-9468
-9482
-9483
-9480
-9475
-9470
-9455
-9453
-9441
-9437
-9433
-9450
-9446
-9462
-9464
-9456
-9467
-9439
-9436
-9452
-9470
-9494
-9498
-9489
-9475
-9469
-9457
-9463
-9475
-9494
-9509
-9504
-9483
-9479
-9464
-9455
-9457
-9448
-9458
-9459
-9455
-9429
-9442
-9443
-9444
-9459
-9457
-9455
-9449
-9449
-9444
-9445
-9444
-9437
-9457
-9458
-9470
-9482
-9469
-9478
-9440
-9435
-9436
-9444
-9463
-9456
-9462
-9456
-9437
-9440
-9431
-9445
-9438
-9423
-9443
-9418
-9435
-9414
-9398
-9418
-9418
-9426
-9419
-9431
-9424
-9416
-9433
-9429
-9435
-9443
-9454
-9461
-9442
-9443
-9425
-9423
-9439
-9414
-9414
-9412
-9398
-9415
-9396
-9391
-9391
-9389
-9390
-9377
-9397
-9400
-9412
-9405
-9410
-9414
-9423
-9427
-9406
-9414
-9423
-9423
-9401
-9418
-9417
-9416
-9423
-9399
-9400
-9401
-9397
-9389
-9390
-9385
-9385
-9396
-9381
-9377
-9375
-9382
-9389
-9383
-9382
-9382
-9385
-9388
-9404
-9395
-9397
-9406
-9409
-9393
-9394
-9409
-9421
-9417
-9410
-9408
-9414
-9422
-9415
-9419
-9397
-9398
-9403
-9420
-9414
-9433
-9435
-9430
-9417
-9383
-9391
-9407
-9418
-9409
-9421
-9427
-9442
-9442
-9445
-9445
-9448
-9435
-9442
-9437
-9425
-9431
-9419
-9408
-9418
-9414
-9400
-9413
-9418
-9435
-9430
-9426
-9411
-9432
-9427
-9417
-9401
-9397
-9401
-9395
-9411
-9433
-9453
-9440
-9440
-9415
-9424
-9427
-9423
-9419
-9415
-9431
-9433
-9431
-9426
-9426
-9435
-9433
-9428
-9429
-9434
-9432
-9419
-9416
-9403
-9395
-9388
-9399
-9393
-9396
-9393
-9392
-9405
-9398
-9404
-9408
-9403
-9404
-9420
-9417
-9402
-9398
-9391
-9388
-9390
-9383
-9384
-9389
-9390
-9383
-9387
-9391
-9393
-9397
-9381
-9371
-9365
-9361
-9365
-9370
-9356
-9339
-9328
-9311
-9304
-9313
-9319
-9333
-9351
-9366
-9379
-9362
-9345
-9340
-9343
-9348
-9359
-9367
-9374
-9373
-9376
-9385
-9368
-9377
-9368
-9371
-9350
-9345
-9338
-9330
-9328
-9323
-9330
-9323
-9340
-9329
-9315
-9298
-9307
-9310
-9331
-9331
-9339
-9347
-9340
-9333
-9309
-9306
-9304
-9313
-9323
-9329
-9321
-9325
-9320
-9324
-9326
-9334
-9327
-9328
-9333
-9347
-9338
-9331
-9326
-9318
-9314
-9314
-9319
-9311
-9297
-9291
-9297
-9290
-9309
-9301
-9296
-9301
-9302
-9291
-9278
-9280
-9307
-9324
-9321
-9306
-9301
-9303
-9306
-9300
-9301
-9298
-9303
-9312
-9321
-9313
-9309
-9305
-9284
-9298
-9319
-9337
-9345
-9340
-9333
-9314
-9297
-9311
-9290
-9308
-9309
-9305
-9297
-9276
-9278
-9258
-9273
-9280
-9267
-9295
-9305
-9320
-9301
-9296
-9302
-9290
-9309
-9303
-9308
-9298
-9275
-9266
-9273
-9271
-9291
-9288
-9312
-9318
-9318
-9315
-9292
-9302
-9280
-9305
-9304
-9301
-9308
-9294
-9288
-9283
-9280
-9285
-9298
-9287
-9285
-9285
-9284
-9276
-9280
-9270
-9286
-9282
-9285
-9285
-9294
-9300
-9290
-9303
-9305
-9322
-9327
-9336
-9335
-9344
-9318
-9293
-9286
-9316
-9326
-9325
-9313
-9304
-9304
-9296
-9287
-9290
-9315
-9330
-9336
-9333
-9336
-9336
-9331
-9302
-9290
-9283
-9302
-9317
-9311
-9309
-9304
-9307
-9309
-9304
-9304
-9293
-9304
-9313
-9326
-9325
-9304
-9313
-9309
-9323
-9334
-9328
-9340
-9337
-9343
-9353
-9363
-9356
-9338
-9321
-9315
-9305
-9314
-9306
-9300
-9313
-9316
-9337
-9330
-9349
-9342
-9362
-9370
-9381
-9364
-9370
-9380
-9372
-9386
-9390
-9393
-9380
-9389
-9372
-9392
-9371
-9381
-9377
-9376
-9363
-9354
-9366
-9367
-9379
-9364
-9371
-9362
-9359
-9351
-9367
-9375
-9394
-9389
-9393
-9382
-9375
-9391
-9385
-9394
-9377
-9392
-9388
-9393
-9380
-9384
-9394
-9397
-9402
-9396
-9392
-9361
-9381
-9371
-9375
-9386
-9401
-9398
-9395
-9408
-9416
-9422
-9411
-9412
-9403
-9411
-9396
-9407
-9402
-9408
-9412
-9407
-9408
-9420
-9427
-9418
-9437
-9421
-9416
-9406
-9412
-9396
-9389
-9390
-9405
-9416
-9415
-9402
-9386
-9408
-9394
-9403
-9395
-9394
-9417
-9425
-9436
-9431
-9409
-9409
-9418
-9436
-9439
-9433
-9438
-9434
-9448
-9413
-9421
-9426
-9425
-9432
-9437
-9428
-9400
-9403
-9386
-9392
-9398
-9394
-9409
-9425
-9414
-9418
-9405
-9422
-9412
-9410
-9417
-9417
-9462
-9449
-9429
-9425
-9414
-9424
-9445
-9437
-9437
-9454
-9436
-9440
-9434
-9438
-9447
-9455
-9436
-9439
-9450
-9435
-9434
-9410
-9422
-9418
-9440
-9452
-9447
-9424
-9432
-9390
-9411
-9414
-9425
-9426
-9419
-9464
-9449
-9460
-9421
-9443
-9426
-9432
-9425
-9431
-9411
-9444
-9413
-9426
-9422
-9402
-9437
-9411
-9453
-9398
-9423
-9409
-9432
-9414
-9429
-9404
-9420
-9436
-9428
-9444
-9421
-9446
-9418
-9453
-9424
-9441
-9407
-9420
-9380
-9407
-9403
-9400
-9421
-9397
-9433
-9393
-9417
-9386
-9405
-9404
-9421
-9429
-9427
-9429
-9442
-9432
-9416
-9428
-9422
-9452
-9452
-9463
-9453
-9437
-9432
-9424
-9426
-9425
-9436
-9434
-9427
-9439
-9423
-9430
-9410
-9401
-9401
-9406
-9431
-9418
-9428
-9430
-9420
-9421
-9415
-9419
-9419
-9407
-9418
-9422
-9464
-9452
-9427
-9437
-9411
-9430
-9426
-9413
-9427
-9431
-9435
-9428
-9420
-9432
-9416
-9426
-9419
-9410
-9405
-9385
-9414
-9401
-9426
-9435
-9422
-9443
-9398
-9404
-9391
-9395
-9393
-9392
-9404
-9393
-9394
-9376
-9394
-9378
-9395
-9382
-9419
-9386
-9398
-9395
-9388
-9409
-9389
-9410
-9379
-9407
-9372
-9417
-9419
-9436
-9441
-9448
-9445
-9433
-9445
-9437
-9459
-9429
-9420
-9383
-9395
-9379
-9383
-9373
-9362
-9363
-9354
-9360
-9385
-9398
-9402
-9415
-9414
-9394
-9401
-9425
-9415
-9413
-9417
-9437
-9417
-9423
-9391
-9405
-9409
-9406
-9408
-9415
-9414
-9387
-9382
-9373
-9378
-9369
-9389
-9377
-9378
-9377
-9384
-9376
-9370
-9373
-9367
-9371
-9380
-9395
-9406
-9411
-9403
-9364
-9365
-9349
-9338
-9362
-9375
-9380
-9358
-9362
-9349
-9340
-9337
-9344
-9358
-9380
-9376
-9381
-9363
-9364
-9353
-9338
-9344
-9361
-9352
-9335
-9350
-9349
-9349
-9337
-9332
-9330
-9360
-9345
-9331
-9330
-9337
-9312
-9314
-9309
-9321
-9325
-9327
-9334
-9339
-9342
-9325
-9327
-9308
-9322
-9306
-9310
-9298
-9303
-9302
-9314
-9330
-9337
-9335
-9331
-9312
-9302
-9310
-9318
-9325
-9321
-9316
-9306
-9309
-9293
-9294
-9295
-9315
-9316
-9306
-9287
-9285
-9289
-9302
-9290
-9292
-9293
-9295
-9294
-9290
-9296
-9289
-9284
-9279
-9290
-9279
-9285
-9298
-9306
-9295
-9284
-9277
-9281
-9283
-9280
-9279
-9282
-9263
-9265
-9268
-9283
-9277
-9287
-9308
-9328
-9326
-9314
-9303
-9310
-9319
-9291
-9298
-9280
-9309
-9302
-9300
-9279
-9273
-9272
-9277
-9277
-9283
-9287
-9287
-9301
-9296
-9289
-9277
-9293
-9275
-9286
-9278
-9289
-9288
-9303
-9317
-9321
-9313
-9318
-9309
-9305
-9303
-9292
-9302
-9277
-9271
-9256
-9276
-9263
-9285
-9286
-9285
-9278
-9281
-9280
-9265
-9281
-9281
-9293
-9285
-9285
-9282
-9288
-9277
-9271
-9267
-9265
-9253
-9255
-9250
-9246
-9242
-9241
-9238
-9242
-9238
-9258
-9258
-9271
-9272
-9252
-9274
-9267
-9291
-9283
-9296
-9278
-9272
-9251
-9231
-9225
-9228
-9233
-9243
-9267
-9291
-9292
-9262
-9273
-9256
-9250
-9243
-9250
-9245
-9264
-9283
-9275
-9254
-9253
-9242
-9246
-9259
-9263
-9271
-9259
-9270
-9241
-9266
-9243
-9263
-9280
-9257
-9249
-9245
-9261
-9258
-9262
-9252
-9276
-9266
-9266
-9248
-9276
-9275
-9287
-9267
-9273
-9262
-9246
-9240
-9225
-9218
-9213
-9222
-9197
-9215
-9207
-9235
-9217
-9226
-9210
-9250
-9246
-9262
-9266
-9261
-9251
-9243
-9248
-9226
-9245
-9244
-9257
-9257
-9259
-9253
-9258
-9258
-9266
-9261
-9253
-9230
-9228
-9217
-9234
-9221
-9250
-9226
-9234
-9224
-9226
-9227
-9218
-9239
-9223
-9229
-9198
-9206
-9205
-9207
-9193
-9196
-9177
-9200
-9207
-9223
-9211
-9216
-9226
-9220
-9217
-9209
-9192
-9202
-9202
-9202
-9208
-9224
-9241
-9221
-9257
-9226
-9250
-9229
-9226
-9226
-9243
-9243
-9234
-9247
-9241
-9240
-9222
-9202
-9177
-9187
-9176
-9202
-9198
-9204
-9204
-9209
-9201
-9209
-9217
-9204
-9207
-9205
-9219
-9228
-9224
-9214
-9214
-9219
-9226
-9216
-9221
-9226
-9244
-9239
-9233
-9244
-9251
-9247
-9248
-9247
-9262
-9257
-9242
-9248
-9252
-9256
-9257
-9263
-9261
-9269
-9257
-9242
-9231
-9228
-9209
-9218
-9218
-9227
-9228
-9239
-9231
-9222
-9241
-9246
-9268
-9251
-9265
-9255
-9264
-9262
-9272
-9252
-9246
-9231
-9224
-9252
-9265
-9281
-9251
-9255
-9230
-9238
-9225
-9238
-9259
-9265
-9263
-9234
-9240
-9238
-9209
-9178
-9179
-9210
-9218
-9223
-9213
-9228
-9256
-9255
-9228
-9208
-9190
-9171
-9193
-9231
-9280
-9270
-9267
-9211
-9168
-9138
-9151
-9193
-9222
-9242
-9256
-9251
-9216
-9198
-9182
-9207
-9213
-9221
-9206
-9207
-9192
-9188
-9189
-9209
-9231
-9232
-9230
-9241
-9266
-9250
-9236
-9246
-9261
-9254
-9253
-9242
-9261
-9276
-9282
-9273
-9253
-9234
-9209
-9194
-9225
-9255
-9256
-9240
-9228
-9221
-9210
-9207
-9194
-9184
-9188
-9205
-9222
-9238
-9236
-9239
-9231
-9228
-9222
-9237
-9263
-9287
-9281
-9269
-9261
-9245
-9252
-9277
-9293
-9270
-9232
-9217
-9232
-9226
-9255
-9276
-9283
-9262
-9240
-9249
-9264
-9296
-9304
-9301
-9289
-9297
-9304
-9311
-9304
-9296
-9309
-9288
-9282
-9290
-9306
-9321
-9324
-9312
-9294
-9283
-9262
-9259
-9255
-9258
-9266
-9264
-9261
-9258
-9277
-9286
-9294
-9282
-9259
-9256
-9263
-9264
-9273
-9287
-9293
-9294
-9295
-9309
-9312
-9303
-9284
-9277
-9276
-9282
-9291
-9308
-9307
-9303
-9305
-9303
-9306
-9298
-9273
-9261
-9239
-9220
-9228
-9234
-9250
-9258
-9264
-9247
-9233
-9232
-9240
-9246
-9246
-9251
-9245
-9268
-9269
-9263
-9255
-9246
-9235
-9233
-9247
-9252
-9260
-9246
-9239
-9219
-9223
-9237
-9236
-9236
-9233
-9219
-9211
-9197
-9210
-9224
-9230
-9229
-9245
-9252
-9239
-9237
-9229
-9243
-9231
-9244
-9238
-9220
-9210
-9233
-9232
-9235
-9245
-9245
-9243
-9243
-9250
-9247
-9256
-9254
-9266
-9249
-9236
-9236
-9243
-9245
-9233
-9227
-9245
-9239
-9232
-9250
-9255
-9259
-9254
-9235
-9232
-9221
-9225
-9244
-9246
-9242
-9258
-9249
-9228
-9240
-9240
-9251
-9249
-9237
-9224
-9235
-9235
-9230
-9228
-9243
-9250
-9248
-9248
-9235
-9227
-9211
-9196
-9174
-9176
-9177
-9190
-9202
-9198
-9203
-9203
-9199
-9165
-9171
-9172
-9163
-9177
-9177
-9182
-9176
-9182
-9172
-9174
-9190
-9192
-9216
-9211
-9201
-9197
-9184
-9171
-9162
-9172
-9171
-9182
-9156
-9158
-9161
-9151
-9142
-9142
-9143
-9144
-9148
-9117
-9123
-9129
-9163
-9130
-9133
-9141
-9143
-9137
-9145
-9147
-9146
-9162
-9147
-9170
-9134
-9151
-9143
-9139
-9135
-9159
-9153
-9153
-9150
-9128
-9129
-9122
-9130
-9128
-9133
-9113
-9119
-9105
-9110
-9115
-9117
-9110
-9121
-9143
-9140
-9141
-9141
-9139
-9151
-9147
-9138
-9154
-9169
-9153
-9173
-9154
-9121
-9137
-9134
-9136
-9157
-9162
-9128
-9133
-9140
-9116
-9128
-9133
-9127
-9140
-9119
-9136
-9137
-9144
-9106
-9131
-9132
-9154
-9158
-9143
-9133
-9118
-9127
-9084
-9104
-9101
-9126
-9114
-9146
-9098
-9130
-9106
-9107
-9126
-9138
-9128
-9119
-9133
-9096
-9146
-9110
-9139
-9112
-9161
-9135
-9167
-9121
-9146
-9156
-9121
-9140
-9152
-9173
-9166
-9204
-9118
-9180
-9125
-9162
-9128
-9150
-9114
-9116
-9153
-9096
-9129
-9108
-9171
-9148
-9197
-9133
-9148
-9135
-9138
-9134
-9148
-9161
-9142
-9181
-9146
-9171
-9137
-9165
-9120
-9154
-9140
-9141
-9131
-9126
-9138
-9119
-9136
-9119
-9154
-9114
-9168
-9151
-9172
-9140
-9177
-9149
-9147
-9192
-9157
-9168
-9154
-9186
-9130
-9164
-9104
-9114
-9139
-9153
-9130
-9135
-9128
-9120
-9149
-9137
-9149
-9153
-9195
-9150
-9154
-9126
-9160
-9158
-9158
-9182
-9199
-9198
-9203
-9194
-9159
-9178
-9168
-9170
-9163
-9195
-9195
-9158
-9154
-9145
-9106
-9128
-9131
-9114
-9134
-9111
-9121
-9152
-9126
-9122
-9133
-9146
-9176
-9173
-9164
-9193
-9172
-9187
-9169
-9144
-9184
-9194
-9190
-9183
-9180
-9170
-9181
-9181
-9165
-9145
-9163
-9141
-9135
-9118
-9119
-9144
-9136
-9146
-9152
-9184
-9169
-9136
-9118
-9132
-9138
-9147
-9162
-9150
-9164
-9170
-9140
-9137
-9130
-9126
-9184
-9168
-9177
-9175
-9158
-9132
-9124
-9112
-9112
-9166
-9165
-9185
-9183
-9181
-9147
-9171
-9165
-9190
-9175
-9181
-9177
-9172
-9164
-9140
-9166
-9161
-9179
-9152
-9172
-9148
-9159
-9140
-9130
-9131
-9122
-9135
-9136
-9142
-9150
-9136
-9117
-9127
-9163
-9162
-9170
-9191
-9184
-9155
-9156
-9149
-9142
-9152
-9152
-9161
-9156
-9157
-9136
-9143
-9110
-9129
-9118
-9136
-9126
-9153
-9145
-9135
-9141
-9124
-9154
-9146
-9155
-9139
-9164
-9155
-9172
-9180
-9192
-9181
-9195
-9179
-9189
-9188
-9167
-9160
-9164
-9165
-9144
-9144
-9153
-9159
-9166
-9161
-9132
-9139
-9135
-9135
-9119
-9150
-9158
-9161
-9148
-9165
-9147
-9144
-9133
-9139
-9149
-9152
-9173
-9172
-9175
-9171
-9183
-9171
-9179
-9165
-9179
-9179
-9184
-9168
-9150
-9137
-9159
-9152
-9147
-9152
-9166
-9168
-9161
-9156
-9155
-9166
-9164
-9174
-9170
-9166
-9148
-9156
-9134
-9139
-9143
-9175
-9182
-9181
-9177
-9177
-9176
-9165
-9159
-9157
-9166
-9170
-9190
-9189
-9192
-9191
-9193
-9182
-9195
-9196
-9173
-9167
-9166
-9180
-9194
-9195
-9195
-9194
-9193
-9193
-9190
-9186
-9198
-9187
-9192
-9196
-9193
-9179
-9174
-9175
-9185
-9188
-9185
-9191
-9178
-9192
-9178
-9178
-9177
-9182
-9170
-9154
-9152
-9155
-9155
-9158
-9176
-9174
-9178
-9177
-9189
-9191
-9201
-9202
-9186
-9188
-9184
-9187
-9187
-9181
-9164
-9162
-9180
-9175
-9175
-9171
-9173
-9152
-9152
-9164
-9158
-9156
-9163
-9177
-9169
-9169
-9161
-9157
-9143
-9137
-9146
-9160
-9168
-9156
-9146
-9127
-9139
-9146
-9158
-9157
-9158
-9163
-9150
-9149
-9144
-9153
-9150
-9165
-9159
-9153
-9131
-9122
-9127
-9140
-9168
-9170
-9167
-9166
-9153
-9143
-9147
-9144
-9159
-9153
-9158
-9139
-9133
-9132
-9135
-9142
-9166
-9153
-9142
-9142
-9127
-9124
-9113
-9127
-9151
-9181
-9185
-9183
-9169
-9160
-9160
-9170
-9170
-9184
-9190
-9193
-9188
-9175
-9162
-9156
-9155
-9152
-9163
-9167
-9162
-9150
-9155
-9157
-9155
-9150
-9142
-9145
-9149
-9146
-9159
-9167
-9170
-9160
-9164
-9161
-9150
-9160
-9162
-9162
-9173
-9186
-9176
-9167
-9160
-9161
-9154
-9160
-9180
-9170
-9163
-9162
-9163
-9146
-9145
-9142
-9145
-9127
-9105
-9124
-9120
-9124
-9135
-9146
-9142
-9150
-9131
-9130
-9131
-9134
-9145
-9138
-9146
-9139
-9149
-9130
-9128
-9121
-9125
-9122
-9144
-9155
-9147
-9149
-9146
-9148
-9125
-9137
-9138
-9164
-9146
-9123
-9104
-9128
-9122
-9111
-9132
-9130
-9127
-9125
-9131
-9105
-9116
-9125
-9140
-9132
-9132
-9139
-9143
-9142
-9131
-9122
-9122
-9116
-9102
-9104
-9097
-9089
-9101
-9106
-9103
-9087
-9098
-9083
-9068
-9076
-9097
-9092
-9094
-9100
-9091
-9100
-9080
-9085
-9105
-9146
-9128
-9132
-9099
-9108
-9110
-9105
-9103
-9117
-9112
-9093
-9100
-9083
-9086
-9080
-9099
-9108
-9126
-9117
-9117
-9081
-9083
-9052
-9052
-9049
-9053
-9061
-9077
-9076
-9061
-9068
-9061
-9071
-9062
-9076
-9076
-9093
-9086
-9098
-9088
-9085
-9097
-9105
-9109
-9088
-9082
-9090
-9077
-9042
-9043
-9054
-9062
-9072
-9064
-9064
-9057
-9063
-9060
-9056
-9056
-9049
-9038
-9048
-9035
-9021
-9039
-9035
-9043
-9045
-9046
-9038
-9049
-9037
-9056
-9060
-9063
-9059
-9071
-9079
-9076
-9082
-9072
-9069
-9054
-9059
-9056
-9060
-9049
-9044
-9037
-9050
-9064
-9077
-9067
-9073
-9070
-9051
-9045
-9039
-9040
-9050
-9053
-9042
-9042
-9059
-9056
-9047
-9057
-9044
-9038
-9031
-9043
-9039
-9047
-9039
-9047
-9063
-9066
-9038
-9019
-9025
-9028
-9048
-9052
-9050
-9059
-9042
-9037
-9062
-9042
-9061
-9031
-9040
-9038
-9034
-9045
-9066
-9059
-9045
-9071
-9062
-9063
-9048
-9069
-9055
-9081
-9072
-9060
-9064
-9081
-9078
-9053
-9054
-9040
-9065
-9042
-9058
-9067
-9064
-9060
-9056
-9056
-9050
-9063
-9038
-9046
-9061
-9065
-9066
-9076
-9069
-9058
-9045
-9045
-9071
-9071
-9055
-9053
-9073
-9046
-9049
-9043
-9047
-9061
-9063
-9053
-9048
-9059
-9052
-9046
-9038
-9047
-9033
-9038
-9032
-9024
-9023
-9021
-9033
-9034
-9029
-9030
-9043
-9031
-9037
-9038
-9032
-9040
-9043
-9067
-9081
-9060
-9055
-9053
-9045
-9038
-9036
-9029
-9048
-9055
-9043
-9052
-9039
-9026
-9031
-9029
-9011
-9004
-9009
-9029
-9026
-9019
-9028
-9032
-9026
-9030
-9039
-9057
-9055
-9037
-9044
-9037
-9066
-9069
-9074
-9081
-9094
-9091
-9059
-9076
-9067
-9060
-9078
-9075
-9069
-9082
-9088
-9073
-9070
-9093
-9097
-9080
