04051528.PTO
CURN
2012/04/05 15:28:46.4400
100.0000 m/s  
7722 muestras
-7355
-7996
-7936
-6940
-8234
-6630
-8301
-7437
-7605
-8541
-6657
-8277
-7123
-7875
-7658
-7123
-8420
-7486
-7850
-7584
-7371
-8137
-7652
-7676
-7954
-7452
-7952
-7437
-7540
-7806
-7486
-7839
-7560
-7544
-7937
-7854
-7586
-7861
-7539
-7514
-8005
-7694
-7586
-7788
-7652
-8070
-7545
-7948
-8080
-7396
-8283
-7308
-8193
-7740
-7568
-8082
-6634
-8524
-7393
-7879
-7723
-7216
-9128
-6856
-8179
-7779
-7313
-8378
-7000
-8384
-7475
-7624
-8013
-7066
-8258
-7316
-7618
-8048
-7532
-8185
-7114
-8002
-8153
-7186
-8107
-7492
-8091
-7921
-7435
-7695
-7516
-8035
-7773
-7731
-7332
-7793
-7963
-7536
-7858
-7524
-8035
-7652
-7369
-8207
-7430
-7945
-7940
-7462
-7753
-7233
-8219
-7728
-7541
-7843
-7465
-7862
-7772
-7253
-7843
-7799
-7535
-7640
-6946
-8049
-7978
-7892
-7431
-7858
-7634
-7616
-7905
-7573
-7723
-7545
-7538
-7774
-7837
-7466
-7890
-6986
-8369
-6811
-8367
-7373
-7421
-8193
-6285
-9354
-6865
-7859
-8142
-6675
-8119
-7974
-6730
-8302
-7243
-7753
-8070
-6727
-8645
-6696
-7824
-7483
-7619
-8298
-6835
-8247
-7003
-7897
-7748
-6491
-8568
-6922
-8244
-7824
-6553
-9006
-6976
-8012
-7688
-6260
-9495
-6203
-7703
-8557
-6355
-8241
-7628
-7400
-7785
-6692
-7900
-9376
-5057
-9098
-6463
-8429
-8254
-5265
-9361
-6001
-8559
-7612
-7369
-7720
-7726
-7236
-8273
-6737
-8059
-7924
-6358
-9211
-6767
-8013
-7297
-7209
-8183
-6652
-7981
-7507
-7391
-8344
-6809
-8609
-6538
-8350
-7313
-6612
-9300
-5592
-9124
-7182
-7108
-8746
-5648
-8886
-7043
-7918
-8029
-6952
-8728
-6262
-8339
-6891
-7965
-7306
-7638
-8121
-6930
-8827
-6507
-8264
-7416
-8009
-7144
-7738
-8246
-6648
-8824
-6991
-7813
-7096
-7836
-7736
-7400
-8301
-6903
-8169
-7267
-7718
-7253
-8133
-7664
-7167
-8064
-7952
-7518
-7304
-8259
-6278
-8832
-7095
-7078
-8852
-6356
-8540
-7057
-7757
-7846
-6941
-8336
-7020
-7956
-7908
-7535
-8171
-6904
-8220
-7377
-6458
-9675
-5708
-8897
-7303
-6054
-10873
-4043
-9547
-8074
-5779
-10523
-5307
-8576
-8192
-6318
-9208
-7032
-7110
-9137
-6885
-7398
-8739
-6600
-9806
-5971
-8051
-8560
-5792
-9540
-5640
-9742
-7225
-6731
-9444
-5474
-9916
-6082
-6849
-9917
-5075
-10073
-7703
-6764
-9279
-5896
-9192
-7178
-7506
-8691
-6618
-8822
-7199
-7975
-7893
-6670
-9505
-7145
-6728
-9222
-6188
-9044
-7537
-6876
-9040
-6332
-9356
-7445
-7676
-8429
-7243
-8682
-6684
-8286
-8550
-6026
-9024
-7706
-7653
-7597
-8984
-6286
-8549
-8951
-4456
-11963
-5366
-8361
-8555
-6254
-9381
-6099
-8711
-7486
-7473
-7748
-7677
-7704
-7449
-8070
-7359
-7852
-8103
-7340
-8405
-6901
-8672
-7739
-7084
-8701
-6264
-9040
-7353
-7905
-8650
-6347
-9025
-7381
-7233
-8057
-7419
-8187
-7891
-7668
-7336
-8149
-7923
-7149
-8291
-7381
-8212
-7719
-6802
-9152
-6811
-8584
-7742
-6885
-8792
-6019
-8885
-7533
-7989
-8066
-6891
-8329
-7373
-7919
-7554
-8038
-7708
-7554
-7101
-8446
-7392
-7820
-7974
-7563
-8339
-7131
-8102
-7779
-8057
-8017
-7512
-8008
-7192
-7926
-8226
-7097
-8730
-7528
-8217
-7440
-7871
-8174
-7240
-8481
-7250
-7796
-7569
-7881
-7694
-8423
-7822
-6464
-8112
-8510
-7184
-7912
-7966
-7748
-8322
-7429
-8254
-7526
-7407
-8842
-6269
-9090
-7466
-7244
-9660
-5788
-9590
-6150
-8079
-9342
-6201
-8345
-7712
-7875
-7277
-8680
-7492
-7871
-7891
-7199
-7906
-8259
-7393
-8501
-7297
-7523
-8152
-6165
-8823
-7120
-8128
-7898
-7085
-8414
-7539
-7860
-7565
-7617
-7749
-7521
-8203
-8121
-6970
-8480
-7277
-8193
-7478
-7184
-9543
-5714
-9185
-7526
-6868
-10100
-5282
-9256
-7560
-6582
-9933
-6186
-8343
-7216
-7305
-8711
-6873
-8056
-7721
-7426
-7915
-7645
-7378
-8146
-7063
-8292
-6982
-7804
-7840
-6661
-9410
-5978
-9387
-6728
-6357
-10015
-4401
-10135
-6393
-7267
-9795
-4558
-10709
-5534
-7651
-8366
-6240
-10145
-5726
-8372
-8331
-6825
-8599
-6573
-7417
-8454
-7206
-8257
-7495
-7594
-8469
-7456
-7736
-7426
-7753
-8018
-7643
-7932
-7445
-7785
-7848
-7623
-7740
-7113
-8187
-7700
-7396
-8007
-7197
-7611
-7071
-8263
-7647
-6857
-8921
-5990
-7613
-8474
-6524
-8742
-6639
-7494
-8345
-6287
-8729
-7361
-6953
-8759
-6556
-8326
-7361
-7227
-8725
-6443
-8722
-7317
-7436
-8144
-7068
-8107
-7124
-7539
-7269
-8174
-7213
-7742
-7995
-6864
-7945
-7188
-7905
-7249
-7663
-7963
-7235
-8149
-6308
-8466
-8266
-6546
-9110
-5514
-9290
-7590
-6744
-9229
-5609
-10086
-5973
-8267
-8132
-6533
-9446
-5710
-9183
-7849
-6688
-9343
-6135
-8443
-7837
-6167
-10111
-5220
-8573
-8553
-6251
-9362
-6307
-8051
-8034
-7034
-8061
-7416
-7776
-6957
-7669
-8293
-5694
-9548
-7231
-6959
-8574
-6430
-9725
-6414
-7476
-8774
-6830
-7752
-7957
-7180
-7749
-7951
-7537
-8300
-6746
-9150
-6224
-7784
-8901
-6252
-9455
-6281
-8497
-7506
-7417
-9024
-6253
-8702
-7203
-7587
-8441
-7237
-8384
-7051
-7318
-8892
-6843
-8173
-8323
-5616
-9795
-6159
-9278
-8574
-4698
-12267
-4750
-8165
-9173
-4853
-10577
-5780
-8397
-9841
-4103
-11594
-4685
-8320
-9578
-3477
-13055
-2696
-9626
-8397
-6612
-9719
-4362
-11237
-5130
-9225
-8390
-5589
-10852
-4303
-9407
-8439
-5295
-11436
-4353
-9489
-8037
-5652
-11003
-4956
-9364
-7657
-7141
-8610
-7287
-8884
-6912
-8781
-6972
-7886
-8341
-6833
-8684
-6914
-8337
-7490
-7693
-8426
-7134
-7973
-7201
-8885
-6729
-8335
-7251
-8083
-9508
-4883
-10811
-6082
-6498
-9755
-6161
-8122
-8237
-7287
-7593
-8499
-6014
-9970
-6676
-6624
-10323
-5041
-9086
-7846
-6296
-9683
-5764
-8993
-7678
-7267
-9146
-5973
-9898
-5335
-8419
-8761
-5932
-10725
-5428
-8836
-7981
-6178
-9462
-6010
-9113
-7113
-7125
-9716
-5562
-9336
-7757
-6056
-9826
-6230
-8764
-7753
-7091
-8897
-6100
-8756
-7662
-7524
-7974
-7466
-8423
-7228
-7914
-7963
-7342
-8433
-6953
-8288
-7384
-7487
-8332
-6948
-8292
-7291
-8239
-7372
-8431
-7007
-7643
-8423
-6656
-9115
-6981
-8164
-7766
-7413
-8257
-7047
-8605
-7058
-7948
-8233
-7574
-8213
-7261
-7665
-7801
-7640
-8265
-7869
-7997
-8034
-6604
-8195
-7090
-8984
-7481
-6923
-8836
-6660
-9136
-7174
-7963
-7710
-7062
-8821
-7618
-7802
-7796
-7089
-8061
-8596
-8175
-7651
-7457
-7979
-7039
-8528
-6450
-8039
-8650
-5612
-8979
-6125
-8245
-7767
-5383
-9896
-5472
-6999
-9189
-6495
-8169
-8366
-6836
-8502
-7931
-7569
-9302
-6893
-9171
-9400
-7191
-9714
-8319
-7226
-9861
-8279
-7004
-9470
-7483
-6529
-9896
-5084
-7495
-7373
-5464
-9222
-4857
-7139
-6983
-5371
-8251
-7125
-5733
-8626
-5697
-9551
-7315
-7390
-10753
-5476
-11742
-7762
-9365
-9498
-8319
-10601
-7808
-9903
-8347
-8067
-9468
-7092
-8279
-7381
-7241
-7841
-5613
-8815
-4484
-7222
-6850
-4991
-9043
-3939
-7202
-7538
-6180
-7801
-5604
-8145
-6682
-7634
-8415
-7203
-8584
-7744
-8827
-7444
-8471
-8144
-7047
-9751
-7307
-7832
-9568
-5581
-9779
-6831
-6949
-9135
-5386
-10082
-5988
-8428
-8176
-6444
-9930
-6544
-9684
-8172
-7521
-9399
-7053
-8764
-7743
-7958
-8807
-7586
-7579
-7233
-7961
-8126
-7688
-8188
-7748
-8395
-8110
-7379
-9033
-6993
-6569
-7649
-7262
-7381
-7795
-6376
-8349
-7842
-7307
-9062
-6689
-8894
-7363
-8187
-9178
-7384
-9375
-7919
-7740
-8924
-7082
-9253
-8193
-7450
-9084
-7001
-9478
-6422
-8201
-8724
-6239
-9351
-6487
-7818
-7974
-7057
-7947
-7257
-7127
-7227
-6128
-7483
-7287
-4955
-9652
-5028
-6884
-8883
-4782
-9681
-4952
-8598
-8111
-6133
-10477
-6165
-10060
-7785
-7626
-9386
-6605
-9753
-6378
-9370
-9465
-5955
-11969
-6234
-8486
-9460
-4637
-10625
-5740
-8949
-8101
-4945
-10778
-4121
-7979
-7711
-4255
-10052
-5585
-8537
-8192
-6838
-9907
-5549
-10321
-6948
-7355
-10890
-6117
-11463
-8280
-9205
-10353
-6489
-10620
-6984
-8547
-8920
-5840
-9523
-5882
-7009
-7543
-4847
-8136
-5625
-6475
-6914
-5104
-7775
-6149
-7809
-8597
-7629
-9693
-7255
-8886
-8326
-7732
-10102
-7331
-9404
-8123
-6850
-9063
-5798
-8266
-7733
-6772
-7807
-7162
-6772
-5736
-9542
-4281
-8717
-7743
-3672
-9772
-4448
-8520
-7150
-7391
-10004
-6113
-10578
-7057
-9409
-10903
-8180
-12515
-8686
-9973
-8869
-7710
-9289
-6248
-8545
-6385
-6628
-7434
-5147
-8301
-5994
-7391
-7496
-5624
-7939
-4241
-7238
-5545
-6235
-8186
-5495
-7698
-6230
-8002
-8268
-8763
-9932
-8746
-10463
-9670
-9256
-9978
-8732
-9338
-8837
-8579
-8401
-7484
-7599
-7293
-7112
-7393
-6690
-6635
-6663
-6209
-6420
-5940
-7011
-4452
-6485
-6443
-4107
-7564
-4787
-7680
-8577
-7957
-9628
-7617
-10027
-9199
-9713
-10237
-9288
-10090
-9113
-9003
-8983
-8663
-7046
-8592
-7284
-6689
-8706
-6606
-8459
-7634
-7247
-7788
-6223
-7237
-6445
-6300
-7057
-6237
-6912
-6724
-6910
-7469
-6262
-8453
-7306
-8543
-9171
-8019
-9817
-7232
-8747
-8234
-7421
-8087
-6266
-7239
-6822
-7611
-7934
-8038
-9390
-7195
-9063
-7910
-7304
-9554
-6313
-8279
-7820
-7076
-7829
-6565
-7623
-7598
-7773
-8556
-8172
-7984
-8371
-7979
-8003
-8522
-7779
-7383
-7780
-6932
-8198
-7385
-7159
-8376
-7034
-7837
-7425
-7757
-7899
-7785
-8242
-8105
-8565
-7464
-7723
-6403
-7378
-7069
-6831
-8365
-6883
-8649
-7768
-7509
-8662
-7177
-8738
-8274
-7106
-9036
-6944
-8769
-7798
-7823
-8268
-6556
-8750
-7686
-8948
-8149
-9029
-8146
-8318
-8396
-6615
-8152
-7038
-7280
-7399
-7618
-7571
-7027
-8311
-7412
-7479
-8422
-6691
-8256
-7536
-6873
-8219
-7544
-8598
-8264
-7601
-7922
-7750
-7679
-9301
-8842
-9365
-9734
-8612
-9385
-8652
-8735
-8608
-8312
-7296
-7872
-6479
-6611
-6645
-5293
-7488
-5662
-6212
-7433
-7578
-6505
-8192
-9103
-6489
-9038
-7375
-7545
-7426
-7753
-8842
-6914
-11194
-7704
-9048
-10182
-7771
-10737
-8000
-10035
-7701
-8144
-7787
-6103
-8375
-5921
-7877
-6614
-7264
-7486
-7303
-8732
-7395
-8767
-8150
-7660
-8043
-7499
-7624
-7324
-7805
-7835
-7979
-7788
-7141
-8169
-7497
-8887
-8593
-8782
-9366
-7686
-8872
-7261
-7495
-7489
-6483
-7313
-5902
-6890
-7433
-7280
-8259
-8656
-9031
-8651
-8677
-8562
-8546
-8637
-8650
-7918
-7546
-6954
-7032
-7803
-7019
-7564
-7751
-8302
-8442
-7868
-7990
-7100
-8173
-7765
-7554
-7588
-6344
-7667
-6793
-7198
-7385
-6516
-7462
-6907
-7900
-8222
-7957
-8994
-8769
-8603
-8918
-8711
-7931
-8160
-8627
-8340
-8638
-8534
-8827
-8843
-8385
-9189
-8217
-8268
-8648
-7342
-7938
-6808
-7180
-7040
-6110
-6242
-5492
-6915
-5396
-6480
-6990
-6564
-7647
-6766
-7726
-7482
-7910
-8234
-8209
-8332
-8778
-8536
-8906
-9021
-9234
-9267
-8648
-9823
-9141
-9267
-9257
-8376
-8355
-7891
-6934
-6923
-6522
-6948
-6991
-6734
-7631
-7150
-7554
-7380
-7396
-7625
-6789
-7930
-7377
-7208
-8252
-6731
-7729
-6982
-7521
-7911
-6614
-8782
-7608
-8510
-8698
-8212
-8688
-7745
-8798
-7711
-8222
-8033
-7461
-9248
-7246
-9415
-9098
-7501
-10593
-7128
-9785
-9289
-7262
-10179
-7062
-8768
-6953
-6199
-7776
-4910
-7708
-6561
-5870
-8318
-6148
-7709
-7529
-6708
-8477
-6413
-8309
-7595
-7385
-9184
-6679
-9434
-7029
-8947
-8996
-7250
-9764
-7539
-9971
-8563
-8773
-8806
-8093
-7996
-7607
-6663
-7411
-7381
-6033
-8615
-5609
-8621
-7450
-6748
-9581
-5885
-9725
-8043
-6692
-8882
-6614
-7903
-7018
-6808
-7558
-6561
-7895
-7641
-7975
-8768
-7951
-8689
-7890
-8051
-8068
-7444
-8562
-7854
-8139
-8498
-7703
-8313
-8460
-7996
-8943
-8039
-8229
-8503
-7442
-8300
-6902
-7645
-6975
-6393
-7820
-5503
-7598
-6348
-7025
-8832
-6128
-9379
-7482
-8084
-9279
-7293
-9870
-7825
-8733
-8974
-6955
-8465
-7381
-8186
-8122
-8062
-8444
-8003
-8616
-7761
-7953
-7667
-7521
-7461
-6827
-7140
-7018
-7520
-7526
-7660
-8139
-7061
-8519
-8176
-8925
-8853
-8002
-9529
-7937
-8763
-7937
-7422
-7796
-7441
-7825
-7304
-7412
-7775
-7691
-7817
-8486
-7801
-8077
-7752
-8113
-7934
-7210
-7964
-6871
-7482
-7101
-7230
-7730
-7441
-8399
-8592
-8782
-8343
-9016
-8501
-8750
-8429
-7588
-8243
-7353
-7703
-7455
-7329
-7304
-7610
-7831
-7191
-8392
-6939
-7707
-8359
-7357
-9040
-7202
-7523
-7515
-6661
-7477
-6583
-7200
-7382
-7812
-8045
-7669
-8547
-7928
-8354
-8650
-7937
-8466
-7674
-7946
-7898
-7305
-7834
-6850
-7507
-7798
-7611
-8674
-7708
-8692
-8044
-8119
-7977
-7227
-8020
-6906
-7793
-6175
-8057
-7648
-6717
-8823
-6504
-8368
-7573
-7556
-8824
-7592
-8695
-7635
-8138
-7735
-6783
-7696
-6854
-7064
-7425
-7360
-7620
-7897
-8243
-8247
-7736
-7999
-7736
-7784
-7776
-7296
-7869
-7331
-7272
-7705
-7114
-7609
-7633
-7347
-8323
-7716
-8291
-7861
-7612
-8125
-7121
-7525
-6934
-7223
-7463
-6977
-7506
-7374
-7605
-7449
-7646
-8001
-7632
-8042
-7688
-8091
-7678
-7748
-7813
-6904
-7409
-6834
-7102
-7720
-7581
-8049
-8205
-7972
-8536
-7783
-8115
-7975
-7527
-7641
-6947
-7486
-6880
-7296
-7248
-7296
-7576
-7204
-7678
-7575
-8022
-8236
-7813
-7992
-7561
-7398
-7139
-6845
-7541
-7053
-7608
-7723
-7258
-7627
-7268
-7874
-7954
-7884
-8216
-7958
-8103
-7805
-7642
-7534
-7193
-7320
-7130
-7116
-7247
-7444
-7985
-8057
-8415
-8517
-7921
-8027
-7542
-7534
-7612
-7142
-7615
-7193
-7308
-7086
-6827
-7394
-7287
-8065
-7960
-7970
-8181
-7881
-8115
-7747
-7665
-7535
-7328
-7457
-7564
-7763
-8116
-8068
-8084
-7842
-7651
-8081
-7650
-7990
-7896
-8003
-7763
-7471
-7634
-6909
-7379
-6866
-7218
-7679
-7826
-8059
-8001
-8377
-8091
-8432
-8148
-7842
-7981
-7659
-7650
-7832
-7598
-8052
-7776
-7502
-8247
-7673
-8170
-8596
-8483
-8665
-7927
-8176
-7837
-7834
-7711
-7003
-7832
-7617
-7774
-7391
-7448
-7839
-7544
-8325
-7827
-8076
-8047
-7698
-8185
-7908
-7722
-7963
-7555
-7453
-7552
-7550
-8161
-8147
-8558
-8484
-8588
-8644
-8394
-8743
-8505
-8133
-7834
-7627
-7782
-7622
-7683
-7810
-7682
-8166
-8081
-7919
-8343
-8409
-7844
-8147
-8238
-8000
-7792
-7669
-7386
-7607
-7732
-7779
-8320
-7845
-8407
-8110
-8407
-8599
-8402
-8311
-8063
-8402
-7856
-8148
-7802
-7513
-7469
-7994
-7594
-7692
-8555
-7759
-9330
-8021
-8657
-8821
-7284
-9123
-7114
-8178
-7756
-7744
-8248
-7200
-8953
-7867
-8151
-8382
-7656
-8429
-8636
-8587
-8603
-7916
-8078
-7714
-7503
-7482
-7822
-7583
-7705
-8143
-7222
-8226
-8043
-8486
-8494
-7813
-8184
-8109
-8324
-8173
-8010
-8060
-7649
-7104
-7529
-7627
-8291
-8373
-7974
-8911
-8116
-8356
-8403
-7877
-8183
-7400
-7636
-7400
-7703
-7384
-7589
-7840
-7523
-8118
-7793
-7863
-8146
-8248
-8028
-8301
-7642
-7919
-7744
-7376
-7683
-7312
-7837
-7624
-8043
-7732
-7913
-8158
-7662
-8183
-7809
-8110
-8116
-7868
-7542
-7710
-7531
-7220
-7879
-6908
-8156
-7733
-7954
-8717
-7626
-8804
-8237
-8266
-7926
-7149
-7396
-7407
-7188
-7312
-7639
-6778
-7298
-7533
-7166
-8225
-7223
-8006
-7884
-7535
-8362
-6888
-8300
-7242
-7467
-7882
-6957
-8052
-7334
-8094
-7966
-7803
-8333
-7758
-7908
-7907
-7621
-7605
-7389
-7348
-7225
-7025
-7042
-6787
-7068
-7404
-7659
-7864
-7956
-8187
-8075
-7929
-7887
-7729
-7499
-7335
-7380
-7522
-7441
-7522
-7613
-7807
-7787
-7757
-7789
-7839
-7846
-7838
-7859
-7721
-7597
-7393
-7286
-7184
-7349
-7429
-7680
-7540
-7894
-7881
-8026
-8583
-8128
-8149
-8007
-7572
-7932
-7749
-7496
-8060
-7292
-7499
-7529
-7058
-7905
-7389
-7996
-8304
-7577
-8507
-7163
-7841
-7984
-7172
-8061
-7192
-7521
-7999
-7221
-7534
-8267
-7667
-8762
-7430
-8448
-7861
-8211
-8633
-6875
-9272
-6518
-8537
-7197
-7061
-8478
-5522
-9488
-6885
-7757
-8748
-6242
-10787
-5315
-8913
-9239
-4165
-11555
-5031
-7865
-9105
-4523
-11057
-5453
-7461
-10719
-4541
-11037
-7574
-7434
-10547
-5440
-9812
-6287
-7356
-8269
-6097
-9011
-6927
-8342
-8161
-7251
-9082
-7087
-7981
-8537
-7310
-8119
-7592
-7691
-7687
-7382
-7565
-7701
-7150
-8092
-7476
-8136
-8587
-7674
-8862
-7423
-8654
-7581
-7900
-7774
-7313
-8350
-6598
-8723
-6792
-8273
-7287
-7803
-9057
-6562
-9886
-7455
-8023
-8377
-7286
-7830
-7467
-7689
-6373
-7852
-7188
-8102
-7814
-7364
-8675
-7191
-8691
-6916
-8109
-8180
-7319
-8717
-6760
-8371
-7375
-6896
-8140
-6980
-7872
-7729
-7659
-8525
-7289
-8520
-7737
-7412
-8704
-6996
-8547
-7242
-7166
-8049
-6335
-8761
-7099
-7411
-8501
-7269
-8835
-7324
-8356
-8268
-7491
-8422
-7020
-7952
-6946
-7309
-7968
-6958
-8578
-7132
-8172
-8254
-7251
-8641
-7192
-8441
-8145
-7483
-8028
-7214
-7901
-7320
-7628
-7806
-7460
-7660
-7434
-7926
-8285
-8476
-8188
-8096
-7645
-8111
-7504
-7533
-7756
-7195
-7661
-6904
-8054
-7574
-7540
-7699
-7804
-8236
-7963
-7967
-7984
-8291
-7547
-8209
-7010
-7291
-7535
-7012
-7946
-7891
-7561
-8199
-7828
-7784
-8317
-7474
-8286
-6984
-8004
-7793
-7129
-7893
-6706
-8431
-7145
-7334
-7849
-7205
-9179
-6753
-8979
-8332
-6851
-9669
-6249
-8859
-7344
-6498
-8381
-6182
-8209
-7266
-7785
-7592
-7299
-8102
-7353
-8169
-7535
-7842
-7607
-7189
-7707
-6923
-7714
-7341
-7076
-7904
-7101
-7969
-7756
-7928
-8317
-7498
-8421
-7572
-7696
-7625
-7478
-7906
-6990
-7885
-7282
-7377
-7676
-7262
-7923
-7423
-8227
-7652
-7879
-8105
-7337
-8005
-7080
-7704
-7049
-7053
-7696
-7186
-7809
-7492
-7778
-7769
-7888
-7830
-7639
-7965
-7827
-7786
-7630
-7311
-7284
-7070
-7353
-7639
-7546
-7738
-7572
-7941
-7884
-7993
-7703
-7695
-7766
-7439
-7702
-7367
-7824
-7598
-7683
-7267
-7111
-7480
-7498
-7872
-7807
-7620
-7767
-8082
-7488
-7777
-7407
-7572
-7186
-7701
-7258
-7336
-8110
-7221
-8292
-7512
-8166
-7671
-7736
-8043
-7813
-7869
-7482
-8097
-6914
-7523
-7152
-7380
-7674
-7340
-7999
-7383
-7984
-8031
-7984
-8013
-7549
-7761
-7577
-7763
-7904
-7443
-7718
-7530
-7428
-7973
-7421
-7753
-7809
-8094
-8279
-7704
-8160
-7738
-7726
-7524
-7325
-7308
-7254
-7555
-7494
-7873
-7542
-7573
-7797
-7869
-8256
-7684
-7987
-7860
-7667
-8001
-7238
-7530
-7533
-7231
-7846
-7758
-7855
-7897
-7754
-8433
-7861
-7894
-7924
-7442
-8224
-7513
-7945
-7662
-7280
-7888
-7050
-8360
-6881
-7571
-8341
-7050
-8947
-6997
-8055
-8220
-7443
-8388
-6679
-8115
-7636
-7123
-8136
-7085
-8429
-7887
-7869
-8732
-7480
-8659
-7849
-7838
-7889
-7231
-8297
-7544
-6899
-7814
-7144
-7589
-7512
-7107
-8405
-7287
-8439
-7505
-7747
-8097
-6795
-8291
-6994
-7899
-7861
-6986
-8184
-7284
-8139
-7740
-7545
-8451
-7706
-8179
-7977
-8060
-8220
-7615
-7713
-7416
-7298
-7551
-7257
-7689
-7534
-7722
-7595
-8058
-7908
-7504
-8171
-7490
-7524
-8034
-7318
-7480
-7995
-6943
-7382
-7806
-7268
-7098
-8681
-6539
-8510
-7558
-6990
-9862
-5634
-8870
-7334
-6579
-8509
-6609
-8231
-7093
-7280
-8738
-6529
-8427
-7717
-7268
-9286
-6762
-9358
-6628
-7925
-8380
-5834
-9279
-5820
-7907
-7509
-7320
-8007
-6757
-9063
-5797
-9302
-7378
-6581
-9681
-4827
-9244
-7338
-6226
-8997
-5785
-8734
-7032
-7218
-8661
-6918
-8474
-7609
-7947
-8075
-7527
-7749
-7334
-7689
-7244
-7492
-7579
-6876
-8080
-7128
-7598
-7531
-7766
-7994
-7125
-8453
-6796
-8204
-7140
-6976
-8191
-6241
-8270
-7010
-7028
-8276
-7048
-8150
-7538
-7990
-7958
-7352
-7981
-7419
-7584
-7155
-7655
-7186
-7339
-7504
-7132
-7828
-7236
-7881
-7627
-7521
-7809
-7602
-7746
-7523
-7625
-7168
-7203
-7758
-7073
-7185
-8029
-7232
-8061
-7350
-7669
-7834
-7418
-8037
-7239
-8653
-6757
-7880
-7874
-6662
-7778
-6877
-7804
-7406
-7494
-7675
-7803
-8037
-8132
-7624
-7501
-7917
-7160
-7856
-7330
-7886
-7324
-7157
-8115
-6681
-8587
-7026
-7850
-8019
-7193
-8727
-6758
-8477
-7321
-7583
-7828
-6724
-8411
-6522
-8043
-7337
-7254
-8616
-6690
-8422
-7406
-8344
-7360
-7968
-8345
-6652
-8959
-6324
-8210
-7425
-6779
-8536
-6466
-8778
-7520
-7609
-8478
-6906
-8524
-7196
-7620
-8385
-6681
-7793
-7206
-7397
-7769
-6811
-8057
-7450
-7487
-7884
-7782
-8088
-7809
-7782
-8018
-7747
-7621
-7530
-7339
-7955
-7678
-7675
-7223
-8008
-7812
-7408
-7792
-8003
-7736
-7751
-7648
-7449
-8012
-7014
-7498
-7149
-7480
-7568
-7224
-7923
-7456
-7960
-8259
-7015
-8565
-7350
-7400
-8300
-6469
-8387
-7082
-7741
-7980
-6737
-7771
-7534
-7343
-8013
-7834
-7559
-7430
-7567
-8300
-6841
-8195
-7817
-6939
-7823
-7039
-7599
-7159
-7655
-7801
-7173
-7488
-7969
-7819
-7730
-7955
-7409
-7977
-7453
-7551
-7217
-7476
-7709
-6755
-8105
-7295
-7445
-8253
-7032
-7876
-7965
-7608
-7985
-7237
-7333
-7682
-7358
-7321
-7675
-7289
-7553
-7512
-7395
-7743
-7425
-8060
-7799
-7534
-7920
-7592
-7302
-7601
-7488
-7359
-7509
-7387
-7630
-7501
-7546
-7866
-7515
-7993
-7723
-7641
-8016
-6965
-7992
-7494
-7210
-7938
-6978
-7595
-7463
-7629
-7817
-7654
-8149
-7556
-7961
-7823
-7563
-7645
-7188
-7762
-7322
-7418
-7478
-7561
-7721
-7522
-7638
-7490
-7843
-7475
-7560
-7867
-7616
-7820
-7440
-7409
-7504
-7221
-7802
-7160
-7456
-7610
-7327
-8262
-7528
-7606
-8136
-7677
-7601
-7807
-7352
-7661
-7779
-7203
-7622
-7364
-7536
-7234
-7734
-7614
-7861
-8235
-6992
-8478
-7042
-7770
-7671
-6941
-8135
-6199
-8606
-6643
-7465
-8721
-6380
-8897
-6858
-7866
-8279
-7071
-8177
-7374
-7747
-7709
-7473
-7524
-7368
-7311
-7333
-7407
-7541
-7509
-8143
-7540
-7902
-7830
-7611
-8348
-7126
-7698
-7255
-7468
-7637
-6850
-7809
-7141
-7601
-7659
-7569
-8215
-7571
-8122
-7839
-7736
-7608
-7454
-7994
-6936
-7569
-7319
-7342
-7871
-7032
-8493
-6952
-8067
-8096
-6503
-8829
-6827
-8159
-7461
-6991
-8485
-6297
-8063
-7080
-7227
-8033
-7236
-7510
-7724
-8137
-7195
-8157
-7315
-8003
-7514
-7334
-8142
-6625
-7978
-7172
-7696
-7748
-7209
-8026
-7117
-8013
-7894
-7397
-8010
-7435
-7819
-7233
-7304
-7524
-7142
-7524
-7364
-7624
-7447
-7657
-7390
-7577
-7846
-7487
-7776
-7737
-7420
-7911
-7281
-7487
-7617
-7022
-7837
-6942
-7881
-7289
-7143
-8418
-7126
-8312
-7510
-7275
-8336
-6945
-7768
-7483
-7012
-8031
-6804
-7899
-7816
-7051
-8155
-7267
-7983
-7810
-7516
-7769
-7533
-7740
-7275
-7583
-7258
-7312
-7521
-7126
-7897
-7481
-7357
-8074
-7378
-7742
-7947
-6933
-8222
-7442
-7415
-8007
-6989
-7593
-7070
-7774
-6838
-7871
-7663
-6992
-8493
-7189
-8126
-7593
-7374
-7848
-7230
-7520
-7284
-7398
-7499
-7288
-7660
-7452
-7532
-7592
-7691
-7613
-7685
-8008
-7147
-7896
-7258
-7323
-7580
-7049
-7564
-7157
-7695
-7285
-7751
-7577
-7093
-8182
-7387
-7775
-7573
-7397
-8084
-6699
-7981
-7740
-6656
-8061
-7038
-7489
-7520
-7380
-7934
-7270
-8103
-7318
-7633
-7667
-7312
-7694
-6940
-7720
-7161
-7460
-7493
-7170
-7938
-7270
-7787
-7717
-7302
-7731
-7321
-7727
-7546
-7329
-7517
-7023
-7499
-7274
-7366
-7389
-7363
-7678
-7447
-7778
-7610
-7506
-7497
-7402
-7602
-7430
-7378
-7306
-7098
-7512
-7383
-7294
-7346
-7467
-7668
-7658
-7514
-7782
-7744
-7620
-7494
-7281
-7509
-7152
-7450
-7172
-7714
-7077
-7773
-7765
-7156
-8101
-6906
-8216
-7512
-7423
-7805
-7305
-7780
-6845
-7532
-7384
-7183
-7510
-6964
-7976
-7364
-7340
-8035
-7056
-7924
-7298
-7662
-7472
-7104
-7955
-6975
-7763
-7068
-7283
-7598
-7017
-7848
-7247
-7621
-7741
-7657
-7848
-7320
-7498
-7537
-7285
-7310
-7373
-7379
-7594
-7373
-7433
-7556
-7496
-7808
-7480
-7722
-7498
-7509
-7466
-7377
-7839
-7146
-7551
-7321
-7160
-7636
-7113
-7626
-7651
-7370
-7994
-7418
-7376
-7659
-7511
-7682
-7350
-7361
-7388
-7521
-7324
-7314
-7390
-7235
-7838
-7382
-7679
-7852
-7312
-7994
-7259
-7625
-7459
-7030
-7595
-7287
-7732
-7058
-7349
-7839
-7347
-7746
-7606
-7645
-7452
-7321
-7833
-7554
-7284
-7534
-7443
-7287
-7425
-7457
-7245
-7508
-7470
-7817
-7751
-7492
-8014
-6883
-8141
-6835
-7564
-8493
-6202
-8005
-7227
-7428
-7485
-7410
-7381
-7408
-7538
-7646
-7777
-7293
-7676
-7204
-8062
-7107
-7184
-7743
-7062
-7884
-7073
-7570
-7641
-7069
-8867
-6762
-7493
-8171
-6952
-8180
-7051
-7858
-7322
-7378
-7665
-6979
-7996
-7082
-7425
-7988
-7032
-8000
-8023
-7464
-7526
-7636
-7698
-7220
-7786
-7039
-7516
-7478
-7192
-7889
-7323
-7635
-7815
-7645
-7766
-7917
-7529
-7808
-7593
-7099
-7716
-7618
-6825
-7457
-7477
-7330
-7948
-7275
-7590
-7880
-7463
-7718
-7636
-7511
-7462
-7772
-7225
-7724
-7002
-7428
-7851
-6689
-8369
-6792
-8355
-7508
-7288
-8424
-6928
-8322
-7172
-7910
-7351
-7266
-7749
-6919
-7970
-7246
-7585
-7977
-7057
-8309
-7398
-7895
-8232
-6987
-8321
-7226
-7589
-7520
-7140
-7851
-6864
-7842
-7492
-7611
-7994
-7224
-8104
-7618
-7769
-7773
-7309
-7762
-7315
-7725
-7648
-7385
-7426
-7839
-7223
-7700
-7857
-6887
-8884
-6624
-8585
-7660
-6504
-8804
-6613
-8268
-6943
-7666
-7502
-7099
-8347
-6744
-8178
-7674
-6876
-8761
-7269
-7602
-8177
-6972
-7995
-7463
-7547
-7295
-7202
-8016
-7242
-7756
-7650
-7367
-7992
-7517
-7775
-7561
-7661
-7614
-7630
-7584
-7476
-7333
-7608
-7365
-7328
-7726
-7186
-8061
-7326
-7640
-7789
-7578
-7831
-7089
-7839
-7487
-7326
-7608
-7087
-7954
-7248
-7263
-7904
-7193
-8168
-7354
-7548
-7858
-7173
-8180
-7231
-7522
-7712
-7077
-7804
-7102
-7420
-7473
-7401
-7972
-7198
-8065
-7664
-7381
-8054
-6880
-7994
-7038
-7423
-7698
-6628
-8094
-6837
-7801
-7339
-7125
-8068
-7182
-7678
-7534
-7805
-7556
-7385
-7626
-7092
-7417
-7235
-7351
-7573
-7113
-7907
-7293
-7689
-7637
-7491
-7850
-7246
-7608
-7772
-7342
-7295
-7771
-7031
-7335
-7374
-7522
-7491
-6974
-7843
-7395
-7453
-7580
-7212
-7870
-7184
-7775
-7132
-7184
-7648
-6760
-7882
-7085
-7204
-7619
-7500
-7289
-7695
-7435
-7589
-7794
-6976
-7710
-6882
-7538
-7389
-6862
-7518
-6958
-7913
-7337
-7296
-7741
-7116
-8005
-7418
-7457
-7514
-7456
-7320
-7233
-7692
-6922
-7770
-7088
-7419
-7588
-7114
-7906
-7128
-8120
-7558
-7506
-7621
-7293
-7815
-7081
-7507
-7397
-7135
-7689
-7659
-7245
-7888
-7045
-7697
-7867
-6936
-8328
-6834
-8017
-7435
-7030
-8189
-6384
-8000
-6947
-7411
-7897
-6889
-8034
-7372
-7777
-7565
-7549
-7555
-7391
-7615
-7456
-7280
-7409
-7544
-7294
-7715
-7082
-7667
-7830
-7394
-7947
-7316
-7743
-7655
-7323
-7712
-7235
-7606
-7519
-7648
-7519
-7157
-7862
-7321
-7728
-7465
-7582
-7803
-7647
-8115
-7294
-7884
-7313
-7524
-7958
-6844
-7962
-7234
-7509
-7828
-7136
-8274
-7231
-8190
-7530
-7331
-8065
-6845
-8151
-7254
-7875
-7712
-6645
-7998
-7369
-7911
-7355
-7333
-7868
-7300
-8306
-7005
-7826
-7499
-7293
-8035
-6832
-7991
-6796
-7816
-7734
-7049
-8133
-6870
-8013
-7484
-7783
-7741
-7349
-8265
-7111
-7857
-7252
-7227
-7624
-7355
-7555
-7396
-7674
-7475
-7721
-7607
-7612
-7736
-7494
-7695
-7390
-7564
-7471
-7253
-7687
-7237
-7669
-7407
-7677
-7330
-7512
-7794
-7145
-8219
-7256
-7759
-7787
-6741
-7894
-7335
-7141
-7807
-6918
-7698
-7596
-7214
-8160
-7113
-8223
-7329
-7283
-8378
-6756
-8107
-7307
-6986
-8032
-6634
-7589
-7860
-6886
-8298
-7131
-7955
-7749
-7234
-8073
-6832
-8310
-6909
-7503
-7380
-7072
-7799
-7084
-7910
-6989
-7720
-7780
-7165
-7971
-7238
-7702
-7729
-7080
-7841
-7237
-7822
-7315
-7285
-7297
-7411
-7744
-7316
-7818
-7144
-7880
-7467
-7595
-7584
-7465
-7792
-7166
-7735
-7285
-7181
-7623
-7288
-7529
-7553
-7335
-7699
-7508
-7607
-7801
-7292
-7618
-7680
-7189
-7539
-7216
-7322
-7646
-7466
-7329
-7201
-7920
-7388
-7649
-7658
-7343
-7666
-7101
-8086
-6941
-7487
-7707
-6708
-8230
-6823
-7514
-7790
-7075
-8071
-7178
-7643
-7688
-7253
-7834
-7213
-7699
-7281
-7197
-7745
-7007
-7521
-7323
-7429
-7399
-7744
-7669
-7552
-7491
-7381
-7860
-7074
-7634
-7256
-7408
-7399
-7338
-7615
-7151
-7669
-7367
-7567
-7758
-7316
-7501
-7647
-7393
-7829
-7316
-7652
-7199
-7150
-7784
-6602
-8290
-6730
-7264
-8538
-6240
-8371
-7252
-7309
-8036
-6964
-7978
-7052
-7434
-7323
-7325
-7436
-7080
-7459
-7269
-7744
-7433
-7460
-7546
-7553
-7558
-7281
-7641
-7373
-7613
-7484
-7033
-7551
-7260
-7391
-7519
-7043
-7944
-7307
-7160
-7988
-7131
-7494
-7710
-7244
-7478
-7378
-7328
-7399
-7106
-7664
-7220
-7516
-7608
-7268
-7888
-7130
-7705
-7447
-7449
-7330
-7322
-7530
-7047
-7483
-6925
-7742
-7139
-7316
-7825
-7035
-7892
-7225
-7473
-7635
-7388
-7581
-6974
-7458
-7094
-7225
-7672
-7045
-7364
-7330
-7258
-7576
-7378
-7363
-7799
-7208
-7644
-7222
-7078
-8123
-6584
-7146
-7546
-6770
-7705
-7194
-7309
-8127
-6639
-8152
-7419
-6773
-8577
-6211
-7860
-7623
-6426
-8153
-6453
-7607
-7328
-6694
-8349
-6421
-7792
-7473
-7081
-7967
-6836
-7429
-7287
-7429
-7320
-7629
-6876
-7276
-7322
-7199
-7631
-6909
-7896
-6960
-7587
-7576
-6985
-8562
-6273
-7722
-7345
-6705
-8201
-6258
-8048
-6870
-7002
-7890
-6717
-7767
-7405
-7283
-7955
-6900
-7571
-7047
-7227
-7751
-6573
-8134
-6411
-7898
-7716
-6679
-7636
-7203
-7682
-7423
-7430
-7486
-7459
-7182
-7879
-6759
-7275
-7212
-7192
-7537
-7138
-7378
-7283
-7555
-7631
-7658
-7075
-7563
-7156
-7374
-7705
-6952
-7279
-7234
-7156
-7408
-7252
-7667
-6912
-7685
-7514
-7203
-8136
-6547
-7851
-7018
-7455
-7488
-6532
-8022
-6625
-7997
-6862
-7286
-7735
-6982
-8025
-6996
-7804
-7230
-8030
-6673
-7820
-7492
-6502
-8230
-6083
-8310
-6968
-7244
-7979
-6668
-8314
-6903
-7690
-7360
-7064
-7861
-6912
-7571
-7060
-7296
-7602
-7006
-7510
-7211
-7445
-7523
-7403
-7778
-7495
-7555
-7420
-7275
-7407
-7286
-7350
-7276
-7319
-7398
-7256
-7391
-7279
-7375
-7648
-7415
-7652
-7502
-7407
-7490
-7282
-7512
-7244
-7266
-7344
-7229
-7809
-7384
-7488
-7702
-7237
-7906
-7432
-7585
-7609
-7334
-7752
-7017
-7767
-7255
-7129
-7859
-7144
-7673
-7424
-7398
-7705
-7531
-7643
-7467
-7525
-7670
-7429
-7547
-7350
-7554
-7544
-7263
-7691
-7349
-7643
-7561
-7635
-7821
-7405
-7635
-7398
-7557
-7689
-7392
-7707
-7341
-7518
-7528
-7256
-7700
-7298
-7604
-7502
-7396
-7884
-7320
-7677
-7597
-7432
-7707
-7065
-7628
-7334
-7317
-7586
-7291
-7805
-7220
-7717
-7733
-7342
-7931
-7109
-7509
-7541
-7162
-7909
-7040
-7312
-7720
-7160
-7573
-7461
-7671
-7545
-7333
-7712
-7045
-7680
-7638
-7150
-7728
-7115
-7775
-7394
-6942
-7717
-7281
-7230
-7625
-7336
-7389
-7291
-7388
-8162
-6635
-8013
-7567
-7009
-8079
-6469
-8221
-6841
-7405
-7580
-6653
-8242
-6839
-7820
-7456
-7322
-7735
-7047
-7913
-7159
-7123
-7625
-7004
-7812
-7284
-7054
-7707
-6924
-7626
-7538
-7226
-7395
-7434
-7465
-7490
-7240
-7187
-7470
-7061
-7700
-6876
-7404
-7423
-7042
-7827
-6863
-7804
-7282
-7355
-7559
-7132
-7684
-7095
-7395
-7132
-7057
-7389
-7170
-7533
-7257
-7284
-7585
-7056
-7725
-7370
-7336
-7366
-6963
-7517
-7004
-7262
-7400
-7173
-7361
-7340
-7174
-7661
-7173
-7196
-7661
-7036
-7592
-7008
-7489
-7510
-7122
-7362
-7248
-7583
-6955
-7369
-7075
-7394
-7378
-7354
-7489
-7238
-7557
-7185
-7364
-7422
-7258
-7270
-7151
-7024
-7372
-7133
-7284
-7218
-7309
-7492
-7226
-7239
-7319
-7462
-7355
-7106
-7133
-7213
-7121
-7288
-7243
-6966
-7477
-6860
-7304
-7945
-6562
-7862
-7265
-6767
-7628
-7126
-7374
-7054
-7100
-7334
-6879
-7437
-6980
-7127
-7407
-7175
-7519
-6979
-7512
-7338
-7407
-7278
-7015
-7310
-7147
-7012
-7240
-7032
-7385
-7131
-7220
-7375
-6883
-7654
-7126
-7344
-7254
-7137
-7244
-7005
-7243
-7113
-6941
-7295
-7258
-7142
-7301
-7074
-7356
-7258
-7223
-7195
-7248
-7192
-6883
-7175
-7132
-6997
-7210
-7226
-7042
-7171
-7087
-7221
-7433
-6862
-7515
-7184
-7157
-7344
-6828
-7427
-6862
-7215
-7135
-7079
-7224
-7018
-7318
-7175
-7388
-7108
-7327
-7243
-7188
-7265
-7056
-7245
-6958
-7149
-7055
-6944
-7289
-7040
-7320
-7308
-7124
-7429
-7150
-7413
-7153
-7090
-7158
-6966
-7350
-7036
-7174
-7064
-7084
-7172
-7214
-7219
-7207
-7247
-7163
-7351
-7089
-7260
-7135
-7124
-7110
-7133
-7074
-7057
-7137
-6970
-7278
-7068
-7275
-7321
-7212
-7329
-7125
-7377
-7277
-6991
-7275
-7008
-6976
-6991
-7001
-7438
-6875
-7341
-7265
-6943
-7601
-7105
-7490
-7145
-7073
-7413
-6827
-7362
-6991
-7132
-7138
-6844
-7389
-7014
-7246
-7187
-7113
-7459
-6991
-7385
-7259
-7085
-7351
-6851
-7285
-6870
-7067
-7248
-6990
-7397
-7045
-7450
-7277
-7276
-7204
-7129
-7347
-7059
-7192
-7037
-7157
-7140
-7099
-7208
-7173
-7261
-7138
-7141
-7219
-7360
-7371
-7264
-7212
-7154
-7235
-7094
-7075
-7049
-7046
-7232
-7136
-7208
-7267
-7207
-7325
-7191
-7231
-7471
-7175
-7261
-7097
-7246
-7300
-7067
-7346
-7058
-7291
-7100
-7153
-7272
-7171
-7294
-7269
-7506
-7239
-7254
-7142
-7121
-7399
-7068
-7220
-7134
-6996
-7428
-7110
-7359
-7166
-7307
-7499
-7068
-7482
-7043
-7337
-7364
-7053
-7402
-7119
-7185
-7141
-7136
-7383
-7133
-7334
-7446
-7336
-7323
-7211
-7364
-7072
-7137
-7273
-7249
-7375
-7058
-7133
-7349
-7272
-7355
-7299
-7366
-7350
-7332
-7310
-7133
-7299
-7207
-7156
-7410
-7196
-7138
-7276
-7124
-7385
-7204
-7369
-7359
-7084
-7477
-7251
-7426
-7248
-7323
-7421
-6849
-7393
-7094
-7115
-7225
-7016
-7551
-7046
-7446
-7465
-7176
-7369
-7199
-7452
-7108
-7131
-7289
-7150
-7269
-7177
-7136
-7110
-7258
-7384
-7186
-7290
-7148
-7218
-7370
-7166
-7273
-7099
-7099
-7208
-6928
-7300
-7291
-7047
-7359
-7064
-7262
-7323
-7211
-7415
-7200
-7260
-7187
-7117
-7248
-7127
-7094
-7096
-6995
-7261
-7241
-7250
-7226
-7044
-7368
-7243
-7244
-7155
-7138
-7156
-7045
-7307
-6976
-7082
-7117
-7129
-7219
-7098
-7391
-7216
-7284
-7244
-7177
-7316
-7110
-7151
-7158
-7166
-7116
-7001
-7062
-7278
-7245
-7056
-7237
-7211
-7297
-7194
-7040
-7292
-7175
-7204
-7100
-6882
-7179
-6964
-7265
-7332
-7021
-7454
-7018
-7333
-7167
-7085
-7432
-7103
-7408
-7200
-7054
-7341
-7124
-7211
-7010
-6971
-7337
-7056
-7587
-7063
-7360
-7162
-7223
-7399
-6900
-7553
-6937
-7396
-7202
-7153
-7162
-6990
-7352
-7047
-7296
-7199
-7097
-7452
-7038
-7483
-7264
-6986
-7397
-6913
-7482
-7130
-7097
-7167
-6999
-7510
-7014
-7313
-7414
-7010
-7496
-7136
-7355
-7347
-7076
-7335
-7221
-7185
-7209
-7234
-7179
-7308
-7183
-7476
-7158
-7284
-7420
-7323
-7265
-7124
-7413
-7175
-7273
-7118
-7181
-7116
-7072
-7340
-7122
-7251
-7445
-7235
-7417
-7188
-7355
-7521
-7063
-7311
-7279
-7105
-7133
-7323
-7115
-7250
-7264
-7476
-7366
-7224
-7678
-7329
-7273
-7091
-7476
-7152
-7052
-7531
-6738
-7409
-7111
-7036
-7560
-6727
-7550
-7043
-7352
-7439
-6906
-7570
-6818
-7505
-7231
-7057
-7363
-6917
-7551
-7045
-7184
-7324
-7104
-7441
-7149
-7217
-7318
-7351
-7265
-7493
-7058
-7428
-7231
-7091
-7578
-6652
-7421
-7236
-6977
-7485
-7028
-7281
-7310
-7027
-7420
-7114
-7184
-7308
-7318
-7278
-7011
-7344
-7061
-7460
-7428
-6965
-7545
-7000
-7135
-7596
-6634
-7731
-6908
-7038
-7525
-6541
-7944
-6691
-7353
-7297
-6822
-8001
-6645
-7668
-7217
-7052
-7801
-6740
-7762
-7044
-6909
-7460
-6587
-7436
-7165
-7036
-7505
-6959
-7639
-7124
-7161
-7441
-6732
-7696
-7089
-7156
-7056
-7011
-7530
-6692
-7353
-7204
-6912
-7493
-7119
-7114
-7135
-7127
-7622
-6497
-7393
-7181
-6460
-7848
-6503
-7278
-7050
-6912
-7654
-6277
-7846
-6917
-6682
-7804
-6409
-7776
-6719
-6863
-7651
-6294
-7679
-6791
-6859
-7698
-6239
-7684
-6973
-6874
-7633
-6509
-7718
-6430
-7605
-6636
-6943
-8030
-5968
-7816
-6575
-7081
-7237
-6545
-7704
-6713
-7000
-7438
-6846
-7417
-6928
-6943
-7161
-6865
-7239
-6714
-7229
-6881
-7049
-7180
-6818
-7243
-6941
-7341
-7135
-6852
-7309
-6786
-7098
-7184
-6776
-7211
-6725
-7324
-6895
-6845
-7300
-6532
-7416
-6931
-7050
-7275
-6720
-7346
-6649
-6920
-7336
-6494
-7304
-6767
-6988
-7227
-6618
-7399
-6657
-7350
-6873
-6887
-7343
-6604
-7205
-7020
-6862
-7033
-7094
-6871
-7090
-7002
-7176
-6991
-7077
-7106
-6922
-7170
-7071
-7038
-7133
-6996
-7101
-6961
-6927
-7212
-6815
-7228
-6871
-7106
-6980
-6962
-7077
-6897
-7055
-6937
-6938
-6969
-7006
-6887
-7044
-6915
-7038
-6797
-7021
-6898
-7010
-7065
-6800
-7170
-6822
-6916
-7059
-6651
-7238
-6834
-6806
-7223
-6648
-7364
-6966
-6829
-7278
-6642
-7097
-7141
-6781
-7029
-6870
-6986
-7148
-6915
-6922
-7040
-6843
-7185
-6963
-7004
-7156
-6837
-7125
-7040
-6889
-7229
-6908
-6841
-7231
-6736
-7320
-6835
-6967
-7109
-6766
-7344
-6660
-7460
-6837
-6963
-7327
-6639
-7554
-6576
-7156
-7103
-6700
-7344
-6566
-7275
-7024
-6969
-7331
-6816
-7131
-6811
-7053
-7280
-6850
-6954
-6878
-7093
-7063
-6952
-6955
-6897
-7127
-7054
-7003
-7134
-7042
-7032
-7199
-7027
-7089
-6931
-6833
-7148
-6923
-6921
-6866
-6916
-7262
-7115
-6987
-7081
-7085
-7194
-7043
-6995
-7115
-6974
-7075
-6990
-6891
-6980
-6962
-6953
-7071
-7017
-6915
-6998
-7095
-7141
-7088
-7026
-6969
-6977
-7013
-7005
-6875
-7042
-7047
-6970
-7046
-6826
-7203
-6910
-7057
-7250
-6708
-7348
-6678
-7254
-6990
-6649
-7338
-6314
-7561
-6641
-6735
-7345
-6502
-7414
-6733
-7209
-7152
-6750
-7134
-6782
-7053
-6890
-6926
-7052
-6761
-6960
-6902
-6951
-7018
-6850
-7021
-6940
-7043
-7100
-6990
-6971
-6886
-6980
-6985
-6947
-6994
-6906
-6908
-6987
-6954
-6933
-6892
-7057
-7024
-6979
-6987
-6928
-7131
-6992
-7009
-6922
-6843
-7007
-6946
-6981
-6843
-7034
-7061
-7023
-7027
-6947
-7131
-7004
-6988
-7039
-7007
-6948
-6926
-6965
-6908
-6902
-6980
-6945
-6966
-6915
-6992
-7031
-7085
-7060
-7022
-7159
-6907
-7119
-7002
-6932
-7084
-6841
-7086
-7058
-6955
-7131
-6967
-7141
-6985
-6964
-7135
-7033
-7122
-6914
-7204
-6878
-6923
-7109
-6793
-7100
-7113
-7061
-6996
-7120
-7056
-7037
-7201
-6993
-6999
-7165
-6903
-7111
-7190
-6908
-7300
-6876
-7059
-6956
-6739
-7397
-6945
-7287
-7030
-6963
-7218
-6893
-7095
-6793
-7159
-7102
-6874
-7201
-6952
-7076
-7206
-6870
-7067
-6963
-7008
-7176
-6960
-7218
-6864
-6981
-7199
-6918
-6892
-6978
-7052
-6888
-7160
-6988
-6844
-7163
-6936
-6979
-7027
-6945
-7055
-6941
-7045
-7037
-7010
-6975
-6986
-7244
-7062
-7038
-7130
-7010
-7171
-6992
-7014
-7030
-6968
-7122
-6801
-7007
-6963
-6973
-7080
-6946
-7165
-7005
-7093
-7187
-7126
-7071
-6878
-6969
-6987
-7070
-6970
-6896
-7048
-7046
-7021
-7003
-7078
-6905
-6985
-7080
-7163
-7041
-6932
-6976
-6879
-7114
-6973
-6965
-6984
-6840
-6891
-6950
-7030
-7009
-7028
-7035
-7053
-7086
-7056
-7107
-7020
-7015
-6979
-6822
-6944
-6918
-7041
-7067
-6981
-7065
-6951
-7037
-7002
-6863
-6945
-6896
-6993
-6912
-6835
-6925
-6773
-6895
-6885
-6971
-6958
-6889
-7067
-6927
-6988
-6937
-6949
-6997
-6799
-6921
-6949
-6999
-6928
-6796
-7006
-6946
-6967
-6955
-7047
-7163
-6981
-7013
-6894
-6977
-6941
-6856
-6915
-6742
-6937
-6857
-6882
-7043
-6884
-7015
-6899
-6992
-7046
-6959
-7065
-6957
-6957
-6827
-6827
-6857
-6888
-6968
-6849
-6914
-6909
-6874
-6943
-6917
-6878
-6873
-6847
-6918
-6884
-6830
-6916
-6858
-6852
-6799
-6847
-6818
-6757
-6883
-6916
-7030
-6947
-6880
-6964
-6905
-6895
-6901
-6831
-6909
-6965
-6909
-6884
-6888
-6936
-6908
-6957
-6886
-6914
-6943
-6875
-6948
-6879
-6864
-6745
-6862
-6974
-6881
-6860
-6766
-6857
-6849
-6849
-6773
-6764
-6853
-6835
-6873
-6749
-6812
-6853
-6824
-6849
-6740
-6858
-6958
-6886
-6750
-6749
-6888
-6839
-6886
-6837
-6829
-6900
-6871
-6924
-6736
-6772
-6744
-6741
-6812
-6729
-6796
-6765
-6846
-6811
-6862
-6797
-6783
-6881
-6765
-6827
-6734
-6713
-6757
-6758
-6817
-6741
-6731
-6751
-6811
-6841
-6778
-6703
-6742
-6802
-6753
-6775
-6720
-6753
-6725
-6775
-6788
-6683
-6775
-6785
-6828
-6756
-6752
-6776
-6814
-6939
-6794
-6776
-6771
-6751
-6844
-6704
-6689
-6705
-6725
-6828
-6809
-6837
-6762
-6807
-6875
-6787
-6774
-6812
-6880
-6821
-6723
-6759
-6835
-6825
-6813
-6797
-6837
-6895
-6829
-6870
-6878
-6822
-6834
-6779
-6886
-6848
-6731
-6828
-6747
-6860
-6863
-6838
-6834
-6741
-6899
-6902
-6951
-6813
-6772
-6789
-6744
-6842
-6700
-6797
-6867
-6828
-6852
-6796
-6851
-6849
-6869
-6887
-6854
-6908
-6899
-6935
-6902
-6892
-6859
-6851
-6919
-6911
-6950
-6907
-6923
-6885
-6913
-6878
-6905
-6870
-6875
-6942
-6842
-6893
-6818
-6894
-6910
-6911
-6921
-6888
-7049
-7041
-7041
-7047
-6958
-6963
-6949
-7001
-7009
-6995
-7029
-6950
-6945
-6974
-7007
-6982
-6863
-6945
-7013
-6960
-7019
-6930
-7004
-7029
-7000
-7034
-6947
-6996
-6950
-7017
-7011
-6960
-6953
-7011
-7078
-7030
-7021
-7010
-7080
-7052
-7060
-7124
-7042
-7001
-7038
-7047
-7052
-6901
-6945
-7012
-7051
-7030
-6969
-7114
-7061
-7023
-7070
-7032
-6973
-7038
-7008
-7011
-7041
-6972
-6981
-6998
-7051
-7075
-7013
-7068
-7024
-7008
-6950
-6970
-7024
-6914
-7072
-6973
-6956
-6984
-6944
-7095
-7057
-7064
-7028
-6995
-7127
-6958
-7028
-7067
-6969
-7069
-7002
-7095
-7088
-7050
-7125
-7042
-6954
-7146
-7132
-6916
-7032
-7129
-6900
-7051
-7144
-6912
-7041
-6974
-7018
-6885
-7116
-7014
-6846
-7241
-6754
-7201
-6930
-6874
-7216
-6860
-7157
-6823
-7127
-6987
-6910
-7131
-6903
-7117
-7057
-7058
-7038
-7066
-7021
-7088
-6995
-6894
-7150
-6904
-6972
-7167
-6886
-7020
-7049
-6887
-7001
-7044
-7079
-6966
-7101
-7064
-7080
-7098
-6874
-7159
-6932
-7056
-6969
-6871
-7011
-7006
-7097
-6883
-7243
-6851
-7076
-7106
-6828
-7282
-6796
-7164
-6926
-6809
-7128
-6684
-7202
-6923
-6847
-7132
-6912
-7034
-6988
-6956
-7072
-6918
-6980
-7040
-6845
-7038
-6874
-7077
-6981
-6977
-7058
-6966
-7212
-6932
-7074
-7070
-6964
-7144
-6987
-6978
-7004
-6987
-6997
-6885
-7091
-6967
-7007
-6860
-6950
-7138
-6768
-7183
-7010
-7081
-7063
-6937
-7018
-6904
-7231
-6781
-6991
-7088
-6793
-7122
-6872
-7090
-7111
-6823
-7256
-6739
-7025
-7130
-6806
-7257
-6938
-7235
-6783
-7012
-7054
-6795
-7178
-6728
-7157
-7074
-7034
-7200
-6853
-7105
-6862
-6960
-7099
-6813
-7179
-6810
-7015
-6959
-6974
-7167
-6831
-7215
-6914
-7000
-7005
-6826
-7075
-6891
-6990
-6886
-6874
-6998
-6783
-7031
-6925
-7060
-7057
-6977
-7165
-6983
-7149
-6985
-6974
-6954
-6959
-6974
-6865
-7039
-6914
-7063
-7032
-7013
-7106
-6962
-7115
-6921
-7021
-7030
-6896
-6999
-6886
-7044
-7052
-7039
-7040
-6995
-7036
-7083
-7050
-7051
-7087
-7016
-7085
-7036
-7069
-7040
-6974
-7094
-6934
-7045
-6960
-6981
-7117
-6985
-7026
-6904
-7021
-6983
-7028
-7107
-7021
-7074
-7030
-7049
-7109
-7068
-7118
-7105
-7126
-7133
-6990
-7024
-7016
-7073
-7038
-6995
-7114
-7021
-7095
-7125
-6928
-7163
-6930
-7067
-7122
-6978
-7257
-6970
-7142
-7135
-7103
-7074
-7068
-7202
-7079
-7070
-7056
-7116
-7020
-7005
-7072
-7008
-7136
-7149
-7002
-7140
-7050
-7099
-7156
-7150
-7241
-7043
-7130
-7097
-7121
-7138
-7048
-7199
-7128
-7170
-7118
-7082
-7200
-7136
-7198
-7149
-7073
-7132
-7098
-7220
-7186
-7080
-7077
-7133
-7239
-7062
-7112
-7229
-7158
-7116
-7258
-7070
-7184
-7159
-7016
-7242
-6974
-7150
-7055
-7121
-7280
-7110
-7141
-7220
-7210
-7208
-7204
-7109
-7151
-7140
-7227
-7070
-7175
-7160
-7068
-7203
-7072
-7063
-7118
-7102
-7199
-7157
-7129
-7121
-7046
-7227
-7024
-7130
-7101
-7017
-7314
-6945
-7180
-7126
-7091
-7354
-7048
-7276
-7128
-7162
-7263
-7120
-7178
-7014
-7066
-7104
-7063
-7054
-7092
-7085
-7104
-7174
-7066
-7074
-7097
-7058
-7132
-7122
-7125
-7082
-7094
-7145
-7060
-7143
-7165
-7191
-7245
-7131
-7139
-7157
-7135
-7096
-7086
-7108
-7060
-7103
-7103
-7083
-7153
-7031
-7099
-7156
-7102
-7175
-7088
-7214
-7138
-7078
-7164
-7054
-7184
-7148
-7150
-7081
-7068
-7144
-7108
-7175
-7047
-7114
-7172
-7189
-7168
-7089
-7127
-7122
-7163
-7117
-7059
-7172
-7087
-7134
-7182
-7099
-7165
-7036
-7163
-7145
-7160
-7207
-7073
-7130
-7080
-7099
-7121
-7102
-7157
-7184
-7153
-7171
-7145
-7170
-7185
-7157
-7230
-7154
-7230
-7227
-7118
-7182
-7126
-7119
-7163
-7173
-7125
-7131
-7189
-7272
-7240
-7216
-7202
-7176
-7221
-7203
-7207
-7199
-7243
-7180
-7152
-7214
-7226
-7209
-7244
-7271
-7235
-7204
-7182
-7268
-7239
-7208
-7214
-7182
-7271
-7167
-7209
-7193
-7143
-7364
-7258
-7268
-7248
-7234
-7319
-7265
-7236
-7155
-7176
-7195
-7249
-7236
-7187
-7265
-7245
-7239
-7229
-7270
-7298
-7215
-7276
-7264
-7230
-7227
-7295
-7264
-7181
-7159
-7097
-7215
-7216
-7279
-7189
-7183
-7305
-7255
-7338
-7258
-7268
-7274
-7306
-7364
-7322
-7360
-7309
-7243
-7242
-7225
-7260
-7200
-7184
-7231
-7222
-7331
-7257
-7370
-7354
-7327
-7407
-7188
-7300
-7291
-7225
-7220
-7229
-7265
-7205
-7246
-7267
-7308
-7259
-7250
-7278
-7281
-7200
-7182
-7261
-7276
-7249
-7267
-7234
-7285
-7274
-7204
-7281
-7230
-7328
-7236
-7297
-7294
-7269
-7277
-7220
-7315
-7247
-7355
-7274
-7304
-7285
-7282
-7344
-7267
-7392
-7336
-7299
-7297
-7234
-7236
-7241
-7293
-7249
-7280
-7319
-7284
-7336
-7278
-7256
-7302
-7306
-7322
-7304
-7331
-7252
-7245
-7217
-7279
-7369
-7224
-7368
-7267
-7332
-7375
-7253
-7375
-7261
-7300
-7323
-7250
-7346
-7312
-7335
-7331
-7255
-7281
-7159
-7344
-7276
-7288
-7280
-7181
-7373
-7213
-7323
-7205
-7201
-7293
-7238
-7299
-7166
-7314
-7275
-7264
-7253
-7204
-7301
-7224
-7300
-7291
-7235
-7253
-7245
-7266
-7213
-7173
-7267
-7214
-7224
-7192
-7160
-7236
-7161
-7281
-7288
-7329
-7322
-7248
-7273
-7216
-7174
-7122
-7189
-7252
-7270
-7219
-7207
-7274
-7284
-7240
-7228
-7210
-7225
-7253
-7220
-7254
-7239
-7261
-7287
-7230
-7278
-7220
-7213
-7241
-7208
-7262
-7177
-7283
-7289
-7224
-7240
-7156
-7228
-7220
-7253
-7270
-7210
-7200
-7192
-7202
-7217
-7237
-7214
-7246
-7303
-7329
-7266
-7292
-7276
-7240
-7269
-7168
-7229
-7181
-7291
-7267
-7215
-7235
-7186
-7328
-7196
-7290
-7228
-7200
-7310
-7218
-7257
-7258
-7286
-7217
-7126
-7234
-7289
-7181
-7229
-7215
-7272
-7338
-7253
-7342
-7237
-7253
-7317
-7235
-7283
-7339
-7323
-7268
-7272
-7236
-7329
-7309
-7276
-7337
-7328
-7400
-7260
-7304
-7301
-7273
-7315
-7276
-7289
-7180
-7315
-7151
-7305
-7201
-7310
-7302
-7109
-7444
-7051
-7437
-7243
-7139
-7443
-7006
-7422
-7269
-7160
-7612
-6929
-7574
-7178
-7071
-7794
-6787
-7659
-7158
-7230
-7469
-6992
-7547
-6998
-7386
-7353
-7210
-7479
-7336
-7381
-7229
-7320
-7370
-7100
-7333
-7378
-7282
-7315
-7260
-7388
-7175
-7410
-7235
-7276
-7355
-7175
-7432
-7173
-7481
-7060
-7250
-7405
-7018
-7562
-7099
-7322
-7462
-7239
-7349
-7119
-7456
-7139
-7336
-7475
-7098
-7453
-7200
-7421
-7297
-7110
-7436
-7165
-7352
-7300
-7133
-7325
-7238
-7405
-7415
-7254
-7285
-7342
-7325
-7167
-7435
-7281
-7194
-7420
-7082
-7421
-7319
-7071
-7469
-7202
-7210
-7455
-7242
-7261
-7223
-7299
-7238
-7022
-7427
-7102
-7318
-7267
-7221
-7504
-7005
-7450
-7179
-7315
-7442
-7155
-7443
-7154
-7272
-7213
-7072
-7300
-7234
-7116
-7262
-7207
-7255
-7302
-7223
-7255
-7072
-7273
-7156
-7277
-7236
-7108
-7307
-7073
-7302
-7200
-7175
-7314
-7234
-7336
-7202
-7182
-7201
-7219
-7276
-7216
-7207
-7069
-7200
-7142
-7201
-7284
-7139
-7224
-7140
-7227
-7169
-7150
-7211
-7238
-7175
-7188
-7165
-7074
-7187
-7153
-7214
-7189
-7095
-7231
-7167
-7207
-7264
-7049
-7234
-7150
-7040
-7198
-7128
-7164
-7164
-7175
-7149
-7180
-7169
-7110
-7205
-7143
-7164
-7168
-7172
-7227
-7175
-7205
-7210
-7183
-7190
-7154
-7147
-7183
-7176
-7130
-7114
-7192
-7202
-7240
-7192
-7130
-7136
-7116
-7197
-7170
-7192
-7236
-7169
-7216
-7173
-7131
-7123
-7093
-7208
-7156
-7137
-7222
-7221
-7215
-7197
-7207
-7218
-7254
-7215
-7244
-7219
-7111
-7168
-7163
-7252
-7254
-7175
-7204
-7199
-7232
-7259
-7271
-7260
-7316
-7334
-7299
-7279
-7225
-7272
-7245
-7253
-7308
-7241
-7322
-7300
-7334
-7329
-7192
-7232
-7204
-7294
-7316
-7210
-7222
-7211
-7284
-7290
-7162
-7273
-7247
-7231
-7307
-7204
-7335
-7221
-7289
-7273
-7207
-7226
-7244
-7350
-7241
-7390
-7263
-7410
-7246
-7308
-7359
-7200
-7413
-7267
-7412
-7312
-7305
-7363
-7249
-7303
-7365
-7238
-7281
-7362
-7357
-7376
-7348
-7426
-7331
-7375
-7372
-7328
-7472
-7346
-7315
-7383
-7247
-7424
-7420
-7340
-7544
-7395
-7491
-7431
-7396
-7426
-7261
-7545
-7339
-7420
-7481
-7385
-7547
-7417
-7545
-7441
-7403
-7462
-7383
-7490
-7464
-7498
-7424
-7441
-7505
-7383
-7490
-7430
-7455
-7543
-7488
-7451
-7466
-7458
-7538
-7506
-7517
-7573
-7420
-7544
-7372
-7487
-7541
-7483
-7513
-7435
-7579
-7422
-7653
-7503
-7498
-7597
-7411
-7635
-7454
-7518
-7485
-7398
-7525
-7381
-7464
-7519
-7493
-7508
-7505
-7527
-7527
-7469
-7491
-7525
-7509
-7519
-7499
-7623
-7535
-7535
-7525
-7471
-7573
-7503
-7580
-7500
-7548
-7618
-7475
-7574
-7526
-7570
-7626
-7509
-7604
-7509
-7536
-7500
-7439
-7532
-7464
-7556
-7527
-7591
-7608
-7475
-7442
-7459
-7435
-7409
-7443
-7449
-7502
-7496
-7523
-7498
-7541
-7572
-7508
-7525
-7523
-7508
-7522
-7520
-7534
-7482
-7456
-7543
-7561
-7561
-7574
-7670
-7574
-7581
-7577
-7538
-7617
-7444
-7517
-7525
-7564
-7615
-7519
-7521
-7482
-7541
-7532
-7526
-7489
-7529
-7480
-7483
-7527
-7483
-7474
-7446
-7529
-7471
-7527
-7456
-7478
-7523
-7476
-7605
-7446
-7596
-7533
-7541
-7694
-7440
-7682
-7514
-7613
-7613
-7427
-7651
-7454
-7579
-7525
-7583
-7620
-7547
-7615
-7510
-7497
-7563
-7531
-7531
-7521
-7494
-7610
-7488
-7579
-7460
-7496
-7566
-7456
-7613
-7441
-7541
-7535
-7537
-7612
-7479
-7589
-7564
-7651
-7612
-7520
-7633
-7471
-7538
-7469
-7457
-7604
-7456
-7541
-7512
-7592
-7609
-7529
-7577
-7502
-7566
-7551
-7587
-7566
-7490
-7515
-7497
-7570
-7591
-7555
-7514
-7511
-7582
-7606
-7542
-7468
-7489
-7513
-7525
-7502
-7473
-7493
-7526
-7598
-7557
-7542
-7554
-7555
-7622
-7588
-7576
-7592
-7562
-7572
-7527
-7528
-7554
-7550
-7596
-7497
-7501
-7475
-7510
-7550
-7416
-7507
-7475
-7521
-7570
-7469
-7526
-7456
-7535
-7578
-7519
-7553
-7491
-7565
-7569
-7572
-7602
-7572
-7574
-7556
-7512
-7560
-7489
-7515
-7621
-7553
-7588
-7453
-7545
-7592
-7546
-7547
-7434
-7589
-7585
-7573
-7563
-7447
-7497
-7439
-7513
-7541
-7485
-7573
-7539
-7619
-7527
-7511
-7554
-7528
-7583
-7472
-7549
-7500
-7539
-7600
-7542
-7576
-7458
-7552
-7528
-7555
-7605
-7522
-7588
-7508
-7577
-7560
-7550
-7543
-7493
-7591
