04050051.PTO
COCZ
2012/04/05 00:51:53.7400
100.0000 m/s  
9380 muestras
-8605
-8605
-8593
-8577
-8571
-8576
-8597
-8617
-8621
-8611
-8599
-8595
-8590
-8591
-8603
-8634
-8658
-8653
-8625
-8596
-8585
-8582
-8585
-8594
-8604
-8610
-8615
-8620
-8627
-8632
-8626
-8607
-8586
-8578
-8590
-8609
-8624
-8619
-8593
-8574
-8579
-8603
-8617
-8624
-8627
-8628
-8627
-8623
-8626
-8631
-8643
-8660
-8665
-8658
-8638
-8621
-8627
-8630
-8626
-8605
-8594
-8605
-8616
-8623
-8618
-8619
-8637
-8656
-8656
-8639
-8627
-8623
-8616
-8619
-8633
-8641
-8629
-8611
-8599
-8607
-8612
-8604
-8599
-8611
-8634
-8642
-8637
-8638
-8639
-8634
-8630
-8642
-8654
-8644
-8631
-8629
-8644
-8655
-8655
-8655
-8656
-8646
-8622
-8608
-8608
-8612
-8614
-8625
-8637
-8633
-8630
-8633
-8636
-8643
-8647
-8646
-8646
-8635
-8614
-8599
-8597
-8612
-8639
-8667
-8683
-8681
-8659
-8630
-8602
-8587
-8579
-8600
-8634
-8648
-8636
-8616
-8610
-8610
-8618
-8628
-8653
-8667
-8658
-8634
-8625
-8639
-8638
-8607
-8572
-8567
-8587
-8596
-8578
-8575
-8599
-8624
-8620
-8606
-8599
-8594
-8598
-8631
-8686
-8710
-8691
-8643
-8619
-8608
-8596
-8597
-8614
-8639
-8634
-8609
-8587
-8576
-8556
-8543
-8546
-8584
-8640
-8673
-8680
-8660
-8632
-8599
-8579
-8572
-8561
-8546
-8559
-8595
-8625
-8619
-8585
-8574
-8611
-8659
-8667
-8636
-8603
-8589
-8577
-8558
-8549
-8575
-8623
-8655
-8646
-8618
-8600
-8602
-8601
-8593
-8603
-8636
-8662
-8642
-8578
-8530
-8528
-8549
-8578
-8609
-8621
-8621
-8614
-8587
-8558
-8528
-8512
-8528
-8574
-8614
-8625
-8597
-8549
-8536
-8562
-8597
-8615
-8622
-8619
-8612
-8591
-8574
-8560
-8537
-8515
-8521
-8567
-8608
-8610
-8581
-8555
-8552
-8566
-8575
-8590
-8603
-8604
-8588
-8552
-8512
-8488
-8499
-8542
-8603
-8632
-8569
-8442
-8361
-8407
-8536
-8651
-8766
-8977
-9248
-9410
-9364
-9257
-9241
-9243
-9103
-8837
-8605
-8436
-8192
-7769
-7270
-6846
-6594
-6538
-6709
-7103
-7634
-8211
-8761
-9277
-9775
-10277
-10739
-11064
-11188
-11085
-10758
-10178
-9322
-8274
-7149
-6062
-5134
-4496
-4294
-4658
-5626
-6998
-8498
-9982
-11287
-12143
-12420
-12287
-11970
-11486
-10733
-9705
-8467
-7084
-5716
-4642
-4132
-4284
-4972
-6025
-7364
-8877
-10338
-11526
-12326
-12758
-12836
-12562
-12001
-11195
-10134
-8859
-7496
-6238
-5259
-4646
-4396
-4455
-4792
-5386
-6266
-7387
-8560
-9575
-10430
-11244
-12002
-12513
-12594
-12246
-11595
-10770
-9859
-8834
-7622
-6280
-5056
-4250
-4026
-4426
-5338
-6592
-8081
-9667
-11087
-12044
-12406
-12304
-11945
-11444
-10814
-9974
-8887
-7641
-6401
-5391
-4877
-5019
-5772
-6933
-8294
-9633
-10753
-11498
-11754
-11543
-10965
-10134
-9156
-8181
-7281
-6455
-5791
-5402
-5328
-5571
-6183
-7154
-8389
-9735
-11026
-12098
-12750
-12844
-12385
-11449
-10157
-8711
-7380
-6352
-5631
-5124
-4841
-4925
-5467
-6404
-7559
-8751
-9818
-10647
-11161
-11302
-11104
-10688
-10177
-9573
-8894
-8302
-7894
-7623
-7448
-7379
-7443
-7600
-7735
-7854
-8050
-8363
-8711
-8968
-9201
-9568
-10051
-10425
-10569
-10561
-10472
-10212
-9746
-9159
-8481
-7741
-6987
-6291
-5693
-5236
-5042
-5226
-5808
-6794
-8163
-9738
-11214
-12294
-12765
-12584
-11887
-10896
-9753
-8569
-7539
-6863
-6552
-6481
-6637
-7148
-8016
-8979
-9832
-10554
-11121
-11403
-11270
-10708
-9829
-8795
-7722
-6707
-5872
-5268
-4911
-4864
-5272
-6183
-7350
-8458
-9545
-10775
-11970
-12743
-13009
-12940
-12521
-11620
-10323
-8994
-7824
-6741
-5755
-5060
-4815
-4975
-5440
-6062
-6702
-7376
-8199
-9248
-10399
-11455
-12266
-12689
-12604
-12006
-10986
-9642
-8183
-6935
-6023
-5356
-4963
-4892
-5064
-5439
-6210
-7494
-9028
-10461
-11628
-12460
-12852
-12742
-12164
-11263
-10201
-9054
-7871
-6742
-5803
-5191
-4938
-5057
-5583
-6486
-7603
-8759
-9844
-10762
-11347
-11464
-11165
-10659
-10138
-9604
-9026
-8492
-8167
-8110
-8229
-8302
-8126
-7751
-7374
-7070
-6774
-6481
-6303
-6362
-6717
-7373
-8250
-9169
-9975
-10641
-11228
-11762
-12133
-12198
-11886
-11237
-10317
-9163
-7878
-6613
-5514
-4698
-4230
-4174
-4596
-5466
-6605
-7816
-9028
-10180
-11107
-11681
-11958
-12004
-11745
-11100
-10147
-9081
-8091
-7277
-6659
-6266
-6137
-6242
-6494
-6865
-7350
-7898
-8440
-8946
-9406
-9823
-10189
-10442
-10544
-10475
-10195
-9718
-9110
-8470
-7891
-7410
-7074
-6927
-6924
-7036
-7259
-7571
-7939
-8338
-8777
-9261
-9789
-10313
-10693
-10778
-10571
-10126
-9460
-8648
-7816
-7064
-6460
-6058
-5903
-6037
-6424
-6966
-7617
-8356
-9134
-9876
-10484
-10888
-11038
-10907
-10541
-10049
-9509
-8930
-8325
-7756
-7359
-7215
-7240
-7304
-7333
-7322
-7322
-7417
-7657
-8041
-8499
-8922
-9284
-9607
-9891
-10114
-10251
-10256
-10108
-9847
-9491
-8999
-8354
-7613
-6867
-6188
-5689
-5510
-5697
-6200
-6944
-7876
-8935
-9994
-10918
-11572
-11855
-11751
-11364
-10791
-10074
-9276
-8459
-7671
-6955
-6405
-6099
-6085
-6322
-6735
-7293
-7950
-8631
-9238
-9680
-9927
-9985
-9864
-9614
-9294
-8984
-8763
-8620
-8506
-8423
-8341
-8221
-8051
-7839
-7641
-7481
-7401
-7461
-7645
-7912
-8257
-8738
-9355
-10016
-10595
-10994
-11138
-10964
-10488
-9763
-8862
-7892
-6967
-6177
-5606
-5344
-5423
-5795
-6407
-7215
-8147
-9135
-10121
-11014
-11709
-12100
-12115
-11730
-10989
-9968
-8800
-7665
-6709
-6044
-5747
-5802
-6085
-6515
-7084
-7758
-8469
-9138
-9689
-10064
-10215
-10193
-10114
-9969
-9671
-9257
-8831
-8477
-8171
-7835
-7533
-7352
-7428
-7778
-8192
-8475
-8672
-8867
-9027
-9109
-9038
-8929
-8952
-8995
-8870
-8635
-8502
-8502
-8439
-8303
-8302
-8518
-8807
-8871
-8608
-8365
-8458
-8760
-8990
-8985
-8762
-8534
-8504
-8585
-8668
-8823
-8988
-8833
-8204
-7491
-7327
-7759
-8225
-8365
-8255
-8149
-8213
-8514
-8975
-9447
-9811
-10054
-10221
-10227
-9949
-9333
-8571
-8000
-7608
-7253
-7023
-6990
-7117
-7257
-7430
-7799
-8348
-8960
-9527
-9900
-10122
-10349
-10516
-10493
-10135
-9355
-8425
-7809
-7609
-7557
-7432
-7251
-7101
-7066
-7307
-7832
-8384
-8819
-9169
-9491
-9862
-10174
-10212
-9881
-9307
-8791
-8527
-8390
-8204
-7968
-7736
-7647
-7814
-8131
-8427
-8602
-8601
-8534
-8556
-8717
-9000
-9314
-9588
-9764
-9736
-9447
-9042
-8734
-8574
-8448
-8200
-7844
-7510
-7302
-7222
-7209
-7225
-7352
-7716
-8251
-8813
-9293
-9678
-9963
-10179
-10344
-10384
-10182
-9721
-9178
-8695
-8241
-7728
-7228
-6959
-7047
-7449
-8025
-8626
-9147
-9512
-9717
-9783
-9729
-9579
-9322
-8956
-8543
-8198
-7969
-7819
-7729
-7711
-7800
-7968
-8164
-8387
-8689
-9073
-9402
-9519
-9372
-9038
-8652
-8318
-8080
-7972
-8080
-8399
-8769
-9090
-9367
-9622
-9817
-9839
-9630
-9302
-8977
-8644
-8237
-7806
-7476
-7305
-7276
-7379
-7656
-8109
-8591
-8939
-9137
-9251
-9312
-9296
-9223
-9123
-9002
-8846
-8668
-8528
-8464
-8491
-8583
-8701
-8782
-8807
-8812
-8844
-8893
-8894
-8825
-8711
-8590
-8445
-8275
-8181
-8270
-8510
-8759
-8926
-9019
-9035
-8930
-8700
-8406
-8159
-8035
-8068
-8208
-8359
-8471
-8573
-8715
-8873
-9039
-9232
-9447
-9583
-9555
-9414
-9234
-9030
-8775
-8455
-8111
-7806
-7601
-7506
-7532
-7712
-8039
-8429
-8786
-9064
-9271
-9418
-9482
-9447
-9339
-9187
-8975
-8717
-8472
-8322
-8304
-8351
-8379
-8374
-8382
-8428
-8463
-8459
-8460
-8504
-8576
-8617
-8640
-8679
-8740
-8819
-8876
-8869
-8753
-8566
-8408
-8373
-8484
-8665
-8812
-8869
-8844
-8772
-8697
-8645
-8633
-8650
-8650
-8629
-8613
-8614
-8596
-8516
-8366
-8181
-8019
-7907
-7891
-7999
-8228
-8546
-8890
-9194
-9418
-9542
-9578
-9545
-9456
-9325
-9122
-8789
-8334
-7896
-7583
-7398
-7325
-7400
-7635
-7943
-8235
-8525
-8836
-9146
-9393
-9560
-9673
-9730
-9682
-9460
-9076
-8619
-8170
-7798
-7555
-7472
-7546
-7745
-8023
-8320
-8601
-8848
-9018
-9074
-9023
-8919
-8815
-8703
-8590
-8516
-8518
-8571
-8604
-8580
-8522
-8478
-8444
-8404
-8382
-8417
-8514
-8626
-8707
-8754
-8774
-8778
-8752
-8684
-8619
-8588
-8578
-8539
-8451
-8342
-8256
-8204
-8170
-8168
-8250
-8398
-8525
-8563
-8542
-8551
-8640
-8797
-8969
-9102
-9160
-9132
-8994
-8763
-8496
-8270
-8127
-8074
-8122
-8247
-8399
-8501
-8510
-8462
-8432
-8480
-8585
-8685
-8749
-8799
-8876
-8954
-8971
-8900
-8766
-8587
-8369
-8155
-8028
-8028
-8129
-8277
-8417
-8525
-8609
-8691
-8770
-8816
-8797
-8742
-8689
-8645
-8601
-8579
-8581
-8563
-8504
-8460
-8494
-8595
-8681
-8707
-8689
-8647
-8601
-8532
-8452
-8382
-8355
-8371
-8398
-8414
-8420
-8416
-8397
-8401
-8474
-8630
-8828
-8999
-9086
-9058
-8939
-8765
-8560
-8361
-8231
-8201
-8240
-8308
-8344
-8332
-8300
-8297
-8358
-8459
-8569
-8685
-8835
-9001
-9110
-9119
-9059
-8967
-8850
-8684
-8489
-8318
-8204
-8132
-8094
-8088
-8115
-8172
-8246
-8343
-8489
-8687
-8892
-9075
-9221
-9318
-9326
-9250
-9115
-8925
-8683
-8436
-8252
-8127
-8034
-7976
-7969
-8015
-8108
-8252
-8442
-8651
-8856
-9042
-9162
-9152
-8998
-8770
-8566
-8423
-8336
-8334
-8419
-8507
-8519
-8472
-8456
-8530
-8672
-8832
-8989
-9122
-9195
-9169
-9038
-8856
-8684
-8529
-8371
-8239
-8169
-8173
-8207
-8235
-8263
-8326
-8406
-8454
-8458
-8467
-8531
-8628
-8730
-8837
-8963
-9071
-9116
-9083
-9025
-8974
-8903
-8806
-8696
-8600
-8497
-8384
-8279
-8204
-8161
-8177
-8266
-8400
-8536
-8660
-8780
-8883
-8953
-8988
-9008
-9010
-8974
-8892
-8775
-8626
-8448
-8282
-8163
-8123
-8181
-8335
-8582
-8844
-9026
-9100
-9067
-8938
-8736
-8523
-8388
-8358
-8385
-8402
-8398
-8415
-8453
-8491
-8533
-8593
-8684
-8790
-8892
-8983
-9057
-9114
-9128
-9080
-8978
-8837
-8681
-8526
-8398
-8320
-8312
-8358
-8406
-8414
-8381
-8363
-8381
-8415
-8458
-8532
-8637
-8724
-8789
-8860
-8948
-9034
-9087
-9100
-9070
-8996
-8871
-8700
-8518
-8341
-8191
-8104
-8111
-8200
-8320
-8437
-8548
-8659
-8741
-8780
-8811
-8870
-8957
-9042
-9108
-9144
-9106
-8965
-8735
-8492
-8286
-8136
-8068
-8084
-8157
-8267
-8388
-8507
-8630
-8748
-8856
-8935
-8980
-8997
-8997
-8970
-8906
-8819
-8719
-8600
-8449
-8282
-8144
-8087
-8116
-8207
-8341
-8506
-8687
-8863
-9015
-9135
-9209
-9215
-9146
-9003
-8810
-8575
-8329
-8138
-8048
-8063
-8145
-8269
-8406
-8536
-8646
-8725
-8772
-8813
-8851
-8878
-8881
-8853
-8812
-8754
-8658
-8520
-8386
-8307
-8281
-8295
-8372
-8522
-8716
-8873
-8952
-8947
-8890
-8814
-8748
-8702
-8662
-8627
-8579
-8520
-8444
-8382
-8362
-8376
-8414
-8466
-8527
-8589
-8662
-8746
-8816
-8868
-8910
-8929
-8918
-8877
-8825
-8765
-8655
-8505
-8368
-8265
-8191
-8148
-8169
-8275
-8437
-8609
-8770
-8898
-8974
-8998
-9003
-9012
-9001
-8936
-8814
-8657
-8483
-8309
-8152
-8043
-8005
-8032
-8133
-8329
-8605
-8889
-9109
-9229
-9250
-9174
-9030
-8866
-8716
-8593
-8488
-8391
-8289
-8175
-8101
-8104
-8178
-8288
-8427
-8622
-8855
-9037
-9105
-9083
-9009
-8897
-8758
-8626
-8535
-8475
-8416
-8360
-8320
-8319
-8350
-8406
-8470
-8532
-8604
-8682
-8755
-8793
-8797
-8783
-8761
-8731
-8692
-8657
-8643
-8652
-8661
-8639
-8565
-8463
-8377
-8335
-8322
-8346
-8419
-8530
-8629
-8682
-8715
-8761
-8822
-8863
-8887
-8920
-8955
-8947
-8878
-8772
-8638
-8460
-8255
-8090
-8023
-8075
-8211
-8397
-8624
-8852
-9023
-9091
-9070
-9003
-8905
-8782
-8679
-8605
-8539
-8458
-8381
-8337
-8329
-8379
-8475
-8614
-8740
-8823
-8866
-8871
-8855
-8816
-8767
-8716
-8669
-8612
-8567
-8539
-8535
-8551
-8577
-8620
-8668
-8707
-8742
-8780
-8794
-8771
-8717
-8657
-8586
-8513
-8472
-8514
-8640
-8781
-8890
-8951
-8969
-8950
-8877
-8753
-8590
-8430
-8326
-8301
-8342
-8423
-8531
-8647
-8741
-8792
-8820
-8855
-8917
-8982
-9029
-9049
-9019
-8926
-8763
-8562
-8375
-8254
-8194
-8184
-8216
-8296
-8428
-8578
-8725
-8871
-9002
-9092
-9138
-9134
-9074
-8952
-8795
-8633
-8511
-8444
-8429
-8451
-8491
-8525
-8544
-8562
-8579
-8595
-8587
-8578
-8583
-8614
-8681
-8758
-8810
-8841
-8837
-8791
-8715
-8633
-8570
-8527
-8529
-8566
-8610
-8631
-8625
-8596
-8554
-8520
-8516
-8560
-8643
-8749
-8859
-8934
-8974
-8960
-8883
-8751
-8595
-8478
-8393
-8337
-8304
-8322
-8374
-8422
-8485
-8578
-8693
-8784
-8830
-8854
-8850
-8807
-8730
-8641
-8557
-8479
-8438
-8454
-8512
-8577
-8623
-8657
-8686
-8698
-8712
-8734
-8756
-8743
-8695
-8642
-8572
-8483
-8371
-8282
-8257
-8300
-8369
-8454
-8575
-8735
-8878
-8935
-8906
-8837
-8755
-8660
-8558
-8467
-8423
-8421
-8431
-8427
-8415
-8418
-8448
-8476
-8507
-8566
-8649
-8733
-8782
-8791
-8767
-8723
-8656
-8585
-8528
-8489
-8476
-8479
-8490
-8498
-8489
-8462
-8452
-8482
-8529
-8569
-8609
-8664
-8696
-8656
-8584
-8542
-8546
-8566
-8572
-8597
-8637
-8641
-8578
-8474
-8409
-8403
-8421
-8431
-8434
-8456
-8493
-8530
-8567
-8600
-8629
-8661
-8672
-8671
-8680
-8701
-8714
-8678
-8601
-8492
-8375
-8273
-8204
-8193
-8240
-8338
-8481
-8637
-8766
-8833
-8822
-8769
-8710
-8661
-8627
-8595
-8563
-8518
-8460
-8407
-8364
-8337
-8329
-8356
-8432
-8530
-8629
-8716
-8763
-8756
-8686
-8602
-8556
-8545
-8553
-8549
-8527
-8504
-8474
-8425
-8387
-8410
-8506
-8609
-8665
-8672
-8652
-8620
-8572
-8523
-8506
-8524
-8548
-8573
-8598
-8634
-8663
-8646
-8583
-8527
-8500
-8478
-8464
-8477
-8510
-8550
-8583
-8611
-8621
-8587
-8533
-8489
-8495
-8556
-8649
-8744
-8804
-8823
-8795
-8724
-8616
-8501
-8439
-8430
-8461
-8514
-8561
-8611
-8651
-8660
-8646
-8626
-8609
-8603
-8603
-8594
-8573
-8553
-8542
-8548
-8562
-8592
-8643
-8714
-8783
-8803
-8773
-8714
-8662
-8626
-8606
-8602
-8613
-8630
-8629
-8596
-8547
-8508
-8489
-8498
-8530
-8585
-8667
-8765
-8834
-8851
-8823
-8768
-8687
-8601
-8544
-8514
-8513
-8550
-8650
-8771
-8849
-8865
-8839
-8772
-8664
-8547
-8482
-8504
-8560
-8594
-8597
-8609
-8639
-8659
-8661
-8688
-8749
-8815
-8850
-8853
-8845
-8830
-8791
-8723
-8642
-8571
-8512
-8464
-8441
-8454
-8501
-8561
-8631
-8723
-8825
-8900
-8953
-8963
-8939
-8878
-8768
-8642
-8530
-8462
-8435
-8461
-8543
-8653
-8747
-8800
-8820
-8822
-8808
-8787
-8775
-8777
-8774
-8753
-8720
-8680
-8627
-8557
-8510
-8500
-8519
-8552
-8609
-8703
-8823
-8934
-8985
-8969
-8914
-8837
-8755
-8682
-8624
-8609
-8615
-8604
-8590
-8616
-8648
-8673
-8687
-8692
-8701
-8702
-8686
-8674
-8681
-8686
-8682
-8674
-8695
-8741
-8781
-8784
-8767
-8760
-8747
-8702
-8641
-8600
-8599
-8618
-8629
-8635
-8645
-8661
-8662
-8651
-8661
-8715
-8794
-8858
-8892
-8884
-8829
-8719
-8581
-8477
-8419
-8407
-8421
-8447
-8498
-8579
-8676
-8770
-8843
-8877
-8889
-8874
-8832
-8776
-8710
-8660
-8626
-8592
-8558
-8519
-8490
-8500
-8552
-8622
-8680
-8733
-8775
-8795
-8776
-8726
-8672
-8628
-8589
-8559
-8540
-8532
-8538
-8560
-8595
-8634
-8673
-8715
-8763
-8786
-8768
-8735
-8690
-8632
-8559
-8489
-8465
-8501
-8567
-8635
-8688
-8724
-8741
-8725
-8685
-8663
-8667
-8687
-8687
-8665
-8624
-8577
-8535
-8491
-8478
-8501
-8563
-8625
-8681
-8728
-8754
-8746
-8718
-8668
-8610
-8553
-8503
-8487
-8497
-8539
-8603
-8673
-8722
-8762
-8777
-8764
-8729
-8682
-8643
-8624
-8606
-8569
-8521
-8472
-8450
-8454
-8480
-8529
-8597
-8674
-8730
-8762
-8784
-8799
-8794
-8751
-8694
-8646
-8613
-8571
-8510
-8449
-8422
-8423
-8448
-8519
-8621
-8723
-8794
-8816
-8810
-8775
-8701
-8592
-8495
-8462
-8485
-8540
-8592
-8651
-8696
-8698
-8658
-8621
-8611
-8620
-8628
-8625
-8627
-8625
-8616
-8603
-8571
-8534
-8513
-8505
-8518
-8544
-8592
-8663
-8734
-8766
-8745
-8705
-8665
-8616
-8554
-8506
-8493
-8505
-8525
-8551
-8577
-8607
-8627
-8644
-8670
-8684
-8672
-8635
-8587
-8540
-8505
-8495
-8519
-8564
-8615
-8665
-8715
-8737
-8728
-8695
-8651
-8611
-8582
-8578
-8584
-8586
-8574
-8561
-8544
-8503
-8455
-8427
-8435
-8493
-8584
-8689
-8775
-8818
-8812
-8756
-8670
-8576
-8500
-8451
-8438
-8454
-8493
-8543
-8603
-8661
-8699
-8717
-8700
-8674
-8655
-8637
-8613
-8592
-8570
-8550
-8527
-8498
-8475
-8472
-8502
-8551
-8591
-8617
-8629
-8633
-8641
-8646
-8659
-8671
-8671
-8655
-8617
-8574
-8533
-8502
-8499
-8515
-8549
-8599
-8655
-8695
-8707
-8685
-8635
-8571
-8513
-8470
-8452
-8485
-8559
-8642
-8696
-8722
-8725
-8706
-8655
-8599
-8565
-8555
-8557
-8550
-8551
-8554
-8542
-8508
-8489
-8512
-8569
-8632
-8679
-8713
-8734
-8738
-8729
-8709
-8680
-8641
-8585
-8535
-8501
-8483
-8482
-8502
-8548
-8614
-8672
-8706
-8718
-8725
-8726
-8694
-8636
-8571
-8518
-8481
-8455
-8449
-8477
-8538
-8609
-8671
-8716
-8744
-8754
-8744
-8724
-8704
-8679
-8647
-8614
-8583
-8540
-8488
-8450
-8435
-8444
-8488
-8567
-8665
-8758
-8825
-8851
-8832
-8773
-8686
-8599
-8543
-8530
-8536
-8535
-8528
-8522
-8532
-8550
-8570
-8609
-8659
-8708
-8740
-8744
-8730
-8701
-8655
-8612
-8592
-8589
-8586
-8578
-8576
-8589
-8613
-8636
-8652
-8669
-8677
-8661
-8625
-8595
-8586
-8594
-8590
-8582
-8597
-8625
-8651
-8667
-8684
-8712
-8733
-8727
-8696
-8660
-8607
-8545
-8502
-8493
-8524
-8572
-8627
-8673
-8705
-8716
-8708
-8691
-8677
-8679
-8690
-8705
-8713
-8703
-8665
-8610
-8557
-8518
-8510
-8543
-8606
-8676
-8738
-8777
-8795
-8788
-8747
-8692
-8644
-8613
-8593
-8581
-8575
-8584
-8602
-8630
-8664
-8703
-8747
-8775
-8771
-8745
-8718
-8700
-8691
-8671
-8646
-8635
-8635
-8629
-8620
-8631
-8682
-8727
-8736
-8733
-8741
-8757
-8751
-8732
-8726
-8729
-8709
-8661
-8601
-8556
-8534
-8541
-8575
-8644
-8727
-8805
-8857
-8877
-8852
-8777
-8694
-8627
-8596
-8591
-8603
-8644
-8698
-8733
-8735
-8705
-8680
-8672
-8676
-8681
-8687
-8704
-8723
-8725
-8693
-8653
-8639
-8660
-8688
-8703
-8712
-8723
-8733
-8732
-8732
-8735
-8734
-8716
-8687
-8662
-8622
-8576
-8548
-8564
-8615
-8672
-8722
-8767
-8809
-8838
-8844
-8831
-8800
-8739
-8653
-8563
-8498
-8478
-8502
-8553
-8621
-8692
-8742
-8775
-8784
-8778
-8760
-8729
-8723
-8745
-8774
-8775
-8739
-8676
-8605
-8540
-8502
-8506
-8560
-8636
-8712
-8771
-8807
-8829
-8820
-8779
-8718
-8668
-8631
-8599
-8578
-8575
-8591
-8617
-8645
-8672
-8704
-8737
-8766
-8782
-8771
-8730
-8673
-8631
-8615
-8616
-8625
-8632
-8643
-8654
-8660
-8670
-8690
-8709
-8715
-8711
-8712
-8717
-8716
-8707
-8698
-8691
-8661
-8612
-8572
-8555
-8563
-8592
-8648
-8732
-8809
-8834
-8808
-8751
-8691
-8637
-8592
-8564
-8566
-8599
-8636
-8666
-8680
-8687
-8690
-8694
-8699
-8710
-8720
-8720
-8701
-8666
-8630
-8601
-8589
-8585
-8586
-8602
-8639
-8687
-8721
-8740
-8742
-8734
-8729
-8723
-8716
-8689
-8654
-8611
-8578
-8557
-8552
-8569
-8607
-8664
-8715
-8754
-8773
-8778
-8757
-8727
-8692
-8653
-8611
-8576
-8554
-8554
-8575
-8610
-8665
-8707
-8725
-8724
-8706
-8698
-8704
-8704
-8705
-8702
-8686
-8653
-8607
-8571
-8553
-8559
-8589
-8639
-8698
-8744
-8765
-8763
-8745
-8711
-8672
-8637
-8618
-8614
-8611
-8610
-8613
-8629
-8653
-8676
-8690
-8700
-8714
-8722
-8716
-8703
-8684
-8666
-8640
-8610
-8583
-8579
-8589
-8600
-8628
-8661
-8692
-8706
-8712
-8724
-8736
-8732
-8707
-8671
-8631
-8594
-8566
-8557
-8554
-8559
-8577
-8618
-8671
-8714
-8736
-8749
-8748
-8721
-8666
-8607
-8569
-8554
-8570
-8601
-8636
-8665
-8673
-8664
-8651
-8647
-8658
-8672
-8686
-8693
-8695
-8678
-8650
-8615
-8581
-8556
-8541
-8543
-8569
-8621
-8676
-8718
-8736
-8738
-8719
-8685
-8638
-8592
-8554
-8530
-8512
-8514
-8533
-8558
-8598
-8639
-8683
-8716
-8740
-8740
-8712
-8669
-8624
-8590
-8569
-8559
-8558
-8560
-8568
-8580
-8587
-8600
-8616
-8628
-8635
-8642
-8654
-8668
-8673
-8669
-8659
-8638
-8603
-8553
-8513
-8497
-8506
-8543
-8604
-8673
-8722
-8733
-8706
-8662
-8604
-8550
-8515
-8517
-8543
-8580
-8610
-8623
-8633
-8641
-8649
-8656
-8659
-8664
-8663
-8651
-8639
-8624
-8602
-8582
-8570
-8571
-8582
-8595
-8612
-8632
-8651
-8667
-8678
-8683
-8685
-8691
-8695
-8685
-8653
-8610
-8565
-8521
-8489
-8492
-8535
-8596
-8657
-8710
-8747
-8760
-8748
-8718
-8667
-8613
-8567
-8534
-8528
-8548
-8586
-8635
-8681
-8705
-8705
-8695
-8685
-8679
-8689
-8703
-8723
-8720
-8694
-8647
-8593
-8554
-8531
-8528
-8547
-8596
-8647
-8687
-8715
-8733
-8744
-8739
-8719
-8691
-8657
-8630
-8601
-8581
-8568
-8574
-8596
-8620
-8649
-8681
-8721
-8748
-8754
-8732
-8700
-8670
-8649
-8630
-8628
-8639
-8648
-8662
-8674
-8686
-8693
-8695
-8694
-8698
-8704
-8711
-8713
-8708
-8691
-8670
-8644
-8619
-8601
-8582
-8582
-8612
-8663
-8715
-8751
-8780
-8789
-8770
-8722
-8672
-8637
-8613
-8601
-8604
-8624
-8638
-8643
-8638
-8646
-8663
-8680
-8706
-8734
-8751
-8746
-8718
-8684
-8655
-8631
-8616
-8613
-8629
-8647
-8664
-8677
-8683
-8687
-8698
-8713
-8719
-8712
-8699
-8679
-8660
-8638
-8615
-8604
-8602
-8614
-8643
-8684
-8729
-8762
-8766
-8752
-8730
-8707
-8678
-8649
-8629
-8623
-8623
-8622
-8623
-8622
-8634
-8651
-8675
-8703
-8722
-8741
-8753
-8754
-8745
-8731
-8705
-8663
-8619
-8589
-8582
-8595
-8625
-8667
-8715
-8758
-8777
-8770
-8743
-8712
-8687
-8666
-8662
-8666
-8671
-8671
-8664
-8661
-8665
-8678
-8691
-8705
-8720
-8734
-8739
-8731
-8718
-8702
-8679
-8655
-8633
-8629
-8640
-8658
-8671
-8684
-8703
-8717
-8732
-8741
-8755
-8768
-8767
-8735
-8690
-8643
-8605
-8581
-8580
-8607
-8652
-8702
-8750
-8786
-8799
-8787
-8761
-8735
-8705
-8678
-8658
-8651
-8650
-8663
-8678
-8693
-8697
-8697
-8695
-8698
-8714
-8734
-8758
-8780
-8792
-8779
-8746
-8699
-8653
-8617
-8606
-8614
-8641
-8682
-8724
-8761
-8790
-8805
-8807
-8797
-8784
-8761
-8726
-8693
-8665
-8649
-8646
-8658
-8682
-8717
-8750
-8783
-8804
-8804
-8791
-8765
-8733
-8711
-8702
-8706
-8724
-8739
-8748
-8748
-8743
-8733
-8724
-8733
-8756
-8781
-8802
-8818
-8826
-8817
-8791
-8744
-8697
-8662
-8642
-8643
-8668
-8711
-8766
-8824
-8866
-8887
-8875
-8834
-8781
-8734
-8698
-8680
-8679
-8687
-8695
-8698
-8705
-8728
-8759
-8785
-8803
-8814
-8819
-8817
-8804
-8780
-8756
-8734
-8719
-8713
-8712
-8717
-8714
-8707
-8704
-8714
-8741
-8775
-8808
-8826
-8828
-8816
-8788
-8749
-8707
-8667
-8639
-8639
-8659
-8700
-8750
-8798
-8826
-8833
-8820
-8788
-8755
-8728
-8714
-8709
-8703
-8697
-8704
-8724
-8742
-8747
-8749
-8763
-8770
-8779
-8788
-8792
-8796
-8793
-8783
-8761
-8730
-8695
-8674
-8659
-8662
-8691
-8732
-8776
-8799
-8804
-8804
-8806
-8803
-8787
-8769
-8742
-8709
-8678
-8660
-8666
-8683
-8703
-8732
-8765
-8799
-8819
-8817
-8801
-8774
-8746
-8723
-8714
-8712
-8715
-8714
-8714
-8707
-8704
-8707
-8716
-8736
-8755
-8782
-8807
-8826
-8819
-8794
-8759
-8725
-8693
-8673
-8674
-8687
-8711
-8732
-8761
-8779
-8784
-8782
-8770
-8754
-8734
-8715
-8702
-8700
-8700
-8695
-8692
-8690
-8687
-8686
-8701
-8730
-8756
-8777
-8786
-8787
-8770
-8738
-8701
-8670
-8653
-8650
-8659
-8674
-8690
-8694
-8699
-8714
-8732
-8750
-8756
-8755
-8745
-8724
-8696
-8664
-8638
-8617
-8615
-8628
-8654
-8689
-8719
-8736
-8736
-8724
-8711
-8703
-8692
-8677
-8666
-8657
-8647
-8637
-8630
-8625
-8623
-8628
-8637
-8656
-8678
-8702
-8719
-8728
-8725
-8707
-8678
-8641
-8610
-8585
-8579
-8590
-8615
-8649
-8676
-8692
-8699
-8687
-8670
-8654
-8643
-8639
-8639
-8638
-8631
-8622
-8612
-8604
-8607
-8626
-8649
-8671
-8683
-8685
-8675
-8661
-8646
-8634
-8634
-8640
-8634
-8626
-8614
-8599
-8591
-8595
-8612
-8634
-8662
-8688
-8710
-8721
-8715
-8686
-8643
-8597
-8565
-8546
-8542
-8560
-8591
-8632
-8668
-8684
-8686
-8683
-8664
-8640
-8623
-8618
-8622
-8628
-8630
-8627
-8630
-8621
-8610
-8602
-8600
-8613
-8633
-8651
-8672
-8684
-8685
-8678
-8658
-8639
-8616
-8597
-8581
-8578
-8589
-8606
-8629
-8648
-8661
-8671
-8683
-8690
-8684
-8670
-8652
-8623
-8595
-8574
-8572
-8587
-8616
-8648
-8673
-8692
-8686
-8673
-8663
-8654
-8648
-8644
-8645
-8649
-8655
-8656
-8647
-8633
-8616
-8601
-8602
-8618
-8640
-8676
-8702
-8719
-8725
-8717
-8703
-8677
-8645
-8620
-8610
-8611
-8620
-8639
-8660
-8684
-8697
-8700
-8700
-8692
-8678
-8656
-8642
-8634
-8633
-8637
-8640
-8651
-8661
-8667
-8671
-8679
-8690
-8702
-8706
-8700
-8684
-8666
-8652
-8642
-8642
-8651
-8661
-8667
-8662
-8647
-8643
-8653
-8679
-8709
-8739
-8760
-8759
-8744
-8714
-8678
-8645
-8621
-8612
-8619
-8635
-8659
-8683
-8707
-8727
-8736
-8736
-8729
-8721
-8711
-8700
-8692
-8689
-8685
-8676
-8667
-8662
-8662
-8666
-8675
-8691
-8710
-8725
-8733
-8736
-8738
-8733
-8717
-8698
-8679
-8662
-8657
-8660
-8674
-8690
-8706
-8710
-8709
-8714
-8724
-8735
-8740
-8738
-8728
-8711
-8689
-8665
-8658
-8669
-8689
-8717
-8740
-8758
-8763
-8750
-8732
-8716
-8716
-8717
-8716
-8719
-8719
-8710
-8694
-8680
-8681
-8690
-8696
-8709
-8723
-8740
-8750
-8753
-8749
-8735
-8711
-8684
-8671
-8665
-8670
-8684
-8704
-8719
-8731
-8740
-8743
-8745
-8736
-8728
-8728
-8729
-8727
-8716
-8707
-8701
-8693
-8681
-8675
-8677
-8689
-8709
-8728
-8752
-8766
-8772
-8760
-8739
-8717
-8692
-8678
-8672
-8673
-8675
-8677
-8684
-8697
-8713
-8730
-8745
-8753
-8749
-8740
-8723
-8699
-8673
-8657
-8654
-8659
-8669
-8684
-8700
-8709
-8709
-8711
-8707
-8707
-8710
-8709
-8717
-8720
-8713
-8704
-8692
-8681
-8669
-8651
-8643
-8643
-8660
-8687
-8715
-8740
-8743
-8736
-8715
-8688
-8661
-8641
-8638
-8642
-8651
-8658
-8668
-8681
-8690
-8692
-8690
-8690
-8687
-8681
-8672
-8664
-8658
-8655
-8652
-8649
-8646
-8644
-8643
-8651
-8666
-8674
-8683
-8686
-8683
-8678
-8674
-8680
-8684
-8676
-8663
-8641
-8615
-8598
-8588
-8597
-8625
-8655
-8685
-8713
-8726
-8730
-8709
-8679
-8651
-8627
-8610
-8610
-8618
-8630
-8647
-8658
-8669
-8668
-8667
-8656
-8648
-8650
-8662
-8676
-8682
-8690
-8684
-8674
-8660
-8644
-8633
-8629
-8636
-8652
-8673
-8694
-8709
-8716
-8709
-8696
-8686
-8671
-8662
-8649
-8642
-8641
-8645
-8661
-8682
-8698
-8717
-8731
-8738
-8741
-8724
-8698
-8665
-8643
-8627
-8622
-8638
-8660
-8690
-8711
-8721
-8725
-8717
-8711
-8707
-8711
-8718
-8723
-8726
-8722
-8713
-8699
-8679
-8664
-8658
-8663
-8674
-8696
-8719
-8741
-8765
-8773
-8768
-8749
-8723
-8700
-8686
-8676
-8678
-8685
-8697
-8707
-8719
-8732
-8740
-8745
-8740
-8741
-8741
-8739
-8726
-8716
-8708
-8702
-8703
-8710
-8718
-8723
-8727
-8728
-8733
-8735
-8735
-8736
-8738
-8742
-8741
-8741
-8737
-8730
-8715
-8700
-8688
-8691
-8708
-8731
-8762
-8786
-8800
-8807
-8792
-8762
-8729
-8707
-8702
-8703
-8704
-8710
-8725
-8735
-8741
-8742
-8748
-8753
-8756
-8759
-8762
-8769
-8770
-8764
-8746
-8728
-8714
-8704
-8702
-8706
-8710
-8727
-8748
-8772
-8793
-8803
-8804
-8791
-8780
-8766
-8753
-8741
-8734
-8728
-8724
-8734
-8745
-8751
-8762
-8772
-8781
-8784
-8783
-8779
-8768
-8755
-8745
-8740
-8739
-8739
-8737
-8741
-8751
-8756
-8757
-8758
-8761
-8767
-8774
-8787
-8797
-8795
-8775
-8756
-8731
-8714
-8716
-8726
-8744
-8762
-8779
-8788
-8794
-8796
-8789
-8775
-8761
-8749
-8743
-8744
-8744
-8748
-8747
-8755
-8761
-8763
-8760
-8758
-8765
-8774
-8784
-8789
-8787
-8779
-8774
-8763
-8752
-8739
-8728
-8725
-8734
-8749
-8765
-8776
-8784
-8788
-8786
-8784
-8775
-8764
-8750
-8738
-8729
-8725
-8727
-8728
-8739
-8750
-8764
-8778
-8788
-8794
-8790
-8777
-8760
-8742
-8732
-8729
-8733
-8743
-8759
-8768
-8765
-8756
-8749
-8743
-8746
-8758
-8767
-8777
-8783
-8777
-8762
-8744
-8718
-8703
-8693
-8691
-8699
-8716
-8740
-8764
-8781
-8787
-8788
-8774
-8756
-8734
-8721
-8713
-8711
-8708
-8709
-8715
-8724
-8729
-8731
-8740
-8747
-8753
-8758
-8761
-8756
-8750
-8743
-8732
-8720
-8717
-8714
-8715
-8716
-8715
-8717
-8717
-8720
-8719
-8729
-8738
-8755
-8767
-8770
-8755
-8725
-8699
-8675
-8669
-8674
-8693
-8727
-8754
-8771
-8774
-8765
-8752
-8725
-8707
-8699
-8702
-8711
-8722
-8732
-8733
-8733
-8733
-8734
-8734
-8736
-8737
-8740
-8742
-8748
-8757
-8755
-8748
-8735
-8721
-8705
-8692
-8686
-8688
-8697
-8714
-8727
-8739
-8750
-8756
-8763
-8760
-8748
-8734
-8716
-8703
-8697
-8701
-8708
-8712
-8729
-8747
-8763
-8769
-8762
-8754
-8740
-8725
-8710
-8705
-8710
-8717
-8725
-8735
-8741
-8736
-8724
-8711
-8712
-8717
-8731
-8744
-8755
-8760
-8754
-8743
-8724
-8708
-8690
-8674
-8672
-8683
-8698
-8718
-8734
-8742
-8742
-8743
-8745
-8742
-8731
-8716
-8708
-8701
-8704
-8707
-8713
-8723
-8726
-8725
-8726
-8727
-8728
-8726
-8724
-8723
-8721
-8719
-8717
-8716
-8715
-8712
-8709
-8706
-8711
-8715
-8717
-8723
-8728
-8733
-8739
-8747
-8747
-8735
-8721
-8707
-8692
-8678
-8670
-8676
-8690
-8705
-8718
-8730
-8739
-8734
-8726
-8719
-8710
-8707
-8707
-8704
-8699
-8694
-8687
-8683
-8683
-8690
-8703
-8719
-8732
-8737
-8733
-8728
-8723
-8712
-8702
-8694
-8689
-8686
-8688
-8690
-8690
-8697
-8710
-8722
-8727
-8729
-8728
-8720
-8711
-8708
-8705
-8708
-8704
-8697
-8691
-8688
-8696
-8700
-8709
-8719
-8731
-8737
-8733
-8731
-8725
-8716
-8706
-8697
-8695
-8691
-8689
-8685
-8686
-8691
-8693
-8702
-8713
-8728
-8738
-8743
-8739
-8726
-8709
-8694
-8683
-8680
-8689
-8700
-8712
-8724
-8731
-8729
-8721
-8714
-8711
-8713
-8716
-8715
-8715
-8714
-8709
-8703
-8693
-8685
-8687
-8689
-8693
-8703
-8714
-8724
-8727
-8725
-8725
-8724
-8717
-8706
-8691
-8679
-8674
-8680
-8691
-8705
-8714
-8721
-8728
-8734
-8738
-8738
-8731
-8717
-8707
-8694
-8687
-8683
-8682
-8686
-8695
-8710
-8726
-8734
-8731
-8725
-8716
-8705
-8697
-8699
-8702
-8708
-8714
-8713
-8708
-8699
-8689
-8685
-8689
-8699
-8712
-8727
-8743
-8752
-8749
-8737
-8718
-8698
-8685
-8678
-8680
-8685
-8691
-8702
-8714
-8730
-8736
-8734
-8727
-8716
-8711
-8705
-8705
-8707
-8710
-8712
-8713
-8713
-8713
-8712
-8707
-8706
-8710
-8717
-8725
-8726
-8726
-8728
-8730
-8732
-8735
-8734
-8729
-8719
-8706
-8699
-8699
-8705
-8717
-8729
-8741
-8751
-8754
-8747
-8733
-8713
-8698
-8690
-8693
-8701
-8714
-8733
-8741
-8744
-8741
-8736
-8726
-8720
-8719
-8719
-8722
-8725
-8732
-8736
-8732
-8728
-8720
-8713
-8710
-8713
-8723
-8733
-8744
-8746
-8750
-8751
-8750
-8744
-8731
-8718
-8706
-8701
-8700
-8706
-8721
-8736
-8749
-8753
-8756
-8758
-8755
-8755
-8746
-8739
-8732
-8722
-8712
-8705
-8712
-8731
-8751
-8764
-8770
-8768
-8759
-8748
-8740
-8740
-8744
-8750
-8755
-8756
-8750
-8741
-8734
-8731
-8734
-8733
-8740
-8753
-8764
-8773
-8777
-8777
-8773
-8761
-8746
-8738
-8735
-8736
-8743
-8753
-8759
-8760
-8766
-8769
-8771
-8775
-8774
-8775
-8771
-8764
-8765
-8767
-8764
-8763
-8765
-8764
-8762
-8761
-8762
-8769
-8776
-8778
-8783
-8781
-8778
-8776
-8772
-8774
-8776
-8775
-8773
-8774
-8768
-8765
-8761
-8764
-8777
-8790
-8799
-8800
-8800
-8793
-8779
-8766
-8762
-8758
-8760
-8768
-8776
-8784
-8783
-8780
-8786
-8790
-8789
-8793
-8797
-8800
-8801
-8794
-8783
-8766
-8755
-8749
-8751
-8758
-8770
-8783
-8788
-8794
-8792
-8783
-8777
-8769
-8767
-8764
-8762
-8761
-8762
-8766
-8768
-8772
-8774
-8782
-8783
-8783
-8785
-8785
-8788
-8789
-8787
-8782
-8778
-8773
-8769
-8767
-8773
-8775
-8776
-8783
-8788
-8793
-8794
-8793
-8795
-8796
-8793
-8786
-8781
-8776
-8771
-8759
-8753
-8756
-8765
-8782
-8796
-8806
-8810
-8808
-8796
-8787
-8777
-8770
-8774
-8781
-8790
-8796
-8801
-8801
-8796
-8792
-8782
-8780
-8785
-8796
-8809
-8821
-8827
-8820
-8812
-8798
-8785
-8774
-8773
-8775
-8783
-8793
-8807
-8817
-8819
-8821
-8815
-8815
-8808
-8799
-8792
-8788
-8789
-8793
-8796
-8799
-8802
-8801
-8806
-8812
-8817
-8822
-8822
-8818
-8813
-8814
-8813
-8814
-8818
-8817
-8818
-8817
-8812
-8807
-8805
-8806
-8809
-8819
-8827
-8837
-8846
-8841
-8832
-8818
-8802
-8789
-8783
-8785
-8790
-8805
-8821
-8832
-8839
-8837
-8829
-8815
-8804
-8797
-8796
-8799
-8805
-8814
-8818
-8815
-8813
-8815
-8816
-8817
-8813
-8808
-8806
-8807
-8811
-8813
-8815
-8815
-8813
-8807
-8803
-8796
-8791
-8793
-8797
-8802
-8806
-8812
-8813
-8810
-8808
-8808
-8804
-8803
-8793
-8784
-8782
-8779
-8779
-8788
-8802
-8812
-8822
-8818
-8816
-8805
-8793
-8783
-8773
-8777
-8782
-8798
-8808
-8808
-8800
-8792
-8785
-8782
-8788
-8793
-8797
-8805
-8810
-8810
-8811
-8806
-8797
-8786
-8779
-8774
-8774
-8781
-8782
-8786
-8794
-8800
-8806
-8810
-8811
-8805
-8795
-8788
-8779
-8783
-8783
-8780
-8777
-8776
-8781
-8783
-8782
-8787
-8793
-8795
-8802
-8803
-8798
-8790
-8777
-8772
-8774
-8771
-8777
-8777
-8776
-8772
-8766
-8766
-8770
-8778
-8782
-8787
-8785
-8778
-8771
-8762
-8754
-8748
-8749
-8760
-8772
-8779
-8783
-8782
-8776
-8775
-8768
-8765
-8763
-8761
-8760
-8758
-8756
-8754
-8754
-8750
-8752
-8753
-8758
-8763
-8769
-8767
-8765
-8762
-8757
-8754
-8750
-8746
-8743
-8743
-8741
-8741
-8745
-8750
-8745
-8747
-8747
-8751
-8752
-8753
-8752
-8749
-8751
-8745
-8742
-8736
-8730
-8732
-8733
-8737
-8747
-8753
-8755
-8753
-8745
-8738
-8734
-8733
-8738
-8742
-8741
-8736
-8730
-8724
-8724
-8724
-8727
-8736
-8747
-8755
-8764
-8766
-8763
-8754
-8742
-8734
-8732
-8730
-8734
-8739
-8744
-8750
-8748
-8748
-8741
-8738
-8734
-8733
-8734
-8738
-8744
-8745
-8744
-8738
-8736
-8734
-8731
-8732
-8732
-8733
-8741
-8742
-8745
-8749
-8746
-8743
-8741
-8737
-8733
-8725
-8721
-8725
-8731
-8732
-8738
-8745
-8746
-8747
-8747
-8750
-8748
-8741
-8727
-8715
-8711
-8709
-8713
-8724
-8738
-8751
-8752
-8748
-8740
-8732
-8729
-8729
-8734
-8740
-8745
-8748
-8744
-8735
-8727
-8721
-8714
-8715
-8722
-8729
-8740
-8750
-8757
-8761
-8759
-8756
-8747
-8736
-8725
-8716
-8717
-8721
-8728
-8736
-8740
-8743
-8749
-8750
-8751
-8751
-8745
-8742
-8738
-8736
-8735
-8737
-8739
-8743
-8746
-8745
-8748
-8747
-8746
-8750
-8750
-8752
-8758
-8762
-8763
-8762
-8766
-8765
-8763
-8750
-8740
-8735
-8740
-8751
-8764
-8784
-8792
-8800
-8800
-8790
-8774
-8762
-8751
-8745
-8748
-8753
-8762
-8770
-8777
-8784
-8781
-8778
-8774
-8771
-8772
-8769
-8775
-8780
-8785
-8781
-8778
-8775
-8771
-8769
-8767
-8769
-8771
-8778
-8783
-8791
-8797
-8796
-8795
-8790
-8788
-8784
-8784
-8778
-8771
-8772
-8776
-8783
-8788
-8797
-8802
-8804
-8803
-8806
-8801
-8796
-8787
-8786
-8786
-8783
-8785
-8795
-8808
-8812
-8815
-8811
-8808
-8802
-8797
-8799
-8806
-8811
-8818
-8816
-8814
-8806
-8799
-8793
-8791
-8801
-8809
-8819
-8820
-8824
-8828
-8826
-8819
-8809
-8803
-8800
-8795
-8796
-8798
-8801
-8802
-8805
-8808
-8815
-8820
-8824
-8828
-8825
-8823
-8820
-8821
-8818
-8814
-8808
-8807
-8806
-8808
-8812
-8815
-8823
-8828
-8829
-8829
-8830
-8829
-8822
-8819
-8819
-8819
-8819
-8813
-8809
-8809
-8813
-8820
-8831
-8839
-8844
-8845
-8840
-8837
-8829
-8813
-8804
-8804
-8809
-8815
-8821
-8828
-8832
-8831
-8825
-8826
-8830
-8836
-8839
-8842
-8844
-8843
-8836
-8823
-8816
-8808
-8807
-8810
-8814
-8823
-8830
-8834
-8835
-8840
-8837
-8834
-8835
-8830
-8830
-8826
-8826
-8827
-8826
-8828
-8830
-8835
-8834
-8830
-8823
-8819
-8820
-8822
-8820
-8821
-8820
-8815
-8814
-8809
-8811
-8808
-8807
-8809
-8812
-8812
-8812
-8814
-8822
-8829
-8827
-8826
-8822
-8819
-8808
-8802
-8803
-8804
-8805
-8810
-8823
-8831
-8828
-8823
-8815
-8802
-8793
-8786
-8789
-8796
-8801
-8803
-8802
-8805
-8800
-8797
-8794
-8795
-8795
-8795
-8801
-8807
-8810
-8807
-8809
-8810
-8804
-8793
-8786
-8783
-8782
-8781
-8782
-8794
-8805
-8805
-8799
-8799
-8799
-8792
-8783
-8778
-8780
-8779
-8777
-8780
-8784
-8785
-8790
-8795
-8803
-8805
-8803
-8798
-8791
-8787
-8783
-8782
-8781
-8781
-8783
-8788
-8789
-8787
-8782
-8775
-8771
-8771
-8774
-8782
-8787
-8796
-8800
-8799
-8789
-8781
-8778
-8767
-8763
-8762
-8767
-8773
-8778
-8785
-8794
-8795
-8793
-8785
-8776
-8772
-8771
-8770
-8773
-8779
-8782
-8783
-8780
-8781
-8779
-8779
-8781
-8782
-8782
-8782
-8783
-8786
-8787
-8785
-8784
-8780
-8776
-8772
-8770
-8772
-8776
-8782
-8787
-8794
-8804
-8802
-8801
-8791
-8780
-8773
-8767
-8768
-8769
-8772
-8777
-8786
-8796
-8807
-8809
-8807
-8800
-8794
-8784
-8781
-8776
-8779
-8783
-8784
-8786
-8786
-8784
-8779
-8779
-8783
-8787
-8787
-8793
-8797
-8802
-8802
-8804
-8801
-8794
-8787
-8782
-8784
-8785
-8787
-8792
-8795
-8794
-8789
-8783
-8786
-8787
-8789
-8784
-8778
-8777
-8778
-8781
-8793
-8802
-8813
-8814
-8809
-8804
-8802
-8798
-8792
-8787
-8782
-8780
-8780
-8782
-8787
-8793
-8790
-8794
-8792
-8789
-8786
-8780
-8782
-8782
-8786
-8796
-8801
-8799
-8791
-8782
-8777
-8776
-8776
-8777
-8777
-8782
-8785
-8786
-8793
-8800
-8802
-8799
-8796
-8794
-8795
-8793
-8791
-8785
-8784
-8778
-8777
-8781
-8783
-8792
-8795
-8799
-8794
-8791
-8791
-8790
-8788
-8783
-8787
-8790
-8788
-8785
-8780
-8783
-8784
-8785
-8793
-8797
-8803
-8805
-8806
-8802
-8795
-8784
-8776
-8772
-8771
-8769
-8770
-8781
-8786
-8790
-8794
-8796
-8793
-8790
-8788
-8788
-8785
-8779
-8776
-8773
-8773
-8773
-8770
-8768
-8773
-8785
-8794
-8803
-8805
-8798
-8790
-8785
-8779
-8776
-8778
-8781
-8786
-8789
-8794
-8796
-8792
-8791
-8792
-8792
-8792
-8793
-8790
-8792
-8796
-8799
-8799
-8796
-8793
-8789
-8788
-8787
-8782
-8780
-8786
-8786
-8791
-8788
-8784
-8788
-8789
-8789
-8788
-8789
-8789
-8785
-8783
-8784
-8788
-8792
-8798
-8805
-8811
-8812
-8811
-8806
-8790
-8781
-8775
-8778
-8784
-8791
-8797
-8804
-8805
-8804
-8804
-8805
-8808
-8805
-8810
-8813
-8817
-8818
-8813
-8805
-8798
-8795
-8796
-8798
-8805
-8809
-8809
-8821
-8827
-8835
-8834
-8831
-8825
-8815
-8810
-8807
-8809
-8808
-8815
-8825
-8833
-8835
-8832
-8829
-8828
-8825
-8823
-8818
-8816
-8818
-8818
-8820
-8824
-8825
-8828
-8829
-8826
-8824
-8822
-8821
-8822
-8827
-8827
-8827
-8829
-8834
-8837
-8837
-8835
-8831
-8826
-8820
-8819
-8823
-8833
-8841
-8847
-8849
-8849
-8839
-8827
-8818
-8810
-8814
-8820
-8827
-8830
-8834
-8835
-8835
-8832
-8825
-8821
-8817
-8817
-8821
-8824
-8828
-8827
-8822
-8822
-8821
-8822
-8823
-8820
-8817
-8817
-8820
-8825
-8829
-8829
-8826
-8825
-8824
-8819
-8817
-8815
-8815
-8818
-8816
-8817
-8819
-8818
-8818
-8824
-8827
-8822
-8825
-8819
-8813
-8810
-8802
-8802
-8803
-8803
-8808
-8816
-8825
-8830
-8828
-8826
-8821
-8819
-8819
-8817
-8821
-8822
-8818
-8811
-8806
-8803
-8802
-8805
-8804
-8806
-8807
-8805
-8803
-8806
-8811
-8813
-8809
-8802
-8796
-8793
-8794
-8794
-8794
-8801
-8806
-8808
-8808
-8804
-8798
-8798
-8795
-8796
-8799
-8799
-8802
-8802
-8797
-8793
-8795
-8795
-8801
-8801
-8802
-8798
-8799
-8798
-8800
-8801
-8803
-8811
-8812
-8810
-8804
-8801
-8798
-8795
-8792
-8798
-8802
-8808
-8809
-8809
-8809
-8804
-8800
-8798
-8797
-8796
-8796
-8796
-8802
-8803
-8801
-8798
-8796
-8795
-8797
-8803
-8807
-8811
-8808
-8807
-8811
-8808
-8806
-8802
-8800
-8802
-8805
-8809
-8818
-8824
-8828
-8826
-8822
-8822
-8820
-8815
-8807
-8807
-8806
-8807
-8806
-8808
-8808
-8810
-8812
-8813
-8816
-8815
-8810
-8808
-8809
-8805
-8803
-8798
-8797
-8798
-8799
-8802
-8805
-8808
-8811
-8816
-8821
-8820
-8823
-8819
-8816
-8821
-8823
-8821
-8817
-8814
-8816
-8817
-8815
-8817
-8822
-8827
-8826
-8821
-8813
-8806
-8802
-8803
-8807
-8816
-8823
-8826
-8823
-8817
-8809
-8803
-8803
-8805
-8809
-8811
-8815
-8817
-8817
-8816
-8815
-8810
-8805
-8802
-8798
-8800
-8799
-8799
-8798
-8799
-8807
-8806
-8805
-8806
-8807
-8806
-8801
-8797
-8794
-8792
-8794
-8797
-8796
-8794
-8788
-8785
-8788
-8792
-8800
-8806
-8803
-8794
-8783
-8778
-8779
-8783
-8787
-8788
-8786
-8784
-8777
-8775
-8779
-8781
-8787
-8794
-8799
-8799
-8792
-8781
-8771
-8763
-8760
-8759
-8762
-8767
-8773
-8783
-8790
-8795
-8794
-8792
-8786
-8779
-8774
-8767
-8764
-8767
-8770
-8774
-8780
-8783
-8784
-8781
-8780
-8781
-8780
-8778
-8774
-8772
-8772
-8771
-8768
-8767
-8767
-8765
-8769
-8767
-8762
-8761
-8767
-8770
-8774
-8779
-8778
-8780
-8780
-8776
-8769
-8767
-8767
-8765
-8771
-8774
-8780
-8787
-8789
-8787
-8778
-8775
-8771
-8771
-8772
-8773
-8775
-8778
-8779
-8781
-8779
-8777
-8774
-8764
-8764
-8767
-8772
-8777
-8779
-8775
-8773
-8777
-8782
-8785
-8780
-8776
-8769
-8768
-8767
-8770
-8776
-8781
-8787
-8788
-8792
-8790
-8788
-8786
-8784
-8785
-8786
-8786
-8783
-8781
-8779
-8784
-8788
-8793
-8799
-8801
-8805
-8803
-8801
-8801
-8797
-8796
-8794
-8794
-8800
-8803
-8804
-8801
-8796
-8791
-8796
-8804
-8815
-8825
-8831
-8826
-8818
-8808
-8802
-8797
-8795
-8802
-8803
-8812
-8813
-8816
-8819
-8818
-8820
-8818
-8822
-8821
-8826
-8828
-8829
-8827
-8822
-8825
-8825
-8829
-8832
-8832
-8833
-8835
-8837
-8839
-8840
-8842
-8838
-8834
-8833
-8834
-8836
-8834
-8835
-8835
-8835
-8832
-8832
-8836
-8837
-8841
-8841
-8843
-8845
-8841
-8839
-8836
-8836
-8839
-8844
-8850
-8855
-8855
-8853
-8851
-8857
-8859
-8854
-8853
-8854
-8851
-8848
-8850
-8846
-8845
-8846
-8845
-8845
-8849
-8851
-8860
-8862
-8864
-8862
-8856
-8854
-8849
-8845
-8845
-8846
-8846
-8852
-8855
-8859
-8854
-8848
-8848
-8851
-8854
-8853
-8850
-8851
-8848
-8848
-8847
-8846
-8842
-8839
-8843
-8846
-8854
-8858
-8863
-8860
-8862
-8861
-8856
-8858
-8858
-8855
-8855
-8854
-8852
-8852
-8851
-8852
-8850
-8849
-8850
-8853
-8854
-8852
-8851
-8846
-8838
-8838
-8837
-8834
-8836
-8841
-8842
-8842
-8841
-8835
-8825
-8817
-8816
-8821
-8828
-8831
-8830
-8824
-8820
-8820
-8822
-8821
-8817
-8815
-8819
-8822
-8823
-8827
-8831
-8832
-8832
-8833
-8834
-8829
-8821
-8815
-8814
-8818
-8820
-8821
-8821
-8821
-8819
-8818
-8816
-8817
-8813
-8813
-8811
-8809
-8806
-8806
-8806
-8802
-8804
-8797
-8794
-8794
-8791
-8790
-8791
-8794
-8799
-8803
-8804
-8801
-8801
-8799
-8797
-8799
-8800
-8799
-8800
-8804
-8807
-8807
-8808
-8810
-8810
-8808
-8803
-8801
-8800
-8800
-8799
-8796
-8796
-8797
-8794
-8794
-8795
-8796
-8798
-8801
-8800
-8798
-8797
-8794
-8794
-8791
-8791
-8792
-8789
-8792
-8791
-8789
-8791
-8791
-8795
-8795
-8801
-8802
-8800
-8799
-8797
-8795
-8789
-8786
-8782
-8781
-8785
-8789
-8799
-8802
-8804
-8808
-8805
-8809
-8806
-8803
-8800
-8797
-8798
-8796
-8795
-8794
-8793
-8793
-8796
-8796
-8793
-8792
-8794
-8799
-8801
-8805
-8805
-8803
-8801
-8792
-8791
-8792
-8796
-8801
-8803
-8808
-8808
-8813
-8811
-8809
-8809
-8809
-8815
-8810
-8810
-8810
-8812
-8817
-8815
-8818
-8816
-8815
-8814
-8814
-8812
-8812
-8813
-8812
-8813
-8812
-8814
-8812
-8809
-8810
-8815
-8815
-8817
-8816
-8820
-8823
-8823
-8824
-8821
-8819
-8817
-8818
-8820
-8820
-8818
-8817
-8820
-8823
-8827
-8830
-8831
-8832
-8831
-8831
-8830
-8825
-8825
-8822
-8821
-8827
-8826
-8825
-8821
-8815
-8813
-8819
-8827
-8830
-8833
-8835
-8835
-8835
-8828
-8818
-8815
-8812
-8808
-8809
-8813
-8819
-8824
-8825
-8830
-8829
-8827
-8828
-8828
-8828
-8826
-8826
-8824
-8828
-8827
-8817
-8815
-8817
-8819
-8818
-8820
-8823
-8826
-8827
-8829
-8831
-8832
-8832
-8828
-8825
-8826
-8828
-8826
-8823
-8823
-8821
-8818
-8817
-8816
-8816
-8814
-8814
-8821
-8822
-8818
-8817
-8814
-8810
-8807
-8810
-8816
-8818
-8821
-8820
-8819
-8818
-8817
-8819
-8812
-8811
-8813
-8817
-8820
-8820
-8823
-8817
-8816
-8815
-8813
-8820
-8822
-8823
-8823
-8826
-8830
-8827
-8826
-8821
-8814
-8805
-8803
-8804
-8807
-8815
-8823
-8827
-8825
-8823
-8821
-8818
-8820
-8824
-8818
-8818
-8815
-8812
-8809
-8809
-8806
-8807
-8812
-8810
-8813
-8812
-8813
-8809
-8803
-8802
-8804
-8806
-8805
-8805
-8805
-8807
-8809
-8803
-8802
-8799
-8799
-8803
-8807
-8812
-8814
-8815
-8810
-8803
-8800
-8796
-8795
-8794
-8798
-8806
-8808
-8810
-8810
-8809
-8806
-8803
-8792
-8789
-8787
-8786
-8785
-8786
-8790
-8785
-8782
-8779
-8781
-8779
-8777
-8777
-8779
-8780
-8779
-8776
-8777
-8779
-8774
-8769
-8764
-8761
-8762
-8762
-8764
-8767
-8769
-8767
-8771
-8776
-8776
-8775
-8772
-8771
-8765
-8759
-8757
-8756
-8760
-8766
-8768
-8769
-8766
-8761
-8756
-8755
-8759
-8758
-8759
-8757
-8752
-8754
-8754
-8754
-8749
-8744
-8744
-8742
-8742
-8738
-8740
-8742
-8745
-8744
-8741
-8739
-8739
-8738
-8735
-8733
-8734
-8731
-8732
-8734
-8736
-8739
-8738
-8738
-8734
-8731
-8727
-8727
-8728
-8729
-8726
-8725
-8725
-8722
-8722
-8723
-8722
-8720
-8717
-8713
-8713
-8709
-8706
-8707
-8711
-8715
-8715
-8715
-8715
-8714
-8713
-8713
-8713
-8713
-8707
-8705
-8703
-8699
-8700
-8704
-8701
-8706
-8710
-8708
-8708
-8708
-8708
-8707
-8707
-8706
-8708
-8709
-8711
-8708
-8709
-8713
-8711
-8710
-8708
-8705
-8702
-8700
-8703
-8705
-8708
-8711
-8713
-8716
-8717
-8718
-8713
-8711
-8706
-8703
-8703
-8703
-8706
-8708
-8711
-8715
-8716
-8716
-8719
-8719
-8722
-8725
-8725
-8726
-8727
-8727
-8728
-8727
-8726
-8729
-8734
-8731
-8726
-8722
-8722
-8726
-8728
-8729
-8731
-8733
-8731
-8730
-8730
-8730
-8734
-8737
-8743
-8746
-8745
-8744
-8742
-8745
-8745
-8741
-8741
-8741
-8741
-8745
-8751
-8748
-8751
-8752
-8755
-8753
-8754
-8759
-8757
-8757
-8752
-8755
-8759
-8766
-8770
-8774
-8775
-8773
-8768
-8765
-8766
-8763
-8766
-8768
-8775
-8779
-8783
-8784
-8782
-8778
-8780
-8777
-8779
-8781
-8778
-8774
-8774
-8779
-8781
-8788
-8786
-8789
-8787
-8788
-8789
-8788
-8791
-8793
-8795
-8799
-8806
-8808
-8811
-8809
-8807
-8805
-8803
-8799
-8805
-8807
-8810
-8812
-8817
-8822
-8816
-8813
-8808
-8800
-8796
-8794
-8796
-8804
-8809
-8819
-8825
-8826
-8825
-8820
-8815
-8814
-8814
-8814
-8818
-8822
-8827
-8831
-8833
-8833
-8834
-8832
-8832
-8831
-8835
-8838
-8842
-8844
-8843
-8841
-8840
-8839
-8841
-8843
-8844
-8845
-8839
-8834
-8835
-8838
-8840
-8843
-8846
-8849
-8845
-8846
-8843
-8841
-8840
-8841
-8842
-8842
-8845
-8848
-8853
-8855
-8850
-8850
-8848
-8850
-8850
-8850
-8855
-8855
-8859
-8860
-8860
-8859
-8864
-8868
-8871
-8870
-8866
-8865
-8867
-8868
-8873
-8875
-8873
-8878
-8872
-8876
-8872
-8875
-8873
-8876
-8873
-8873
-8876
-8873
-8878
-8879
-8878
-8878
-8882
-8879
-8877
-8872
-8874
-8875
-8878
-8887
-8886
-8880
-8874
-8869
-8867
-8869
-8871
-8871
-8872
-8873
-8876
-8880
-8881
-8880
-8877
-8878
-8878
-8878
-8883
-8883
-8883
-8884
-8884
-8885
-8882
-8880
-8877
-8878
-8876
-8875
-8876
-8875
-8873
-8874
-8873
-8868
-8871
-8872
-8872
-8873
-8873
-8868
-8863
-8863
-8860
-8862
-8863
-8859
-8859
-8861
-8862
-8861
-8863
-8859
-8856
-8861
-8863
-8863
-8859
-8859
-8858
-8856
-8852
-8854
-8855
-8854
-8852
-8850
-8852
-8851
-8852
-8847
-8845
-8844
-8844
-8848
-8851
-8852
-8848
-8844
-8843
-8844
-8846
-8848
-8849
-8847
-8841
-8835
-8833
-8835
-8834
-8830
-8823
-8821
-8821
-8824
-8828
-8830
-8834
-8833
-8836
-8830
-8827
-8824
-8820
-8819
-8819
-8824
-8819
-8816
-8815
-8816
-8820
-8821
-8820
-8819
-8821
-8821
-8820
-8820
-8819
-8820
-8818
-8819
-8817
-8814
-8810
-8806
-8803
-8804
-8809
-8812
-8815
-8815
-8816
-8807
-8801
-8798
-8794
-8797
-8796
-8794
-8790
-8789
-8792
-8797
-8801
-8804
-8805
-8806
-8803
-8801
-8797
-8797
-8796
-8794
-8787
-8787
-8788
-8787
-8792
-8794
-8796
-8794
-8794
-8785
-8786
-8786
-8785
-8786
-8782
-8784
-8782
-8781
-8781
-8777
-8772
-8770
-8772
-8775
-8782
-8786
-8787
-8783
-8778
-8772
-8765
-8763
-8764
-8764
-8771
-8778
-8775
-8770
-8766
-8762
-8760
-8758
-8758
-8758
-8760
-8763
-8762
-8764
-8760
-8754
-8752
-8754
-8750
-8751
-8750
-8751
-8754
-8751
-8753
-8751
-8753
-8758
-8759
-8757
-8749
-8743
-8742
-8743
-8742
-8741
-8743
-8743
-8743
-8744
-8745
-8747
-8747
-8747
-8747
-8745
-8744
-8742
-8740
-8743
-8740
-8743
-8741
-8737
-8738
-8734
-8731
-8731
-8736
-8742
-8742
-8746
-8744
-8740
-8736
-8731
-8732
-8729
-8734
-8734
-8731
-8736
-8734
-8735
-8735
-8731
-8732
-8726
-8727
-8727
-8727
-8731
-8729
-8732
-8733
-8737
-8743
-8744
-8742
-8738
-8736
-8739
-8737
-8739
-8739
-8742
-8745
-8746
-8749
-8747
-8749
-8746
-8748
-8748
-8747
-8744
-8744
-8745
-8744
-8747
-8751
-8750
-8743
-8742
-8739
-8744
-8746
-8752
-8757
-8761
-8762
-8763
-8761
-8755
-8754
-8753
-8753
-8754
-8752
-8752
-8755
-8760
-8764
-8765
-8769
-8769
-8770
-8767
-8764
-8762
-8759
-8761
-8762
-8765
-8768
-8771
-8771
-8773
-8774
-8772
-8771
-8773
-8774
-8775
-8776
-8775
-8774
-8773
-8772
-8775
-8774
-8775
-8777
-8778
-8777
-8773
-8768
-8770
-8776
-8779
-8781
-8781
-8781
-8780
-8779
-8782
-8783
-8781
-8785
-8785
-8784
-8786
-8786
-8782
-8780
-8778
-8777
-8777
-8779
-8784
-8780
-8779
-8779
-8781
-8784
-8785
-8783
-8779
-8773
-8770
-8772
-8778
-8781
-8780
-8778
-8777
-8773
-8772
-8769
-8766
-8769
-8769
-8771
-8769
-8770
-8765
-8762
-8766
-8764
-8762
-8760
-8760
-8764
-8766
-8759
-8752
-8750
-8749
-8750
-8750
-8751
-8753
-8755
-8753
-8750
-8754
-8756
-8756
-8751
-8746
-8743
-8738
-8736
-8733
-8737
-8739
-8735
-8734
-8733
-8730
-8729
-8727
-8724
-8728
-8726
-8723
-8720
-8721
-8719
-8716
-8715
-8714
-8718
-8719
-8721
-8718
-8713
-8708
-8705
-8709
-8712
-8714
-8713
-8708
-8709
-8705
-8702
-8705
-8708
-8711
-8708
-8705
-8700
-8693
-8688
-8690
-8691
-8690
-8689
-8688
-8686
-8687
-8688
-8689
-8686
-8684
-8693
-8695
-8696
-8692
-8685
-8684
-8682
-8684
-8684
-8680
-8678
-8675
-8672
-8671
-8670
-8670
-8670
-8671
-8674
-8678
-8678
-8677
-8678
-8683
-8683
-8681
-8678
-8675
-8678
-8684
-8689
-8692
-8694
-8691
-8690
-8690
-8686
-8688
-8689
-8690
-8693
-8698
-8701
-8705
-8709
-8710
-8707
-8704
-8705
-8702
-8706
-8710
-8711
-8712
-8712
-8713
-8716
-8713
-8715
-8715
-8718
-8725
-8727
-8724
-8725
-8730
-8734
-8739
-8738
-8739
-8745
-8751
-8748
-8749
-8750
-8750
-8753
-8754
-8758
-8760
-8767
-8771
-8772
-8774
-8770
-8766
-8770
-8768
-8769
-8769
-8769
-8774
-8778
-8779
-8780
-8781
-8782
-8786
-8789
-8792
-8793
-8799
-8804
-8811
-8809
-8808
-8802
-8799
-8793
-8793
-8803
-8802
-8808
-8810
-8813
-8819
-8821
-8820
-8821
-8822
-8822
-8822
-8824
-8827
-8830
-8829
-8834
-8832
-8830
-8827
-8820
-8820
-8818
-8818
-8819
-8822
-8825
-8824
-8824
-8822
-8821
-8821
-8820
-8824
-8824
-8823
-8824
-8827
-8831
-8832
-8837
-8844
-8845
-8844
-8838
-8833
-8833
-8829
-8830
-8835
-8845
-8849
-8849
-8846
-8846
-8845
-8843
-8846
-8846
-8845
-8846
-8848
-8845
-8840
-8832
-8831
-8831
-8833
-8830
-8826
-8823
-8827
-8829
-8826
-8822
-8818
-8821
-8815
-8815
-8814
-8817
-8815
-8814
-8819
-8821
-8823
-8821
-8819
-8818
-8820
-8823
-8826
-8831
-8833
-8834
-8836
-8829
-8823
-8819
-8817
-8818
-8823
-8827
-8832
-8833
-8830
-8824
-8819
-8816
-8809
-8807
-8804
-8801
-8798
-8799
-8799
-8801
-8802
-8801
-8802
-8797
-8795
-8796
-8797
-8797
-8801
-8804
-8807
-8809
-8807
-8800
-8799
-8797
-8795
-8796
-8796
-8799
-8799
-8803
-8800
-8805
-8803
-8799
-8802
-8802
-8804
-8802
-8803
-8796
-8795
-8792
-8794
-8792
-8787
-8789
-8786
-8787
-8785
-8784
-8784
-8783
-8782
-8777
-8780
-8781
-8781
-8787
-8789
-8787
-8787
-8785
-8786
-8785
-8786
-8791
-8794
-8798
-8793
-8794
-8794
-8790
-8791
-8792
-8796
-8798
-8800
-8798
-8795
-8793
-8789
-8786
-8781
-8776
-8773
-8772
-8772
-8776
-8779
-8784
-8785
-8785
-8787
-8784
-8786
-8786
-8783
-8779
-8780
-8780
-8782
-8785
-8788
-8788
-8790
-8793
-8793
-8792
-8788
-8789
-8791
-8795
-8790
-8786
-8789
-8788
-8786
-8782
-8782
-8785
-8788
-8785
-8784
-8787
-8790
-8791
-8791
-8792
-8787
-8783
-8779
-8779
-8776
-8770
-8769
-8769
-8773
-8777
-8780
-8783
-8783
-8778
-8775
-8772
-8770
-8772
-8775
-8778
-8779
-8778
-8781
-8783
-8783
-8781
-8777
-8777
-8775
-8774
-8777
-8779
-8780
-8781
-8781
-8781
-8777
-8768
-8767
-8773
-8779
-8787
-8791
-8791
-8784
-8781
-8779
-8782
-8780
-8779
-8780
-8778
-8781
-8778
-8782
-8790
-8794
-8794
-8792
-8790
-8790
-8790
-8787
-8782
-8780
-8782
-8784
-8785
-8788
-8792
-8792
-8793
-8793
-8793
-8790
-8791
-8791
-8789
-8786
-8786
-8788
-8789
-8793
-8792
-8787
-8784
-8783
-8781
-8784
-8791
-8796
-8795
-8796
-8794
-8791
-8790
-8791
-8794
-8798
-8798
-8796
-8795
-8793
-8791
-8789
-8790
-8786
-8788
-8788
-8788
-8786
-8785
-8784
-8781
-8783
-8784
-8786
-8787
-8789
-8786
-8784
-8786
-8785
-8780
-8777
-8776
-8773
-8768
-8765
-8766
-8768
-8767
-8768
-8769
-8768
-8767
-8766
-8763
-8761
-8764
-8764
-8765
-8768
-8771
-8773
-8773
-8773
-8768
-8763
-8760
-8755
-8755
-8753
-8753
-8754
-8751
-8753
-8752
-8753
-8755
-8754
-8752
-8752
-8749
-8750
-8750
-8745
-8744
-8742
-8749
-8747
-8745
-8740
-8732
-8726
-8718
-8716
-8715
-8713
-8715
-8719
-8718
-8717
-8714
-8714
-8712
-8719
-8719
-8721
-8717
-8716
-8715
-8706
-8703
-8702
-8705
-8704
-8705
-8702
-8699
-8691
-8690
-8690
-8690
-8692
-8695
-8694
-8695
-8692
-8685
-8680
-8677
-8677
-8675
-8672
-8673
-8678
-8678
-8679
-8677
-8678
-8674
-8672
-8673
-8673
-8675
-8674
-8676
-8675
-8674
-8671
-8665
-8659
-8659
-8665
-8667
-8672
-8673
-8676
-8677
-8674
-8670
-8666
-8663
-8658
-8656
-8656
-8657
-8654
-8652
-8649
-8650
-8651
-8649
-8647
-8646
-8645
-8646
-8646
-8651
-8657
-8655
-8655
-8654
-8654
-8656
-8658
-8657
-8655
-8652
-8648
-8647
-8649
-8652
-8655
-8660
-8663
-8665
-8666
-8664
-8663
-8661
-8654
-8653
-8652
-8652
-8653
-8653
-8654
-8655
-8659
-8657
-8655
-8656
-8655
-8657
-8658
-8662
-8662
-8663
-8661
-8660
-8661
-8658
-8657
-8655
-8653
-8652
-8657
-8655
-8657
-8656
-8654
-8656
-8659
-8661
-8660
-8661
-8660
-8663
-8660
-8657
-8657
-8660
-8663
-8663
-8664
-8665
-8660
-8660
-8661
-8661
-8663
-8663
-8660
-8659
-8658
-8657
-8656
-8655
-8660
-8663
-8671
-8675
-8676
-8671
-8665
-8667
-8668
-8669
-8668
-8668
-8671
-8672
-8670
-8666
-8662
-8669
-8668
-8670
-8673
-8674
-8677
-8677
-8673
-8672
-8674
-8674
-8674
-8673
-8673
-8671
-8674
-8678
-8682
-8683
-8682
-8682
-8687
-8690
-8696
-8696
-8690
-8693
-8695
-8696
-8698
-8702
-8699
-8701
-8702
-8704
-8703
-8700
-8699
-8696
-8699
-8706
-8709
-8719
-8720
-8720
-8716
-8709
-8707
-8702
-8701
-8699
-8702
-8705
-8707
-8707
-8706
-8704
-8708
-8708
-8709
-8714
-8721
-8724
-8726
-8728
-8724
-8722
-8720
-8720
-8721
-8725
-8724
-8726
-8729
-8737
-8740
-8739
-8737
-8729
-8723
-8721
-8720
-8721
-8722
-8725
-8723
-8718
-8718
-8715
-8715
-8716
-8723
-8727
-8729
-8731
-8730
-8731
-8734
-8734
-8734
-8736
-8736
-8739
-8743
-8745
-8744
-8745
-8747
-8745
-8741
-8739
-8738
-8736
-8739
-8737
-8740
-8743
-8748
-8750
-8747
-8742
-8734
-8735
-8731
-8737
-8741
-8744
-8745
-8748
-8751
-8749
-8748
-8748
-8745
-8743
-8743
-8743
-8746
-8745
-8745
-8746
-8750
-8750
-8754
-8752
-8753
-8750
-8751
-8752
-8748
-8744
-8741
-8739
-8739
-8743
-8743
-8746
-8748
-8745
-8745
-8745
-8745
-8744
-8743
-8745
-8747
-8749
-8747
-8743
-8740
-8738
-8742
-8750
-8753
-8758
-8758
-8757
-8755
-8751
-8752
-8753
-8756
-8756
-8754
-8753
-8749
-8747
-8755
-8761
-8765
-8759
-8759
-8754
-8747
-8746
-8746
-8745
-8745
-8749
-8751
-8753
-8755
-8753
-8747
-8746
-8744
-8754
-8761
-8765
-8767
-8758
-8751
-8744
-8743
-8749
-8757
-8762
-8762
-8758
-8757
-8753
-8754
-8757
-8759
-8761
-8763
-8768
-8768
-8767
-8762
-8756
-8756
-8759
-8757
-8755
-8752
-8749
-8749
-8750
-8751
-8750
-8748
-8747
-8750
-8750
-8744
-8743
-8744
-8747
-8751
-8753
-8759
-8754
-8749
-8743
-8744
-8753
-8757
-8759
-8757
-8755
-8751
-8751
-8753
-8758
-8761
-8763
-8764
-8762
-8762
-8761
-8760
-8756
-8751
-8752
-8753
-8760
-8765
-8764
-8761
-8752
-8747
-8747
-8749
-8754
-8759
-8761
-8763
-8763
-8762
-8760
-8757
-8757
-8753
-8748
-8749
-8754
-8762
-8766
-8768
-8766
-8762
-8757
-8755
-8753
-8755
-8759
-8760
-8762
-8760
-8761
-8765
-8768
-8763
-8763
-8766
-8769
-8771
-8771
-8770
-8768
-8765
-8763
-8764
-8761
-8766
-8762
-8762
-8766
-8765
-8765
-8764
-8768
-8769
-8769
-8770
-8764
-8768
-8771
-8771
-8771
-8764
-8765
-8761
-8766
-8768
-8772
-8778
-8780
-8778
-8772
-8765
-8767
-8767
-8766
-8763
-8765
-8764
-8762
-8766
-8765
-8772
-8769
-8770
-8768
-8768
-8770
-8771
-8770
-8769
-8769
-8766
-8768
-8764
-8764
-8768
-8773
-8773
-8774
-8776
-8773
-8772
-8771
-8767
-8771
-8769
-8771
-8772
-8772
-8773
-8772
-8771
-8767
-8770
-8768
-8765
-8765
-8767
-8764
-8763
-8765
-8762
-8761
-8760
-8758
-8753
-8757
-8758
-8760
-8760
-8759
-8763
-8762
-8764
-8769
-8774
-8777
-8777
-8775
-8772
-8768
-8767
-8768
-8769
-8776
-8779
-8775
-8770
-8770
-8767
-8762
-8761
-8759
-8758
-8758
-8759
-8760
-8760
-8758
-8758
-8764
-8764
-8764
-8764
-8761
-8756
-8752
-8750
-8749
-8750
-8755
-8756
-8762
-8762
-8761
-8759
-8761
-8769
-8772
-8776
-8774
-8772
-8767
-8759
-8754
-8753
-8748
-8748
-8750
-8753
-8749
-8750
-8752
-8750
-8751
-8750
-8747
-8746
-8743
-8742
-8743
-8744
-8746
-8746
-8745
-8746
-8746
-8744
-8740
-8734
-8729
-8728
-8731
-8732
-8738
-8741
-8740
-8737
-8735
-8734
-8738
-8742
-8744
-8747
-8746
-8744
-8745
-8740
-8732
-8727
-8722
-8719
-8716
-8717
-8720
-8725
-8732
-8731
-8726
-8720
-8716
-8712
-8705
-8708
-8706
-8703
-8704
-8703
-8707
-8710
-8718
-8722
-8723
-8723
-8715
-8709
-8705
-8704
-8704
-8700
-8697
-8697
-8697
-8696
-8699
-8701
-8702
-8703
-8704
-8700
-8696
-8691
-8687
-8684
-8684
-8687
-8686
-8686
-8683
-8680
-8677
-8672
-8673
-8676
-8681
-8678
-8677
-8676
-8671
-8670
-8669
-8673
-8675
-8672
-8676
-8674
-8671
-8671
-8665
-8668
-8669
-8667
-8668
-8668
-8667
-8667
-8667
-8669
-8671
-8673
-8675
-8675
-8671
-8670
-8669
-8667
-8671
-8671
-8671
-8667
-8659
-8653
-8648
-8647
-8645
-8647
-8653
-8656
-8654
-8647
-8644
-8648
-8654
-8659
-8659
-8656
-8655
-8653
-8649
-8653
-8655
-8660
-8665
-8667
-8664
-8663
-8660
-8658
-8662
-8665
-8668
-8667
-8670
-8670
-8669
-8664
-8658
-8652
-8647
-8652
-8655
-8661
-8660
-8658
-8659
-8653
-8652
-8651
-8652
-8650
-8645
-8648
-8649
-8652
-8655
-8659
-8659
-8657
-8655
-8647
-8641
-8641
-8644
-8653
-8662
-8670
-8675
-8671
-8669
-8661
-8656
-8654
-8652
-8657
-8662
-8661
-8664
-8666
-8667
-8669
-8668
-8669
-8671
-8673
-8671
-8666
-8665
-8665
-8666
-8666
-8669
-8670
-8675
-8682
-8683
-8684
-8679
-8681
-8685
-8686
-8689
-8683
-8679
-8683
-8683
-8686
-8685
-8687
-8686
-8687
-8686
-8682
-8689
-8687
-8690
-8696
-8698
-8701
-8701
-8703
-8701
-8699
-8699
-8696
-8697
-8698
-8700
-8699
-8695
-8694
-8692
-8693
-8694
-8701
-8706
-8707
-8711
-8710
-8708
-8708
-8708
-8713
-8714
-8716
-8719
-8716
-8715
-8715
-8715
-8716
-8714
-8716
-8714
-8715
-8718
-8720
-8722
-8719
-8722
-8720
-8726
-8727
-8729
-8730
-8728
-8726
-8724
-8724
-8727
-8723
-8720
-8719
-8715
-8717
-8717
-8726
-8728
-8726
-8726
-8722
-8720
-8722
-8723
-8725
-8725
-8722
-8719
-8718
-8716
-8717
-8718
-8719
-8720
-8723
-8731
-8732
-8726
-8726
-8723
-8720
-8718
-8720
-8726
-8728
-8733
-8731
-8725
-8722
-8720
-8716
-8718
-8722
-8728
-8731
-8732
-8730
-8727
-8727
-8725
-8724
-8722
-8726
-8725
-8726
-8726
-8723
-8724
-8724
-8724
-8724
-8722
-8722
-8720
-8721
-8720
-8717
-8721
-8721
-8720
-8722
-8724
-8727
-8729
-8734
-8737
-8735
-8731
-8728
-8724
-8720
-8717
-8717
-8720
-8719
-8723
-8723
-8723
-8725
-8726
-8728
-8728
-8725
-8721
-8720
-8722
-8724
-8723
-8723
-8720
-8721
-8722
-8724
-8731
-8734
-8736
-8733
-8728
-8728
-8727
-8726
-8726
-8726
-8723
-8720
-8719
-8721
-8723
-8722
-8723
-8725
-8726
-8726
-8725
-8726
-8727
-8726
-8724
-8722
-8720
-8719
-8717
-8722
-8727
-8728
-8730
-8732
-8727
-8726
-8728
-8731
-8735
-8730
-8729
-8729
-8729
-8730
-8727
-8725
-8722
-8722
-8722
-8724
-8724
-8727
-8729
-8728
-8733
-8731
-8732
-8732
-8730
-8733
-8738
-8738
-8738
-8735
-8735
-8735
-8734
-8731
-8727
-8727
-8727
-8733
-8737
-8738
-8739
-8740
-8741
-8739
-8740
-8742
-8741
-8741
-8740
-8739
-8737
-8737
-8733
-8730
-8728
-8727
-8723
-8724
-8725
-8724
-8728
-8731
-8737
-8735
-8736
-8740
-8740
-8742
-8746
-8745
-8745
-8739
-8733
-8732
-8727
-8724
-8723
-8724
-8724
-8726
-8726
-8731
-8731
-8727
-8726
-8728
-8730
-8731
-8730
-8729
-8729
-8729
-8727
-8724
-8721
-8723
-8726
-8729
-8731
-8733
-8730
-8734
-8735
-8734
-8737
-8735
-8733
-8728
-8729
-8727
-8727
-8734
-8732
-8736
-8739
-8740
-8739
-8738
-8739
-8738
-8738
-8733
-8735
-8732
-8732
-8737
-8738
-8739
-8739
-8734
-8733
-8730
-8728
-8726
-8723
-8724
-8722
-8726
-8722
-8723
-8720
-8722
-8723
-8722
-8726
-8732
-8735
-8737
-8736
-8733
-8733
-8731
-8733
-8733
-8735
-8736
-8742
-8739
-8737
-8733
-8730
-8730
-8726
-8727
-8730
-8730
-8736
-8738
-8733
-8729
-8727
-8730
-8729
-8732
-8730
-8729
-8729
-8729
-8730
-8736
-8738
-8736
-8735
-8734
-8731
-8730
-8734
-8732
-8729
-8726
