04081056.PTO
MINE
2012/04/08 10:56:52.9900
100.0091 m/s  
7173 muestras
249
229
229
230
226
225
228
233
227
227
229
239
221
235
229
241
231
253
238
249
233
235
223
244
226
225
211
235
223
231
225
225
223
223
226
223
228
216
229
235
245
224
233
245
242
233
233
231
237
224
232
218
221
221
219
214
229
217
219
224
221
218
215
233
228
251
251
259
246
245
243
239
216
237
238
236
224
234
220
225
221
212
218
218
223
219
226
235
224
216
239
226
240
236
241
233
231
226
244
228
235
214
227
234
238
239
249
241
243
242
245
242
243
257
252
271
266
263
254
258
238
240
243
254
251
255
247
245
247
257
257
245
235
251
232
239
237
246
247
239
247
230
231
231
231
222
239
237
244
239
250
228
228
225
235
227
231
228
235
226
228
221
225
227
232
233
220
229
229
239
228
231
215
222
219
227
217
235
228
231
221
223
212
233
230
229
240
237
220
227
225
213
218
220
212
217
224
214
230
231
234
215
228
232
233
232
250
239
243
236
241
217
223
227
224
217
223
229
235
237
238
241
226
237
229
249
236
231
227
233
236
234
225
247
241
245
232
247
233
238
226
228
230
229
232
243
242
237
253
247
250
245
244
249
243
240
247
233
234
231
231
217
239
242
252
233
232
238
231
236
238
237
235
255
244
248
235
245
242
249
243
241
240
264
254
260
237
255
232
254
244
237
232
233
223
223
224
230
231
238
250
240
242
254
267
244
244
237
247
225
233
230
234
231
245
237
237
230
229
235
241
231
235
249
249
249
249
259
258
254
248
249
230
243
226
236
233
239
232
251
245
232
229
244
235
237
231
235
237
241
241
230
236
236
239
233
237
237
236
231
241
221
233
239
253
245
252
245
254
236
235
222
230
231
241
241
241
234
239
251
243
237
239
252
241
257
241
247
236
241
234
243
239
237
227
239
228
226
217
244
245
236
235
240
241
241
247
242
240
242
253
233
247
246
255
243
254
239
249
241
247
230
230
245
250
244
242
239
244
243
241
243
229
235
236
239
226
245
243
252
245
254
237
247
243
257
238
243
237
234
225
223
211
216
229
237
232
232
230
233
234
217
233
227
235
219
232
220
227
218
229
207
218
218
217
215
233
219
221
208
212
204
212
222
225
244
245
247
231
238
229
220
211
222
233
234
214
218
217
233
221
217
215
230
233
233
232
232
219
221
241
216
227
230
231
225
229
223
229
233
237
223
240
231
246
249
255
243
253
245
241
226
239
243
253
248
242
240
233
241
234
240
234
254
243
240
234
246
247
251
241
233
221
240
227
226
226
237
237
234
233
220
221
233
233
227
235
221
237
229
237
227
241
236
245
232
249
235
247
239
247
237
245
246
248
235
230
241
239
231
229
219
215
210
204
215
219
220
209
236
225
227
226
237
236
248
238
248
239
241
237
239
232
247
243
233
228
227
241
249
242
233
237
237
238
217
236
239
248
238
249
223
237
234
250
241
237
244
233
233
233
225
213
229
227
227
224
235
221
230
222
237
224
250
237
241
233
241
234
255
239
243
239
251
242
245
245
238
246
246
238
231
237
225
236
236
239
240
246
237
249
224
232
227
245
229
235
230
238
231
236
228
227
241
232
237
236
239
231
251
242
233
238
248
245
241
236
248
233
249
249
245
234
238
236
252
241
228
236
235
233
228
235
248
257
250
254
243
258
245
256
234
239
229
234
228
231
222
221
222
232
223
230
239
243
249
251
247
241
250
241
233
232
252
235
246
229
225
221
229
217
233
215
235
234
235
232
239
232
237
233
225
228
233
244
237
236
228
229
216
229
212
219
227
235
229
232
225
228
219
232
227
237
236
229
227
221
221
213
225
229
220
217
229
221
229
227
235
242
237
227
240
237
243
230
235
253
246
245
248
237
234
235
234
245
227
244
252
253
240
257
239
245
243
248
245
258
246
251
246
255
229
227
249
247
240
241
246
243
239
239
240
239
241
227
241
234
245
250
251
233
243
233
259
249
261
239
252
246
247
245
242
238
238
235
233
237
243
242
245
250
241
249
237
248
230
252
241
246
237
241
217
229
218
225
221
223
223
226
243
247
240
237
255
245
241
237
237
229
237
234
233
223
235
235
247
235
246
236
235
234
238
229
240
239
237
240
239
227
217
225
220
235
225
240
227
229
221
225
219
233
226
250
244
238
239
251
237
239
237
237
230
226
227
227
232
230
228
233
249
243
244
239
244
235
237
244
249
222
239
246
243
233
245
249
254
250
247
247
241
243
238
225
231
231
219
221
219
231
234
244
233
237
223
236
233
243
233
243
239
240
237
242
237
237
236
233
237
227
234
231
225
219
241
230
237
237
253
253
256
242
235
226
246
233
241
231
230
223
232
237
224
227
222
223
215
236
225
237
225
252
256
275
291
302
287
300
285
290
274
255
227
204
184
178
161
160
172
167
165
158
155
143
152
143
132
113
114
119
130
135
176
207
265
281
311
312
309
297
291
287
283
285
280
288
272
286
285
314
329
351
351
362
358
375
365
361
325
304
267
275
261
283
313
321
294
276
249
224
211
191
159
130
106
73
34
-5
-27
-49
-41
-40
-32
-33
-20
-31
-17
-13
21
44
79
132
182
235
303
382
439
510
548
613
678
745
787
827
817
774
689
637
589
560
505
466
381
332
255
188
94
-6
-111
-188
-225
-239
-277
-330
-390
-421
-401
-369
-337
-309
-215
-114
-9
109
251
359
477
563
657
758
865
964
1043
1079
1045
925
806
702
607
515
443
391
314
238
100
-15
-189
-312
-408
-489
-584
-597
-507
-327
-213
-153
-138
-83
1
140
279
419
503
568
632
661
716
800
942
1038
1049
983
930
857
757
580
401
220
80
-33
-94
-155
-215
-286
-336
-419
-537
-611
-565
-416
-283
-180
-134
-79
-32
-2
15
53
99
206
355
553
687
805
898
964
985
980
899
783
664
634
621
616
570
454
343
244
186
153
158
145
129
63
7
-63
-105
-175
-269
-377
-400
-317
-143
12
133
163
177
173
212
283
389
485
541
585
590
571
489
403
316
307
344
422
453
502
458
395
276
188
111
90
68
57
-13
-85
-170
-253
-303
-289
-206
-75
67
193
299
367
399
385
385
399
446
472
517
531
559
571
606
599
588
558
521
456
401
339
275
200
125
49
-46
-107
-146
-121
-89
-47
-45
-17
0
26
35
59
73
133
171
243
305
386
446
481
503
490
476
487
507
541
549
516
418
285
163
50
-12
-65
-73
-58
-20
20
67
84
105
107
117
104
119
132
153
195
251
315
363
427
507
604
681
737
703
643
568
516
464
431
348
265
157
71
-33
-110
-161
-156
-134
-93
-77
-54
-15
24
61
63
49
34
30
47
101
155
256
354
479
564
632
629
614
600
597
579
565
521
441
364
305
236
195
156
136
133
109
76
29
-9
-46
-84
-145
-143
-138
-66
-18
46
75
111
155
216
265
347
425
510
556
585
558
525
503
486
487
460
443
405
393
391
405
387
405
368
321
227
154
68
13
-40
-52
-65
-45
-27
8
42
74
137
198
241
251
276
290
286
268
251
230
237
249
293
319
365
383
395
372
355
327
306
288
276
229
200
194
196
220
252
291
312
325
327
303
271
267
227
193
140
109
61
41
39
65
87
128
119
127
155
201
247
297
330
343
338
302
252
221
227
247
295
318
361
391
437
439
421
338
274
208
186
175
180
166
163
139
115
82
72
84
116
148
148
141
120
128
129
145
161
187
199
221
235
247
267
302
308
339
349
356
357
387
387
375
331
299
239
183
149
145
168
195
211
195
194
184
201
191
216
223
246
250
291
309
343
360
375
359
335
324
312
317
313
279
218
177
123
106
82
93
105
137
156
172
163
177
172
188
194
206
205
208
203
216
227
252
261
293
329
362
403
431
452
432
403
345
295
251
233
229
228
209
208
179
181
185
181
154
161
145
148
139
142
126
112
117
86
76
104
161
230
311
355
387
382
391
368
371
347
347
333
347
303
281
251
241
245
254
245
243
236
229
206
157
122
75
58
42
61
76
124
146
182
168
190
215
247
278
327
350
383
365
334
279
250
258
265
277
281
299
319
345
357
366
339
311
267
233
185
171
133
131
108
98
70
85
104
141
177
215
236
253
263
261
261
249
245
249
275
286
290
291
311
289
302
299
307
292
306
305
313
283
253
195
171
156
167
202
244
271
279
272
248
217
204
205
195
181
165
173
165
177
175
173
163
174
187
216
242
285
292
301
289
283
259
259
263
269
299
323
337
331
326
297
310
293
286
259
257
225
216
174
149
128
125
122
140
171
208
233
248
233
203
178
154
165
187
215
234
266
274
294
295
299
306
349
355
367
348
339
293
281
221
178
147
147
150
186
223
243
246
261
269
245
248
249
243
239
249
235
238
224
247
250
281
305
329
332
333
320
321
279
237
180
134
95
87
95
110
131
129
141
149
159
181
230
246
273
252
242
201
196
168
193
208
248
269
317
351
374
372
371
332
302
268
245
222
199
174
155
133
113
109
104
135
162
201
197
211
199
195
185
202
189
206
210
219
223
251
279
304
332
369
382
391
393
374
360
337
303
249
218
173
163
160
204
217
228
218
209
192
173
156
138
137
142
145
153
156
159
168
180
201
219
265
305
339
353
365
336
319
277
262
228
235
227
252
250
268
261
273
305
323
311
310
280
243
215
192
166
146
145
143
163
167
218
220
231
225
224
216
202
189
200
206
234
224
227
227
236
255
282
316
328
349
354
365
347
346
294
265
224
208
176
178
189
196
206
208
211
221
212
229
235
249
257
227
215
207
197
188
208
219
240
251
271
253
257
218
209
207
200
181
175
167
188
188
183
175
188
209
254
271
284
293
304
294
251
235
217
221
210
232
217
242
255
273
277
290
287
285
285
282
249
245
249
236
219
205
188
196
199
222
249
245
255
243
234
203
195
191
200
176
176
165
199
201
217
224
243
261
279
287
290
285
281
265
247
219
200
199
210
233
229
251
253
249
243
263
247
263
238
237
187
185
161
161
153
179
189
221
241
264
265
281
297
320
301
283
278
266
261
258
263
253
284
275
288
284
304
300
312
284
255
225
206
173
147
130
133
134
143
166
177
204
209
227
241
246
245
275
285
291
262
259
233
228
233
247
248
271
272
277
254
251
242
227
209
196
196
192
199
200
190
191
223
219
237
235
251
251
260
237
239
225
226
209
207
204
225
226
235
243
239
243
265
275
284
289
278
273
264
269
239
234
227
245
235
256
254
281
289
293
257
235
218
213
213
204
206
214
219
218
216
216
240
231
241
256
271
248
256
239
235
231
230
225
236
237
255
252
263
262
242
250
236
229
228
225
209
203
205
209
198
214
228
247
266
289
290
293
282
271
234
225
216
211
206
211
231
233
253
250
235
232
238
261
257
253
261
246
240
203
194
186
207
213
241
245
271
273
289
274
267
251
252
243
234
219
210
202
199
192
179
199
217
257
261
277
259
250
219
205
176
187
190
202
197
209
227
239
250
276
280
287
300
297
299
295
291
265
239
212
194
171
189
192
213
221
233
231
229
225
223
211
213
199
204
193
191
193
212
225
223
238
261
274
276
289
273
278
245
231
219
215
217
227
219
235
224
230
223
240
233
251
257
256
244
234
212
195
187
179
179
185
212
234
249
252
265
247
255
239
241
234
256
239
238
223
230
226
238
239
243
244
273
285
283
277
267
265
250
247
215
209
211
220
219
237
238
249
239
247
237
236
234
237
224
227
218
223
229
241
249
265
292
300
315
306
307
293
292
271
275
247
260
245
239
229
239
229
246
243
253
237
252
232
216
193
166
149
150
163
171
178
204
227
232
249
260
275
281
287
253
261
256
261
251
242
229
227
223
235
248
262
286
289
289
264
252
225
228
211
213
195
202
189
193
201
220
214
241
244
255
267
280
253
242
226
223
213
207
215
206
245
261
274
270
274
255
269
271
272
246
239
231
229
205
217
217
237
247
249
243
248
253
251
239
236
224
207
201
185
176
164
175
175
179
182
205
217
252
259
265
265
279
270
257
251
250
232
237
244
239
257
271
274
262
275
260
262
235
227
215
234
221
213
199
211
199
221
217
232
217
228
227
218
219
223
221
213
213
215
221
217
251
261
269
268
284
285
313
298
292
261
268
235
230
213
210
209
223
234
235
231
243
241
231
230
221
226
215
217
196
212
212
228
225
234
245
267
273
291
285
296
280
274
257
235
225
223
213
211
205
207
205
200
203
211
232
231
243
241
225
214
211
196
200
201
225
225
260
262
272
263
275
268
280
274
269
266
247
231
206
195
197
213
212
245
239
254
250
253
221
235
220
221
194
192
198
201
201
221
218
235
248
267
276
277
272
276
280
244
235
213
213
209
216
209
215
225
239
231
232
226
233
231
230
225
220
218
225
217
208
211
209
215
223
252
255
274
269
271
246
244
238
242
229
235
226
237
227
235
221
231
239
247
241
247
266
244
245
236
219
209
209
201
210
224
233
238
251
245
253
243
245
235
233
223
226
219
218
226
215
225
234
254
263
275
279
296
281
285
246
247
229
230
215
224
215
228
223
233
219
230
237
246
246
259
249
229
232
215
207
207
204
215
232
240
256
256
261
244
248
233
247
232
243
239
245
219
223
218
229
229
247
257
272
274
270
269
256
245
221
222
230
221
214
227
215
225
207
221
215
223
218
238
243
247
230
238
235
233
217
223
249
245
256
269
281
275
269
249
248
229
238
224
232
218
229
215
226
225
230
228
251
252
258
259
259
236
243
246
235
228
248
252
245
252
249
262
255
273
257
274
259
260
244
261
226
234
227
236
232
238
236
255
252
258
253
251
237
223
233
223
227
225
231
221
224
211
219
219
221
224
249
239
240
234
229
221
220
209
204
198
219
219
222
237
232
235
237
253
243
247
238
245
225
232
212
227
222
237
227
237
230
244
233
253
237
241
241
239
230
225
233
237
232
233
239
226
237
248
253
243
251
240
244
229
233
221
235
223
216
209
219
225
230
237
230
227
225
232
216
215
220
220
213
225
212
229
225
248
227
239
239
244
220
242
227
234
218
233
226
219
229
233
229
232
223
225
234
233
228
242
251
235
232
215
222
211
229
229
232
227
243
229
238
244
252
254
263
261
246
244
238
233
220
220
217
226
220
232
231
238
230
237
224
228
218
223
222
238
216
226
233
245
250
257
262
265
268
261
251
245
255
238
243
241
233
224
243
230
237
227
253
233
234
231
244
239
244
237
249
223
228
225
215
231
234
253
260
268
261
268
261
263
251
255
240
249
235
245
226
238
241
251
255
260
252
257
252
254
243
235
241
227
233
237
251
245
256
245
247
241
252
241
252
234
233
224
235
217
211
210
209
210
213
226
233
247
253
260
241
233
241
242
222
229
210
224
227
242
226
244
251
254
249
260
251
259
251
245
228
233
232
225
223
229
236
246
254
250
248
235
243
249
247
241
234
227
223
211
213
205
223
233
237
244
249
247
251
243
233
226
221
215
208
214
203
219
228
235
228
229
234
243
245
250
251
247
239
238
212
218
219
225
238
239
248
239
255
245
243
236
249
241
243
229
248
217
220
203
214
202
237
237
255
254
262
259
264
249
243
227
235
235
220
225
229
236
241
246
241
254
247
253
255
260
235
236
213
217
195
205
201
215
207
225
228
237
229
226
221
206
226
227
235
227
230
225
241
235
238
229
253
247
265
255
275
249
251
235
221
219
233
231
231
242
237
242
243
255
249
255
261
259
257
252
241
233
219
231
213
224
219
249
252
263
261
261
260
251
239
233
236
233
227
223
221
220
220
226
221
223
232
226
245
241
250
237
236
222
215
204
226
220
230
234
241
237
246
241
246
245
248
249
239
236
223
230
219
225
213
236
237
257
247
259
255
261
251
259
243
244
249
258
260
253
251
250
252
245
250
255
265
263
271
256
257
246
253
241
226
223
249
236
252
245
252
253
260
256
249
253
255
243
239
239
233
229
221
232
218
232
246
262
251
262
247
257
231
235
221
218
229
230
220
222
223
224
232
240
239
248
262
253
247
240
239
222
237
225
233
219
245
241
255
246
251
242
245
242
239
220
242
230
231
213
216
213
213
223
228
235
239
252
243
249
234
235
220
235
220
233
227
235
223
232
220
229
227
225
220
229
238
227
235
227
227
215
225
215
217
219
244
229
241
239
245
235
234
224
227
217
237
233
241
229
231
240
233
238
235
236
240
239
229
243
237
238
229
234
217
232
233
245
251
258
250
271
252
252
242
243
232
229
224
216
208
216
231
233
236
235
250
244
256
249
246
234
256
234
234
217
233
225
236
231
229
232
241
253
246
243
257
259
243
241
237
233
219
229
214
216
212
225
217
229
225
235
239
238
219
235
243
248
240
239
240
247
238
237
243
238
247
243
240
233
231
223
230
214
217
209
233
228
239
229
240
233
245
249
249
235
241
234
236
233
221
225
229
233
221
229
241
247
236
253
241
254
237
239
224
227
214
221
220
223
214
217
227
236
224
237
235
233
238
237
249
239
243
232
238
216
232
228
243
232
251
247
263
250
244
225
244
231
243
235
243
233
233
227
225
231
234
238
238
242
233
252
242
245
235
249
237
249
237
241
239
250
241
251
239
247
244
243
247
250
247
252
258
245
227
213
228
216
229
230
247
239
245
235
231
214
218
215
206
206
217
214
231
217
225
241
240
237
241
244
249
255
247
245
245
244
224
235
223
234
231
251
231
237
224
220
209
217
211
216
219
227
217
229
211
215
233
234
232
234
248
237
248
231
229
223
227
221
233
237
237
226
243
239
233
226
238
235
238
247
247
256
245
255
239
240
237
251
241
253
243
248
236
239
229
229
216
231
219
233
228
233
228
243
239
248
251
245
243
240
243
237
251
236
236
223
231
217
229
227
244
233
253
239
238
228
246
249
259
245
241
235
231
226
225
227
227
238
238
245
249
248
248
237
233
233
234
243
228
234
229
237
228
241
223
233
242
251
245
256
255
249
247
240
245
227
244
247
249
234
249
243
243
231
230
235
250
241
243
233
247
231
239
241
237
237
249
253
257
245
244
255
255
252
235
244
243
245
235
267
245
247
247
254
237
240
241
246
237
239
229
225
222
211
209
217
239
233
242
234
250
231
242
240
241
230
259
245
240
236
253
240
251
248
240
237
237
245
239
230
221
217
222
226
209
219
223
233
225
234
231
233
232
233
217
235
224
232
230
227
224
229
233
221
209
217
230
237
241
239
245
237
235
219
214
209
224
216
226
239
237
237
236
236
235
240
248
250
251
255
252
247
251
243
228
231
225
229
217
234
232
238
231
242
225
238
223
236
223
224
212
234
226
240
226
230
235
233
243
245
251
247
253
244
246
227
235
218
230
232
235
227
235
231
235
223
238
229
239
227
220
212
224
221
215
215
228
231
232
235
227
234
234
244
224
221
225
229
217
222
216
230
225
233
220
231
243
253
237
243
241
237
233
235
233
231
241
237
237
234
237
245
246
241
242
235
246
233
235
218
229
216
230
220
224
224
244
243
246
241
235
246
247
243
230
231
239
243
233
241
237
251
247
255
239
243
247
255
245
249
243
244
237
243
223
219
225
224
230
232
236
234
241
252
250
237
245
233
247
227
241
227
242
229
223
222
236
231
245
245
234
232
242
245
241
247
249
251
245
253
251
267
243
250
235
241
241
255
241
243
227
230
225
241
220
231
229
231
232
236
237
233
234
242
242
237
249
235
252
239
253
245
251
246
248
241
270
259
264
244
255
247
243
238
221
222
232
231
228
233
236
245
236
256
241
250
242
263
237
247
234
245
240
258
233
243
238
243
241
245
258
253
265
249
238
228
233
223
238
221
228
216
238
227
223
219
243
231
242
225
233
223
224
218
215
207
226
228
229
227
236
236
252
257
239
230
227
233
225
237
233
237
227
245
227
240
239
249
247
257
260
259
243
240
225
217
221
221
239
232
245
242
253
249
257
233
247
237
255
241
245
243
241
227
235
225
238
227
239
243
241
239
245
247
232
232
243
246
243
247
244
247
239
238
213
234
241
242
231
245
236
240
240
247
233
235
227
225
223
223
229
237
243
241
240
236
244
239
259
231
249
237
245
239
239
227
241
233
242
241
250
242
240
231
223
219
232
221
227
234
225
233
231
239
217
229
236
240
228
243
221
222
213
214
196
208
219
226
222
223
225
233
231
234
224
227
236
238
237
238
240
223
226
223
231
212
239
239
241
238
247
235
234
223
225
222
221
225
222
217
231
233
231
246
225
232
237
236
220
233
211
219
213
213
197
207
207
229
227
233
224
245
242
246
239
243
253
248
256
256
253
246
251
244
247
243
257
253
263
253
254
231
257
237
238
237
252
243
241
247
247
241
247
241
225
234
243
251
243
249
227
242
228
241
216
245
238
262
253
264
248
247
238
251
243
241
247
251
249
245
252
243
249
243
251
241
259
246
256
245
243
224
233
209
209
201
219
213
225
224
233
233
245
240
243
245
260
247
236
234
225
235
226
238
230
237
225
233
223
231
225
233
230
242
222
226
225
236
223
229
226
219
222
222
214
208
224
215
223
215
227
224
239
227
225
223
235
236
246
235
249
241
241
231
231
223
233
233
239
234
223
237
230
242
230
243
253
254
246
265
237
247
231
256
229
239
237
247
237
246
244
244
253
257
243
252
253
239
244
247
252
239
243
241
239
223
236
235
241
229
241
238
249
238
241
238
253
262
244
249
256
250
242
242
241
237
224
239
231
239
227
236
229
249
231
235
233
234
225
229
217
219
231
239
224
224
225
229
232
226
232
229
247
236
237
235
250
248
251
230
237
221
225
231
226
218
238
237
242
238
258
250
249
257
239
236
245
253
237
251
242
242
225
235
217
228
235
246
233
238
231
241
241
243
235
237
241
243
240
243
239
243
247
243
245
236
242
237
249
233
241
231
246
242
243
227
235
236
252
248
257
244
247
239
230
232
228
234
223
221
211
215
218
231
217
219
218
223
218
233
223
243
235
251
236
246
237
239
235
239
234
247
229
231
226
221
222
228
235
231
244
238
240
233
233
219
239
231
237
231
235
224
220
215
214
213
225
221
215
217
213
217
226
227
224
241
225
233
231
245
239
245
237
253
228
238
232
242
238
251
236
248
235
243
235
242
244
246
243
247
249
243
236
233
238
229
244
237
239
234
244
232
244
234
229
232
227
219
223
227
228
229
247
245
239
237
243
251
248
242
239
247
240
241
234
236
240
251
247
251
244
251
248
255
237
236
237
237
233
236
237
235
234
237
235
224
235
237
246
236
248
234
248
225
229
216
241
228
230
225
236
230
232
233
233
226
214
214
213
219
221
227
221
222
206
219
226
238
222
227
226
250
227
246
223
227
227
234
224
237
233
232
228
228
223
223
233
237
233
233
237
226
235
227
229
227
239
225
243
228
234
224
238
236
223
225
229
231
224
227
227
225
220
231
222
231
244
259
251
254
253
264
253
265
238
239
241
259
231
243
233
239
240
244
233
230
228
235
235
239
239
239
253
248
245
237
253
244
253
242
246
247
251
233
238
229
235
235
244
249
246
250
255
249
233
234
237
243
239
256
238
239
241
244
232
246
238
249
233
243
244
241
256
248
230
240
233
239
233
249
245
240
234
233
222
219
229
220
235
216
231
230
237
228
230
207
241
237
239
235
245
239
243
239
233
238
245
252
251
258
253
257
248
259
243
249
235
249
229
243
226
232
223
233
217
225
235
224
233
239
243
244
248
245
238
233
250
236
245
235
251
239
250
235
244
224
254
241
249
237
244
226
236
233
231
229
239
245
235
232
236
239
245
245
236
238
238
243
235
234
227
239
235
245
228
244
244
244
244
241
233
230
229
231
226
235
239
227
241
234
243
237
249
241
249
237
256
236
243
235
244
241
247
234
231
225
244
228
230
234
238
230
233
249
239
233
244
241
239
253
253
269
259
259
239
253
247
248
230
225
225
232
226
236
231
224
237
245
244
237
244
233
239
239
239
219
239
217
239
227
233
218
240
233
228
228
235
234
240
236
241
235
232
231
231
251
242
245
245
247
227
233
220
226
219
234
233
240
223
235
225
235
228
237
224
225
218
228
228
227
229
223
223
241
235
225
246
249
247
239
253
237
242
236
230
214
226
222
221
217
221
224
237
231
230
232
232
229
225
221
221
229
225
230
223
225
227
243
234
231
219
239
227
241
237
238
237
242
239
242
239
245
247
243
231
229
243
242
255
240
245
240
239
225
225
214
238
220
239
227
231
228
235
249
238
235
248
248
251
243
233
237
226
227
220
225
231
241
225
226
217
237
224
235
213
220
213
220
220
227
225
230
235
239
227
235
237
233
236
233
226
225
227
221
216
218
220
206
224
218
230
231
241
231
234
226
246
240
242
231
225
227
229
232
229
227
251
243
247
252
243
253
237
259
247
236
229
239
226
239
227
246
244
241
230
233
239
245
237
230
238
237
244
233
232
232
236
238
255
244
251
240
249
229
239
217
243
231
246
242
251
247
240
243
241
239
254
260
240
251
243
252
243
254
231
244
237
236
220
241
233
244
243
259
241
251
243
239
253
246
233
232
233
228
219
226
237
241
261
249
261
258
268
260
268
243
259
252
249
230
232
225
234
233
223
227
228
223
232
225
235
240
240
241
229
243
233
242
235
244
233
246
238
239
228
245
241
252
255
265
253
254
252
244
237
224
237
234
237
238
240
233
244
244
241
238
249
242
238
240
251
238
241
240
238
229
253
251
249
239
244
234
238
239
223
233
234
245
233
251
239
248
245
246
239
243
235
238
235
243
233
250
233
231
223
226
239
243
241
239
243
245
247
243
232
222
239
233
243
235
251
236
253
243
241
216
237
221
228
234
242
227
247
242
232
233
233
236
227
239
221
236
228
236
217
232
226
241
225
227
216
230
215
221
209
215
218
230
226
231
238
244
243
243
223
223
237
226
223
225
238
222
235
226
228
227
247
233
241
236
235
226
233
227
224
227
236
227
229
231
221
223
229
236
226
235
216
230
219
237
225
236
230
245
237
247
242
247
239
253
245
258
252
254
249
250
267
267
256
239
250
235
235
223
240
224
239
227
237
240
248
246
255
244
253
251
267
256
253
247
247
252
239
237
229
235
224
233
219
251
226
232
229
237
223
239
239
236
225
239
239
238
236
236
219
225
241
242
241
241
239
225
240
229
205
200
213
201
215
215
245
219
221
221
228
227
235
226
238
235
236
228
233
234
233
233
227
235
218
229
229
231
220
235
232
233
224
226
226
239
234
247
252
249
239
239
232
225
228
235
231
228
237
231
220
221
235
229
242
244
253
248
256
239
244
239
255
255
257
244
240
232
241
234
239
230
233
237
222
231
235
247
234
250
233
240
236
242
229
235
233
237
222
243
224
229
230
238
235
245
239
233
235
230
223
223
227
226
251
238
241
236
245
243
243
233
237
233
245
230
233
223
237
239
231
231
241
245
242
237
234
237
237
241
225
224
231
242
233
242
234
250
229
237
226
231
234
247
241
250
246
247
239
232
220
223
230
226
237
217
231
229
235
231
237
227
241
239
240
227
243
221
231
231
236
227
240
238
251
252
259
252
251
240
231
235
255
246
239
246
227
234
233
257
232
251
245
251
242
252
233
246
232
251
237
244
245
245
255
257
261
259
254
246
241
231
237
224
221
218
224
220
240
239
246
243
245
246
241
243
250
243
247
240
239
241
248
250
251
253
241
260
242
239
235
244
235
250
246
254
233
251
235
242
225
233
223
223
218
229
226
220
216
217
209
205
216
221
221
219
225
215
218
219
214
206
227
205
212
221
228
226
233
227
226
219
231
236
243
243
241
247
241
241
225
229
226
229
223
235
225
233
220
231
211
219
210
221
216
234
229
241
238
240
233
237
239
241
241
252
237
235
252
242
247
237
247
232
244
239
250
239
247
237
239
234
247
235
247
245
245
236
233
239
217
235
239
247
245
250
253
269
265
276
254
263
262
274
258
266
257
255
251
256
241
237
252
251
244
247
241
234
237
231
239
225
235
220
227
221
227
225
245
224
233
229
249
235
253
237
248
232
237
225
213
213
217
217
216
217
215
223
223
234
225
233
237
244
217
234
232
234
228
235
225
233
233
231
224
230
216
218
220
220
213
213
227
217
216
215
230
225
233
219
231
216
238
233
247
231
240
231
233
221
215
216
236
231
224
219
223
230
227
230
217
219
218
224
217
219
224
241
237
245
237
255
257
258
253
261
250
252
245
249
230
235
236
230
235
223
223
223
229
229
231
225
253
243
257
249
265
246
251
245
242
221
231
233
237
228
233
240
226
228
221
230
239
249
247
254
247
259
241
255
238
245
240
255
237
236
233
239
241
234
223
244
243
238
235
245
243
245
239
235
239
234
246
231
244
241
247
246
257
247
245
229
249
247
261
253
265
243
246
243
235
227
239
254
243
247
245
240
241
247
233
248
251
256
246
254
241
244
233
235
222
224
225
225
226
233
233
235
252
242
245
245
254
238
245
242
245
229
229
213
222
202
229
225
235
225
233
224
243
234
241
228
243
241
243
239
235
225
236
243
224
237
236
244
230
243
237
247
239
249
235
249
243
251
255
249
243
241
237
246
237
225
244
241
243
234
251
238
239
229
237
221
249
234
241
233
241
227
251
235
237
229
241
238
247
246
253
240
245
239
235
239
244
242
242
239
230
249
243
241
227
241
242
254
246
257
243
255
250
257
241
235
244
245
233
231
226
229
235
230
222
216
228
224
223
231
244
242
247
236
235
220
246
230
241
233
237
224
234
223
226
239
229
231
227
231
226
230
229
245
225
229
230
240
229
228
228
251
237
247
236
245
234
235
225
227
219
219
227
229
219
208
227
220
219
230
242
225
241
230
232
227
234
217
232
223
232
238
251
242
243
241
250
251
247
239
241
232
223
234
220
216
221
227
228
223
222
227
223
228
213
212
218
229
223
231
237
247
237
244
229
231
239
245
251
244
247
248
254
241
235
227
241
231
232
234
239
231
233
218
225
222
222
229
236
231
243
241
246
240
237
242
247
246
235
247
248
240
223
240
228
234
234
242
231
239
227
242
235
248
234
246
243
247
243
246
247
246
243
239
234
230
238
227
243
231
244
242
249
239
233
225
244
236
253
251
264
257
248
253
250
241
231
243
247
241
233
243
241
236
207
231
241
235
228
243
251
249
213
249
241
233
227
241
244
255
214
240
231
238
247
230
243
235
237
242
227
221
244
203
222
209
214
235
220
223
237
219
248
222
220
257
219
238
237
220
217
229
238
236
218
227
246
243
232
237
243
235
225
219
226
243
218
228
249
255
231
219
253
269
203
224
237
227
249
238
252
245
243
242
237
203
251
231
243
239
231
251
261
231
249
234
252
241
208
235
247
197
236
232
211
215
231
233
229
223
234
240
216
233
215
229
239
233
218
254
237
222
233
255
229
229
227
261
272
221
245
233
241
237
225
221
225
216
243
213
223
245
225
239
232
217
257
223
229
225
234
239
227
216
245
192
237
241
251
238
241
231
224
219
209
241
219
221
217
233
210
211
199
226
231
207
200
225
229
216
206
260
275
211
228
231
230
248
241
231
245
230
236
225
199
215
207
192
212
192
229
217
206
211
206
204
249
198
238
251
203
250
245
229
229
239
229
227
211
248
239
230
238
249
225
243
225
239
239
249
215
251
256
253
217
230
245
253
213
227
215
221
243
227
225
220
227
232
218
207
253
211
248
242
253
263
243
237
253
233
250
241
237
272
215
234
236
239
236
249
243
238
221
228
234
224
223
242
259
258
233
245
247
269
219
235
253
253
223
209
238
265
218
239
229
224
237
229
225
223
237
235
244
215
241
223
229
229
221
239
251
221
241
233
235
231
215
237
257
197
247
243
238
245
245
239
252
239
254
263
237
253
244
259
239
229
218
243
228
210
223
253
238
232
225
247
249
199
224
227
243
249
237
234
236
231
250
233
239
247
217
239
234
225
250
219
243
236
237
231
237
203
255
217
232
223
213
207
216
231
233
237
227
258
228
236
250
274
248
261
238
263
256
241
215
244
253
236
215
252
263
221
225
223
217
231
243
227
234
225
231
221
210
239
229
205
239
214
238
224
231
242
246
233
237
203
233
251
211
264
252
241
246
259
232
245
224
253
235
220
233
234
221
245
210
230
253
241
219
246
245
266
221
267
267
262
231
249
225
228
253
241
236
241
242
238
245
228
282
235
267
240
241
246
228
227
245
239
254
244
231
275
226
236
234
240
232
243
232
239
233
241
259
245
225
241
249
243
217
232
231
241
212
221
233
251
232
218
252
264
214
210
243
226
236
219
