04100736.PTO
COBZ
2012/04/10 07:36:21.1800
100.0000 m/s  
8941 muestras
-6776
-6763
-6657
-6792
-6853
-6644
-6771
-6878
-6635
-6643
-6782
-6957
-6621
-6687
-6920
-6738
-6667
-6857
-6862
-6645
-6776
-6906
-6656
-6769
-6878
-6732
-6690
-6945
-6835
-6736
-6928
-6822
-6779
-6851
-6952
-6745
-6715
-6941
-6751
-6714
-6932
-6838
-6723
-6811
-6996
-6809
-6693
-7010
-6854
-6747
-6877
-6757
-6855
-6851
-6782
-6831
-6787
-6822
-6726
-6844
-7010
-6813
-6839
-6854
-6885
-6848
-6594
-6723
-6803
-6696
-6737
-6805
-6729
-6806
-6905
-6665
-6675
-6814
-6796
-6835
-6806
-6797
-6866
-6896
-6731
-6669
-6782
-6891
-6799
-6706
-6836
-6664
-6724
-6816
-6708
-6890
-6733
-6665
-6842
-6790
-6774
-6690
-6772
-6756
-6706
-6786
-6641
-6668
-6767
-6660
-6735
-6664
-6673
-6755
-6827
-6605
-6603
-6885
-6656
-6616
-6772
-6689
-6529
-6881
-6629
-6612
-6666
-6710
-6693
-6657
-6750
-6619
-6765
-6635
-6676
-6666
-6726
-6611
-6608
-6652
-6719
-6588
-6498
-6655
-6570
-6517
-6574
-6657
-6553
-6610
-6560
-6663
-6699
-6522
-6641
-6495
-6513
-6617
-6544
-6493
-6517
-6658
-6548
-6557
-6641
-6517
-6529
-6565
-6513
-6574
-6612
-6534
-6584
-6635
-6549
-6637
-6540
-6610
-6640
-6539
-6568
-6575
-6664
-6636
-6563
-6567
-6491
-6568
-6620
-6513
-6549
-6552
-6632
-6466
-6658
-6621
-6366
-6639
-6476
-6425
-6612
-6458
-6496
-6554
-6570
-6446
-6444
-6536
-6360
-6471
-6569
-6486
-6467
-6532
-6456
-6378
-6501
-6503
-6426
-6554
-6494
-6503
-6500
-6391
-6519
-6579
-6417
-6556
-6608
-6377
-6377
-6497
-6389
-6326
-6561
-6447
-6288
-6433
-6457
-6357
-6425
-6454
-6288
-6348
-6511
-6348
-6449
-6415
-6432
-6358
-6470
-6289
-6381
-6454
-6266
-6477
-6250
-6430
-6349
-6401
-6408
-6316
-6282
-6392
-6452
-6312
-6333
-6383
-6382
-6423
-6295
-6286
-6304
-6404
-6286
-6350
-6390
-6158
-6363
-6178
-6295
-6255
-6293
-6301
-6330
-6294
-6300
-6356
-6327
-6223
-6258
-6435
-6217
-6155
-6404
-6349
-6149
-6264
-6289
-6272
-6262
-6353
-6265
-6284
-6284
-6303
-6209
-6219
-6209
-6184
-6258
-6300
-6181
-6150
-6243
-6301
-6244
-6291
-6409
-6209
-6256
-6285
-6330
-6136
-6288
-6268
-6169
-6180
-6275
-6325
-6095
-6271
-6170
-6075
-6086
-6224
-6207
-6096
-6267
-6221
-6208
-6173
-6144
-6241
-6167
-6141
-6206
-6278
-6137
-6143
-6252
-6210
-6268
-6210
-6190
-6233
-6181
-6289
-6262
-6105
-6169
-6223
-6162
-6119
-6260
-6268
-6197
-6043
-6311
-6322
-6182
-6238
-6033
-6243
-6200
-6325
-6052
-6156
-6356
-6188
-6141
-6267
-6231
-5919
-6429
-6036
-6136
-6212
-6126
-6162
-6067
-6378
-6345
-6366
-6202
-6348
-6314
-6240
-6248
-6093
-6109
-6388
-6288
-6353
-6238
-6067
-6393
-6255
-6254
-6229
-6263
-6311
-6232
-6192
-6296
-6244
-6293
-6269
-6216
-6338
-6245
-6312
-6233
-6196
-6119
-6377
-6403
-6035
-6347
-6384
-6312
-6374
-6244
-6286
-6235
-6243
-6257
-6243
-6318
-6239
-6278
-6350
-6176
-6174
-6354
-6281
-6194
-6301
-6189
-6264
-6318
-6218
-6368
-6212
-6236
-6421
-6314
-6281
-6326
-6321
-6352
-6226
-6225
-6242
-6227
-6281
-6221
-6281
-6147
-6197
-6319
-6414
-6337
-6239
-6427
-6200
-6336
-6306
-6296
-6342
-6155
-6355
-6310
-6237
-6280
-6394
-6137
-6257
-6349
-6321
-6333
-6286
-6317
-6377
-6412
-6256
-6305
-6377
-6383
-6092
-6363
-6518
-6271
-6204
-6546
-6146
-6153
-6381
-6303
-6295
-6332
-6520
-6000
-6433
-6384
-6248
-6385
-6325
-6334
-6506
-6364
-6243
-6229
-6245
-6435
-6146
-6205
-6263
-6276
-6192
-6367
-6332
-6180
-6227
-6341
-6227
-6102
-6329
-6358
-6132
-6284
-6374
-6211
-6200
-6279
-6129
-6155
-6342
-6210
-6300
-6274
-6236
-6168
-6381
-6265
-6249
-6281
-6340
-6247
-6270
-6226
-6111
-6312
-6192
-6376
-6193
-6267
-6239
-6248
-6203
-6141
-6311
-6218
-6122
-6159
-6346
-6282
-6233
-6275
-6183
-6178
-6223
-6161
-6183
-6329
-6256
-6178
-6233
-6153
-6086
-6151
-6240
-6043
-6194
-6231
-5966
-5980
-6219
-6172
-6054
-6135
-6178
-6190
-6100
-6104
-6175
-6140
-6240
-6244
-6089
-6158
-6042
-6127
-6229
-6097
-6078
-6260
-6118
-6193
-6167
-6145
-6252
-6162
-6169
-6136
-6162
-6227
-6278
-6056
-6209
-6273
-6086
-5920
-6329
-6198
-6053
-6236
-6294
-6114
-6163
-6455
-6020
-6175
-6270
-6363
-5992
-6147
-6395
-5990
-6126
-6374
-6176
-5977
-6416
-6283
-5965
-6269
-6462
-6105
-6136
-6494
-6250
-6043
-6371
-6373
-5870
-6091
-6532
-6153
-5992
-6350
-6343
-5933
-6330
-6471
-6040
-6266
-6376
-6267
-6189
-6261
-6243
-6119
-6435
-6280
-6000
-6306
-6183
-6215
-6238
-6314
-6287
-6112
-6341
-6235
-6091
-6235
-6180
-6335
-6233
-6271
-6435
-6026
-6271
-6308
-6271
-6137
-6274
-6403
-6282
-6288
-6385
-6244
-6253
-6473
-6121
-6283
-6319
-6320
-6166
-6210
-6331
-6173
-6347
-6408
-6218
-6192
-6400
-6444
-6097
-6294
-6472
-6330
-6187
-6362
-6499
-6164
-6421
-6437
-6313
-6269
-6341
-6364
-6342
-6220
-6310
-6334
-6240
-6438
-6432
-6252
-6369
-6356
-6387
-6438
-6474
-6389
-6330
-6505
-6317
-6387
-6463
-6389
-6073
-6467
-6451
-6351
-6266
-6611
-6509
-5998
-6603
-6539
-6244
-6243
-6571
-6328
-6343
-6465
-6375
-6215
-6340
-6506
-6258
-6361
-6486
-6403
-6287
-6458
-6386
-6394
-6589
-6483
-6378
-6359
-6436
-6260
-6243
-6462
-6469
-6393
-6338
-6510
-6440
-6300
-6420
-6469
-6385
-6310
-6516
-6461
-6321
-6471
-6380
-6330
-6418
-6540
-6364
-6421
-6543
-6439
-6343
-6447
-6436
-6313
-6455
-6410
-6377
-6348
-6526
-6453
-6260
-6429
-6426
-6426
-6445
-6341
-6434
-6320
-6357
-6479
-6434
-6318
-6636
-6515
-6125
-6509
-6597
-6427
-6274
-6590
-6438
-6366
-6514
-6440
-6541
-6506
-6499
-6527
-6529
-6483
-6399
-6442
-6508
-6353
-6432
-6345
-6504
-6506
-6374
-6427
-6532
-6497
-6361
-6574
-6521
-6349
-6424
-6654
-6509
-6406
-6604
-6538
-6265
-6379
-6544
-6531
-6321
-6533
-6466
-6477
-6476
-6478
-6462
-6293
-6605
-6434
-6621
-6190
-6522
-6663
-6233
-6482
-6547
-6356
-6400
-6622
-6361
-6441
-6506
-6627
-6402
-6526
-6662
-6341
-6381
-6638
-6413
-6493
-6669
-6443
-6447
-6449
-6594
-6538
-6481
-6443
-6574
-6451
-6399
-6651
-6492
-6325
-6549
-6585
-6337
-6417
-6648
-6432
-6285
-6614
-6511
-6264
-6499
-6519
-6318
-6423
-6567
-6549
-6424
-6493
-6550
-6520
-6351
-6427
-6561
-6374
-6310
-6496
-6433
-6254
-6446
-6495
-6443
-6427
-6518
-6355
-6378
-6479
-6380
-6443
-6484
-6461
-6356
-6516
-6523
-6304
-6375
-6448
-6292
-6390
-6625
-6362
-6260
-6445
-6425
-6356
-6397
-6448
-6427
-6343
-6425
-6523
-6438
-6383
-6392
-6412
-6321
-6494
-6449
-6400
-6466
-6434
-6423
-6456
-6497
-6211
-6434
-6616
-6428
-6490
-6542
-6569
-6311
-6502
-6547
-6315
-6411
-6499
-6353
-6408
-6601
-6342
-6492
-6388
-6621
-6400
-6484
-6500
-6268
-6553
-6364
-6454
-6303
-6606
-6599
-6315
-6494
-6575
-6447
-6541
-6454
-6473
-6549
-6554
-6612
-6469
-6482
-6592
-6652
-6504
-6473
-6406
-6425
-6399
-6519
-6390
-6309
-6522
-6490
-6345
-6486
-6615
-6412
-6574
-6629
-6512
-6524
-6636
-6528
-6487
-6547
-6517
-6443
-6485
-6528
-6416
-6436
-6321
-6471
-6434
-6351
-6416
-6440
-6425
-6361
-6399
-6334
-6316
-6383
-6378
-6431
-6445
-6410
-6617
-6602
-6481
-6400
-6561
-6538
-6369
-6455
-6493
-6340
-6535
-6569
-6416
-6459
-6461
-6546
-6320
-6530
-6529
-6408
-6516
-6522
-6357
-6416
-6316
-6351
-6326
-6428
-6483
-6416
-6673
-6298
-6596
-6375
-6362
-6454
-6350
-6498
-6311
-6393
-6438
-6309
-6372
-6354
-6337
-6333
-6402
-6222
-6292
-6511
-6251
-6336
-6328
-6459
-6278
-6408
-6421
-6238
-6190
-6573
-6249
-6190
-6398
-6183
-6284
-6340
-6175
-6117
-6404
-6053
-6251
-6224
-6224
-6197
-6378
-6214
-6085
-6292
-6330
-6115
-6203
-6310
-6286
-6386
-6074
-6252
-6264
-6243
-6120
-6177
-6258
-6261
-6092
-6371
-6314
-6186
-6421
-6245
-6178
-6296
-6312
-6144
-6343
-6336
-6283
-6333
-6255
-6234
-6243
-6165
-6292
-6351
-6272
-6175
-6250
-6345
-6241
-6272
-6247
-6288
-6196
-6178
-6212
-6201
-6209
-6100
-6080
-5992
-5961
-5947
-6184
-6403
-6523
-6722
-6766
-6744
-6824
-6888
-6560
-6426
-6504
-6453
-6220
-6160
-5920
-5533
-5434
-5245
-5029
-4887
-4933
-4752
-4852
-5111
-5001
-5070
-5429
-5643
-5654
-6176
-6460
-6587
-6855
-6919
-6696
-6512
-6686
-6651
-6589
-6567
-6418
-6076
-5971
-5777
-5736
-5411
-5294
-5350
-5339
-5339
-5488
-5639
-5479
-5899
-6033
-6407
-6410
-6831
-6653
-6625
-6962
-6825
-7211
-7166
-7054
-6953
-6782
-6392
-6272
-6261
-6439
-6018
-5614
-5350
-5045
-4933
-4972
-4891
-4791
-4611
-4155
-4158
-4171
-4163
-4224
-4649
-4906
-5386
-6004
-6478
-6679
-7087
-7859
-8105
-8353
-8574
-8625
-8799
-9137
-9240
-8820
-8530
-8210
-7623
-7291
-6871
-6601
-6052
-5471
-5165
-4798
-4277
-3646
-2947
-2578
-2817
-2787
-2633
-2881
-3479
-3782
-4096
-4607
-5450
-5958
-6450
-6986
-7581
-8187
-8414
-8948
-9133
-9297
-9186
-9043
-8903
-8822
-8436
-7836
-7436
-7184
-7010
-6681
-6302
-5606
-5036
-3947
-3153
-2941
-2497
-2326
-2451
-2805
-3452
-3941
-4792
-5513
-5848
-6135
-6267
-6834
-7086
-7254
-7566
-7646
-7882
-8467
-8456
-8057
-7927
-8004
-7549
-7228
-7123
-6495
-5867
-5080
-4433
-4273
-4671
-4621
-4246
-4050
-4872
-5476
-5940
-6473
-6691
-6798
-6547
-7004
-7302
-7711
-7758
-7385
-6874
-6631
-6744
-6948
-7147
-7238
-6802
-6299
-6065
-5884
-6425
-6181
-5880
-5612
-5508
-5749
-5556
-5316
-5077
-5246
-5796
-6043
-6500
-6628
-6131
-5926
-5878
-6144
-6192
-5927
-5583
-5710
-6370
-6483
-5883
-5954
-5980
-5899
-5974
-6311
-6618
-6380
-6635
-6981
-7163
-7399
-7351
-6858
-6665
-6697
-6740
-6402
-6131
-6177
-6723
-7515
-7874
-7666
-7120
-6477
-6188
-6226
-6637
-6962
-6479
-5957
-5377
-5046
-4786
-4334
-4302
-4522
-4697
-5342
-5816
-5858
-6152
-6719
-6569
-6333
-6149
-6153
-5831
-5204
-5382
-5876
-6805
-7582
-8105
-8125
-8585
-8758
-8474
-8086
-7495
-7091
-6800
-6925
-6870
-6624
-6324
-6188
-6100
-6098
-5916
-5744
-5090
-4842
-4882
-4735
-4714
-4731
-4770
-4466
-4747
-5199
-5461
-5838
-6651
-6748
-7002
-7296
-7692
-7946
-8009
-8300
-7985
-7670
-7124
-7163
-7198
-7430
-7654
-7165
-6515
-6224
-5877
-5561
-5532
-4997
-4386
-4759
-5367
-5569
-5780
-5967
-6069
-5959
-5945
-5828
-5625
-5710
-6109
-6496
-7057
-7539
-7769
-7791
-8060
-8159
-8113
-8038
-7777
-7403
-6984
-6849
-6590
-6362
-5921
-5895
-5649
-5181
-5211
-5186
-5008
-5009
-5107
-5206
-5242
-5236
-5317
-5755
-6301
-6643
-7263
-7436
-7640
-8035
-8155
-8016
-8261
-8526
-8391
-8209
-7922
-7694
-7338
-6955
-6618
-6425
-6186
-6036
-5968
-5794
-5664
-5662
-5625
-5608
-5504
-5421
-5281
-5340
-5566
-5947
-6350
-6212
-6547
-6821
-6893
-7091
-7297
-7310
-7148
-7470
-7695
-7528
-7573
-7900
-8233
-8013
-7587
-7253
-6752
-6786
-6554
-6379
-6427
-6688
-6788
-6717
-6540
-6379
-6142
-5977
-6112
-5585
-5518
-5215
-5374
-5639
-6108
-6603
-6543
-6800
-7097
-7100
-7194
-7409
-7154
-7052
-7098
-7056
-7262
-7281
-7443
-7561
-7011
-7103
-6472
-6526
-6283
-6246
-6834
-6587
-6704
-6377
-5956
-5728
-6153
-6153
-5971
-6146
-6028
-5717
-6113
-6661
-6508
-6702
-7200
-6958
-6641
-6647
-6751
-6802
-6985
-7581
-7805
-7751
-7768
-7601
-7582
-7644
-7257
-7024
-6742
-6381
-5883
-5579
-6101
-6445
-6421
-6245
-5797
-5472
-5228
-5379
-5486
-5390
-5535
-5742
-5964
-6227
-6670
-6722
-6897
-7365
-7344
-7345
-7260
-7113
-7308
-7724
-8047
-8285
-8162
-7820
-7575
-7137
-6912
-6418
-5943
-5759
-5742
-5553
-5320
-5648
-5752
-5383
-5308
-5489
-5606
-5230
-5137
-5429
-5625
-6005
-6180
-6324
-6622
-7067
-7097
-7029
-6801
-6941
-6879
-7064
-7187
-7280
-7230
-7287
-7306
-6736
-6707
-6641
-6733
-6000
-5997
-5772
-5629
-6025
-6282
-6210
-6077
-6038
-5714
-5831
-5983
-6007
-5638
-5997
-6434
-6613
-6850
-7143
-6946
-6681
-6822
-6721
-6490
-6487
-6514
-6339
-6020
-6192
-6353
-6191
-6229
-6407
-6282
-6267
-6228
-6209
-6181
-6089
-6654
-6504
-6330
-6405
-6494
-6505
-6608
-6828
-6813
-7030
-6895
-6734
-6887
-6568
-6853
-6885
-6651
-6514
-6150
-6225
-6111
-6106
-6148
-5962
-6027
-5922
-6057
-6213
-5862
-6359
-6308
-6234
-6005
-6015
-6308
-5963
-6114
-6310
-6154
-6259
-6395
-6328
-6712
-7028
-7095
-7426
-7206
-6929
-6947
-6740
-6886
-6705
-6751
-6523
-6515
-6232
-5972
-6241
-6389
-6477
-6446
-6396
-6117
-5845
-5758
-6130
-5635
-5871
-5816
-5198
-5662
-5754
-6047
-6084
-6310
-6647
-6540
-6542
-7110
-7155
-6727
-7184
-7113
-7122
-6793
-6869
-6589
-6740
-6906
-6400
-6829
-6804
-6931
-6593
-6734
-6625
-6143
-6148
-5499
-4983
-4753
-5109
-5636
-5210
-5430
-5824
-5972
-6039
-6299
-6612
-6425
-6753
-6915
-6720
-7106
-6862
-6737
-7015
-7200
-7307
-7033
-7365
-6817
-6563
-6612
-6591
-6610
-6488
-6484
-6439
-5620
-5346
-5217
-4965
-4700
-4791
-5143
-4689
-5508
-5748
-5988
-6274
-6514
-6474
-6534
-6442
-5993
-6130
-6482
-6556
-6687
-6997
-7151
-7154
-6906
-7054
-7139
-6966
-6485
-6462
-6163
-5931
-5824
-5782
-5915
-5481
-5262
-5394
-5144
-5039
-5088
-5554
-5894
-6081
-6233
-6652
-6748
-6717
-6862
-6589
-6607
-6198
-6275
-6517
-6640
-6638
-6933
-7099
-6967
-7082
-7025
-6622
-6339
-6072
-5927
-5673
-5498
-5442
-5586
-5722
-5454
-5624
-5931
-5657
-5683
-5910
-6102
-6027
-6007
-6224
-6032
-6578
-6073
-6554
-6258
-6233
-6113
-5769
-6378
-6092
-6778
-6759
-6716
-6727
-6763
-6660
-6360
-5911
-5943
-5799
-5710
-5642
-5560
-5723
-6005
-6291
-6334
-6256
-6127
-6168
-5944
-5989
-5720
-5576
-5759
-5924
-5868
-6090
-6170
-6115
-6193
-6391
-6460
-6364
-6454
-6493
-6382
-6242
-6579
-6460
-6032
-5917
-5747
-5734
-5696
-5752
-6038
-6104
-6180
-6186
-6309
-6221
-6085
-6188
-6052
-5829
-5668
-5599
-5436
-5398
-5718
-5979
-6213
-6263
-6235
-6312
-6269
-6284
-6194
-6014
-5993
-5968
-5899
-5645
-5443
-5793
-5678
-5686
-5776
-5539
-5690
-5793
-5847
-5844
-5881
-5895
-5828
-5655
-5668
-5745
-5592
-5741
-5835
-6043
-6165
-6215
-6491
-6529
-6596
-6938
-6745
-6524
-6561
-6287
-6197
-5978
-6122
-5956
-5918
-5998
-6041
-5878
-5981
-5942
-5830
-6031
-5852
-5712
-5456
-5508
-5413
-5750
-5438
-5768
-5775
-5706
-5903
-6208
-6431
-6370
-6827
-6709
-6630
-6274
-6556
-6251
-6204
-6205
-5987
-6177
-6040
-6197
-6334
-6432
-6471
-6273
-6474
-6412
-6203
-6047
-5993
-5983
-5902
-6092
-5756
-5970
-5920
-5753
-6212
-6093
-6314
-6539
-6361
-6457
-6651
-6484
-6183
-6261
-6204
-6149
-5991
-6033
-6006
-6224
-6248
-6410
-6489
-6505
-6728
-6509
-6546
-6423
-6100
-6125
-6233
-5848
-5973
-6155
-6157
-6142
-6328
-6397
-6242
-6340
-6609
-6439
-6581
-6518
-6444
-6617
-6526
-6523
-6274
-6428
-6287
-6171
-6334
-6498
-6623
-6748
-6785
-6872
-6805
-6639
-6514
-6387
-5924
-6052
-6179
-5853
-6042
-6008
-6355
-6517
-6481
-6655
-6441
-6351
-6552
-6423
-6356
-6429
-6372
-6352
-6451
-6442
-6526
-6749
-6478
-6641
-6635
-6489
-6549
-6479
-6703
-6583
-6693
-6706
-6606
-6310
-6216
-6341
-6145
-6081
-6214
-6478
-6409
-6439
-6621
-6664
-6700
-6623
-6536
-6346
-6025
-6138
-6145
-6209
-6546
-6735
-6658
-6790
-7039
-7005
-6785
-6774
-6827
-6640
-6691
-6470
-6340
-6520
-6473
-6493
-6486
-6453
-6504
-6251
-6356
-6607
-6501
-6447
-6677
-6695
-6671
-6687
-6438
-6371
-6357
-6381
-6367
-6360
-6409
-6676
-6865
-7112
-7149
-7305
-7232
-6717
-6726
-6495
-6414
-6436
-6290
-6414
-6522
-6526
-6562
-6594
-6765
-6815
-6798
-6606
-6491
-6389
-6275
-6335
-6064
-6103
-6231
-6158
-6199
-6268
-6260
-6423
-6767
-6749
-6881
-7256
-7011
-6912
-7076
-6987
-6783
-6696
-6496
-6269
-6325
-6391
-6393
-6401
-6491
-6606
-6626
-6644
-6551
-6281
-6211
-6027
-5973
-5913
-6031
-5877
-6082
-6464
-6487
-6723
-6869
-6948
-7033
-7110
-6972
-7167
-6832
-6978
-6895
-6778
-6657
-6253
-6544
-6421
-6378
-6478
-6652
-6393
-6547
-6565
-6353
-6570
-6458
-6224
-6061
-6037
-5998
-6011
-6162
-6199
-6259
-6569
-6998
-7009
-6828
-7096
-7044
-6906
-6738
-6792
-6695
-6516
-6501
-6340
-6336
-6291
-6456
-6424
-6275
-6397
-6503
-6333
-6300
-6249
-6231
-6207
-6121
-6025
-6028
-6115
-6095
-6070
-6261
-6539
-6518
-6680
-7010
-7103
-7014
-7166
-7116
-6893
-6801
-6809
-6477
-6437
-6512
-6441
-6406
-6504
-6541
-6357
-6549
-6442
-6434
-6408
-6271
-6160
-6028
-6012
-5916
-5916
-6148
-6212
-6315
-6474
-6633
-6744
-6889
-7063
-7134
-7186
-7249
-6979
-6817
-6611
-6568
-6477
-6320
-6716
-6444
-6461
-6456
-6656
-6505
-6390
-6668
-6460
-6127
-6265
-6267
-5907
-6094
-6181
-6111
-6243
-6457
-6333
-6479
-6782
-6862
-6777
-7212
-7072
-6905
-6779
-6955
-6734
-6358
-6619
-6310
-6357
-6284
-6570
-6663
-6631
-6753
-6926
-6697
-6406
-6458
-6392
-6274
-6129
-6132
-5975
-5995
-6143
-6262
-6459
-6650
-6728
-6782
-6783
-6733
-6766
-6713
-6701
-6865
-6844
-6808
-6781
-6674
-6552
-6496
-6631
-6622
-6540
-6648
-6702
-6663
-6627
-6609
-6542
-6319
-6351
-6289
-6052
-6234
-6236
-6173
-6437
-6746
-6766
-6864
-7104
-7033
-6939
-6982
-6902
-6672
-6635
-6662
-6615
-6621
-6772
-6811
-6700
-6813
-6909
-6662
-6575
-6609
-6418
-6373
-6496
-6439
-6249
-6310
-6355
-6218
-6330
-6331
-6309
-6325
-6440
-6540
-6619
-6782
-6735
-6709
-6661
-6562
-6329
-6174
-6152
-6139
-6140
-6332
-6533
-6618
-6676
-6775
-6780
-6733
-6609
-6583
-6456
-6404
-6411
-6299
-6295
-6295
-6437
-6436
-6486
-6535
-6548
-6487
-6657
-6458
-6490
-6409
-6503
-6404
-6174
-6453
-6044
-6165
-6191
-6084
-6110
-6386
-6435
-6414
-6681
-6720
-6583
-6608
-6698
-6331
-6198
-6256
-6008
-5924
-6246
-6253
-6211
-6595
-6758
-6495
-6584
-6796
-6527
-6341
-6472
-6246
-5937
-6162
-6254
-5936
-6083
-6339
-6130
-6116
-6459
-6320
-6191
-6571
-6567
-6323
-6417
-6488
-6127
-6093
-6287
-6188
-6080
-6226
-6229
-6152
-6346
-6503
-6452
-6517
-6692
-6457
-6217
-6179
-6035
-5735
-5828
-5836
-5663
-5832
-5952
-5914
-6005
-6310
-6322
-6135
-6264
-6311
-6103
-6162
-6229
-6131
-6090
-6214
-6212
-6157
-6253
-6370
-6374
-6488
-6555
-6480
-6436
-6468
-6391
-6301
-6249
-6175
-5982
-5848
-5906
-5819
-5858
-5923
-6082
-6090
-6162
-6185
-6197
-6032
-6074
-6037
-6022
-5933
-5915
-5912
-5957
-6076
-6211
-6325
-6304
-6581
-6327
-6641
-6243
-6496
-6302
-6107
-6350
-5973
-5938
-5813
-5978
-5807
-5938
-6086
-6255
-6084
-6218
-6365
-6226
-6176
-6232
-6076
-5931
-5999
-5960
-5818
-5887
-6008
-5909
-6136
-6245
-6152
-6152
-6380
-6358
-6218
-6285
-6154
-6001
-6085
-6020
-5853
-5799
-6008
-6003
-5927
-6125
-6184
-6125
-6179
-6281
-6199
-6175
-6201
-5982
-5825
-5958
-6028
-5871
-5961
-6162
-6099
-6228
-6453
-6355
-6278
-6423
-6334
-6124
-6195
-6158
-5885
-5923
-6045
-5922
-5896
-6046
-6019
-5936
-6137
-6140
-6050
-6170
-6303
-6255
-6161
-6215
-6019
-5929
-5965
-5917
-5897
-5979
-6120
-6134
-6292
-6414
-6397
-6475
-6501
-6462
-6347
-6258
-6157
-6021
-5960
-6049
-6086
-6089
-6180
-6267
-6281
-6378
-6324
-6120
-6202
-6098
-5867
-5831
-5996
-5873
-5914
-6048
-6037
-5905
-6134
-6042
-6044
-6253
-6476
-6458
-6088
-6562
-6386
-6371
-6335
-6228
-6089
-6074
-6038
-5985
-6172
-6153
-6334
-6427
-6510
-6511
-6431
-6261
-6133
-6024
-5999
-5897
-5909
-5944
-6031
-6150
-6292
-6368
-6480
-6609
-6545
-6463
-6467
-6432
-6381
-6428
-6430
-6378
-6337
-6375
-6266
-6268
-6341
-6290
-6283
-6322
-6318
-6348
-6321
-6290
-6233
-6207
-6078
-5978
-5954
-5875
-5897
-6017
-6114
-6156
-6367
-6429
-6481
-6556
-6613
-6598
-6402
-6374
-6357
-6183
-6227
-6272
-6378
-6394
-6507
-6635
-6543
-6568
-6556
-6563
-6439
-6549
-6496
-6334
-6307
-6332
-6235
-6213
-6280
-6185
-6216
-6360
-6383
-6410
-6554
-6599
-6687
-6681
-6673
-6510
-6406
-6437
-6327
-6244
-6306
-6335
-6402
-6535
-6613
-6599
-6810
-6756
-6673
-6630
-6571
-6423
-6394
-6408
-6360
-6281
-6286
-6465
-6315
-6549
-6432
-6753
-6552
-6621
-6721
-6598
-6687
-6616
-6742
-6549
-6593
-6493
-6511
-6418
-6523
-6667
-6720
-6706
-6873
-6835
-6911
-6789
-6837
-6621
-6648
-6651
-6264
-6511
-6417
-6560
-6573
-6678
-6721
-6814
-6777
-6802
-6850
-6811
-6668
-6727
-6738
-6616
-6755
-6682
-6717
-6743
-6750
-6740
-6860
-6957
-6937
-6969
-7084
-6985
-6850
-6816
-6738
-6574
-6550
-6549
-6556
-6493
-6604
-6734
-6650
-6774
-6925
-6955
-6879
-7087
-7025
-6762
-6744
-6743
-6627
-6644
-6675
-6654
-6605
-6856
-6938
-6724
-6942
-6980
-6874
-6770
-6910
-6790
-6660
-6710
-6604
-6428
-6430
-6642
-6488
-6543
-6761
-6807
-6795
-6899
-6936
-6802
-6860
-6807
-6648
-6554
-6609
-6549
-6461
-6571
-6678
-6675
-6829
-6876
-6727
-6855
-6835
-6753
-6751
-6869
-6731
-6750
-6664
-6624
-6502
-6569
-6495
-6635
-6902
-6539
-6908
-6785
-6876
-6859
-6797
-6800
-6839
-6793
-6531
-6667
-6571
-6495
-6589
-6726
-6612
-6762
-6919
-6876
-6749
-6810
-6751
-6597
-6590
-6450
-6502
-6489
-6414
-6488
-6487
-6535
-6515
-6469
-6535
-6676
-6656
-6603
-6715
-6690
-6623
-6615
-6562
-6309
-6371
-6535
-6403
-6350
-6494
-6573
-6601
-6662
-6681
-6666
-6645
-6690
-6510
-6449
-6432
-6256
-6259
-6299
-6340
-6400
-6543
-6569
-6562
-6711
-6640
-6562
-6645
-6555
-6388
-6470
-6592
-6382
-6390
-6610
-6488
-6432
-6565
-6593
-6515
-6549
-6617
-6486
-6603
-6715
-6563
-6495
-6480
-6363
-6251
-6220
-6179
-6235
-6327
-6408
-6452
-6473
-6575
-6636
-6528
-6539
-6398
-6238
-6152
-6115
-6071
-6159
-6294
-6330
-6377
-6549
-6626
-6570
-6596
-6581
-6552
-6499
-6524
-6405
-6529
-6401
-6437
-6313
-6569
-6413
-6160
-6566
-6380
-6462
-6464
-6551
-6420
-6533
-6525
-6303
-6258
-6289
-6157
-6093
-6071
-6025
-6201
-6256
-6443
-6423
-6472
-6492
-6414
-6328
-6329
-6291
-6191
-6154
-6161
-6108
-6206
-6342
-6237
-6277
-6464
-6532
-6363
-6452
-6379
-6270
-6241
-6311
-6147
-6170
-6378
-6185
-6178
-6131
-6386
-6119
-6233
-6524
-6309
-6294
-6559
-6574
-6114
-6381
-6494
-6022
-6011
-6378
-6130
-6010
-6340
-6442
-6123
-6305
-6692
-6342
-6224
-6479
-6426
-5999
-6191
-6331
-5900
-5911
-6293
-6159
-6036
-6376
-6453
-6230
-6369
-6625
-6286
-6289
-6451
-6336
-6050
-6158
-6358
-6055
-6056
-6312
-6191
-6060
-6259
-6447
-6286
-6291
-6482
-6319
-6218
-6225
-6227
-6020
-6022
-6053
-6039
-5870
-6205
-6233
-6132
-6314
-6350
-6343
-6291
-6272
-6228
-6245
-6149
-6098
-5986
-6350
-5841
-5976
-6181
-6111
-6201
-6291
-6440
-6241
-6359
-6406
-6325
-6089
-6248
-6152
-6095
-6094
-6165
-6069
-6101
-6260
-6254
-6316
-6390
-6358
-6221
-6255
-6311
-6161
-6071
-6256
-6167
-6034
-6176
-6298
-6055
-6160
-6393
-6248
-6198
-6337
-6356
-6193
-6263
-6251
-5990
-6027
-6093
-5961
-5944
-6081
-6073
-5976
-6127
-6321
-6289
-6246
-6437
-6440
-6189
-6265
-6239
-5953
-5946
-6151
-6132
-5988
-6273
-6380
-6175
-6227
-6411
-6262
-6175
-6389
-6349
-6144
-6182
-6255
-6105
-6083
-6265
-6204
-6042
-6236
-6399
-6229
-6235
-6476
-6289
-6290
-6432
-6349
-6181
-6191
-6273
-6081
-5948
-6086
-6143
-6095
-6360
-6382
-6306
-6390
-6559
-6372
-6289
-6342
-6175
-5983
-6019
-6075
-6065
-6129
-6293
-6214
-6218
-6384
-6298
-6262
-6253
-6427
-6153
-6229
-6204
-6448
-6092
-6032
-6412
-6014
-6086
-6210
-6364
-6215
-6378
-6419
-6406
-6455
-6470
-6274
-6212
-6283
-6121
-5974
-6057
-6104
-6030
-6220
-6286
-6201
-6278
-6434
-6267
-6215
-6269
-6183
-6042
-6069
-6160
-6162
-6175
-6276
-6317
-6314
-6347
-6321
-6286
-6345
-6372
-6322
-6282
-6355
-6314
-6234
-6191
-6214
-6188
-6152
-6181
-6094
-6075
-6219
-6359
-6300
-6337
-6434
-6404
-6233
-6290
-6118
-6015
-6016
-6160
-6017
-6054
-6292
-6345
-6412
-6275
-6551
-6292
-6345
-6367
-6164
-6087
-6115
-6108
-5952
-6039
-6100
-6071
-6122
-6201
-6144
-6188
-6216
-6228
-6189
-6254
-6160
-6167
-6066
-6011
-5975
-5944
-6067
-6029
-6067
-6213
-6218
-6253
-6325
-6370
-6305
-6261
-6207
-6128
-6093
-6030
-6008
-5855
-5980
-6005
-6057
-6064
-6290
-6229
-6195
-6181
-6274
-6026
-6068
-6314
-5806
-6019
-5983
-6052
-5921
-6052
-6181
-6056
-6107
-6219
-6179
-6120
-6272
-6209
-6106
-6073
-6151
-6006
-6014
-6104
-6085
-5961
-6118
-6197
-6134
-6213
-6333
-6323
-6278
-6334
-6309
-6159
-6164
-6218
-6077
-6057
-6034
-6030
-6097
-6168
-6187
-6233
-6278
-6265
-6229
-6248
-6277
-6142
-6080
-6107
-6060
-5994
-6005
-6128
-6063
-6084
-6247
-6165
-6168
-6312
-6314
-6243
-6265
-6276
-6175
-6144
-6133
-6110
-6171
-6257
-6259
-6236
-6369
-6395
-6309
-6352
-6361
-6242
-6272
-6351
-6228
-6158
-6264
-6196
-6025
-6123
-6254
-6150
-6166
-6338
-6287
-6273
-6408
-6431
-6264
-6260
-6303
-6137
-6023
-6182
-6154
-6025
-6181
-6311
-6187
-6290
-6538
-6423
-6355
-6394
-6338
-6090
-6239
-6282
-6125
-6043
-6244
-6293
-6206
-6217
-6358
-6239
-6254
-6461
-6291
-6508
-6235
-6404
-6268
-6257
-6334
-6183
-6243
-6247
-6312
-6217
-6395
-6454
-6564
-6562
-6580
-6489
-6508
-6458
-6379
-6277
-6283
-6257
-6249
-6376
-6351
-6409
-6496
-6542
-6461
-6460
-6494
-6483
-6421
-6475
-6424
-6314
-6328
-6359
-6297
-6290
-6407
-6449
-6478
-6545
-6519
-6598
-6618
-6594
-6632
-6552
-6479
-6459
-6443
-6354
-6316
-6271
-6412
-6495
-6431
-6568
-6644
-6580
-6642
-6619
-6525
-6429
-6412
-6416
-6311
-6335
-6383
-6399
-6424
-6573
-6508
-6494
-6599
-6631
-6583
-6593
-6525
-6457
-6572
-6507
-6410
-6481
-6633
-6505
-6350
-6397
-6522
-6414
-6590
-6552
-6596
-6716
-6438
-6634
-6505
-6381
-6437
-6349
-6327
-6364
-6346
-6365
-6388
-6480
-6545
-6527
-6675
-6559
-6521
-6469
-6455
-6377
-6487
-6473
-6426
-6441
-6495
-6674
-6572
-6631
-6499
-6778
-6497
-6533
-6707
-6554
-6600
-6609
-6586
-6363
-6481
-6398
-6403
-6345
-6509
-6526
-6445
-6631
-6659
-6505
-6567
-6636
-6464
-6383
-6505
-6354
-6196
-6420
-6469
-6442
-6639
-6795
-6679
-6766
-6864
-6780
-6595
-6670
-6658
-6461
-6463
-6546
-6526
-6504
-6551
-6553
-6566
-6617
-6659
-6590
-6611
-6674
-6593
-6528
-6564
-6556
-6507
-6542
-6504
-6455
-6496
-6469
-6497
-6505
-6517
-6537
-6563
-6628
-6551
-6568
-6649
-6504
-6505
-6538
-6434
-6303
-6457
-6597
-6499
-6584
-6653
-6593
-6565
-6657
-6573
-6558
-6558
-6508
-6524
-6479
-6429
-6476
-6478
-6546
-6514
-6605
-6725
-6605
-6738
-6752
-6691
-6643
-6625
-6624
-6573
-6514
-6539
-6510
-6529
-6585
-6599
-6596
-6646
-6610
-6634
-6604
-6608
-6569
-6547
-6538
-6460
-6486
-6397
-6464
-6466
-6594
-6401
-6693
-6495
-6450
-6662
-6517
-6623
-6486
-6582
-6411
-6412
-6380
-6411
-6351
-6380
-6399
-6436
-6504
-6542
-6580
-6519
-6573
-6623
-6613
-6468
-6442
-6439
-6372
-6306
-6340
-6340
-6358
-6375
-6455
-6430
-6417
-6494
-6558
-6511
-6451
-6528
-6514
-6357
-6346
-6338
-6154
-6252
-6362
-6255
-6269
-6428
-6424
-6426
-6433
-6437
-6386
-6350
-6342
-6248
-6260
-6246
-6187
-6211
-6275
-6290
-6363
-6376
-6327
-6305
-6365
-6285
-6221
-6251
-6218
-6157
-6155
-6175
-6142
-6208
-6240
-6164
-6164
-6307
-6227
-6129
-6281
-6313
-6173
-6164
-6226
-6154
-6107
-6205
-6164
-5982
-6031
-6093
-5998
-6040
-6219
-6274
-6231
-6313
-6223
-6198
-6226
-6171
-6015
-5984
-6078
-6048
-5961
-6125
-6094
-6149
-6239
-6284
-6178
-6031
-6276
-5999
-6195
-6023
-6080
-6009
-6044
-6071
-6175
-6136
-5967
-6302
-6067
-6181
-6057
-6197
-6120
-6202
-6186
-6139
-6077
-6090
-6116
-5919
-6007
-6068
-6090
-6105
-6212
-6249
-6305
-6281
-6314
-6220
-6130
-6101
-6081
-6033
-6045
-6067
-6115
-6062
-6166
-6225
-6152
-6127
-6260
-6245
-6102
-6231
-6155
-6051
-6165
-6245
-6220
-6210
-6197
-6310
-6172
-6124
-6332
-6200
-6131
-6352
-6298
-6189
-6238
-6274
-6233
-6122
-6216
-6264
-6050
-6097
-6275
-6143
-6177
-6386
-6280
-6176
-6389
-6418
-6145
-6208
-6381
-6086
-6048
-6317
-6186
-6013
-6328
-6399
-6181
-6328
-6486
-6327
-6168
-6415
-6399
-6060
-6278
-6418
-6209
-6117
-6295
-6367
-6113
-6237
-6415
-6212
-6265
-6493
-6366
-6309
-6372
-6326
-6128
-6271
-6344
-6110
-6060
-6426
-6294
-6117
-6409
-6417
-6241
-6395
-6653
-6278
-6311
-6441
-6414
-5878
-6399
-6474
-5915
-6195
-6389
-6335
-6047
-6455
-6303
-6199
-6337
-6512
-6312
-6180
-6437
-6295
-6143
-6298
-6295
-6131
-6280
-6368
-6264
-6322
-6471
-6345
-6302
-6394
-6338
-6152
-6230
-6239
-6127
-6158
-6239
-6144
-6182
-6354
-6262
-6222
-6313
-6435
-6384
-6362
-6417
-6269
-6298
-6307
-6210
-6236
-6261
-6208
-6231
-6257
-6331
-6355
-6303
-6447
-6377
-6394
-6440
-6293
-6262
-6241
-6234
-6157
-6213
-6349
-6172
-6191
-6379
-6413
-6305
-6358
-6351
-6247
-6345
-6295
-6136
-6227
-6289
-6127
-6079
-6088
-6189
-6201
-6238
-6249
-6381
-6324
-6208
-6294
-6235
-6257
-6227
-6155
-6127
-6082
-6188
-6210
-6197
-6260
-6215
-6279
-6245
-6339
-6326
-6312
-6285
-6245
-6184
-6127
-6129
-6146
-6013
-6091
-6273
-6145
-6226
-6251
-6306
-6305
-6304
-6187
-6357
-6164
-6370
-6259
-5996
-6360
-6187
-6230
-6124
-6196
-6194
-6281
-6301
-6279
-6323
-6304
-6330
-6205
-6233
-6049
-6241
-6197
-5916
-6132
-6091
-6123
-6118
-6224
-6224
-6146
-6241
-6256
-6091
-6113
-6244
-6046
-6108
-6194
-6142
-5989
-6179
-6214
-6090
-6287
-6443
-6292
-6252
-6389
-6318
-6179
-6168
-6213
-6080
-6171
-6219
-6150
-6083
-6235
-6266
-6178
-6310
-6434
-6284
-6285
-6438
-6322
-6294
-6277
-6273
-6081
-6171
-6285
-6108
-6196
-6420
-6386
-6303
-6377
-6429
-6321
-6256
-6337
-6236
-6145
-6207
-6213
-6145
-6252
-6285
-6300
-6275
-6309
-6294
-6267
-6285
-6272
-6352
-6283
-6311
-6325
-6181
-6189
-6316
-6202
-6067
-6201
-6439
-6122
-6143
-6523
-6251
-6276
-6439
-6338
-6147
-6331
-6385
-6147
-6149
-6315
-6236
-6112
-6340
-6337
-6362
-6287
-6668
-6222
-6263
-6657
-6118
-6246
-6285
-6477
-6084
-6310
-6527
-6278
-6313
-6516
-6602
-6205
-6507
-6681
-6328
-6297
-6661
-6344
-6095
-6517
-6429
-5989
-6431
-6502
-6067
-6429
-6661
-6313
-6402
-6718
-6480
-6260
-6406
-6507
-6192
-6289
-6425
-6320
-6241
-6553
-6632
-6451
-6492
-6613
-6588
-6396
-6500
-6514
-6429
-6400
-6564
-6418
-6403
-6545
-6640
-6431
-6526
-6631
-6490
-6538
-6696
-6599
-6471
-6682
-6489
-6374
-6467
-6599
-6398
-6300
-6556
-6758
-6428
-6607
-6641
-6483
-6683
-6702
-6704
-6509
-6652
-6610
-6450
-6588
-6385
-6586
-6720
-6624
-6595
-6546
-6830
-6658
-6623
-6697
-6708
-6613
-6791
-6578
-6643
-6517
-6617
-6910
-6258
-6557
-6861
-6554
-6756
-6964
-6344
-6567
-7042
-6837
-6541
-6864
-6497
-6530
-7115
-6502
-6504
-6770
-6783
-6569
-6819
-7041
-6978
-6585
-6932
-7163
-6472
-7036
-6917
-6698
-6933
-6591
-6751
-6820
-6752
-6690
-6716
-6805
-6607
-6880
-6825
-6714
-6660
-6849
-6883
-6446
-6823
-6895
-6451
-6784
-6794
-6698
-6974
-6793
-6830
-6658
-6875
-6721
-6717
-6944
-6601
-6459
-6840
-6859
-6624
-6564
-6669
-6802
-6472
-6913
-6939
-6684
-6712
-7008
-7040
-6741
-6785
-6772
-6542
-6626
-6721
-6538
-6587
-6758
-6734
-6690
-6925
-6768
-6593
-6821
-6783
-6491
-6719
-6839
-6525
-6436
-6695
-6693
-6618
-6499
-6703
-6767
-6420
-6685
-6704
-6497
-6534
-6565
-6523
-6497
-6439
-6606
-6519
-6439
-6597
-6425
-6501
-6521
-6459
-6608
-6439
-6468
-6445
-6504
-6441
-6262
-6385
-6332
-6315
-6327
-6445
-6236
-6425
-6472
-6508
-6474
-6402
-6359
-6387
-6371
-6312
-6307
-6202
-6251
-6140
-6457
-6377
-6192
-6109
-6567
-6225
-6164
-6422
-6342
-6262
-6273
-6427
-6282
-6352
-6148
-6292
-6123
-6215
-6273
-6197
-6249
-6168
-6188
-6351
-6274
-6285
-6249
-6168
-6176
-6040
-6106
-6155
-6099
-6086
-6268
-6284
-6151
-6275
-6342
-6151
-6233
-6247
-6199
-6077
-6104
-6197
-6119
-6137
-6185
-6137
-6168
-6117
-6168
-6343
-6263
-6231
-6256
-6180
-6238
-6197
-6124
-6145
-6103
-6110
-6050
-6186
-6145
-6113
-6254
-6321
-6198
-6252
-6342
-6167
-6216
-6240
-6195
-6121
-6123
-6198
-6097
-6105
-6134
-6087
-6233
-6272
-6123
-6214
-6246
-6116
-6305
-6196
-6009
-6111
-6178
-6031
-6023
-6222
-6000
-6142
-6307
-6101
-6278
-6373
-6225
-6201
-6263
-6314
-6193
-6162
-6177
-6200
-6133
-6236
-6138
-6116
-6287
-6274
-6281
-6279
-6488
-6260
-6329
-6384
-6343
-6171
-6307
-6371
-6349
-6239
-6442
-6506
-6041
-6543
-6325
-6264
-6456
-6492
-6259
-6352
-6461
-6260
-6276
-6327
-6377
-6188
-6382
-6432
-6292
-6294
-6434
-6377
-6268
-6513
-6410
-6315
-6472
-6403
-6278
-6341
-6386
-6200
-6373
-6420
-6434
-6314
-6428
-6457
-6403
-6431
-6380
-6352
-6278
-6441
-6347
-6351
-6289
-6354
-6378
-6230
-6294
-6450
-6295
-6318
-6527
-6303
-6263
-6423
-6335
-6186
-6303
-6384
-6077
-6211
-6226
-6268
-6212
-6352
-6536
-6112
-6366
-6371
-6256
-6254
-6464
-6325
-6170
-6399
-6431
-6145
-6272
-6451
-6212
-6359
-6327
-6407
-6244
-6362
-6422
-6207
-6257
-6386
-6313
-6211
-6213
-6189
-6329
-6253
-6378
-6254
-6226
-6504
-6325
-6145
-6411
-6222
-6080
-6353
-6268
-6052
-6164
-6306
-6219
-6246
-6184
-6411
-6370
-6230
-6189
-6301
-6238
-6365
-6233
-6091
-6225
-6412
-6240
-6081
-6509
-5867
-6289
-6417
-6264
-6272
-6377
-6412
-6195
-6268
-6387
-6483
-6036
-6354
-6270
-6319
-6339
-6207
-6278
-6296
-6277
-6494
-6280
-6218
-6515
-6271
-6310
-6341
-6440
-6243
-6430
-6369
-6120
-6317
-6550
-6454
-6303
-6521
-6520
-6376
-6446
-6400
-6282
-6351
-6284
-6342
-6203
-6411
-6401
-6218
-6381
-6365
-6380
-6365
-6328
-6312
-6453
-6423
-6446
-6303
-6254
-6339
-6262
-6319
-6492
-6436
-6323
-6573
-6378
-6278
-6443
-6448
-6391
-6255
-6330
-6398
-6276
-6385
-6305
-6197
-6476
-6372
-6209
-6371
-6643
-6313
-6231
-6494
-6349
-6337
-6370
-6468
-6301
-6227
-6299
-6267
-6190
-6120
-6365
-6351
-6214
-6292
-6488
-6501
-6173
-6426
-6471
-6026
-6264
-6379
-6003
-6308
-6352
-6116
-6342
-6470
-6294
-6372
-6577
-6170
-6111
-6459
-6270
-6297
-6405
-6152
-6541
-6241
-6325
-6308
-6324
-6278
-6222
-6576
-6254
-6277
-6244
-6333
-6221
-6443
-6303
-6169
-6301
-6379
-6264
-6254
-6263
-6220
-6412
-6424
-6292
-6252
-6275
-6108
-6287
-6398
-6156
-6094
-6437
-6296
-6234
-6277
-6287
-6250
-6296
-6311
-6116
-6401
-6499
-6068
-6244
-6375
-6150
-6299
-6199
-6153
-6301
-6216
-6221
-6221
-6234
-6323
-6141
-6067
-6375
-6209
-6026
-6177
-6227
-6281
-5999
-6231
-6015
-6121
-6231
-5987
-6246
-6188
-6055
-6272
-6092
-5997
-6325
-5903
-6031
-6110
-6224
-5907
-6080
-6159
-5915
-6280
-6098
-6289
-6021
-6008
-6139
-6057
-6078
-5999
-6035
-6118
-6042
-6057
-6059
-5941
-6085
-6062
-5983
-6091
-6197
-6019
-6093
-6204
-5943
-5964
-6028
-5950
-5921
-5858
-6091
-5963
-6008
-6113
-6114
-6135
-6178
-6058
-6014
-6123
-6051
-5946
-5931
-6163
-5915
-6074
-6034
-6052
-5892
-6130
-5927
-6005
-6178
-5908
-6124
-5957
-6111
-5963
-5898
-5866
-6108
-5985
-5989
-5858
-5999
-6144
-6022
-6190
-6145
-6087
-6129
-6225
-6051
-6153
-6150
-6013
-6076
-6163
-6066
-6094
-6258
-6054
-5896
-6271
-6275
-6048
-6232
-6378
-6219
-6303
-6297
-6344
-6072
-6144
-6362
-6205
-6294
-6302
-6377
-6354
-6459
-6492
-6430
-6262
-6579
-6289
-6253
-6417
-6388
-6360
-6254
-6487
-6259
-6267
-6425
-6468
-6226
-6519
-6611
-6193
-6391
-6629
-6198
-6486
-6338
-6139
-6525
-6364
-6285
-6283
-6413
-6201
-6529
-6591
-6312
-6471
-6486
-6433
-6480
-6328
-6393
-6337
-6537
-6458
-6386
-6482
-6389
-6711
-6416
-6527
-6774
-6651
-6396
-6583
-6564
-6459
-6621
-6457
-6408
-6554
-6737
-6418
-6486
-6578
-6518
-6681
-6601
-6541
-6448
-6583
-6437
-6476
-6665
-6511
-6482
-6527
-6622
-6596
-6539
-6608
-6547
-6690
-6773
-6409
-6708
-6552
-6595
-6861
-6505
-6327
-6729
-6660
-6505
-6681
-6407
-6717
-6599
-6793
-6846
-6481
-6642
-6698
-6591
-6675
-6648
-6568
-6647
-6580
-6614
-6907
-6755
-6382
-6768
-6723
-6586
-6763
-6693
-6395
-6517
-6660
-6713
-6543
-6454
-6744
-6575
-6590
-6693
-6833
-6557
-6676
-6634
-6453
-6827
-6583
-6528
-6467
-6569
-6562
-6541
-6603
-6489
-6646
-6681
-6662
-6703
-6515
-6537
-6795
-6576
-6751
-6632
-6392
-6482
-6501
-6578
-6536
-6526
-6625
-6523
-6570
-6676
-6550
-6493
-6528
-6682
-6558
-6539
-6493
-6574
-6553
-6436
-6526
-6468
-6415
-6669
-6456
-6612
-6565
-6565
-6686
-6319
-6556
-6495
-6574
-6503
-6457
-6433
-6495
-6448
-6476
-6621
-6509
-6537
-6588
-6589
-6606
-6480
-6552
-6581
-6450
-6571
-6487
-6551
-6443
-6495
-6402
-6358
-6535
-6451
-6458
-6495
-6491
-6407
-6427
-6492
-6447
-6479
-6498
-6431
-6346
-6462
-6426
-6365
-6391
-6381
-6470
-6595
-6646
-6279
-6406
-6504
-6425
-6236
-6195
-6369
-6384
-6242
-6367
-6400
-6177
-6477
-6353
-6264
-6242
-6593
-6257
-6074
-6279
-6136
-6243
-6035
-6254
-6197
-6281
-6269
-6209
-6413
-6445
-6296
-6087
-6410
-6326
-6069
-6383
-6379
-6093
-6284
-6251
-6091
-6256
-6419
-6139
-6095
-6348
-6225
-6456
-6278
-6272
-6242
-6255
-6369
-6125
-6145
-6301
-6243
-5991
-6278
-6229
-6191
-6199
-6297
-6231
-6388
-6347
-6141
-6314
-6152
-6230
-6196
-6288
-6170
-6222
-6316
-6252
-6294
-6319
-6314
-6285
-6212
-6324
-6332
-6260
-6327
-6204
-6239
-6230
-6390
-6219
-6249
-6197
-6264
-6455
-6248
-6214
-6289
-6271
-6237
-6218
-6293
-6281
-5984
-6255
-6231
-6224
-6293
-6194
-6148
-6320
-6353
-6297
-6194
-6307
-6385
-6093
-6357
-6281
-6152
-6219
-6234
-6191
-6286
-6409
-6308
-6271
-6403
-6294
-6227
-6228
-6244
-6251
-6224
-6185
-6136
-6193
-6082
-6172
-6278
-6243
-6261
-6404
-6088
-6210
-6332
-6312
-6182
-6212
-6367
-6176
-6149
-6072
-6357
-6095
-6319
-6146
-6056
-6211
-6190
-6386
-6163
-6266
-6282
-6070
-6166
-6234
-5997
-6357
-6311
-6149
-6303
-6374
-6449
-6333
-6080
-6321
-6418
-6144
-6149
-6216
-6179
-6288
-6181
-6053
-6175
-6102
-6234
-6329
-6131
-6131
-6347
-6129
-6153
-6216
-6293
-6135
-6167
-6067
-6019
-6137
-5971
-6026
-6081
-6153
-6097
-6159
-6073
-6124
-6094
-6160
-5938
-6031
-6157
-5957
-6123
-6120
-6087
-6158
-6122
-6139
-6106
-6190
-6139
-6092
-6173
-6028
-6149
-5952
-5983
-5969
-6084
-6014
-6091
-6053
-6029
-6228
-5996
-6032
-5911
-6134
-6218
-6025
-6031
-6018
-6115
-6147
-6037
-5984
-5985
-6174
-5983
-5937
-5887
-5990
-6072
-6021
-6070
-6012
-6102
-5945
-6027
-6057
-6148
-5982
-5917
-6029
-6008
-6204
-6087
-5909
-6013
-6060
-6011
-6200
-5929
-5923
-6143
-5975
-6001
-5933
-5982
-5849
-6072
-5887
-6098
-6166
-5849
-6074
-5900
-6099
-6045
-6078
-6013
-5967
-5936
-6084
-6013
-5988
-6042
-6006
-6098
-5982
-6002
-6099
-6204
-6055
-6146
-6147
-6076
-6073
-6194
-5988
-6034
-6108
-6102
-6101
-5954
-6216
-6047
-5995
-6155
-6071
-6121
-6068
-6023
-6109
-6045
-6168
-6072
-6089
-6115
-5957
-6152
-6225
-6243
-6200
-6170
-6280
-6214
-6286
-6366
-6098
-6157
-6195
-6325
-6273
-6211
-6276
-6204
-6443
-6334
-6384
-6303
-6286
-6376
-6285
-6280
-6399
-6349
-6174
-6285
-6226
-6243
-6305
-6385
-6257
-6264
-6451
-6537
-6394
-6314
-6478
-6366
-6447
-6141
-6194
-6590
-6440
-6333
-6317
-6488
-6423
-6355
-6279
-6393
-6483
-6341
-6449
-6512
-6409
-6485
-6457
-6358
-6460
-6524
-6300
-6404
-6496
-6365
-6631
-6430
-6371
-6418
-6478
-6531
-6501
-6388
-6512
-6408
-6335
-6349
-6433
-6538
-6199
-6632
-6474
-6419
-6552
-6502
-6492
-6484
-6560
-6362
-6488
-6555
-6422
-6341
-6409
-6450
-6390
-6446
-6559
-6463
-6579
-6534
-6406
-6581
-6505
-6541
-6479
-6284
-6496
-6524
-6370
-6415
-6436
-6344
-6432
-6529
-6359
-6413
-6584
-6470
-6318
-6396
-6470
-6353
-6367
-6534
-6451
-6442
-6638
-6484
-6396
-6585
-6511
-6330
-6450
-6564
-6451
-6411
-6480
-6490
-6508
-6522
-6468
-6433
-6459
-6455
-6481
-6459
-6473
-6557
-6492
-6536
-6545
-6536
-6446
-6416
-6458
-6361
-6443
-6519
-6379
-6433
-6502
-6490
-6405
-6477
-6357
-6346
-6601
-6256
-6370
-6303
-6352
-6346
-6228
-6419
-6378
-6366
-6392
-6481
-6426
-6446
-6380
-6410
-6380
-6416
-6339
-6336
-6322
-6411
-6366
-6329
-6376
-6336
-6367
-6413
-6436
-6376
-6376
-6252
-6436
-6110
-6286
-6212
-6365
-6337
-6160
-6500
-6162
-6306
-6304
-6156
-6211
-6488
-6217
-6167
-6299
-6165
-6116
-6263
-6323
-6155
-6227
-6282
-6300
-6153
-6289
-6276
-6132
-6293
-6282
-6116
-6201
-6310
-6169
-6184
-6304
-6140
-6071
-6281
-6185
-6105
-6222
-6227
-6220
-6181
-6255
-6171
-6033
-6157
-6152
-6014
-5956
-6194
-6242
-6070
-6347
-6317
-6154
-6253
-6209
-6020
-6044
-6222
-6161
-6022
-6138
-6227
-5996
-6134
-6083
-6006
-6227
-6146
-6142
-6177
-6217
-6156
-6048
-6195
-6164
-6098
-6077
-6088
-6222
-6215
-6126
-6137
-6288
-6291
-6184
-6155
-6147
-6181
-6138
-6301
-6277
-6118
-6340
-6256
-6153
-6196
-6212
-6061
-6159
-6296
-6243
-6121
-6255
-6394
-6148
-6250
-6430
-6267
-6129
-6329
-6199
-6058
-6140
-6220
-5996
-6136
-6221
-6172
-6046
-6271
-6308
-6121
-6334
-6349
-6427
-5946
-6293
-6301
-6035
-6217
-6293
-6118
-6140
-6298
-6042
-6123
-6339
-6259
-6036
-6261
-6306
-6070
-6151
-6279
-6092
-6251
-6443
-6343
-6250
-6318
-6329
-6258
-6277
-6388
-6372
-6276
-6288
-6235
-6205
-6325
-6393
-6231
-6245
-6360
-6315
-6274
-6320
-6317
-6331
-6430
-6461
-6331
-6277
-6398
-6355
-6208
-6342
-6346
-6339
-6283
-6305
-6341
-6258
-6295
-6324
-6458
-6435
-6305
-6341
-6298
-6186
-6256
-6308
-6269
-6305
-6384
-6409
-6363
-6341
-6421
-6294
-6431
-6375
-6332
-6471
-6390
-6402
-6345
-6384
-6338
-6355
-6410
-6374
-6379
-6464
-6379
-6268
-6368
-6432
-6352
-6346
-6433
-6226
-6159
-6275
-6358
-6227
-6385
-6502
-6292
-6343
-6365
-6409
-6304
-6532
-6307
-6392
-6280
-6219
-6309
-6178
-6360
-6392
-6392
-6249
-6461
-6262
-6397
-6369
-6714
-6267
-6278
-6630
-6168
-6361
-6485
-6466
-6145
-6435
-6425
-6277
-6369
-6541
-6356
-6286
-6542
-6455
-6324
-6462
-6442
-6328
-6474
-6446
-6316
-6277
-6384
-6365
-6304
-6382
-6341
-6244
-6407
-6436
-6283
-6376
-6389
-6210
-6258
-6352
-6399
-6219
-6273
-6375
-6268
-6373
-6391
-6300
-6304
-6424
-6459
-6378
-6327
-6410
-6345
-6377
-6414
-6315
-6318
-6317
-6435
-6372
-6350
-6459
-6411
-6327
-6457
-6497
-6278
-6269
-6490
-6419
-6275
-6493
-6444
-6274
-6363
-6557
-6383
-6309
-6477
-6427
-6185
-6414
-6547
-6196
-6288
-6507
-6353
-6247
-6480
-6351
-6179
-6492
-6653
-6223
-6340
-6538
-6253
-6194
-6447
-6248
-6061
-6308
-6469
-6216
-6179
-6507
-6323
-6181
-6508
-6512
-6100
-6362
-6419
-6136
-6202
-6439
-6279
-6150
-6226
-6434
-6175
-6181
-6327
-6383
-6242
-6117
-6451
-6138
-6196
-6245
-6235
-6125
-6340
-6265
-6187
-6343
-6259
-6272
-6255
-6294
-6288
-6239
-6247
-6347
-6142
-6204
-6370
-6230
-6217
-6333
-6278
-6225
-6277
-6454
-6258
-6328
-6432
-6362
-6294
-6277
-6444
-6219
-6283
-6371
-6208
-6213
-6343
-6279
-6183
-6281
-6294
-6244
-6285
-6278
-6221
-6281
-6310
-6180
-6255
-6286
-6208
-6118
-6137
-6267
-6168
-6222
-6261
-6280
-6334
-6382
-6292
-6135
-6223
-6296
-6188
-6134
-6239
-6272
-6221
-6248
-6413
-6318
-6345
-6372
-6306
-6360
-6365
-6352
-6188
-6224
-6279
-6179
-6253
-6320
-6242
-6314
-6317
-6262
-6262
-6318
-6294
-6318
-6321
-6365
-6392
-6353
-6345
-6355
-6224
-6299
-6326
-6235
-6267
-6463
-6479
-6247
-6487
-6451
-6381
-6305
-6515
-6227
-6203
-6384
-6493
-6094
-6338
-6530
-6291
-6549
-6299
-6420
-6218
-6610
-6505
-6296
-6235
-6510
-6213
-6352
-6398
-6197
-6322
-6243
-6509
-6119
-6295
-6393
-6235
-6088
-6444
-6341
-6165
-6368
-6378
-6130
-6266
-6439
-6243
-6242
-6422
-6326
-6196
-6435
-6387
-6236
-6219
-6525
-6344
-6118
-6272
-6354
-6169
-6271
-6394
-6191
-6293
-6491
-6420
-6260
-6469
-6506
-6260
-6301
-6555
-6315
-6252
-6493
-6405
-6240
-6354
-6503
-6162
-6301
-6582
-6343
-6146
-6434
-6431
-6133
-6310
-6424
-6190
-6225
-6475
-6394
-6053
-6372
-6501
-6063
-6294
-6502
-6221
-6025
-6545
-6393
-6037
-6406
-6436
-6064
-6204
-6458
-6206
-6084
-6390
-6394
-6150
-6288
-6505
-6328
-6236
-6511
-6277
-6090
-6338
-6396
-6125
-6281
-6483
-6275
-6162
-6413
-6418
-6128
-6232
-6438
-6142
-6278
-6310
-6271
-6162
-6317
-6367
-6106
-6455
-6161
-6270
-6199
-6294
-6274
-6214
-6393
-6376
-6251
-6230
-6306
-6195
-6274
-6308
-6197
-6242
-6482
-6206
-6286
-6306
-6369
-6275
-6268
-6307
-6267
-6292
-6196
-6288
-6212
-6238
-6295
-6278
-6218
-6257
-6203
-6196
-6335
-6381
-6164
-6221
-6274
-6243
-6224
-6282
-6318
-6153
-6288
-6271
-6184
-6111
-6174
-6181
-6168
-6222
-6260
-6187
-6144
-6252
-6191
-6165
-6171
-6199
-6154
-6190
-6249
-6183
-6153
-6150
-6091
-6251
-6276
-6206
-6262
-6233
-6261
-6230
-6328
-6294
-6119
-6110
-6104
-6136
-6056
-6090
-6281
-6105
-6133
-6228
-6193
-6186
-6158
-6229
-6177
-6156
-6211
-6169
-6161
-6153
-6227
-6237
-6152
-6262
-6225
-6134
-6129
-6162
-6155
-6139
-6081
-6205
-6154
-6146
-6126
-6189
-6304
-6146
-6120
-6242
-6155
-6074
-6195
-6052
-6187
-6122
-6463
-6170
-6135
-6360
-6131
-6251
-6156
-6207
-6110
-6225
-6237
-6185
-6194
-6310
-6226
-6232
-6252
-6302
-6236
-6253
-6237
-6192
-6193
-6284
-6281
-6228
-6313
-6193
-6174
-6240
-6402
-6165
-6279
-6195
-6392
-6084
-6064
-6325
-6029
-6157
-6272
-6284
-6045
-6313
-6199
-6157
-6312
-6274
-6196
-6290
-6215
-6248
-6361
-6221
-6332
-6284
-6238
-6275
-6383
-6317
-6276
-6283
-6300
-6194
-6245
-6338
-6199
-6243
-6345
-6175
-6251
-6418
-6146
-6297
-6388
-6335
-6423
-6366
-6283
-6257
-6358
-6328
-6206
-6304
-6257
-6121
-6319
-6367
-6150
-6226
-6378
-6228
-6126
-6421
-6304
-5971
-6268
-6361
-6088
-6079
-6385
-6202
-6089
-6320
-6255
-6018
-6184
-6399
-6194
-6262
-6429
-6178
-6179
-6338
-6262
-6084
-6224
-6345
-6098
-6171
-6320
-6252
-6003
-6380
-6110
-6170
-6312
-6157
-6205
-6068
-6364
-6196
-6106
-6218
-6262
-6056
-6236
-6328
-6201
-6248
-6288
-6240
-6241
-6187
-6210
-6302
-6279
-6270
-6308
-6380
-6290
-6334
-6391
-6337
-6302
-6295
-6360
-6311
-6256
-6441
-6354
-6392
-6374
-6375
-6266
-6373
-6427
-6302
-6283
-6273
-6388
-6346
-6446
-6337
-6416
-6431
-6317
-6255
-6325
-6372
-6246
-6299
-6317
-6279
-6385
-6361
-6309
-6393
-6400
-6408
-6328
-6404
-6513
-6337
-6396
-6530
-6341
-6335
-6504
-6361
-6173
-6415
-6495
-6311
-6474
-6532
-6353
-6416
-6596
-6583
-6371
-6523
-6650
-6413
-6333
-6496
-6469
-6280
-6461
-6607
-6402
-6392
-6568
-6491
-6450
-6475
-6474
-6356
-6336
-6587
-6369
-6346
-6584
-6447
-6313
-6534
-6637
-6396
-6425
-6613
-6435
-6351
-6635
-6466
-6363
-6398
-6541
-6384
-6561
-6444
-6449
-6595
-6355
-6740
-6388
-6337
-6560
-6511
-6397
-6545
-6538
-6462
-6526
-6513
-6472
-6364
-6514
-6568
-6367
-6351
-6481
-6367
-6382
-6483
-6424
-6302
-6468
-6464
-6366
-6411
-6560
-6380
-6375
-6507
-6496
-6460
-6433
-6472
-6386
-6429
-6574
-6587
-6364
-6535
-6488
-6388
-6481
-6533
-6469
-6579
-6508
-6528
-6537
-6495
-6506
-6461
-6512
-6503
-6619
-6217
-6462
-6458
-6454
-6563
-6430
-6462
-6453
-6479
-6374
-6532
-6470
-6447
-6526
-6491
-6464
-6539
-6509
-6456
-6445
-6509
-6503
-6419
-6470
-6478
-6431
-6443
-6460
-6420
-6435
-6429
-6489
-6482
-6400
-6430
-6335
-6405
-6431
-6371
-6390
-6456
-6517
-6391
-6492
-6455
-6455
-6463
-6436
-6471
-6399
-6344
-6377
-6486
-6420
-6474
-6573
-6506
-6416
-6457
-6319
-6404
-6358
-6454
-6335
-6346
-6425
-6369
-6665
-6213
-6468
-6411
-6386
-6504
-6304
-6482
-6584
-6430
-6395
-6542
-6409
-6387
-6458
-6431
-6368
-6503
-6435
-6449
-6448
-6508
-6501
-6492
-6406
-6554
-6545
-6475
-6588
-6438
-6499
-6407
-6395
-6403
-6418
-6456
-6365
-6507
-6650
-6480
-6410
-6395
-6478
-6345
-6432
-6472
-6300
-6347
-6381
-6507
-6350
-6539
-6588
-6281
-6431
-6544
-6351
-6326
-6398
-6453
-6463
-6317
-6328
-6376
-6367
-6402
-6419
-6399
-6353
-6349
-6413
-6353
-6390
-6393
-6260
-6490
-6564
-6403
-6420
-6495
-6423
-6423
-6519
-6473
-6445
-6420
-6481
-6495
-6450
-6559
-6507
-6427
-6530
-6366
-6365
-6476
-6381
-6393
-6469
-6504
-6430
-6337
-6439
-6438
-6402
-6434
-6464
-6521
-6383
-6394
-6480
-6347
-6357
-6442
-6462
-6424
-6364
-6561
-6296
-6337
-6535
-6419
-6298
-6544
-6382
-6266
-6570
-6307
-6382
-6291
-6519
-6401
-6391
-6523
-6477
-6420
-6374
-6525
-6294
-6344
-6368
-6380
-6438
-6454
-6495
-6399
-6302
-6487
-6462
-6339
-6464
-6533
-6354
-6296
-6564
-6380
-6255
-6530
-6428
-6278
-6434
-6485
-6249
-6269
-6508
-6435
-6382
-6531
-6418
-6331
-6374
-6443
-6327
-6356
-6515
-6379
-6270
-6353
-6412
-6283
-6353
-6447
-6360
-6209
-6452
-6446
-6179
-6447
-6447
-6201
-6381
-6428
-6355
-6172
-6455
-6399
-6180
-6434
-6370
-6222
-6333
-6490
-6204
-6347
-6267
-6465
-6198
-6166
-6370
-6062
-6265
-6321
-6334
-6178
-6308
-6276
-6251
-6276
-6312
-6196
-6275
-6356
-6134
-6151
-6224
-6269
-6103
-6207
-6288
-6312
-6431
-6278
-6286
-6386
-6290
-6351
-6351
-6317
-6244
-6452
-6295
-6184
-6398
-6349
-6246
-6374
-6412
-6265
-6296
-6331
-6432
-6250
-6661
-6338
-6269
-6433
-6275
-6445
-6338
-6443
-6425
-6475
-6343
-6432
-6431
-6481
-6425
-6420
-6626
-6450
-6470
-6550
-6392
-6455
-6507
-6429
-6448
-6439
-6498
-6539
-6571
-6558
-6539
-6570
-6463
-6420
-6482
-6393
-6420
-6444
-6505
-6462
-6385
-6432
-6489
-6463
-6496
-6522
-6419
-6490
-6504
-6392
-6329
-6418
-6381
-6394
-6504
-6506
-6382
-6478
-6585
-6434
-6396
-6501
-6469
-6345
-6511
-6527
-6342
-6364
-6515
-6440
-6317
-6410
-6524
-6431
-6457
-6531
-6414
-6405
-6601
-6494
-6355
-6489
-6506
-6286
-6336
-6567
-6403
-6285
-6406
-6487
-6261
-6268
-6453
-6391
-6233
-6521
-6491
-6218
-6356
-6503
-6298
-6164
-6442
-6335
-6241
-6368
-6320
-6357
-6345
-6377
-6347
-6287
-6450
-6284
-6331
-6341
-6405
-6345
-6288
-6447
-6364
-6252
-6448
-6295
-6281
-6382
-6332
-6236
-6293
-6512
-6053
-6367
-6367
-6355
-6265
-6299
-6432
-6247
-6402
-6395
-6298
-6273
-6329
-6314
-6315
-6275
-6354
-6236
-6369
-6397
-6324
-6313
-6428
-6306
-6265
-6401
-6341
-6351
-6303
-6293
-6345
-6273
-6316
-6411
-6306
-6296
-6305
-6365
-6230
-6256
-6277
-6281
-6317
-6430
-6329
-6285
-6298
-6248
-6283
-6313
-6346
-6239
-6285
-6327
-6277
-6245
-6437
-6390
-6261
-6289
-6274
-6207
-6419
-6356
-6231
-6370
-6406
-6236
-6236
-6394
-6258
-6299
-6281
-6302
-6295
-6188
-6356
-6414
-6207
-6351
-6381
-6267
-6284
-6444
-6348
-6151
-6429
-6360
-6205
-6321
-6346
-6328
-6290
-6391
-6352
-6244
-6397
-6199
-6270
-6342
-6431
-6485
-6180
-6422
-6502
-6295
-6257
-6322
-6385
-6315
-6313
-6431
-6332
-6378
-6377
-6346
-6347
-6396
-6446
-6247
-6261
-6399
-6365
-6269
-6411
-6324
-6272
-6409
-6379
-6259
-6413
-6330
-6404
-6310
-6373
-6502
-6105
-6400
-6334
-6533
-6485
-6334
-6432
-6366
-6365
-6293
-6573
-6299
-6277
-6484
-6313
-6286
-6399
-6404
-6322
-6506
-6470
-6312
-6469
-6470
-6221
-6306
-6600
-6378
-6267
-6564
-6401
-6254
-6486
-6450
-6399
-6427
-6491
-6495
-6242
-6422
-6320
-6462
-6678
-6318
-6511
-6578
-6482
-6476
-6505
-6450
-6458
-6521
-6538
-6411
-6339
-6549
-6537
-6400
-6362
-6341
-6572
-6611
-6517
-6448
-6288
-6559
-6498
-6462
-6501
-6452
-6521
-6416
-6338
-6490
-6426
-6357
-6457
-6522
-6432
-6414
-6472
-6448
-6472
-6390
-6611
-6463
-6363
-6454
-6562
-6501
-6389
-6446
-6388
-6440
-6511
-6554
-6476
-6446
-6623
-6537
-6490
-6593
-6426
-6499
-6413
-6580
-6525
-6434
-6468
-6521
-6482
-6330
-6544
-6561
-6567
-6509
-6617
-6441
-6562
-6629
-6375
-6346
-6515
-6592
-6307
-6490
-6435
-6393
-6345
-6475
-6506
-6364
-6640
-6561
-6321
-6330
-6565
-6406
-6543
-6335
-6437
-6349
-6480
-6600
-6327
-6663
-6355
-6500
-6218
-6601
-6604
-6323
-6492
-6470
-6490
-6331
-6602
-6434
-6404
-6507
-6615
-6505
-6411
-6600
-6409
-6319
-6687
-6573
-6508
-6535
-6420
-6432
-6323
-6610
-6458
-6262
-6607
-6569
-6338
-6454
-6543
-6341
-6478
-6464
-6403
-6332
-6403
-6595
-6292
-6330
-6437
-6522
-6524
-6416
-6504
-6315
-6384
-6567
-6277
-6340
-6637
-6360
-6383
-6467
-6430
-6515
-6370
-6516
-6149
-6322
-6709
-6411
-6261
-6361
-6586
-6485
-6370
-6475
-6210
-6311
-6409
-6195
-6293
-6199
-6542
-6344
-6424
-6380
-6152
-6369
-6488
-6346
-6401
-6641
-6407
-6400
-6289
-6515
-6423
-6435
-6510
-6240
-6356
-6352
-6510
-6420
-6233
-6412
-6409
-6517
-6376
-6309
-6460
-6511
-6517
-6445
-6367
-6384
-6393
-6300
-6410
-6610
-6410
-6275
-6528
-6469
-6314
-6349
-6577
-6348
-6259
-6361
-6337
-6304
-6473
-6433
-6354
-6458
-6387
-6571
-6362
-6342
-6449
-6438
-6478
-6539
-6344
-6464
-6301
-6461
-6567
-6306
-6508
-6256
-6483
-6385
-6524
-6480
-6439
-6499
-6363
-6645
-6574
-6434
-6548
-6481
-6454
-6534
-6369
-6575
-6504
-6399
-6526
-6557
-6488
-6452
-6475
-6467
-6394
-6479
-6426
-6511
-6541
-6458
-6460
-6468
-6512
-6408
-6350
-6331
-6572
-6356
-6461
-6443
-6232
-6548
-6485
-6352
-6428
-6271
-6464
-6399
-6326
-6409
-6373
-6559
-6318
-6373
-6688
-6390
-6244
-6520
-6324
-6576
-6449
-6200
-6504
-6628
-6230
-6363
-6589
-6343
-6482
-6462
-6271
-6363
-6427
-6196
-6429
-6142
-6220
-6370
-6423
-6299
-6034
-6399
-6271
-6120
-6237
-6282
-6180
-6319
-6457
-6406
-6276
-6240
-6435
-6144
-6270
-6345
-6340
-6243
-6025
-6517
-6258
-6237
-6413
-6232
-6206
-6369
-6412
-6244
-6177
-6424
-6114
-6152
-6464
-6249
-6264
-6351
-6292
-6222
-6312
-6388
-6230
-6178
-6273
-6238
-6460
-6103
-6289
-6108
-6470
-6187
-6083
-6539
-6071
-6203
-6196
-6296
-6136
-6329
-6299
-6157
-6233
-6342
-6228
-6283
-6185
-6300
-6331
-6233
-6110
-6175
-6203
-6145
-6316
-6068
-6207
-6140
-6151
-6091
-6224
-6303
-6179
-6258
-6360
-6187
-6219
-6265
-6246
-6195
-6151
-6297
-6117
-6210
-6243
-6277
-6252
-6274
-6346
-6213
-6247
-6341
-6158
-6274
-6150
-6098
-6294
-6188
-6264
-6241
-6252
-6086
-6227
-6248
-6187
-6239
-6032
-6074
-6202
-6252
-6083
-5984
-6080
-6078
-6183
-6259
-6123
-6061
-6236
-6144
-6097
-6123
-6046
-6171
-5997
-6065
-6072
-6123
-6174
-6119
-6005
-5983
-6156
-5967
-6010
-6107
-6110
-5948
-6062
-6129
-5946
-6116
-6096
-5970
-6118
-5986
-6058
-6042
-5994
-6109
-5966
-5999
-5944
-6051
-6072
-5955
-5976
-6127
-5795
-6136
-6147
-6020
-6003
-5933
-6107
-5933
-6325
-5909
-5950
-5972
-5982
-5924
-6045
-6045
-5747
-6086
-5960
-5790
-5832
-5983
-5802
-6020
-5955
-5887
-6026
-6038
-6006
-5921
-6075
-5972
-5915
-6073
-5972
-5844
-6009
-6009
-5870
-5996
-6057
-5921
-6051
-5929
-5886
-6063
-6070
-5941
-6075
-6176
-5988
-6126
-6184
-5965
-5939
-6263
-6035
-5980
-6130
-5921
-5934
-6150
-6164
-5997
-6038
-6130
-6124
-6141
-6246
-6004
-6110
-6252
-6067
-6117
-6303
-6134
-6022
-6225
-6225
-6135
-6260
-6342
-6173
-6164
-6179
-6316
-6177
-6200
-6317
-6173
-6225
-6297
-6256
-6161
-6215
-6364
-6241
-6253
-6384
-6217
-6239
-6370
-6295
-6312
-6268
-6210
-6295
-6294
-6439
-6219
-6205
-6449
-6474
-6272
-6442
-6479
-6303
-6314
-6432
-6471
-6367
-6391
-6373
-6383
-6351
-6528
-6360
-6522
-6466
-6508
-6466
-6475
-6636
-6537
-6202
-6623
-6688
-6215
-6630
-6346
-6395
-6299
-6511
-6385
-6363
-6593
-6302
-6313
-6492
-6507
-6477
-6493
-6473
-6436
-6450
-6692
-6323
-6444
-6582
-6458
-6520
-6581
-6449
-6491
-6595
-6457
-6520
-6532
-6523
-6494
-6491
-6499
-6580
-6499
-6527
-6493
-6472
-6515
-6599
-6523
-6302
-6417
-6677
-6540
-6349
-6776
-6691
-6240
-6549
-6643
-6230
-6429
-6646
-6412
-6218
-6611
-6595
-6239
-6474
-6452
-6337
-6442
-6707
-6523
-6263
-6680
-6549
-6364
-6467
-6538
-6452
-6368
-6653
-6499
-6383
-6488
-6522
-6322
-6558
-6718
-6357
-6396
-6570
-6408
-6350
-6462
-6424
-6429
-6471
-6463
-6562
-6534
-6449
-6461
-6527
-6655
-6373
-6548
-6394
-6296
-6390
-6255
-6524
-6235
-6297
-6483
-6303
-6330
-6399
-6380
-6177
-6358
-6294
-6287
-6353
-6230
-6242
-6417
-6320
-6195
-6420
-6094
-6306
-6217
-6384
-6369
-6114
-6352
-6204
-6234
-6189
-6220
-6258
-6231
-6259
-6307
-6188
-6356
-6276
-6228
-6310
-6172
-6203
-6336
-6373
-6200
-6224
-6392
-6284
-6221
-6330
-6314
-6205
-6107
-6270
-6268
-6248
-6245
-6229
-6219
-6181
-6229
-6212
-6123
-6160
-6222
-6261
-6146
-6099
-6294
-6134
-6033
-6215
-6064
-6018
-6226
-6147
-6113
-6179
-6192
-6068
-6120
-6141
-6126
-6087
-6135
-6138
-6068
-6177
-6157
-6101
-6210
-6211
-6103
-6171
-6095
-6174
-6230
-6148
-6104
-6195
-6227
-6038
-6083
-6295
-6052
-6111
-6162
-6035
-6178
-6176
-6180
-6313
-6195
-6060
-6310
-6317
-6167
-6148
-6283
-6195
-6092
-6267
-6247
-6097
-6220
-6256
-6086
-6134
-6275
-5973
-6185
-6416
-6306
-6131
-6210
-6106
-6343
-6399
-6082
-6136
-6098
-6291
-6102
-6336
-6034
-6134
-6153
-6057
-6098
-6162
-6241
-6214
-6235
-6073
-6207
-6295
-6137
-5975
-6136
-6088
-6214
-6143
-6116
-6134
-6252
-6186
-6011
-6076
-6277
-6049
-6091
-6172
-6110
-6209
-6192
-6215
-6074
-6126
-6274
-6187
-6107
-6338
-6230
-6205
-6159
-6202
-6155
-6074
-6332
-6204
-6174
-6201
-6177
-6252
-6110
-6198
-6149
-6232
-6265
-6181
-6214
-6201
-6121
-6199
-6085
-6288
-6269
-5990
-6392
-6171
-6168
-6189
-6117
-6225
-6040
-6114
-6218
-6032
-6192
-6090
-6201
-6225
-6179
-6265
-6121
-6117
-6145
-6179
-6119
-6131
-6178
-6276
-6158
-6204
-6202
-6138
-6033
-6020
-6204
-6255
-6080
-6068
-6169
-6235
-6200
-6109
-6129
-6127
-6136
-6246
-6192
-6064
-6113
-6091
-6150
-6129
-6160
-6212
-6160
-6112
-6193
-6180
-6234
-6232
-6077
-6242
-6193
-6311
-6236
-5942
-6176
-6157
-6228
-6322
-6194
-6120
-6165
-6252
-6231
-6204
-6339
-6263
-6045
-6170
-6332
-6260
-6064
-6223
-6278
-6111
-6108
-6245
-6119
-6042
-6281
-6238
-6184
-6160
-6144
-6089
-6120
-6245
-6171
-6088
-6086
-6159
-5985
-6229
-6236
-5969
-6143
-6273
-6164
-6067
-6322
-6236
-6027
-6146
-6483
-6161
-6084
-6319
-6155
-5971
-6195
-6396
-5937
-6114
-6401
-6173
-6015
-6387
-6426
-5974
-6303
-6408
-5994
-6169
-6418
-6114
-6005
-6586
-6239
-5897
-6466
-6352
-5941
-6241
-6514
-6053
-6141
-6510
-6207
