04101810.PTO
COCE
2012/04/10 18:10:17.4499
100.0000 m/s  
4741 muestras
-9647
-9648
-9658
-9662
-9676
-9668
-9675
-9664
-9674
-9678
-9681
-9683
-9688
-9697
-9697
-9704
-9701
-9701
-9695
-9700
-9687
-9703
-9690
-9705
-9699
-9700
-9698
-9697
-9702
-9699
-9707
-9685
-9696
-9674
-9677
-9669
-9672
-9669
-9673
-9669
-9674
-9671
-9674
-9672
-9676
-9676
-9678
-9682
-9677
-9696
-9692
-9706
-9706
-9712
-9707
-9711
-9699
-9704
-9706
-9715
-9715
-9712
-9708
-9705
-9693
-9688
-9693
-9689
-9694
-9682
-9686
-9666
-9661
-9658
-9663
-9661
-9670
-9672
-9674
-9663
-9673
-9664
-9660
-9671
-9670
-9676
-9669
-9677
-9664
-9674
-9670
-9667
-9658
-9656
-9647
-9646
-9634
-9632
-9628
-9624
-9616
-9612
-9609
-9605
-9614
-9612
-9633
-9626
-9648
-9644
-9656
-9669
-9675
-9691
-9691
-9698
-9705
-9698
-9698
-9694
-9699
-9699
-9705
-9708
-9699
-9701
-9686
-9688
-9672
-9680
-9673
-9676
-9678
-9674
-9666
-9656
-9652
-9655
-9660
-9660
-9668
-9663
-9667
-9654
-9667
-9656
-9667
-9665
-9660
-9672
-9668
-9678
-9668
-9677
-9666
-9661
-9669
-9664
-9676
-9679
-9682
-9695
-9695
-9704
-9700
-9698
-9708
-9700
-9709
-9701
-9693
-9700
-9690
-9687
-9683
-9684
-9677
-9670
-9670
-9658
-9662
-9655
-9665
-9667
-9673
-9676
-9673
-9676
-9670
-9675
-9672
-9673
-9679
-9685
-9683
-9691
-9687
-9695
-9693
-9693
-9699
-9689
-9693
-9694
-9697
-9700
-9703
-9701
-9701
-9696
-9705
-9704
-9709
-9722
-9723
-9726
-9729
-9724
-9730
-9732
-9735
-9748
-9748
-9766
-9766
-9767
-9766
-9763
-9757
-9760
-9756
-9757
-9760
-9756
-9760
-9748
-9741
-9728
-9718
-9710
-9703
-9691
-9693
-9684
-9679
-9670
-9675
-9671
-9668
-9675
-9679
-9687
-9689
-9697
-9696
-9701
-9706
-9710
-9705
-9712
-9709
-9705
-9704
-9709
-9711
-9715
-9716
-9717
-9728
-9725
-9739
-9742
-9735
-9744
-9735
-9744
-9741
-9737
-9740
-9728
-9725
-9716
-9709
-9707
-9706
-9702
-9704
-9704
-9707
-9707
-9706
-9703
-9711
-9703
-9707
-9707
-9707
-9716
-9719
-9733
-9732
-9743
-9746
-9758
-9758
-9763
-9766
-9770
-9770
-9769
-9761
-9757
-9762
-9749
-9739
-9728
-9719
-9712
-9704
-9697
-9700
-9692
-9693
-9690
-9680
-9685
-9686
-9693
-9695
-9693
-9707
-9701
-9699
-9703
-9707
-9718
-9719
-9721
-9725
-9725
-9724
-9717
-9713
-9717
-9718
-9710
-9694
-9690
-9682
-9681
-9671
-9674
-9675
-9664
-9662
-9650
-9652
-9649
-9644
-9651
-9646
-9640
-9641
-9637
-9639
-9643
-9642
-9644
-9648
-9649
-9651
-9655
-9654
-9656
-9654
-9667
-9671
-9670
-9677
-9668
-9674
-9669
-9671
-9674
-9685
-9681
-9658
-9646
-9643
-9652
-9629
-9595
-9601
-9659
-9715
-9712
-9692
-9695
-9712
-9727
-9765
-9845
-9869
-9806
-9725
-9766
-9930
-10076
-10082
-9969
-9833
-9773
-9794
-9878
-10003
-10050
-9956
-9777
-9677
-9719
-9793
-9784
-9707
-9626
-9562
-9484
-9445
-9507
-9658
-9769
-9763
-9637
-9478
-9388
-9399
-9488
-9592
-9670
-9708
-9707
-9668
-9644
-9628
-9567
-9480
-9437
-9424
-9427
-9452
-9548
-9686
-9710
-9501
-9167
-8933
-8933
-9107
-9302
-9415
-9456
-9452
-9434
-9426
-9387
-9290
-9222
-9367
-9658
-9847
-9767
-9541
-9393
-9433
-9613
-9846
-9989
-9980
-9891
-9824
-9805
-9784
-9732
-9708
-9804
-9958
-10054
-10046
-9962
-9817
-9681
-9579
-9519
-9508
-9591
-9765
-9935
-10004
-9959
-9799
-9573
-9368
-9313
-9412
-9551
-9616
-9568
-9491
-9429
-9418
-9445
-9500
-9555
-9607
-9644
-9637
-9599
-9548
-9425
-9322
-9366
-9628
-9932
-10102
-10117
-10021
-9870
-9708
-9665
-9723
-9796
-9768
-9702
-9725
-9852
-9953
-9946
-9828
-9696
-9612
-9625
-9729
-9864
-9946
-9916
-9808
-9673
-9625
-9621
-9581
-9492
-9415
-9441
-9570
-9708
-9759
-9720
-9658
-9618
-9653
-9745
-9802
-9808
-9778
-9745
-9684
-9604
-9590
-9648
-9695
-9685
-9716
-9842
-9989
-10043
-9960
-9813
-9717
-9706
-9752
-9806
-9801
-9717
-9635
-9603
-9569
-9532
-9574
-9752
-9992
-10192
-10241
-10140
-9962
-9772
-9675
-9721
-9871
-10023
-10064
-9985
-9862
-9795
-9784
-9767
-9718
-9680
-9750
-9892
-9995
-9952
-9792
-9607
-9462
-9366
-9287
-9248
-9266
-9316
-9377
-9411
-9417
-9408
-9517
-9799
-10116
-10248
-10057
-9713
-9432
-9330
-9375
-9525
-9707
-9896
-10064
-10168
-10176
-10100
-10006
-10001
-10133
-10254
-10216
-10042
-9906
-9888
-9924
-9911
-9862
-9805
-9770
-9790
-9821
-9851
-9924
-10090
-10261
-10273
-10090
-9846
-9714
-9728
-9780
-9766
-9714
-9693
-9756
-9897
-10018
-10022
-9928
-9854
-9876
-9923
-9834
-9580
-9294
-9137
-9182
-9331
-9468
-9600
-9784
-9981
-10091
-10048
-9902
-9781
-9735
-9788
-9897
-10027
-10144
-10191
-10113
-9904
-9626
-9432
-9496
-9841
-10267
-10451
-10312
-10090
-10014
-10067
-10095
-10053
-10021
-10016
-10008
-9954
-9817
-9671
-9634
-9717
-9847
-9939
-9989
-9963
-9882
-9792
-9689
-9572
-9457
-9407
-9447
-9559
-9656
-9681
-9666
-9671
-9681
-9649
-9548
-9500
-9578
-9736
-9836
-9825
-9789
-9765
-9743
-9672
-9546
-9399
-9303
-9334
-9553
-9882
-10177
-10252
-10084
-9874
-9776
-9807
-9868
-9873
-9838
-9815
-9838
-9884
-9910
-9921
-9929
-10020
-10161
-10242
-10202
-10137
-10157
-10237
-10220
-10031
-9792
-9705
-9852
-10076
-10149
-10003
-9825
-9767
-9799
-9817
-9824
-9907
-10062
-10120
-9988
-9786
-9621
-9409
-9208
-9183
-9476
-9940
-10177
-10080
-9847
-9621
-9393
-9367
-9674
-9963
-9874
-9529
-9285
-9204
-9181
-9240
-9305
-9391
-9543
-9707
-9784
-9744
-9639
-9497
-9344
-9251
-9333
-9457
-9431
-9365
-9577
-9983
-10121
-9985
-9931
-9913
-9749
-9602
-9711
-9941
-10107
-10163
-10083
-9860
-9593
-9579
-9873
-10212
-10263
-9931
-9511
-9509
-9960
-10335
-10275
-9963
-9624
-9343
-9133
-9077
-9344
-9758
-10014
-9953
-9804
-9735
-9669
-9526
-9519
-9739
-9852
-9693
-9472
-9423
-9421
-9452
-9690
-10112
-10416
-10330
-9884
-9461
-9409
-9555
-9612
-9604
-9673
-9765
-9725
-9566
-9423
-9391
-9474
-9598
-9656
-9645
-9560
-9441
-9439
-9626
-9786
-9697
-9519
-9483
-9559
-9609
-9553
-9432
-9372
-9407
-9543
-9639
-9567
-9441
-9423
-9463
-9505
-9575
-9628
-9600
-9495
-9454
-9552
-9751
-9887
-9809
-9578
-9352
-9294
-9538
-9970
-10267
-10308
-10255
-10180
-10050
-9910
-9818
-9723
-9543
-9419
-9509
-9766
-9944
-9946
-9891
-9832
-9734
-9636
-9627
-9681
-9703
-9610
-9507
-9520
-9614
-9607
-9471
-9315
-9333
-9570
-9759
-9748
-9596
-9479
-9461
-9514
-9582
-9630
-9671
-9683
-9601
-9446
-9336
-9353
-9444
-9523
-9559
-9631
-9799
-9939
-9857
-9579
-9358
-9383
-9482
-9462
-9387
-9310
-9269
-9311
-9477
-9652
-9738
-9785
-9863
-9899
-9798
-9641
-9561
-9603
-9736
-9876
-9924
-9853
-9748
-9732
-9798
-9841
-9793
-9719
-9729
-9808
-9828
-9722
-9602
-9567
-9570
-9575
-9585
-9593
-9550
-9480
-9486
-9612
-9745
-9766
-9730
-9738
-9846
-9938
-9892
-9719
-9535
-9442
-9408
-9423
-9489
-9628
-9796
-9965
-10033
-9921
-9655
-9435
-9418
-9537
-9644
-9678
-9719
-9770
-9792
-9700
-9553
-9456
-9473
-9559
-9661
-9740
-9771
-9761
-9756
-9813
-9897
-9937
-9881
-9801
-9767
-9766
-9753
-9701
-9655
-9664
-9712
-9766
-9804
-9801
-9735
-9630
-9542
-9469
-9449
-9478
-9545
-9612
-9612
-9605
-9646
-9756
-9868
-9914
-9852
-9728
-9668
-9750
-9879
-9924
-9856
-9765
-9721
-9702
-9669
-9608
-9580
-9632
-9741
-9840
-9874
-9841
-9791
-9760
-9766
-9777
-9763
-9716
-9668
-9643
-9665
-9738
-9848
-9946
-10008
-10042
-10033
-9961
-9860
-9785
-9734
-9685
-9623
-9584
-9589
-9654
-9743
-9821
-9869
-9889
-9893
-9893
-9871
-9828
-9781
-9777
-9838
-9901
-9904
-9834
-9757
-9718
-9731
-9771
-9800
-9785
-9732
-9687
-9682
-9713
-9736
-9730
-9690
-9612
-9508
-9402
-9350
-9382
-9486
-9632
-9768
-9847
-9871
-9888
-9909
-9913
-9879
-9810
-9756
-9752
-9769
-9773
-9762
-9749
-9748
-9763
-9803
-9853
-9891
-9871
-9790
-9694
-9633
-9648
-9701
-9734
-9719
-9679
-9638
-9612
-9620
-9646
-9674
-9698
-9726
-9753
-9783
-9816
-9836
-9825
-9770
-9681
-9595
-9553
-9561
-9599
-9653
-9710
-9786
-9859
-9906
-9901
-9835
-9736
-9664
-9649
-9650
-9616
-9556
-9561
-9644
-9747
-9781
-9742
-9669
-9636
-9672
-9759
-9838
-9857
-9810
-9732
-9643
-9561
-9506
-9464
-9450
-9449
-9468
-9503
-9566
-9631
-9697
-9764
-9827
-9855
-9811
-9719
-9614
-9518
-9446
-9431
-9493
-9599
-9684
-9715
-9704
-9693
-9708
-9746
-9784
-9792
-9759
-9696
-9644
-9625
-9615
-9601
-9597
-9620
-9658
-9695
-9724
-9750
-9765
-9763
-9737
-9711
-9723
-9767
-9798
-9768
-9671
-9530
-9405
-9359
-9402
-9502
-9605
-9697
-9765
-9803
-9788
-9714
-9607
-9509
-9469
-9485
-9525
-9541
-9548
-9579
-9643
-9707
-9732
-9721
-9708
-9707
-9693
-9631
-9556
-9519
-9536
-9563
-9562
-9527
-9477
-9473
-9521
-9592
-9637
-9655
-9675
-9732
-9803
-9827
-9771
-9667
-9597
-9593
-9599
-9583
-9541
-9494
-9491
-9537
-9603
-9646
-9666
-9676
-9701
-9713
-9686
-9625
-9575
-9544
-9530
-9535
-9567
-9630
-9689
-9718
-9688
-9624
-9577
-9597
-9670
-9742
-9740
-9677
-9617
-9614
-9640
-9640
-9599
-9553
-9545
-9580
-9625
-9632
-9610
-9601
-9648
-9721
-9761
-9694
-9557
-9408
-9335
-9328
-9350
-9397
-9472
-9566
-9640
-9678
-9662
-9618
-9574
-9566
-9589
-9624
-9643
-9650
-9658
-9678
-9681
-9672
-9669
-9693
-9723
-9724
-9695
-9646
-9618
-9612
-9633
-9641
-9604
-9530
-9457
-9409
-9377
-9360
-9359
-9398
-9464
-9528
-9573
-9595
-9613
-9607
-9573
-9515
-9468
-9433
-9422
-9420
-9436
-9470
-9500
-9537
-9577
-9631
-9657
-9651
-9604
-9528
-9462
-9421
-9397
-9399
-9411
-9429
-9449
-9459
-9457
-9457
-9475
-9512
-9580
-9650
-9709
-9726
-9697
-9622
-9538
-9484
-9472
-9489
-9507
-9512
-9506
-9514
-9567
-9635
-9681
-9694
-9654
-9601
-9539
-9490
-9436
-9387
-9358
-9351
-9379
-9408
-9441
-9465
-9486
-9505
-9516
-9539
-9556
-9559
-9530
-9488
-9461
-9461
-9473
-9468
-9434
-9388
-9374
-9398
-9453
-9491
-9499
-9491
-9509
-9547
-9577
-9557
-9480
-9396
-9344
-9338
-9353
-9390
-9431
-9469
-9506
-9524
-9530
-9517
-9508
-9505
-9504
-9491
-9462
-9428
-9392
-9378
-9389
-9418
-9447
-9472
-9487
-9507
-9507
-9489
-9467
-9477
-9503
-9518
-9505
-9461
-9416
-9364
-9319
-9298
-9327
-9389
-9455
-9508
-9546
-9560
-9558
-9545
-9519
-9474
-9412
-9354
-9325
-9329
-9333
-9331
-9336
-9376
-9447
-9521
-9549
-9521
-9476
-9444
-9441
-9448
-9453
-9444
-9443
-9449
-9459
-9461
-9445
-9441
-9457
-9491
-9524
-9538
-9535
-9528
-9495
-9436
-9364
-9316
-9299
-9308
-9314
-9287
-9260
-9265
-9327
-9425
-9513
-9543
-9533
-9519
-9513
-9497
-9451
-9389
-9346
-9356
-9426
-9508
-9543
-9525
-9483
-9457
-9450
-9458
-9449
-9433
-9416
-9397
-9373
-9346
-9334
-9335
-9343
-9355
-9367
-9397
-9436
-9490
-9535
-9554
-9557
-9560
-9585
-9593
-9544
-9447
-9363
-9329
-9353
-9401
-9438
-9447
-9459
-9486
-9540
-9573
-9551
-9482
-9417
-9403
-9410
-9404
-9372
-9354
-9365
-9409
-9457
-9495
-9507
-9508
-9510
-9520
-9513
-9492
-9478
-9481
-9494
-9487
-9436
-9369
-9326
-9326
-9357
-9394
-9427
-9460
-9501
-9537
-9556
-9535
-9499
-9471
-9467
-9476
-9455
-9413
-9388
-9389
-9429
-9486
-9543
-9596
-9621
-9611
-9564
-9505
-9456
-9432
-9431
-9447
-9444
-9428
-9416
-9414
-9422
-9413
-9404
-9417
-9445
-9484
-9516
-9522
-9502
-9480
-9465
-9455
-9453
-9446
-9438
-9432
-9440
-9466
-9499
-9524
-9541
-9549
-9557
-9553
-9524
-9468
-9404
-9350
-9318
-9312
-9338
-9393
-9439
-9463
-9468
-9471
-9490
-9526
-9561
-9571
-9553
-9532
-9523
-9528
-9541
-9548
-9537
-9520
-9508
-9502
-9505
-9502
-9495
-9509
-9542
-9570
-9577
-9549
-9496
-9426
-9358
-9328
-9336
-9371
-9407
-9434
-9443
-9461
-9479
-9491
-9486
-9465
-9458
-9460
-9462
-9439
-9402
-9366
-9354
-9374
-9422
-9464
-9481
-9474
-9456
-9445
-9434
-9423
-9416
-9419
-9422
-9423
-9411
-9395
-9370
-9354
-9353
-9373
-9403
-9438
-9468
-9487
-9503
-9511
-9499
-9463
-9422
-9385
-9367
-9359
-9361
-9362
-9377
-9407
-9454
-9505
-9543
-9549
-9525
-9498
-9464
-9448
-9439
-9439
-9421
-9404
-9394
-9397
-9403
-9398
-9399
-9394
-9404
-9414
-9417
-9393
-9352
-9304
-9284
-9294
-9308
-9297
-9264
-9234
-9227
-9248
-9286
-9337
-9378
-9413
-9418
-9400
-9361
-9317
-9287
-9273
-9263
-9260
-9273
-9308
-9358
-9390
-9390
-9382
-9389
-9409
-9430
-9422
-9395
-9360
-9343
-9338
-9342
-9322
-9291
-9285
-9306
-9348
-9376
-9374
-9360
-9359
-9371
-9398
-9407
-9402
-9370
-9324
-9276
-9242
-9225
-9231
-9262
-9299
-9320
-9321
-9318
-9327
-9345
-9333
-9300
-9260
-9239
-9230
-9235
-9234
-9227
-9246
-9294
-9360
-9402
-9401
-9365
-9337
-9344
-9367
-9375
-9367
-9341
-9323
-9314
-9305
-9282
-9251
-9240
-9254
-9297
-9331
-9345
-9342
-9355
-9372
-9371
-9343
-9296
-9274
-9274
-9284
-9273
-9256
-9255
-9287
-9338
-9389
-9414
-9398
-9356
-9312
-9284
-9254
-9226
-9205
-9208
-9229
-9240
-9238
-9217
-9199
-9189
-9195
-9214
-9237
-9260
-9266
-9261
-9242
-9230
-9238
-9256
-9279
-9287
-9284
-9289
-9317
-9368
-9416
-9450
-9451
-9437
-9417
-9393
-9357
-9297
-9242
-9209
-9215
-9250
-9275
-9280
-9266
-9261
-9273
-9290
-9303
-9299
-9285
-9257
-9235
-9224
-9218
-9222
-9237
-9254
-9269
-9282
-9290
-9293
-9299
-9308
-9322
-9344
-9373
-9394
-9384
-9344
-9282
-9235
-9217
-9220
-9239
-9257
-9278
-9309
-9341
-9361
-9357
-9339
-9310
-9294
-9294
-9308
-9309
-9302
-9290
-9286
-9300
-9340
-9378
-9403
-9412
-9395
-9371
-9338
-9333
-9334
-9343
-9341
-9343
-9341
-9340
-9333
-9319
-9316
-9330
-9367
-9406
-9428
-9419
-9405
-9385
-9384
-9374
-9356
-9320
-9281
-9256
-9246
-9254
-9266
-9288
-9314
-9342
-9352
-9347
-9320
-9294
-9277
-9268
-9270
-9283
-9291
-9292
-9304
-9324
-9354
-9370
-9383
-9396
-9412
-9427
-9434
-9422
-9400
-9359
-9329
-9314
-9323
-9331
-9321
-9306
-9294
-9307
-9320
-9352
-9376
-9402
-9418
-9430
-9424
-9402
-9357
-9314
-9296
-9306
-9347
-9384
-9409
-9416
-9413
-9412
-9412
-9408
-9397
-9366
-9334
-9298
-9268
-9241
-9230
-9230
-9243
-9261
-9275
-9298
-9323
-9350
-9365
-9374
-9376
-9398
-9417
-9422
-9408
-9380
-9353
-9348
-9367
-9382
-9395
-9414
-9446
-9474
-9502
-9505
-9492
-9467
-9439
-9416
-9380
-9344
-9313
-9301
-9310
-9335
-9363
-9385
-9407
-9421
-9414
-9385
-9352
-9331
-9327
-9330
-9323
-9312
-9303
-9293
-9289
-9289
-9287
-9287
-9298
-9325
-9350
-9357
-9331
-9300
-9274
-9275
-9275
-9271
-9262
-9247
-9248
-9252
-9273
-9298
-9327
-9367
-9413
-9430
-9418
-9377
-9342
-9327
-9329
-9324
-9313
-9307
-9317
-9351
-9374
-9384
-9369
-9364
-9377
-9411
-9425
-9412
-9379
-9354
-9354
-9358
-9364
-9348
-9336
-9319
-9312
-9317
-9335
-9358
-9369
-9378
-9378
-9363
-9330
-9306
-9277
-9255
-9224
-9207
-9221
-9246
-9278
-9285
-9286
-9283
-9297
-9315
-9320
-9300
-9273
-9254
-9255
-9267
-9275
-9277
-9281
-9305
-9332
-9366
-9369
-9352
-9322
-9312
-9331
-9350
-9359
-9342
-9303
-9257
-9224
-9205
-9205
-9218
-9251
-9282
-9302
-9322
-9337
-9349
-9354
-9348
-9334
-9318
-9308
-9297
-9291
-9277
-9277
-9289
-9317
-9341
-9352
-9351
-9327
-9314
-9293
-9284
-9260
-9248
-9224
-9224
-9231
-9239
-9252
-9256
-9267
-9277
-9296
-9310
-9330
-9339
-9342
-9328
-9321
-9301
-9290
-9270
-9251
-9231
-9216
-9210
-9227
-9253
-9279
-9308
-9317
-9320
-9296
-9272
-9230
-9206
-9193
-9207
-9224
-9230
-9231
-9232
-9242
-9254
-9264
-9276
-9288
-9291
-9293
-9270
-9246
-9216
-9196
-9186
-9189
-9203
-9204
-9200
-9191
-9184
-9193
-9204
-9207
-9212
-9218
-9224
-9218
-9202
-9169
-9136
-9113
-9119
-9146
-9171
-9190
-9206
-9211
-9229
-9242
-9245
-9237
-9214
-9194
-9163
-9161
-9154
-9162
-9164
-9175
-9193
-9217
-9246
-9262
-9267
-9258
-9254
-9256
-9270
-9272
-9271
-9253
-9241
-9223
-9219
-9212
-9218
-9217
-9225
-9229
-9237
-9247
-9242
-9236
-9213
-9203
-9182
-9176
-9153
-9140
-9120
-9115
-9134
-9171
-9209
-9230
-9231
-9216
-9203
-9178
-9163
-9143
-9142
-9144
-9150
-9150
-9142
-9133
-9136
-9155
-9178
-9195
-9197
-9196
-9197
-9199
-9196
-9188
-9174
-9170
-9173
-9177
-9175
-9172
-9167
-9176
-9193
-9216
-9230
-9234
-9242
-9235
-9222
-9192
-9164
-9141
-9127
-9127
-9129
-9136
-9147
-9164
-9181
-9197
-9194
-9191
-9184
-9187
-9192
-9182
-9159
-9140
-9141
-9153
-9179
-9183
-9170
-9153
-9146
-9165
-9180
-9192
-9197
-9203
-9206
-9199
-9179
-9137
-9107
-9091
-9111
-9146
-9175
-9182
-9182
-9188
-9202
-9220
-9231
-9233
-9223
-9197
-9161
-9129
-9112
-9116
-9119
-9132
-9133
-9139
-9152
-9170
-9168
-9149
-9126
-9122
-9135
-9162
-9170
-9163
-9145
-9133
-9141
-9154
-9170
-9173
-9189
-9212
-9247
-9265
-9272
-9256
-9240
-9220
-9208
-9191
-9167
-9157
-9150
-9149
-9156
-9179
-9190
-9207
-9204
-9196
-9175
-9158
-9143
-9131
-9123
-9114
-9110
-9107
-9113
-9123
-9141
-9144
-9159
-9161
-9181
-9194
-9188
-9184
-9176
-9177
-9174
-9180
-9171
-9165
-9151
-9143
-9133
-9136
-9156
-9183
-9212
-9229
-9228
-9203
-9176
-9150
-9132
-9120
-9109
-9110
-9125
-9141
-9161
-9169
-9183
-9184
-9198
-9215
-9228
-9217
-9204
-9193
-9189
-9187
-9189
-9205
-9214
-9232
-9237
-9239
-9239
-9240
-9232
-9246
-9240
-9235
-9224
-9215
-9206
-9182
-9150
-9131
-9132
-9152
-9188
-9199
-9222
-9224
-9234
-9248
-9257
-9262
-9258
-9241
-9229
-9226
-9226
-9226
-9225
-9234
-9250
-9272
-9285
-9284
-9271
-9255
-9247
-9250
-9255
-9262
-9253
-9226
-9202
-9189
-9192
-9212
-9220
-9227
-9225
-9226
-9246
-9261
-9281
-9286
-9291
-9294
-9291
-9278
-9257
-9251
-9245
-9260
-9290
-9331
-9357
-9370
-9377
-9367
-9367
-9345
-9326
-9300
-9284
-9286
-9281
-9285
-9286
-9285
-9279
-9279
-9282
-9297
-9303
-9315
-9321
-9313
-9309
-9299
-9290
-9276
-9267
-9262
-9271
-9271
-9276
-9285
-9291
-9321
-9348
-9369
-9379
-9357
-9349
-9338
-9326
-9322
-9305
-9298
-9294
-9305
-9314
-9317
-9321
-9331
-9339
-9347
-9348
-9329
-9305
-9280
-9266
-9262
-9262
-9277
-9284
-9294
-9311
-9314
-9328
-9330
-9351
-9372
-9381
-9382
-9378
-9369
-9370
-9355
-9322
-9309
-9292
-9306
-9324
-9341
-9341
-9341
-9336
-9341
-9345
-9346
-9332
-9306
-9289
-9274
-9274
-9266
-9276
-9282
-9306
-9331
-9343
-9350
-9342
-9340
-9331
-9330
-9327
-9317
-9313
-9298
-9294
-9271
-9275
-9277
-9288
-9301
-9310
-9320
-9317
-9338
-9338
-9345
-9330
-9319
-9310
-9309
-9308
-9292
-9277
-9273
-9288
-9322
-9352
-9358
-9363
-9350
-9344
-9325
-9311
-9299
-9293
-9289
-9281
-9274
-9263
-9268
-9278
-9299
-9311
-9317
-9309
-9303
-9302
-9305
-9299
-9297
-9285
-9277
-9280
-9276
-9276
-9271
-9283
-9290
-9308
-9329
-9342
-9353
-9352
-9346
-9331
-9315
-9299
-9284
-9279
-9276
-9283
-9294
-9302
-9300
-9292
-9284
-9271
-9274
-9282
-9276
-9256
-9221
-9194
-9189
-9195
-9220
-9238
-9252
-9264
-9280
-9295
-9324
-9340
-9359
-9376
-9389
-9404
-9383
-9362
-9336
-9318
-9312
-9306
-9294
-9294
-9282
-9273
-9257
-9246
-9246
-9244
-9243
-9231
-9210
-9188
-9182
-9182
-9205
-9223
-9249
-9272
-9302
-9323
-9337
-9339
-9337
-9329
-9332
-9346
-9344
-9337
-9313
-9306
-9291
-9292
-9290
-9292
-9295
-9300
-9307
-9305
-9305
-9292
-9286
-9277
-9267
-9264
-9254
-9245
-9232
-9216
-9224
-9229
-9266
-9284
-9309
-9311
-9298
-9294
-9274
-9284
-9262
-9265
-9253
-9247
-9254
-9254
-9261
-9263
-9272
-9283
-9291
-9302
-9293
-9274
-9262
-9238
-9240
-9232
-9233
-9223
-9218
-9218
-9215
-9229
-9228
-9238
-9244
-9258
-9269
-9264
-9260
-9244
-9231
-9215
-9203
-9207
-9208
-9213
-9221
-9237
-9256
-9272
-9283
-9280
-9274
-9273
-9268
-9256
-9243
-9216
-9201
-9198
-9203
-9211
-9212
-9212
-9206
-9210
-9215
-9223
-9229
-9237
-9246
-9242
-9224
-9195
-9178
-9175
-9180
-9196
-9196
-9195
-9200
-9190
-9194
-9189
-9199
-9202
-9202
-9199
-9183
-9167
-9137
-9120
-9120
-9129
-9138
-9144
-9160
-9185
-9203
-9206
-9187
-9176
-9175
-9182
-9180
-9167
-9153
-9135
-9117
-9114
-9110
-9117
-9127
-9135
-9150
-9156
-9164
-9153
-9149
-9139
-9136
-9133
-9125
-9120
-9104
-9105
-9114
-9127
-9141
-9165
-9192
-9197
-9188
-9167
-9152
-9146
-9139
-9133
-9124
-9119
-9117
-9117
-9129
-9128
-9133
-9139
-9141
-9157
-9152
-9152
-9126
-9115
-9111
-9100
-9094
-9086
-9095
-9095
-9103
-9101
-9102
-9111
-9122
-9151
-9165
-9168
-9163
-9138
-9137
-9130
-9124
-9115
-9099
-9102
-9103
-9115
-9125
-9123
-9119
-9119
-9128
-9128
-9119
-9108
-9097
-9075
-9070
-9072
-9077
-9102
-9109
-9119
-9121
-9129
-9147
-9156
-9162
-9169
-9167
-9160
-9166
-9151
-9136
-9122
-9109
-9118
-9121
-9128
-9134
-9127
-9129
-9127
-9133
-9146
-9139
-9129
-9117
-9098
-9086
-9079
-9078
-9079
-9100
-9121
-9144
-9147
-9151
-9154
-9142
-9149
-9152
-9152
-9152
-9161
-9146
-9126
-9114
-9107
-9110
-9122
-9135
-9135
-9134
-9142
-9147
-9153
-9148
-9135
-9117
-9112
-9111
-9109
-9097
-9096
-9108
-9116
-9139
-9163
-9178
-9170
-9186
-9170
-9158
-9149
-9134
-9106
-9103
-9105
-9092
-9101
-9105
-9113
-9110
-9119
-9132
-9141
-9151
-9161
-9147
-9139
-9125
-9122
-9116
-9115
-9120
-9113
-9109
-9122
-9127
-9140
-9150
-9148
-9145
-9144
-9141
-9121
-9104
-9101
-9107
-9106
-9120
-9114
-9112
-9125
-9134
-9145
-9160
-9173
-9186
-9192
-9202
-9189
-9170
-9156
-9129
-9132
-9141
-9156
-9164
-9165
-9166
-9158
-9154
-9143
-9139
-9142
-9147
-9154
-9149
-9129
-9109
-9091
-9081
-9086
-9106
-9121
-9128
-9142
-9137
-9142
-9148
-9156
-9151
-9142
-9135
-9122
-9112
-9115
-9114
-9120
-9131
-9131
-9147
-9146
-9150
-9142
-9148
-9152
-9150
-9142
-9134
-9131
-9124
-9119
-9113
-9124
-9122
-9132
-9135
-9135
-9143
-9151
-9148
-9153
-9152
-9147
-9144
-9149
-9156
-9140
-9136
-9120
-9114
-9123
-9141
-9156
-9174
-9175
-9165
-9160
-9142
-9127
-9110
-9100
-9099
-9102
-9107
-9113
-9117
-9129
-9135
-9149
-9165
-9165
-9173
-9173
-9172
-9167
-9155
-9137
-9139
-9136
-9141
-9145
-9146
-9148
-9148
-9165
-9167
-9178
-9185
-9194
-9190
-9187
-9176
-9170
-9176
-9180
-9186
-9192
-9194
-9186
-9190
-9191
-9189
-9179
-9171
-9157
-9160
-9147
-9122
-9106
-9091
-9085
-9101
-9112
-9121
-9127
-9128
-9137
-9134
-9150
-9156
-9166
-9173
-9188
-9174
-9180
-9180
-9163
-9178
-9173
-9193
-9203
-9212
-9210
-9210
-9191
-9200
-9198
-9196
-9185
-9159
-9140
-9115
-9111
-9115
-9108
-9111
-9125
-9123
-9148
-9159
-9170
-9164
-9176
-9171
-9183
-9174
-9186
-9162
-9163
-9164
-9163
-9197
-9185
-9202
-9190
-9189
-9195
-9198
-9184
-9193
-9166
-9167
-9146
-9138
-9128
-9112
-9118
-9113
-9113
-9130
-9148
-9152
-9172
-9159
-9147
-9140
-9144
-9143
-9144
-9130
-9134
-9112
-9131
-9134
-9137
-9159
-9165
-9188
-9195
-9201
-9201
-9186
-9179
-9180
-9169
-9169
-9173
-9177
-9178
-9184
-9173
-9177
-9169
-9180
-9180
-9172
-9174
-9146
-9130
-9119
-9093
-9087
-9083
-9082
-9089
-9090
-9093
-9089
-9086
-9103
-9100
-9102
-9121
-9112
-9117
-9111
-9103
-9104
-9107
-9113
-9127
-9126
-9149
-9151
-9154
-9163
-9165
-9173
-9175
-9156
-9154
-9134
-9122
-9121
-9082
-9078
-9059
-9059
-9065
-9075
-9070
-9076
-9069
-9080
-9070
-9071
-9065
-9052
-9050
-9049
-9042
-9045
-9044
-9042
-9074
-9074
-9107
-9115
-9112
-9111
-9101
-9102
-9121
-9117
-9126
-9102
-9091
-9087
-9083
-9092
-9104
-9095
-9101
-9101
-9097
-9109
-9095
-9099
-9085
-9080
-9067
-9066
-9055
-9062
-9045
-9065
-9070
-9077
-9093
-9097
-9106
-9102
-9096
-9088
-9071
-9070
-9063
-9062
-9076
-9078
-9097
-9091
-9095
-9091
-9115
-9103
-9127
-9107
-9098
-9085
-9064
-9062
-9056
-9055
-9049
-9048
-9047
-9056
-9044
-9065
-9055
-9075
-9077
-9078
-9076
-9076
-9068
-9068
-9058
-9046
-9048
-9042
-9044
-9047
-9045
-9063
-9062
-9070
-9078
-9058
-9072
-9048
-9045
-9030
-9015
-8998
-8998
-8994
-9007
-9018
-9025
-9043
-9040
-9059
-9057
-9067
-9071
-9062
-9061
-9053
-9042
-9039
-9028
-9019
-9025
-9023
-9033
-9031
-9025
-9019
-9010
-9015
-9009
-9003
-9003
-8997
-8991
-8991
-8979
-8987
-8986
-9003
-9011
-9021
-9033
-9043
-9048
-9046
-9036
-9034
-9042
-9040
-9052
-9054
-9052
-9044
-9038
-9036
-9047
-9047
-9064
-9060
-9070
-9070
-9055
-9050
-9040
-9035
-9031
-9030
-9022
-9016
-9021
-9031
-9034
-9040
-9037
-9044
-9047
-9040
-9039
-9029
-9027
-9022
-9017
-9021
-9010
-9014
-9015
-9026
-9044
-9060
-9072
-9083
-9081
-9076
-9066
-9051
-9037
-9034
-9025
-9019
-9016
-9013
-9022
-9016
-9023
-9027
-9023
-9036
-9040
-9042
-9046
-9033
-9014
-8994
-8981
-8973
-8973
-8967
-8975
-8976
-8996
-9002
-9008
-9007
-9020
-9025
-9030
-9039
-9027
-9021
-9008
-9003
-8995
-9006
-9008
-9024
-9023
-9035
-9031
-9029
-9027
-9026
-9019
-9017
-9014
-9003
-9010
-9000
-9010
-9006
-9014
-9026
-9029
-9037
-9035
-9027
-9028
-9023
-9028
-9029
-9011
-8997
-8979
-8963
-8959
-8960
-8957
-8960
-8958
-8968
-8969
-8974
-8975
-8975
-8974
-8970
-8976
-8977
-8983
-8979
-8987
-8983
-8997
-8998
-9018
-9022
-9036
-9047
-9044
-9035
-9012
-9014
-8994
-9000
-8986
-8989
-8972
-8972
-8951
-8949
-8958
-8971
-8983
-8995
-9009
-9009
-9010
-9002
-9006
-8993
-9004
-8983
-8999
-8985
-9000
-9011
-9018
-9041
-9049
-9061
-9056
-9056
-9046
-9033
-9017
-9010
-8993
-8983
-8974
-8974
-8958
-8973
-8966
-8971
-8985
-8994
-9016
-9015
-9023
-9013
-9003
-8988
-8975
-8978
-8981
-8984
-8989
-8993
-9012
-9009
-9022
-9020
-9021
-9033
-9034
-9049
-9038
-9037
-9023
-9014
-9006
-9007
-9010
-9017
-9029
-9034
-9043
-9042
-9040
-9032
-9024
-9017
-9010
-9000
-9000
-8992
-8985
-8979
-8975
-8977
-8978
-8987
-8990
-8991
-8991
-8995
-8997
-9000
-8998
-8986
-8985
-8975
-8977
-8983
-8991
-9000
-9004
-9001
-9005
-9003
-9000
-8997
-8988
-8995
-8992
-8983
-8967
-8957
-8942
-8936
-8929
-8939
-8942
-8952
-8960
-8955
-8958
-8957
-8953
-8948
-8946
-8945
-8943
-8930
-8940
-8932
-8941
-8945
-8953
-8963
-8976
-8981
-8984
-8990
-8985
-8987
-8973
-8966
-8956
-8953
-8950
-8952
-8950
-8947
-8938
-8942
-8948
-8959
-8971
-8969
-8970
-8963
-8961
-8956
-8941
-8930
-8929
-8923
-8925
-8927
-8926
-8927
-8921
-8929
-8928
-8930
-8931
-8923
-8919
-8917
-8914
-8914
-8914
-8915
-8924
-8922
-8934
-8942
-8954
-8964
-8973
-8968
-8969
-8964
-8955
-8946
-8930
-8925
-8917
-8920
-8922
-8923
-8915
-8901
-8891
-8890
-8892
-8902
-8900
-8904
-8908
-8905
-8905
-8904
-8893
-8891
-8894
-8905
-8922
-8920
-8934
-8931
-8935
-8943
-8942
-8945
-8944
-8944
-8937
-8929
-8923
-8921
-8927
-8931
-8935
-8941
-8942
-8944
-8934
-8930
-8917
-8912
-8909
-8907
-8906
-8901
-8897
-8894
-8898
-8900
-8908
-8920
-8922
-8927
-8930
-8927
-8920
-8915
-8917
-8911
-8921
-8923
-8918
-8913
-8907
-8910
-8914
-8924
-8940
-8941
-8942
-8937
-8926
-8913
-8908
-8901
-8896
-8909
-8898
-8897
-8893
-8900
-8901
-8905
-8910
-8914
-8912
-8917
-8915
-8916
-8916
-8911
-8914
-8911
-8922
-8922
-8935
-8943
-8959
-8968
-8982
-8980
-8982
-8977
-8974
-8954
-8945
-8935
-8918
-8923
-8911
-8924
-8914
-8925
-8924
-8934
-8943
-8946
-8946
-8935
-8932
-8924
-8913
-8913
-8902
-8900
-8900
-8896
-8906
-8901
-8910
-8906
-8901
-8896
-8905
-8902
-8905
-8902
-8899
-8897
-8904
-8904
-8908
-8919
-8924
-8940
-8951
-8965
-8969
-8979
-8982
-8985
-8984
-8984
-8971
-8971
-8961
-8954
-8945
-8938
-8940
-8943
-8950
-8958
-8961
-8960
-8968
-8969
-8971
-8972
-8968
-8963
-8960
-8951
-8961
-8954
-8965
-8968
-8966
-8973
-8970
-8978
-8977
-8974
-8971
-8958
-8957
-8956
-8958
-8964
-8972
-8973
-8974
-8985
-8977
-8994
-9000
-9022
-9029
-9030
-9032
-9012
-8998
-8982
-8961
-8964
-8957
-8953
-8952
-8954
-8958
-8959
-8973
-8973
-8990
-8987
-8992
-8988
-8999
-9006
-9002
-8999
-9000
-8998
-9008
-9013
-9023
-9019
-9017
-9011
-8995
-8994
-8974
-8970
-8956
-8952
-8947
-8950
-8942
-8943
-8938
-8944
-8953
-8972
-8978
-8992
-8986
-8980
-8977
-8976
-8987
-8972
-8978
-8961
-8962
-8961
-8968
-8969
-8974
-8965
-8955
-8945
-8941
-8940
-8943
-8943
-8937
-8929
-8920
-8913
-8908
-8921
-8925
-8941
-8954
-8972
-8972
-8973
-8963
-8963
-8959
-8957
-8956
-8945
-8946
-8944
-8937
-8928
-8921
-8910
-8905
-8906
-8912
-8921
-8924
-8914
-8917
-8899
-8900
-8897
-8894
-8898
-8898
-8902
-8913
-8925
-8941
-8953
-8956
-8964
-8958
-8956
-8955
-8950
-8942
-8940
-8924
-8922
-8908
-8901
-8906
-8894
-8897
-8904
-8907
-8911
-8907
-8901
-8889
-8883
-8874
-8864
-8862
-8864
-8879
-8890
-8903
-8905
-8910
-8913
-8916
-8925
-8931
-8929
-8928
-8913
-8910
-8896
-8886
-8882
-8865
-8864
-8855
-8857
-8862
-8861
-8861
-8863
-8857
-8856
-8847
-8856
-8851
-8856
-8857
-8859
-8869
-8866
-8876
-8879
-8891
-8900
-8908
-8917
-8922
-8920
-8918
-8920
-8915
-8903
-8894
-8884
-8879
-8878
-8885
-8894
-8899
-8897
-8899
-8891
-8890
-8883
-8875
-8862
-8855
-8856
-8846
-8845
-8850
-8853
-8861
-8875
-8873
-8883
-8885
-8896
-8901
-8909
-8918
-8924
-8918
-8913
-8910
-8898
-8891
-8879
-8881
-8885
-8889
-8894
-8895
-8893
-8897
-8897
-8900
-8899
-8903
-8912
-8913
-8919
-8921
-8924
-8921
-8919
-8919
-8925
-8931
-8931
-8940
-8937
-8935
-8925
-8913
-8905
-8903
-8901
-8899
-8899
-8896
-8893
-8898
-8898
-8905
-8913
-8909
-8912
-8901
-8895
-8889
-8882
-8877
-8882
-8887
-8893
-8899
-8907
-8914
-8920
-8922
-8926
-8927
-8922
-8933
-8930
-8930
-8928
-8928
-8928
-8925
-8926
-8925
-8932
-8934
-8935
-8939
-8936
-8932
-8926
-8923
-8912
-8899
-8891
-8880
-8883
-8881
-8881
-8885
-8888
-8893
-8896
-8905
-8909
-8908
-8915
-8912
-8908
-8902
-8908
-8904
-8903
-8906
-8904
-8910
-8912
-8924
-8926
-8922
-8914
-8910
-8907
-8899
-8895
-8891
-8889
-8880
-8877
-8872
-8875
-8882
-8883
-8892
-8896
-8899
-8890
-8880
-8875
-8869
-8864
-8851
-8840
-8830
-8812
-8816
-8814
-8814
-8819
-8819
-8817
-8817
-8826
-8834
-8846
-8849
-8860
-8864
-8868
-8858
-8848
-8841
-8831
-8823
-8826
-8826
-8828
-8826
-8823
-8819
-8810
-8799
-8790
-8796
-8793
-8796
-8798
-8799
-8792
-8799
-8806
-8817
-8829
-8836
-8846
-8851
-8851
-8844
-8850
-8842
-8841
-8835
-8826
-8820
-8815
-8821
-8829
-8831
-8833
-8828
-8830
-8829
-8830
-8830
-8821
-8822
-8814
-8809
-8806
-8804
-8806
-8807
-8811
-8814
-8818
-8818
-8827
-8828
-8829
-8826
-8820
-8818
-8814
-8813
-8809
-8814
-8809
-8827
-8836
-8845
-8847
-8850
-8852
-8851
-8848
-8842
-8833
-8816
-8806
-8794
-8797
-8800
-8808
-8804
-8806
-8798
-8796
-8790
-8795
-8797
-8799
-8802
-8798
-8793
-8788
-8787
-8782
-8780
-8784
-8786
-8797
-8812
-8826
-8843
-8840
-8852
-8840
-8846
-8840
-8846
-8855
-8856
-8866
-8856
-8857
-8852
-8854
-8866
-8872
-8879
-8882
-8878
-8870
-8858
-8855
-8850
-8850
-8846
-8845
-8843
-8836
-8835
-8828
-8823
-8822
-8814
-8812
-8811
-8810
-8815
-8816
-8822
-8819
-8825
-8822
-8827
-8840
-8846
-8858
-8867
-8882
-8888
-8901
-8901
-8911
-8914
-8917
-8913
-8901
-8888
-8880
-8872
-8862
-8871
