04111632.PTO
MINE
2012/04/11 16:32:41.7603
100.0000 m/s  
7655 muestras
187
186
189
219
217
227
219
230
221
241
237
228
212
189
157
159
176
189
205
194
190
172
189
199
209
204
208
193
201
194
221
235
235
231
204
197
202
230
222
245
224
219
208
210
211
228
222
211
193
193
197
197
217
214
208
198
219
210
229
221
221
190
175
154
164
181
209
225
232
233
224
231
223
231
193
186
162
171
175
208
217
237
231
217
213
212
241
238
236
219
211
198
211
223
228
222
211
191
172
175
177
188
184
195
165
177
181
217
213
219
185
165
155
167
177
200
211
205
211
205
219
215
237
219
206
187
204
218
216
237
237
245
218
207
207
223
218
227
205
214
194
217
216
231
213
207
195
191
186
193
210
197
195
177
185
195
232
217
213
185
186
165
192
206
221
228
237
233
216
232
242
247
225
215
201
205
218
242
247
248
237
215
200
195
197
185
193
175
178
154
179
197
210
207
202
173
177
187
197
204
196
195
192
210
200
235
239
252
225
217
206
215
231
233
214
201
185
175
194
203
216
195
209
180
183
179
206
211
217
213
196
196
198
215
201
196
184
188
179
201
197
215
199
192
180
182
198
225
235
227
208
195
191
193
204
204
223
221
220
221
245
258
263
251
227
213
199
211
207
219
201
214
177
198
193
215
219
217
196
197
183
191
194
195
183
165
169
159
182
190
197
175
173
168
169
194
232
248
249
250
238
241
241
266
257
265
233
243
237
251
249
246
227
216
187
184
189
201
202
191
186
167
173
179
191
174
193
173
166
164
173
182
187
197
165
175
183
203
193
208
193
195
180
202
209
239
271
285
274
253
250
247
255
226
209
183
177
170
195
206
225
205
203
180
168
177
201
209
204
202
191
213
218
244
229
231
214
201
195
201
210
215
211
209
202
195
234
233
242
221
207
189
201
217
233
223
233
220
208
225
222
223
202
209
187
185
203
250
249
242
221
203
182
177
189
197
212
207
208
198
209
219
247
244
234
207
209
200
213
219
213
211
198
190
181
204
198
209
195
180
163
169
181
209
190
196
213
215
223
231
248
233
225
217
215
221
252
244
246
235
226
204
208
217
204
193
193
183
170
177
194
217
191
188
160
152
164
185
193
191
189
185
180
181
205
210
229
217
215
200
211
223
228
232
221
219
213
219
230
247
228
228
205
213
194
223
212
215
199
193
183
203
221
226
224
214
193
165
189
187
201
187
202
186
169
173
196
207
199
199
186
193
195
223
209
219
216
219
207
229
239
249
240
231
203
193
211
213
226
214
223
208
201
205
220
218
237
219
221
215
217
221
221
217
186
173
179
189
194
203
189
183
174
192
200
223
231
221
220
205
203
209
219
201
201
187
201
178
204
213
227
220
210
198
198
198
216
218
216
223
206
222
233
243
227
223
218
213
203
229
235
236
243
236
226
225
236
233
236
219
211
176
182
164
162
136
135
113
95
98
120
152
151
165
155
148
161
195
195
197
188
181
170
189
202
235
263
273
283
278
316
343
377
367
351
329
319
310
313
295
281
259
226
201
170
184
167
163
129
113
79
71
56
76
31
17
7
19
40
78
124
153
175
183
198
224
277
290
312
307
301
272
278
280
273
260
256
246
225
253
254
277
266
262
244
230
229
251
228
216
203
196
201
195
207
217
225
208
214
195
215
206
221
202
190
154
138
141
153
169
160
161
151
150
134
161
166
172
159
165
155
160
182
205
201
199
195
187
221
217
246
231
236
205
201
195
221
223
230
227
225
231
255
293
289
293
294
297
261
277
269
273
251
246
207
201
217
223
239
221
219
198
199
187
191
168
183
148
129
99
119
141
157
163
176
177
192
219
233
259
251
246
210
209
189
219
219
217
209
201
200
218
244
251
243
233
224
203
215
209
215
192
195
179
179
204
225
240
237
220
195
202
203
229
202
203
171
161
131
161
185
195
206
215
189
171
199
202
208
193
194
167
164
167
194
201
234
231
240
241
263
290
300
308
281
271
255
267
259
268
244
245
226
239
244
257
260
243
223
185
167
168
176
157
151
111
107
107
136
169
193
200
199
178
163
181
196
209
193
188
159
170
192
236
260
281
287
292
290
293
292
271
269
229
220
192
213
211
225
205
221
195
223
233
243
236
229
203
164
153
143
143
132
133
119
129
131
159
172
201
202
214
205
203
208
207
209
207
205
211
235
255
289
292
294
270
269
247
251
232
223
215
204
185
166
186
193
196
193
205
188
193
205
225
206
193
175
143
143
149
163
159
167
143
142
148
197
198
222
219
215
202
207
223
224
234
243
238
231
239
252
276
273
279
238
233
215
238
222
229
218
201
187
191
203
193
205
185
177
144
143
147
158
140
127
101
84
91
111
131
146
176
165
191
193
234
251
267
259
258
225
234
225
225
212
217
210
186
208
223
239
247
253
231
208
206
227
224
207
192
175
176
176
215
211
213
219
207
192
203
219
225
214
226
189
177
185
193
203
204
199
195
207
224
255
245
267
242
232
211
225
219
235
239
228
222
217
238
243
259
241
242
204
200
181
189
173
180
165
149
153
175
201
205
212
214
221
193
221
219
229
213
225
201
200
207
245
263
260
259
243
243
248
263
236
241
223
204
173
199
204
202
199
184
163
155
173
177
196
182
187
155
166
161
176
161
177
164
163
163
201
226
229
244
226
220
213
239
242
253
235
226
205
214
220
247
266
267
279
253
246
246
254
238
223
188
191
170
189
187
199
194
192
180
172
186
201
202
188
185
148
150
149
172
155
168
165
176
176
208
233
239
243
245
220
209
232
235
240
224
213
202
217
227
235
238
247
232
224
244
253
266
253
257
220
207
191
214
203
216
203
213
179
188
192
189
205
187
165
132
137
137
161
159
178
167
177
187
216
245
251
255
251
242
221
247
252
264
245
247
216
230
227
243
227
231
210
185
188
189
194
186
179
159
151
144
183
177
195
199
207
201
225
236
234
231
225
202
182
182
196
209
209
215
197
196
201
227
227
223
214
198
187
177
193
183
188
177
184
165
195
192
215
200
193
176
189
193
208
220
211
201
187
191
187
215
222
242
231
219
192
210
211
214
213
201
186
173
195
201
225
209
217
194
194
200
239
234
231
204
191
169
166
183
181
196
198
207
197
221
225
238
227
239
205
202
213
226
233
232
234
213
220
218
241
241
254
227
214
194
199
195
191
187
159
143
149
174
191
213
215
226
197
203
193
218
215
226
208
192
182
184
207
210
202
198
199
189
211
214
230
218
221
187
188
179
209
205
217
200
193
204
217
237
227
242
229
218
197
218
214
228
217
210
184
179
206
226
231
219
217
203
207
202
220
205
216
189
178
176
201
213
223
218
201
192
197
220
228
249
241
235
197
209
203
226
223
230
219
203
203
212
221
225
215
184
178
165
200
198
210
215
209
189
193
201
229
241
230
223
208
223
227
233
211
223
198
185
183
194
198
210
230
224
205
209
217
201
203
173
159
129
137
140
152
155
176
167
168
181
197
217
206
207
175
167
179
201
206
222
221
217
209
227
224
246
253
257
252
218
229
227
231
221
219
190
196
190
211
217
228
219
205
202
193
205
213
225
211
197
179
212
213
235
223
227
208
193
203
215
216
204
201
173
152
149
177
173
188
178
180
158
183
195
209
217
221
224
210
228
235
261
247
246
207
203
212
226
226
237
235
211
193
190
202
198
203
187
177
167
180
176
215
215
219
206
210
229
241
249
239
231
202
185
173
197
201
218
211
199
178
197
200
222
202
197
191
181
189
197
215
222
226
197
203
203
237
230
243
227
215
198
212
217
205
205
208
202
193
219
215
234
221
227
189
189
192
196
198
195
184
167
163
186
206
213
237
221
228
210
225
223
227
217
201
177
179
195
207
219
229
225
218
222
219
235
243
248
226
207
188
197
211
216
216
199
187
176
205
193
213
203
221
190
185
189
208
217
219
201
189
191
209
223
219
238
231
218
208
236
245
243
235
219
190
177
197
196
213
210
197
185
200
215
216
206
227
204
199
195
210
221
225
227
232
219
216
233
237
255
243
246
223
223
205
211
203
197
173
176
183
207
219
233
234
212
216
199
213
209
212
197
193
167
167
186
205
222
218
217
197
205
199
226
211
225
202
199
193
207
208
219
219
207
207
211
236
247
253
235
223
181
197
195
194
187
187
177
169
173
195
199
207
203
174
172
175
193
182
190
177
164
152
179
189
208
233
233
231
213
223
230
253
243
240
212
225
219
246
243
252
233
212
193
184
192
201
205
189
182
165
188
195
213
201
211
208
207
209
223
241
235
225
205
196
198
219
221
235
214
209
190
199
200
199
191
207
177
159
165
173
192
181
192
170
177
189
209
219
235
221
204
215
243
245
254
256
241
239
209
218
204
220
211
208
175
176
176
195
210
203
203
183
181
173
199
199
207
185
196
173
199
209
232
215
217
226
225
236
247
258
247
245
210
199
195
211
213
223
206
208
203
214
224
218
211
200
187
166
195
192
220
211
223
207
217
212
229
221
215
200
175
171
179
177
175
191
171
167
166
186
192
219
209
199
188
199
207
227
247
254
259
235
253
245
265
263
270
241
214
201
206
196
196
176
159
144
139
156
157
182
175
185
165
185
190
233
228
236
219
208
211
213
235
209
209
187
181
169
196
185
211
194
192
163
171
183
194
199
203
201
187
206
209
234
232
253
221
222
203
218
212
227
219
187
183
196
209
219
233
229
211
209
203
200
219
210
211
181
171
165
181
201
207
198
181
207
192
213
215
227
212
210
180
186
179
205
206
184
186
170
187
191
217
220
223
203
193
177
199
207
208
209
196
183
184
201
207
220
205
202
187
198
193
201
194
209
187
193
191
215
225
233
228
201
193
191
213
217
239
223
213
198
209
207
228
243
241
228
215
214
221
235
222
217
186
188
183
199
193
203
180
180
169
175
205
229
249
245
249
245
255
256
267
245
231
211
205
192
201
204
208
208
194
182
171
192
185
187
165
149
147
169
163
181
187
198
182
177
205
218
238
242
234
202
215
217
248
242
249
219
209
192
193
187
196
196
183
179
159
191
189
216
223
236
215
238
236
250
262
262
246
228
204
197
211
203
203
179
167
153
166
176
199
196
183
182
180
199
212
232
226
227
209
206
207
238
238
245
223
221
214
217
221
219
219
200
183
179
191
187
205
193
197
159
168
186
206
216
224
208
199
199
212
219
233
243
221
212
208
223
229
241
233
221
200
201
209
210
219
201
184
154
164
144
179
189
203
195
201
198
216
226
240
223
211
194
183
201
188
204
199
203
176
189
194
229
233
228
208
207
203
209
231
228
238
233
227
209
234
234
260
250
253
221
210
215
224
226
210
193
179
183
181
197
195
205
189
184
177
203
202
221
218
197
187
186
211
223
251
237
243
234
251
238
250
251
250
220
201
196
195
199
196
187
164
179
169
197
201
228
214
217
199
209
215
241
254
250
239
226
225
237
247
227
229
214
217
201
214
212
213
198
203
185
187
201
213
222
212
211
201
223
231
239
230
246
223
213
217
227
235
231
219
199
179
179
203
196
217
194
193
171
181
180
193
199
197
198
199
209
220
245
251
247
235
238
235
243
247
255
231
226
217
197
223
227
227
209
208
187
206
194
218
198
193
187
197
197
212
212
225
221
201
193
189
213
206
216
195
182
175
189
196
211
206
218
202
200
199
214
231
227
229
192
193
187
199
196
209
191
193
187
201
204
209
227
203
195
179
193
204
231
206
205
184
193
184
201
187
183
177
154
162
154
177
195
213
188
201
194
215
221
247
223
207
205
202
195
209
219
213
209
185
176
171
196
189
196
175
181
179
198
220
238
248
243
235
231
246
239
263
237
246
202
201
199
222
209
202
192
172
163
165
178
172
190
160
162
140
156
160
184
180
179
177
201
223
253
270
276
265
247
251
242
249
247
244
227
215
199
203
203
205
177
165
155
136
149
160
178
166
175
147
155
154
189
196
209
194
195
185
194
213
211
218
222
215
205
228
236
257
246
242
234
233
249
265
264
257
256
235
235
227
239
221
216
189
184
166
183
187
205
201
177
147
153
166
166
175
156
149
138
155
148
175
181
188
187
188
181
204
230
237
225
211
228
225
259
267
283
269
264
239
231
236
245
226
217
214
177
167
171
194
177
180
169
182
171
200
211
225
219
203
187
181
190
191
197
175
177
156
176
177
204
201
219
214
214
214
241
254
243
245
223
216
223
252
252
268
245
238
223
229
206
219
217
211
183
168
161
157
174
169
162
154
172
175
221
225
241
229
230
213
221
239
265
273
269
266
229
244
236
251
220
203
193
187
169
181
185
187
170
161
145
149
188
198
224
205
220
199
213
232
234
225
220
206
197
203
227
239
245
247
224
221
224
241
241
241
219
204
182
188
188
199
194
189
187
173
192
205
229
215
215
200
192
182
199
200
183
177
173
163
158
178
195
207
191
200
181
205
215
234
223
216
205
193
202
223
245
236
222
216
204
197
221
218
223
195
190
173
182
195
193
179
194
189
183
203
220
246
238
243
225
217
221
247
245
235
229
224
217
227
230
227
239
211
205
189
209
207
223
206
192
165
160
173
194
208
203
195
183
178
170
191
201
209
179
176
167
172
189
213
217
210
212
212
231
241
249
236
242
216
213
209
227
232
243
229
225
212
223
231
220
213
204
193
173
190
197
211
193
182
160
161
187
197
215
203
193
183
187
190
211
213
233
216
218
209
226
248
250
251
235
233
227
237
245
245
224
211
188
179
159
188
190
199
185
189
189
198
209
211
213
198
175
163
188
212
229
215
220
199
195
191
201
197
187
189
167
176
183
213
200
219
203
207
195
225
243
255
265
254
235
227
235
241
244
225
230
187
187
177
173
146
161
144
140
140
167
196
206
208
190
189
182
215
229
256
255
263
244
254
259
271
251
247
230
213
207
205
211
205
204
177
188
164
197
197
203
187
183
166
167
191
220
234
224
225
203
221
218
241
198
215
184
171
167
196
198
215
218
209
203
192
201
201
194
174
172
157
161
178
201
195
204
205
188
205
221
233
230
239
220
210
217
247
242
262
245
233
214
221
218
215
210
197
185
166
167
178
208
190
198
187
204
207
241
249
253
239
214
205
191
200
192
204
195
205
192
215
225
239
233
228
213
202
199
210
224
214
214
189
187
181
215
217
241
233
225
209
224
219
210
186
175
164
139
153
158
174
164
173
145
150
177
211
227
225
223
208
207
212
228
235
256
237
242
223
243
239
245
243
229
214
214
209
218
235
223
226
217
214
220
257
259
259
246
232
206
198
187
174
147
123
111
100
121
133
167
177
209
199
203
209
242
247
234
241
219
209
226
247
227
233
239
228
214
235
245
249
223
204
167
150
159
173
185
188
195
191
204
219
241
227
231
213
199
172
179
193
193
193
181
170
177
197
189
212
199
195
177
186
197
223
233
244
236
211
206
218
230
221
209
193
205
195
224
232
228
221
203
171
151
154
169
166
180
183
165
180
196
217
203
213
195
193
191
227
251
264
266
247
230
221
237
227
238
215
205
170
163
162
164
155
173
169
182
194
222
249
251
255
225
212
199
219
205
216
197
192
180
194
206
231
239
229
221
199
204
202
215
197
195
170
159
132
155
156
160
152
146
145
149
182
216
239
237
241
223
236
246
261
241
240
242
220
214
227
237
218
217
201
189
179
221
235
249
240
245
218
236
241
232
225
212
199
171
175
183
189
179
193
168
169
171
202
203
209
211
204
201
211
226
238
238
231
231
205
216
227
263
256
259
243
251
251
265
263
249
233
203
181
163
184
184
187
171
190
164
183
192
218
209
214
208
178
194
193
213
201
209
189
193
195
238
247
255
262
239
227
226
249
234
229
222
225
195
211
212
227
213
217
177
179
187
208
220
229
231
225
221
222
251
231
250
221
210
179
182
189
198
192
191
168
158
171
178
190
178
190
160
181
170
199
211
212
201
197
193
191
210
215
215
208
203
180
202
212
230
225
251
234
232
245
265
266
255
249
235
225
220
223
215
215
191
189
167
187
183
199
183
183
154
141
174
188
193
194
201
174
190
198
211
216
235
225
213
201
207
211
214
219
197
191
191
215
227
234
219
225
194
207
205
209
211
205
192
175
182
211
231
233
249
229
229
210
214
216
217
204
191
171
153
151
158
165
163
175
151
174
179
207
205
221
219
215
201
226
247
252
247
241
223
209
226
231
238
215
210
178
181
189
184
177
184
176
161
179
197
230
231
249
226
225
217
234
231
231
206
193
164
148
153
163
185
179
182
164
176
187
201
196
217
189
199
196
213
232
234
229
216
216
199
217
224
241
227
227
213
237
242
262
237
238
230
224
235
237
248
239
242
222
203
187
212
196
205
194
196
187
195
206
215
218
211
203
177
189
199
211
217
208
184
178
196
218
235
240
241
217
212
199
212
210
226
213
221
197
217
217
231
239
225
203
200
197
201
207
189
194
175
163
163
189
208
219
229
232
224
221
226
225
215
196
192
177
203
207
229
225
237
215
203
211
226
235
235
237
220
211
209
232
216
209
207
198
182
200
201
209
193
185
161
148
163
165
180
182
187
173
181
185
200
197
227
222
208
201
225
245
255
251
233
241
235
260
265
286
275
277
250
244
234
226
222
217
192
169
150
149
163
161
161
150
151
139
172
184
213
204
214
197
188
200
219
231
221
235
211
215
225
246
224
237
223
204
193
212
209
214
204
201
171
163
189
185
191
191
200
174
183
190
207
198
224
213
195
187
192
208
199
215
196
188
193
211
211
216
223
209
187
181
181
197
218
226
224
201
211
218
227
229
234
207
207
199
225
219
229
223
205
184
173
187
189
197
203
209
200
207
211
243
227
228
227
204
209
215
227
209
209
183
161
143
172
182
203
211
219
223
238
252
250
259
250
233
195
206
198
214
197
194
169
163
149
171
179
189
188
191
183
188
206
220
250
250
246
217
229
233
242
247
231
213
201
205
215
220
200
217
187
182
170
192
193
209
194
187
165
178
187
204
209
204
198
180
191
209
226
223
229
212
219
210
227
222
221
216
189
176
181
195
181
194
194
190
182
207
218
233
225
225
195
184
191
207
213
211
211
193
190
191
199
188
194
177
163
151
166
178
196
196
193
177
170
183
189
217
213
225
211
215
223
251
265
265
249
245
227
233
237
233
232
218
204
189
213
218
231
217
216
189
177
173
191
186
192
193
176
190
199
219
221
225
208
207
190
208
211
221
218
221
206
203
224
221
223
218
215
177
187
181
190
189
224
189
197
188
200
209
212
211
195
181
170
197
201
223
215
224
197
196
198
204
215
219
199
187
190
201
227
225
238
218
223
204
229
227
238
225
232
227
205
216
227
231
211
203
187
195
195
205
201
202
180
169
161
189
199
213
206
196
181
169
211
220
229
216
209
193
201
200
217
216
225
201
189
192
200
215
220
236
203
203
202
228
225
233
229
224
201
213
210
232
238
234
225
199
206
210
222
220
226
192
196
181
200
186
196
198
179
177
171
190
197
215
201
204
181
199
209
227
207
221
202
199
204
222
229
233
229
204
201
182
198
199
215
199
196
178
207
203
220
219
213
200
195
209
226
236
233
245
217
214
221
233
241
257
239
223
208
203
203
197
227
211
204
187
201
196
216
203
202
180
178
196
204
219
217
218
197
201
198
223
233
242
217
193
171
171
180
186
176
178
165
153
172
186
208
209
221
203
194
201
243
244
263
250
234
226
232
243
243
237
233
210
197
203
208
226
231
234
207
202
211
227
224
223
213
189
181
180
187
177
177
155
142
131
147
146
177
166
162
154
167
192
205
225
231
235
209
216
205
221
238
249
239
234
228
239
248
254
243
215
203
184
200
198
222
215
219
213
210
211
237
241
240
237
221
215
219
227
191
205
188
188
167
191
187
208
203
185
157
151
163
189
191
184
197
177
195
207
228
240
251
232
223
208
229
227
236
241
223
205
207
225
221
243
221
214
171
173
166
183
185
193
189
182
177
188
204
207
223
205
199
193
220
221
242
235
231
217
210
213
229
226
213
208
183
198
200
225
213
227
218
204
201
213
219
213
216
201
182
173
197
201
226
211
201
171
189
180
195
192
220
193
189
203
216
229
237
239
231
230
230
247
233
253
231
215
202
206
197
207
219
215
199
177
185
187
201
201
203
183
192
185
216
215
239
222
213
199
195
211
221
237
221
221
211
213
202
228
211
208
196
189
189
193
203
210
208
185
168
162
183
182
197
192
191
175
193
205
213
220
231
220
217
225
228
237
227
220
194
191
182
193
195
200
179
169
143
162
165
187
204
215
221
215
243
249
279
276
265
239
245
224
231
225
226
209
181
179
166
176
186
197
185
188
155
179
193
206
191
198
192
185
194
201
221
220
212
194
196
197
227
231
235
219
215
191
203
197
202
203
205
198
179
200
202
224
219
227
197
207
226
235
242
255
249
235
222
224
245
247
250
225
223
205
223
225
243
237
230
202
204
203
208
219
217
205
178
179
170
187
188
195
178
178
167
182
205
211
211
199
196
189
211
217
247
229
232
201
192
184
216
205
219
208
199
202
216
228
227
232
227
233
217
230
228
244
224
217
187
183
193
203
205
200
187
167
170
170
179
186
198
186
179
173
199
217
229
224
203
187
189
207
212
235
231
230
215
228
201
228
227
235
216
207
201
203
213
217
197
193
186
176
183
189
215
191
186
172
160
176
184
193
189
191
171
182
191
223
208
223
211
208
205
220
223
253
239
231
215
202
206
211
210
189
182
164
166
171
183
189
209
181
187
186
210
221
233
244
213
205
202
212
223
225
215
208
193
187
184
199
212
205
197
191
199
206
221
214
222
188
203
193
221
219
229
216
213
201
197
215
244
255
241
236
215
212
207
228
215
211
205
181
175
187
197
201
213
199
189
195
223
225
239
221
221
195
216
209
213
207
212
198
178
183
192
219
221
231
195
205
203
212
215
225
214
198
193
201
199
199
215
199
196
174
192
194
228
215
213
194
214
207
232
241
239
237
208
206
200
214
229
247
222
219
203
205
217
219
204
199
193
190
191
203
217
210
208
190
181
181
199
202
213
205
199
199
206
223
220
221
211
201
186
207
210
225
220
223
188
191
207
215
223
233
221
219
215
210
231
229
229
209
193
181
197
190
212
207
200
183
179
185
195
221
218
223
196
196
177
192
188
200
181
191
181
195
207
213
209
193
189
175
190
204
226
224
230
211
223
215
251
255
256
243
235
225
224
234
208
211
199
177
165
185
183
207
204
207
185
186
191
211
229
225
219
195
203
194
223
215
227
205
200
203
219
227
233
233
209
204
203
213
232
244
232
226
212
205
197
217
221
219
215
207
202
207
229
229
232
214
214
204
224
222
230
220
207
180
176
181
204
216
201
195
195
197
195
213
218
227
205
213
197
226
231
231
227
207
183
175
183
181
197
198
194
177
197
185
211
212
223
207
198
203
212
233
226
228
198
203
183
199
202
213
186
183
166
190
181
192
216
217
205
207
216
216
239
223
217
207
220
209
224
238
237
224
209
201
193
199
212
221
204
197
166
180
177
193
180
183
170
179
173
191
202
212
207
198
187
188
221
229
251
237
231
211
225
229
229
226
220
204
198
204
210
229
225
211
185
193
183
205
216
235
227
221
205
211
206
209
213
197
191
170
172
171
198
191
198
180
207
199
217
227
229
215
201
196
179
196
196
219
199
206
192
206
219
238
224
220
211
208
211
219
240
227
225
198
191
180
206
209
221
191
179
167
161
174
178
183
182
176
163
184
191
213
213
219
196
208
213
237
236
243
235
219
218
214
225
220
235
221
221
199
229
231
258
230
216
195
185
187
191
201
191
191
157
167
157
180
171
169
145
139
125
138
152
177
179
165
190
183
222
235
256
255
251
238
239
245
250
258
263
249
233
214
212
233
213
206
181
179
144
151
157
173
155
157
139
142
157
184
199
212
202
194
204
217
244
245
263
247
249
241
255
264
265
257
230
226
225
232
253
254
225
209
183
177
178
192
200
209
189
178
187
205
219
217
216
198
189
181
195
203
217
198
203
183
184
190
221
223
212
201
186
186
183
217
207
217
206
197
194
210
215
228
219
202
183
177
209
208
226
203
197
173
182
183
195
195
197
185
179
166
185
213
213
230
196
197
199
226
233
254
245
249
228
246
251
270
282
270
250
237
233
238
259
246
233
208
205
211
213
217
220
216
208
205
187
191
212
222
196
193
180
183
193
221
210
209
193
184
182
201
205
209
202
192
177
171
194
197
209
195
199
185
198
201
211
216
226
212
199
204
211
223
200
206
168
175
170
197
193
204
206
202
193
200
208
223
244
217
216
197
209
219
241
228
220
205
201
207
225
237
241
235
222
214
206
239
248
254
230
232
203
217
224
239
219
209
200
188
184
193
212
209
213
199
204
201
231
229
238
227
216
196
194
212
211
212
206
200
171
178
185
197
185
189
172
173
187
218
231
227
207
197
185
183
201
203
209
201
207
192
205
203
223
221
205
187
198
204
223
232
233
236
211
208
193
214
223
220
210
207
190
210
213
217
203
195
193
177
202
219
231
213
217
187
181
177
206
209
207
197
199
188
195
222
209
208
206
209
193
216
221
227
212
207
192
207
214
228
236
224
222
194
190
181
212
212
224
206
198
190
195
209
214
201
193
173
174
193
193
213
197
197
173
186
181
201
217
225
206
203
189
187
205
202
205
189
186
176
204
207
220
206
221
201
191
189
225
227
225
211
193
194
194
219
205
217
194
182
176
189
199
207
195
194
175
165
189
211
220
205
200
195
205
215
230
244
261
247
245
251
259
280
275
275
247
244
243
260
249
254
220
217
190
197
190
208
211
206
203
182
188
191
214
199
193
174
187
184
197
198
205
187
191
176
170
192
201
214
207
210
182
210
218
249
243
257
247
231
219
234
236
239
225
192
189
180
202
205
219
197
202
182
197
208
228
223
230
218
208
226
233
246
237
239
215
199
187
198
199
195
178
173
168
169
180
187
197
184
195
164
179
192
203
205
203
179
179
171
195
208
210
206
195
189
181
203
227
234
225
215
192
200
211
221
208
200
191
172
178
182
207
201
209
185
171
167
203
196
200
189
188
181
193
220
226
234
219
225
199
216
223
240
237
237
212
207
207
229
235
231
233
217
213
212
219
221
218
211
211
188
210
213
245
240
231
218
193
198
221
217
194
198
185
181
156
175
180
191
179
170
159
183
201
218
207
193
196
175
179
185
201
198
201
191
184
189
227
225
229
217
210
212
218
242
230
240
223
205
185
199
199
212
190
189
169
172
189
203
225
217
218
196
205
195
212
213
225
203
197
181
197
207
223
228
209
209
209
229
232
253
246
254
229
236
233
257
258
254
239
221
211
213
219
200
195
179
174
155
178
185
189
174
187
169
165
169
195
200
187
186
177
189
187
223
206
215
203
187
184
211
218
230
222
219
214
203
225
223
251
233
228
210
213
203
221
211
219
201
189
181
191
199
207
202
186
181
187
212
214
239
234
232
209
217
215
241
239
231
226
215
213
225
244
236
232
208
200
177
199
206
215
208
198
183
167
189
195
212
200
199
175
185
190
223
207
216
220
195
195
218
222
225
225
212
195
190
212
221
219
212
215
191
200
209
224
226
223
209
203
203
206
227
226
237
201
186
198
208
202
212
220
199
163
166
175
183
177
137
184
193
145
185
199
191
205
176
178
177
200
227
216
213
221
193
203
221
216
256
233
227
215
224
241
243
218
265
205
210
221
230
234
244
230
199
178
163
213
188
188
183
197
161
169
183
208
223
202
212
199
211
207
216
238
271
179
208
204
229
247
232
232
213
217
220
227
218
266
218
227
189
193
211
209
207
206
185
187
183
187
238
177
213
188
181
163
197
194
191
172
179
172
175
201
198
211
179
176
147
189
192
182
198
223
203
188
182
237
271
215
233
217
220
233
236
223
227
206
208
169
197
229
200
210
193
173
171
163
191
193
193
218
171
182
215
174
221
228
209
202
191
200
197
197
219
200
175
183
201
209
219
205
219
213
207
167
213
243
219
193
179
189
195
185
198
193
179
189
161
177
182
197
194
172
159
165
141
190
168
177
201
169
176
186
221
231
215
233
261
175
239
242
239
230
252
219
211
222
247
247
216
219
193
193
187
178
179
215
185
160
181
197
199
185
211
205
182
157
193
181
203
187
177
175
154
160
181
177
185
199
155
187
171
229
222
219
213
210
195
231
213
242
253
203
225
193
207
238
259
250
254
221
254
233
226
226
234
234
187
197
203
239
217
198
200
199
163
173
193
213
164
165
157
158
186
187
193
206
204
191
199
193
233
220
223
195
189
211
233
222
253
239
233
232
192
233
223
216
240
232
198
211
223
226
222
213
223
203
177
188
207
195
182
168
174
172
175
176
211
206
188
149
181
213
174
189
190
183
179
188
192
211
212
240
215
194
227
241
267
271
235
249
220
199
231
215
243
234
199
203
185
171
212
193
186
165
161
169
189
193
220
208
191
195
205
205
203
225
229
238
197
195
204
238
223
184
212
227
181
217
218
205
222
192
187
177
192
211
209
193
211
170
186
191
191
216
189
200
169
186
203
219
191
237
166
178
174
200
201
222
222
201
199
208
254
217
241
239
243
211
213
212
244
248
219
219
214
233
211
214
237
247
167
197
181
196
207
217
203
184
172
185
185
191
226
177
198
173
183
209
197
199
206
190
209
191
207
270
218
259
225
219
199
240
227
231
200
201
195
177
179
196
199
180
161
142
165
181
179
191
215
180
165
155
203
220
188
219
215
213
233
232
246
241
223
211
179
201
227
213
229
220
202
214
190
211
213
221
232
178
179
217
175
210
209
175
160
161
185
185
198
211
209
187
193
193
219
240
237
241
240
223
196
256
249
230
203
206
208
211
185
208
193
186
193
147
173
169
191
193
177
164
197
167
232
194
211
217
180
189
180
185
200
193
193
207
146
233
228
252
249
258
226
230
228
251
249
243
243
209
211
196
198
198
223
177
155
173
210
185
180
200
204
187
159
186
173
219
208
207
181
197
193
234
215
230
221
208
224
217
245
247
227
220
212
191
221
199
239
266
211
220
224
212
214
213
192
196
155
194
164
175
183
182
165
138
129
148
174
179
157
155
162
135
139
158
190
170
169
169
178
199
223
217
230
201
201
203
188
228
215
211
199
174
184
199
178
199
184
183
173
145
186
204
192
210
191
182
197
208
237
242
255
259
246
231
266
291
285
255
236
216
221
208
197
226
214
201
149
178
195
181
209
218
196
202
203
211
236
223
225
201
181
198
206
201
215
201
221
179
174
182
190
196
206
163
193
199
201
245
241
239
226
221
203
214
215
253
218
194
193
203
195
202
213
205
212
167
186
206
237
212
209
222
239
172
211
221
225
244
224
219
212
243
245
233
208
225
167
179
174
173
193
185
165
147
151
166
177
159
207
147
168
173
209
191
225
220
217
197
198
225
218
227
217
225
189
208
200
238
237
201
183
185
183
176
162
207
227
149
173
171
198
223
233
212
223
220
235
220
245
266
229
231
216
191
227
213
209
210
175
204
163
173
217
183
201
195
175
189
211
205
211
198
202
185
178
211
225
217
213
180
193
179
199
195
206
203
179
178
193
210
220
235
221
208
192
207
211
244
236
241
220
223
228
235
246
243
241
215
214
198
220
225
243
212
203
177
181
175
194
166
165
143
131
134
134
162
161
174
146
161
165
192
193
199
190
203
209
221
238
251
271
247
238
222
241
244
257
236
232
207
194
193
207
211
207
204
189
188
198
219
213
232
206
205
192
204
219
235
229
220
204
189
198
196
225
227
219
205
209
202
226
214
221
191
176
178
193
216
218
217
211
192
175
177
181
196
177
170
157
165
168
200
221
231
230
229
240
251
274
265
270
259
244
221
221
229
237
220
216
199
188
186
186
197
190
179
165
169
178
208
213
228
209
197
187
209
213
233
233
220
221
215
227
223
233
225
223
197
203
187
203
213
204
183
173
170
178
200
224
223
204
210
192
211
215
242
244
235
219
226
235
242
251
232
221
203
207
199
233
223
214
180
183
158
161
178
181
174
174
162
162
180
186
201
198
211
188
195
215
238
245
257
243
230
229
240
262
262
265
238
227
209
219
198
211
183
176
147
149
161
168
177
181
166
157
165
165
195
203
214
201
214
216
221
235
250
246
216
207
193
204
203
227
203
209
194
198
201
221
233
233
230
225
213
211
225
223
207
181
172
161
187
182
187
174
186
165
172
180
197
220
212
206
195
205
214
242
245
237
229
223
210
225
227
228
223
208
195
182
189
184
195
175
175
143
168
161
189
194
199
182
189
193
225
232
235
217
199
209
193
206
209
226
204
196
197
196
187
193
190
180
174
161
167
179
215
211
222
199
208
197
219
233
226
207
207
198
191
211
213
219
214
209
191
201
217
235
226
237
204
200
187
199
211
213
214
202
201
188
202
197
219
195
200
181
204
206
225
213
209
190
186
210
209
225
232
225
203
206
187
210
199
205
175
175
171
171
197
212
228
225
237
231
245
238
267
243
235
214
206
210
217
226
215
195
187
172
165
184
194
201
182
198
181
201
219
249
242
241
209
196
204
220
231
229
232
215
218
211
233
228
225
195
192
180
191
203
218
212
207
205
197
211
219
249
257
254
222
217
205
223
219
216
198
179
184
179
193
195
197
181
173
156
167
179
207
199
193
182
177
185
212
229
220
218
217
214
219
233
227
228
214
211
197
204
222
231
234
219
196
191
197
197
203
195
186
170
174
176
211
214
231
237
221
213
229
247
249
253
231
222
194
192
175
183
179
174
153
150
157
182
185
184
171
152
166
180
207
215
227
214
219
214
223
244
269
265
254
246
221
228
245
247
213
206
191
193
193
221
214
225
209
217
203
230
255
257
260
246
235
229
240
241
247
215
209
183
163
169
187
182
174
159
137
138
141
165
156
171
156
165
165
195
201
221
222
225
201
199
218
229
246
235
227
223
212
201
224
207
210
190
188
175
176
175
193
198
190
189
184
206
221
237
207
203
188
190
196
218
210
208
189
187
185
197
223
214
218
196
191
185
202
224
235
222
226
223
223
235
253
253
232
243
213
226
237
266
245
238
217
201
195
205
200
191
198
182
176
179
187
195
205
190
183
155
183
187
211
204
210
196
191
193
197
219
221
229
201
199
187
209
211
215
183
188
189
203
212
227
234
229
226
212
210
224
239
231
232
215
213
210
232
233
229
211
209
187
185
206
209
215
193
193
155
165
175
197
193
189
181
196
196
219
229
233
225
214
206
213
220
213
233
219
215
