04120349.PTO
CURN
2012/04/12 03:49:01.6400
100.0000 m/s  
7833 muestras
-8592
-8580
-8591
-8568
-8592
-8603
-8595
-8615
-8595
-8604
-8604
-8613
-8624
-8615
-8615
-8603
-8606
-8608
-8598
-8622
-8615
-8622
-8639
-8633
-8663
-8651
-8664
-8677
-8679
-8664
-8645
-8649
-8663
-8674
-8681
-8700
-8711
-8729
-8704
-8700
-8685
-8688
-8675
-8675
-8710
-8688
-8702
-8667
-8664
-8640
-8631
-8626
-8597
-8613
-8590
-8619
-8606
-8620
-8619
-8640
-8657
-8641
-8656
-8644
-8678
-8672
-8690
-8693
-8711
-8729
-8729
-8742
-8734
-8738
-8736
-8732
-8728
-8736
-8727
-8738
-8726
-8737
-8721
-8717
-8731
-8716
-8722
-8703
-8710
-8695
-8694
-8696
-8703
-8707
-8703
-8701
-8686
-8689
-8686
-8700
-8707
-8698
-8700
-8696
-8715
-8736
-8734
-8757
-8759
-8756
-8734
-8744
-8757
-8744
-8759
-8740
-8741
-8721
-8729
-8729
-8717
-8738
-8714
-8734
-8738
-8743
-8742
-8733
-8725
-8713
-8710
-8714
-8719
-8703
-8714
-8710
-8720
-8721
-8726
-8735
-8733
-8735
-8734
-8729
-8723
-8724
-8720
-8730
-8717
-8728
-8744
-8731
-8756
-8738
-8741
-8751
-8740
-8768
-8735
-8751
-8744
-8749
-8747
-8722
-8734
-8733
-8743
-8713
-8734
-8715
-8705
-8714
-8697
-8701
-8702
-8700
-8707
-8703
-8706
-8706
-8680
-8693
-8693
-8677
-8685
-8697
-8693
-8708
-8689
-8693
-8686
-8677
-8677
-8668
-8683
-8672
-8663
-8662
-8674
-8675
-8674
-8669
-8682
-8675
-8680
-8659
-8663
-8665
-8652
-8656
-8647
-8680
-8676
-8680
-8663
-8678
-8655
-8637
-8618
-8594
-8600
-8560
-8579
-8568
-8587
-8604
-8601
-8629
-8611
-8616
-8610
-8597
-8601
-8592
-8618
-8645
-8647
-8642
-8664
-8659
-8658
-8679
-8667
-8655
-8659
-8651
-8643
-8669
-8676
-8667
-8683
-8676
-8645
-8657
-8655
-8645
-8640
-8625
-8617
-8585
-8586
-8587
-8601
-8625
-8613
-8621
-8596
-8594
-8583
-8580
-8567
-8550
-8560
-8547
-8585
-8576
-8593
-8596
-8583
-8588
-8568
-8582
-8577
-8590
-8605
-8613
-8599
-8594
-8600
-8587
-8576
-8564
-8556
-8555
-8559
-8545
-8542
-8537
-8530
-8531
-8536
-8547
-8547
-8551
-8577
-8572
-8574
-8593
-8584
-8579
-8581
-8603
-8608
-8605
-8618
-8616
-8602
-8605
-8581
-8579
-8582
-8571
-8601
-8577
-8574
-8581
-8596
-8597
-8586
-8596
-8584
-8596
-8586
-8594
-8597
-8607
-8627
-8618
-8623
-8611
-8613
-8603
-8586
-8586
-8586
-8584
-8581
-8599
-8603
-8601
-8601
-8574
-8557
-8545
-8534
-8544
-8551
-8571
-8559
-8560
-8560
-8542
-8562
-8555
-8573
-8572
-8575
-8585
-8588
-8614
-8606
-8628
-8632
-8626
-8633
-8632
-8652
-8647
-8644
-8646
-8638
-8641
-8621
-8623
-8607
-8596
-8599
-8585
-8591
-8576
-8586
-8575
-8568
-8564
-8559
-8557
-8542
-8545
-8543
-8558
-8567
-8586
-8598
-8605
-8619
-8619
-8619
-8611
-8608
-8610
-8611
-8606
-8599
-8604
-8603
-8608
-8603
-8606
-8606
-8596
-8604
-8589
-8573
-8556
-8552
-8547
-8543
-8543
-8538
-8557
-8549
-8558
-8566
-8580
-8585
-8593
-8622
-8632
-8653
-8643
-8649
-8642
-8622
-8619
-8587
-8582
-8584
-8593
-8595
-8583
-8606
-8608
-8611
-8611
-8602
-8606
-8588
-8584
-8576
-8565
-8576
-8570
-8566
-8568
-8575
-8576
-8555
-8570
-8568
-8591
-8596
-8588
-8598
-8581
-8602
-8569
-8575
-8571
-8555
-8561
-8540
-8561
-8539
-8543
-8539
-8543
-8551
-8543
-8542
-8547
-8559
-8543
-8554
-8550
-8555
-8545
-8548
-8567
-8593
-8599
-8598
-8606
-8584
-8595
-8572
-8578
-8570
-8561
-8576
-8563
-8586
-8578
-8580
-8563
-8541
-8537
-8529
-8543
-8543
-8537
-8540
-8548
-8559
-8576
-8571
-8583
-8585
-8596
-8595
-8590
-8578
-8563
-8560
-8553
-8567
-8572
-8581
-8562
-8584
-8577
-8576
-8566
-8550
-8559
-8543
-8561
-8542
-8548
-8543
-8537
-8545
-8542
-8571
-8570
-8578
-8584
-8586
-8592
-8578
-8591
-8588
-8595
-8606
-8605
-8596
-8595
-8606
-8608
-8627
-8618
-8645
-8656
-8645
-8649
-8614
-8613
-8591
-8579
-8569
-8555
-8566
-8559
-8574
-8566
-8561
-8565
-8561
-8566
-8566
-8564
-8560
-8566
-8568
-8561
-8577
-8594
-8593
-8602
-8585
-8591
-8598
-8607
-8625
-8632
-8648
-8632
-8644
-8641
-8640
-8638
-8646
-8658
-8628
-8636
-8624
-8636
-8632
-8634
-8638
-8615
-8611
-8590
-8605
-8612
-8616
-8609
-8610
-8602
-8602
-8600
-8587
-8589
-8577
-8598
-8584
-8604
-8624
-8626
-8633
-8627
-8642
-8622
-8633
-8639
-8619
-8608
-8592
-8585
-8578
-8595
-8597
-8584
-8581
-8580
-8585
-8582
-8594
-8602
-8596
-8595
-8584
-8577
-8583
-8596
-8593
-8588
-8605
-8591
-8601
-8604
-8615
-8610
-8584
-8600
-8580
-8611
-8603
-8603
-8608
-8598
-8601
-8576
-8593
-8593
-8580
-8571
-8581
-8568
-8569
-8567
-8587
-8595
-8579
-8599
-8577
-8582
-8587
-8594
-8617
-8588
-8589
-8577
-8576
-8585
-8561
-8570
-8555
-8564
-8556
-8563
-8568
-8559
-8572
-8561
-8584
-8578
-8585
-8588
-8586
-8613
-8621
-8629
-8606
-8596
-8589
-8556
-8556
-8530
-8536
-8532
-8520
-8532
-8507
-8520
-8514
-8538
-8550
-8555
-8568
-8554
-8573
-8553
-8533
-8523
-8508
-8481
-8431
-8373
-8330
-8293
-8291
-8292
-8295
-8299
-8297
-8349
-8392
-8480
-8561
-8623
-8669
-8666
-8664
-8624
-8624
-8594
-8595
-8615
-8634
-8720
-8775
-8875
-8930
-8994
-9046
-9043
-9062
-9009
-8956
-8859
-8749
-8662
-8576
-8567
-8557
-8591
-8640
-8697
-8790
-8868
-8984
-9024
-9011
-8902
-8719
-8549
-8370
-8268
-8184
-8156
-8175
-8207
-8265
-8338
-8431
-8493
-8536
-8559
-8583
-8603
-8639
-8676
-8679
-8648
-8568
-8511
-8499
-8573
-8686
-8814
-8963
-9071
-9137
-9152
-9120
-9044
-8936
-8790
-8621
-8443
-8273
-8127
-7982
-7871
-7785
-7731
-7717
-7670
-7607
-7537
-7496
-7474
-7487
-7549
-7615
-7713
-7808
-7932
-8110
-8342
-8572
-8737
-8829
-8840
-8823
-8772
-8762
-8834
-8967
-9146
-9329
-9538
-9701
-9817
-9840
-9793
-9749
-9656
-9556
-9409
-9289
-9203
-9073
-8922
-8738
-8620
-8579
-8600
-8691
-8818
-8967
-9030
-8985
-8832
-8601
-8359
-8126
-7983
-7922
-7954
-8036
-8101
-8117
-8084
-8059
-8134
-8323
-8554
-8771
-8856
-8841
-8711
-8518
-8305
-8150
-8126
-8161
-8299
-8469
-8706
-8962
-9229
-9440
-9570
-9598
-9461
-9284
-9060
-8867
-8662
-8491
-8349
-8188
-8048
-7932
-7969
-8153
-8447
-8745
-8937
-8996
-8873
-8616
-8252
-7888
-7576
-7296
-7120
-7020
-7019
-7090
-7253
-7467
-7713
-8052
-8450
-8867
-9210
-9429
-9501
-9416
-9191
-8865
-8478
-8129
-7889
-7888
-8155
-8621
-9140
-9549
-9834
-9967
-10050
-10054
-9993
-9861
-9593
-9268
-8858
-8457
-8101
-7881
-7855
-7989
-8302
-8681
-9062
-9405
-9637
-9679
-9532
-9234
-8886
-8528
-8213
-8010
-7926
-7978
-8112
-8326
-8629
-9002
-9399
-9785
-10079
-10256
-10273
-10078
-9724
-9192
-8617
-8071
-7636
-7398
-7289
-7379
-7595
-7951
-8359
-8708
-8988
-9076
-9077
-8962
-8744
-8413
-7945
-7480
-7072
-6867
-6906
-7213
-7751
-8360
-8958
-9416
-9709
-9834
-9825
-9674
-9369
-8970
-8517
-8137
-7896
-7857
-8008
-8323
-8713
-9112
-9476
-9755
-9979
-10069
-10048
-9884
-9554
-9104
-8642
-8294
-8108
-8109
-8234
-8464
-8740
-9040
-9298
-9483
-9613
-9640
-9537
-9251
-8806
-8277
-7753
-7377
-7172
-7161
-7318
-7587
-7919
-8221
-8517
-8760
-8959
-9062
-9006
-8813
-8550
-8381
-8325
-8386
-8504
-8633
-8730
-8839
-8991
-9164
-9394
-9542
-9646
-9581
-9353
-9054
-8655
-8323
-7947
-7654
-7443
-7330
-7372
-7498
-7791
-8124
-8489
-8778
-8961
-9042
-9022
-8940
-8788
-8643
-8517
-8441
-8447
-8591
-8840
-9160
-9505
-9798
-10023
-10140
-10145
-10062
-9895
-9639
-9305
-8892
-8421
-7952
-7599
-7419
-7428
-7598
-7823
-8076
-8325
-8594
-8845
-8999
-8987
-8711
-8207
-7640
-7173
-6894
-6832
-6961
-7267
-7700
-8182
-8677
-9152
-9610
-10008
-10237
-10227
-9974
-9548
-9070
-8653
-8374
-8194
-8089
-8055
-8118
-8336
-8635
-9012
-9358
-9661
-9806
-9748
-9592
-9269
-8902
-8445
-8043
-7757
-7533
-7448
-7505
-7825
-8277
-8799
-9305
-9673
-9845
-9729
-9390
-8918
-8405
-7872
-7410
-7073
-6883
-6876
-7093
-7534
-8113
-8677
-9176
-9553
-9723
-9730
-9493
-9171
-8751
-8329
-7964
-7682
-7599
-7545
-7695
-7967
-8375
-8840
-9202
-9558
-9777
-9937
-9928
-9775
-9531
-9090
-8569
-7996
-7592
-7413
-7503
-7811
-8203
-8641
-9029
-9343
-9591
-9749
-9725
-9578
-9243
-8815
-8348
-7962
-7725
-7651
-7781
-8024
-8381
-8724
-9044
-9280
-9441
-9501
-9420
-9205
-8874
-8523
-8190
-8003
-7931
-7993
-8103
-8174
-8295
-8409
-8592
-8799
-8998
-9149
-9123
-8956
-8591
-8138
-7739
-7437
-7332
-7339
-7484
-7747
-8090
-8542
-8971
-9369
-9611
-9657
-9478
-9168
-8850
-8585
-8415
-8276
-8244
-8300
-8474
-8771
-9161
-9572
-9893
-10068
-10062
-9894
-9577
-9172
-8763
-8354
-8012
-7733
-7631
-7689
-7906
-8262
-8614
-8992
-9302
-9547
-9624
-9571
-9322
-8982
-8581
-8157
-7809
-7509
-7418
-7494
-7783
-8162
-8643
-9129
-9567
-9945
-10112
-10110
-9790
-9247
-8633
-8020
-7623
-7386
-7352
-7503
-7765
-8114
-8485
-8917
-9304
-9594
-9751
-9706
-9489
-9111
-8651
-8244
-7881
-7683
-7570
-7580
-7716
-8003
-8443
-8971
-9474
-9814
-9971
-9819
-9582
-9203
-8876
-8574
-8335
-8188
-8029
-8031
-8130
-8460
-8845
-9302
-9720
-9975
-10099
-10009
-9831
-9536
-9174
-8774
-8357
-8019
-7732
-7627
-7645
-7846
-8192
-8568
-8975
-9207
-9347
-9286
-9098
-8776
-8345
-7912
-7465
-7178
-7008
-7063
-7321
-7749
-8300
-8856
-9412
-9794
-9973
-9961
-9798
-9583
-9317
-9059
-8782
-8572
-8450
-8417
-8563
-8785
-9092
-9393
-9659
-9853
-9907
-9845
-9603
-9251
-8758
-8172
-7568
-7055
-6730
-6647
-6832
-7236
-7792
-8348
-8855
-9247
-9492
-9572
-9471
-9212
-8833
-8366
-7927
-7607
-7489
-7575
-7846
-8304
-8810
-9352
-9795
-10170
-10430
-10490
-10406
-10094
-9700
-9211
-8765
-8392
-8125
-8014
-7984
-8136
-8385
-8751
-9146
-9523
-9750
-9784
-9583
-9138
-8596
-7970
-7458
-7048
-6825
-6805
-6979
-7372
-7898
-8543
-9148
-9676
-10004
-10096
-9966
-9671
-9289
-8832
-8446
-8096
-7919
-7903
-8077
-8434
-8851
-9348
-9727
-10044
-10185
-10185
-10050
-9741
-9374
-8876
-8412
-7969
-7652
-7486
-7490
-7683
-7985
-8422
-8872
-9316
-9659
-9868
-9848
-9623
-9209
-8698
-8209
-7808
-7613
-7600
-7827
-8176
-8655
-9143
-9569
-9908
-10064
-10052
-9858
-9542
-9151
-8755
-8382
-8126
-7951
-7923
-7994
-8217
-8563
-8940
-9368
-9609
-9750
-9683
-9492
-9209
-8837
-8533
-8194
-7965
-7770
-7724
-7859
-8132
-8572
-9015
-9498
-9871
-10135
-10184
-10066
-9828
-9415
-8973
-8489
-8131
-7888
-7852
-8011
-8317
-8770
-9202
-9603
-9852
-9952
-9902
-9702
-9415
-9016
-8625
-8242
-7957
-7808
-7819
-8034
-8359
-8781
-9194
-9591
-9859
-10015
-9986
-9794
-9498
-9069
-8671
-8251
-7947
-7776
-7770
-7933
-8232
-8655
-9098
-9520
-9830
-10000
-10028
-9866
-9572
-9176
-8694
-8226
-7825
-7632
-7616
-7832
-8236
-8709
-9215
-9616
-9938
-10127
-10184
-10092
-9819
-9431
-8910
-8390
-7951
-7686
-7652
-7784
-8118
-8519
-8939
-9327
-9622
-9817
-9830
-9700
-9394
-8954
-8480
-8048
-7796
-7674
-7755
-7971
-8283
-8698
-9094
-9503
-9841
-10089
-10132
-10004
-9688
-9271
-8847
-8444
-8176
-8007
-7998
-8099
-8327
-8674
-9090
-9525
-9856
-10058
-10084
-9901
-9581
-9151
-8701
-8286
-7948
-7750
-7705
-7851
-8168
-8627
-9148
-9601
-9939
-10075
-10018
-9787
-9404
-8974
-8548
-8193
-7925
-7847
-7913
-8156
-8481
-8847
-9229
-9515
-9758
-9813
-9791
-9610
-9331
-8997
-8577
-8242
-7937
-7810
-7834
-8001
-8334
-8705
-9151
-9549
-9856
-10056
-10054
-9895
-9558
-9126
-8662
-8230
-7921
-7749
-7784
-8004
-8350
-8808
-9283
-9721
-10017
-10125
-10044
-9755
-9384
-8940
-8565
-8253
-8061
-8003
-8070
-8317
-8599
-8982
-9314
-9607
-9810
-9841
-9793
-9588
-9311
-8968
-8592
-8255
-7930
-7757
-7727
-7879
-8200
-8577
-9052
-9445
-9763
-9929
-9903
-9760
-9433
-9032
-8585
-8188
-7903
-7795
-7881
-8157
-8576
-9020
-9480
-9807
-10017
-10052
-9927
-9680
-9304
-8917
-8523
-8235
-8050
-7995
-8113
-8335
-8651
-8999
-9312
-9588
-9762
-9819
-9768
-9594
-9353
-9002
-8633
-8269
-7993
-7846
-7820
-8003
-8310
-8729
-9146
-9503
-9763
-9890
-9846
-9654
-9334
-8913
-8482
-8068
-7804
-7719
-7848
-8143
-8531
-8969
-9348
-9651
-9823
-9853
-9759
-9520
-9199
-8808
-8436
-8155
-7991
-7991
-8125
-8367
-8684
-9012
-9320
-9621
-9822
-9960
-9946
-9769
-9490
-9077
-8689
-8317
-8098
-8032
-8096
-8295
-8557
-8921
-9284
-9635
-9887
-10000
-9897
-9621
-9209
-8754
-8347
-8014
-7838
-7776
-7890
-8083
-8400
-8756
-9144
-9495
-9708
-9787
-9648
-9425
-9061
-8712
-8371
-8110
-7970
-7920
-8028
-8251
-8609
-9013
-9446
-9805
-10026
-10077
-9997
-9762
-9456
-9082
-8685
-8348
-8087
-7977
-7999
-8213
-8509
-8886
-9253
-9538
-9717
-9741
-9654
-9425
-9091
-8713
-8329
-8038
-7855
-7788
-7876
-8055
-8390
-8748
-9106
-9450
-9672
-9772
-9704
-9520
-9209
-8867
-8493
-8217
-8011
-7939
-8041
-8250
-8617
-8977
-9404
-9709
-9933
-9973
-9838
-9602
-9232
-8860
-8470
-8206
-7979
-7958
-8014
-8266
-8591
-8933
-9346
-9530
-9759
-9741
-9663
-9462
-9144
-8858
-8449
-8208
-7929
-7856
-7890
-8045
-8368
-8700
-9116
-9385
-9634
-9707
-9671
-9455
-9122
-8742
-8324
-8018
-7763
-7794
-7906
-8230
-8611
-9036
-9430
-9683
-9879
-9874
-9777
-9472
-9178
-8784
-8440
-8161
-7967
-7962
-8019
-8246
-8491
-8827
-9123
-9376
-9551
-9607
-9568
-9367
-9129
-8778
-8454
-8159
-7935
-7853
-7888
-8138
-8448
-8848
-9253
-9605
-9860
-9955
-9906
-9664
-9341
-8905
-8488
-8134
-7921
-7881
-8009
-8318
-8676
-9093
-9411
-9691
-9847
-9876
-9784
-9527
-9227
-8863
-8532
-8235
-8082
-8049
-8115
-8301
-8496
-8754
-9005
-9255
-9460
-9555
-9550
-9382
-9147
-8821
-8520
-8261
-8072
-8017
-8035
-8212
-8466
-8825
-9218
-9579
-9859
-9970
-9900
-9638
-9271
-8875
-8501
-8211
-8049
-8003
-8100
-8286
-8619
-8973
-9329
-9612
-9714
-9760
-9609
-9422
-9138
-8854
-8605
-8350
-8216
-8121
-8179
-8327
-8609
-8949
-9259
-9556
-9730
-9783
-9741
-9577
-9334
-9000
-8663
-8370
-8127
-8026
-8070
-8271
-8555
-8917
-9274
-9586
-9780
-9849
-9770
-9543
-9254
-8876
-8557
-8276
-8121
-8102
-8202
-8476
-8760
-9158
-9460
-9709
-9843
-9829
-9765
-9517
-9296
-8949
-8686
-8407
-8210
-8138
-8137
-8341
-8519
-8885
-9177
-9472
-9688
-9730
-9748
-9540
-9341
-8998
-8664
-8403
-8147
-8109
-8140
-8359
-8644
-8990
-9328
-9581
-9778
-9777
-9755
-9560
-9276
-8976
-8580
-8370
-8146
-8118
-8262
-8399
-8770
-9038
-9353
-9622
-9761
-9839
-9767
-9611
-9324
-9038
-8702
-8407
-8240
-8139
-8236
-8421
-8673
-9009
-9288
-9603
-9759
-9831
-9782
-9513
-9296
-8905
-8571
-8384
-8081
-8075
-8164
-8293
-8614
-8885
-9243
-9515
-9716
-9774
-9746
-9629
-9319
-9091
-8716
-8512
-8323
-8204
-8342
-8450
-8793
-9054
-9399
-9645
-9844
-9927
-9858
-9772
-9422
-9124
-8748
-8444
-8241
-8207
-8245
-8491
-8694
-8967
-9344
-9505
-9703
-9741
-9714
-9470
-9231
-8886
-8617
-8442
-8281
-8291
-8336
-8534
-8724
-9010
-9282
-9554
-9720
-9802
-9760
-9583
-9378
-9044
-8829
-8570
-8400
-8337
-8329
-8495
-8680
-9020
-9319
-9612
-9819
-9854
-9829
-9631
-9406
-9116
-8854
-8640
-8472
-8394
-8466
-8624
-8860
-9164
-9436
-9687
-9751
-9758
-9652
-9476
-9237
-8981
-8787
-8578
-8471
-8404
-8505
-8620
-8830
-9102
-9333
-9561
-9651
-9732
-9677
-9590
-9374
-9121
-8866
-8581
-8430
-8301
-8419
-8540
-8819
-9132
-9374
-9703
-9762
-9863
-9736
-9548
-9325
-9010
-8812
-8509
-8453
-8385
-8491
-8723
-8947
-9270
-9480
-9703
-9769
-9798
-9711
-9543
-9354
-9105
-8887
-8688
-8596
-8555
-8607
-8735
-8917
-9140
-9353
-9561
-9702
-9779
-9729
-9613
-9393
-9133
-8857
-8576
-8434
-8341
-8447
-8622
-8895
-9195
-9485
-9702
-9815
-9846
-9714
-9536
-9236
-8939
-8647
-8450
-8357
-8385
-8524
-8733
-8959
-9230
-9447
-9653
-9737
-9763
-9721
-9505
-9348
-9043
-8905
-8701
-8605
-8605
-8578
-8803
-8906
-9219
-9469
-9634
-9862
-9846
-9859
-9649
-9415
-9141
-8816
-8615
-8394
-8375
-8418
-8595
-8831
-9136
-9406
-9630
-9721
-9738
-9647
-9406
-9188
-8852
-8664
-8424
-8349
-8357
-8452
-8669
-8874
-9153
-9365
-9582
-9652
-9696
-9621
-9482
-9272
-9061
-8858
-8646
-8566
-8514
-8600
-8726
-8931
-9171
-9436
-9646
-9766
-9829
-9749
-9562
-9287
-9024
-8722
-8531
-8369
-8348
-8458
-8581
-8835
-9036
-9351
-9547
-9663
-9701
-9583
-9423
-9130
-8937
-8704
-8568
-8495
-8446
-8558
-8674
-8924
-9177
-9440
-9648
-9739
-9765
-9628
-9462
-9212
-9000
-8796
-8564
-8453
-8367
-8458
-8619
-8852
-9150
-9380
-9574
-9667
-9692
-9618
-9471
-9269
-8995
-8799
-8589
-8443
-8440
-8466
-8679
-8878
-9130
-9358
-9524
-9655
-9652
-9615
-9453
-9244
-8954
-8740
-8557
-8464
-8450
-8501
-8704
-8919
-9191
-9413
-9618
-9723
-9700
-9653
-9481
-9292
-9031
-8801
-8640
-8510
-8562
-8628
-8831
-9010
-9248
-9467
-9605
-9723
-9687
-9640
-9464
-9260
-9029
-8850
-8653
-8539
-8526
-8581
-8719
-8874
-9119
-9329
-9507
-9608
-9698
-9636
-9513
-9335
-9076
-8877
-8659
-8558
-8513
-8600
-8783
-8989
-9227
-9444
-9646
-9719
-9735
-9624
-9430
-9151
-8854
-8657
-8516
-8447
-8465
-8605
-8763
-8956
-9197
-9387
-9568
-9656
-9653
-9624
-9470
-9306
-9116
-8974
-8811
-8705
-8644
-8697
-8800
-8901
-9196
-9395
-9652
-9758
-9810
-9721
-9504
-9297
-8967
-8759
-8528
-8438
-8413
-8497
-8683
-8869
-9155
-9397
-9598
-9680
-9638
-9539
-9360
-9160
-8923
-8732
-8612
-8540
-8583
-8675
-8861
-9060
-9253
-9438
-9600
-9647
-9633
-9602
-9452
-9310
-9097
-8916
-8777
-8651
-8650
-8657
-8788
-8935
-9104
-9350
-9490
-9656
-9663
-9616
-9462
-9188
-8966
-8717
-8578
-8449
-8436
-8489
-8648
-8897
-9150
-9414
-9573
-9669
-9627
-9506
-9353
-9132
-8943
-8762
-8643
-8604
-8585
-8709
-8844
-9023
-9217
-9380
-9508
-9572
-9599
-9540
-9436
-9245
-9069
-8853
-8687
-8552
-8481
-8560
-8649
-8879
-9090
-9315
-9523
-9627
-9673
-9574
-9415
-9189
-8965
-8743
-8570
-8456
-8465
-8572
-8747
-9011
-9228
-9465
-9586
-9665
-9645
-9554
-9431
-9191
-8988
-8741
-8617
-8538
-8522
-8624
-8743
-8968
-9152
-9346
-9480
-9555
-9585
-9499
-9373
-9184
-8999
-8796
-8614
-8514
-8494
-8563
-8695
-8904
-9116
-9339
-9505
-9573
-9593
-9535
-9399
-9200
-8988
-8782
-8623
-8566
-8598
-8659
-8806
-8965
-9164
-9329
-9460
-9570
-9555
-9543
-9394
-9228
-9000
-8794
-8665
-8560
-8571
-8600
-8755
-8895
-9097
-9305
-9455
-9597
-9600
-9562
-9404
-9203
-8976
-8778
-8655
-8555
-8556
-8605
-8760
-8934
-9146
-9364
-9502
-9604
-9599
-9535
-9384
-9203
-9033
-8850
-8714
-8622
-8615
-8675
-8782
-8952
-9126
-9301
-9444
-9529
-9527
-9445
-9317
-9143
-8968
-8776
-8619
-8536
-8513
-8604
-8754
-8947
-9159
-9336
-9498
-9567
-9570
-9481
-9346
-9168
-8970
-8824
-8673
-8636
-8624
-8723
-8842
-9003
-9193
-9318
-9486
-9506
-9522
-9442
-9323
-9176
-8976
-8831
-8658
-8590
-8565
-8622
-8738
-8899
-9102
-9262
-9432
-9531
-9540
-9487
-9368
-9206
-9001
-8810
-8676
-8586
-8590
-8646
-8781
-8966
-9161
-9372
-9481
-9552
-9525
-9442
-9298
-9108
-8948
-8775
-8674
-8595
-8605
-8684
-8808
-8989
-9170
-9327
-9439
-9486
-9496
-9468
-9366
-9223
-9043
-8877
-8705
-8618
-8599
-8644
-8773
-8919
-9109
-9264
-9424
-9518
-9546
-9501
-9354
-9184
-8960
-8771
-8629
-8559
-8573
-8658
-8807
-8978
-9183
-9332
-9435
-9483
-9451
-9391
-9263
-9123
-8969
-8804
-8710
-8644
-8661
-8712
-8816
-8966
-9116
-9302
-9419
-9518
-9532
-9501
-9411
-9258
-9102
-8914
-8780
-8661
-8634
-8679
-8785
-8944
-9122
-9296
-9448
-9554
-9576
-9511
-9367
-9165
-8936
-8746
-8601
-8532
-8541
-8642
-8784
-8950
-9132
-9295
-9431
-9490
-9479
-9412
-9288
-9142
-8996
-8856
-8785
-8751
-8765
-8816
-8911
-9051
-9188
-9351
-9477
-9571
-9596
-9547
-9422
-9249
-9080
-8887
-8751
-8647
-8635
-8673
-8772
-8935
-9110
-9310
-9438
-9541
-9532
-9444
-9328
-9139
-8983
-8818
-8685
-8634
-8613
-8690
-8828
-9009
-9193
-9344
-9462
-9517
-9515
-9456
-9362
-9227
-9082
-8944
-8830
-8747
-8727
-8755
-8845
-8981
-9137
-9297
-9413
-9497
-9501
-9462
-9348
-9211
-9035
-8874
-8749
-8645
-8670
-8701
-8857
-9002
-9182
-9352
-9442
-9542
-9501
-9470
-9324
-9190
-9019
-8856
-8766
-8686
-8715
-8746
-8885
-9027
-9211
-9334
-9445
-9522
-9501
-9475
-9342
-9230
-9067
-8915
-8803
-8714
-8721
-8776
-8870
-9025
-9179
-9347
-9463
-9516
-9541
-9446
-9366
-9213
-9067
-8930
-8801
-8763
-8734
-8808
-8894
-9042
-9191
-9313
-9435
-9467
-9481
-9426
-9316
-9204
-9022
-8877
-8751
-8686
-8710
-8751
-8868
-8987
-9149
-9262
-9368
-9442
-9452
-9435
-9312
-9209
-9029
-8890
-8793
-8702
-8717
-8745
-8876
-9011
-9169
-9314
-9411
-9473
-9464
-9428
-9312
-9176
-9017
-8895
-8800
-8764
-8761
-8796
-8894
-9010
-9140
-9272
-9409
-9461
-9471
-9422
-9330
-9211
-9043
-8897
-8780
-8697
-8693
-8733
-8837
-8996
-9151
-9320
-9430
-9508
-9526
-9468
-9366
-9194
-9031
-8876
-8784
-8727
-8726
-8803
-8903
-9035
-9180
-9309
-9391
-9437
-9429
-9385
-9265
-9159
-9027
-8920
-8834
-8774
-8770
-8785
-8884
-8971
-9117
-9238
-9378
-9457
-9468
-9439
-9323
-9211
-9042
-8920
-8802
-8719
-8710
-8726
-8831
-8986
-9157
-9337
-9458
-9536
-9517
-9445
-9348
-9202
-9060
-8908
-8840
-8780
-8791
-8861
-8951
-9097
-9207
-9337
-9398
-9436
-9426
-9385
-9298
-9158
-9047
-8904
-8805
-8712
-8697
-8747
-8836
-8960
-9087
-9227
-9343
-9429
-9465
-9443
-9375
-9251
-9110
-8948
-8823
-8767
-8738
-8803
-8891
-9054
-9187
-9332
-9432
-9472
-9480
-9384
-9293
-9129
-8994
-8864
-8779
-8748
-8748
-8815
-8897
-9021
-9124
-9227
-9315
-9345
-9368
-9328
-9269
-9169
-9048
-8959
-8857
-8799
-8767
-8806
-8869
-8983
-9112
-9231
-9365
-9423
-9457
-9394
-9317
-9194
-9038
-8914
-8774
-8724
-8701
-8755
-8855
-8964
-9114
-9234
-9328
-9361
-9340
-9288
-9182
-9078
-8944
-8836
-8763
-8727
-8761
-8790
-8904
-9016
-9128
-9242
-9307
-9382
-9370
-9333
-9263
-9150
-9050
-8923
-8849
-8779
-8778
-8822
-8900
-9016
-9125
-9264
-9344
-9403
-9395
-9354
-9263
-9117
-8969
-8843
-8761
-8701
-8690
-8756
-8865
-8969
-9121
-9238
-9329
-9363
-9354
-9310
-9204
-9112
-8968
-8865
-8776
-8723
-8736
-8769
-8866
-8937
-9072
-9176
-9263
-9335
-9333
-9318
-9201
-9117
-8994
-8895
-8807
-8739
-8751
-8753
-8858
-8943
-9095
-9199
-9290
-9351
-9298
-9268
-9148
-9055
-8924
-8819
-8746
-8668
-8659
-8675
-8757
-8876
-8994
-9111
-9220
-9287
-9304
-9242
-9154
-9071
-8959
-8846
-8753
-8701
-8696
-8731
-8828
-8937
-9048
-9165
-9236
-9288
-9294
-9249
-9163
-9040
-8934
-8809
-8701
-8666
-8668
-8726
-8825
-8937
-9065
-9167
-9248
-9281
-9282
-9258
-9187
-9097
-8984
-8886
-8799
-8756
-8753
-8788
-8848
-8962
-9074
-9173
-9276
-9334
-9377
-9314
-9257
-9147
-9019
-8901
-8782
-8737
-8717
-8771
-8824
-8944
-9063
-9181
-9252
-9289
-9307
-9240
-9171
-9050
-8953
-8853
-8783
-8752
-8757
-8813
-8894
-9002
-9101
-9199
-9261
-9301
-9319
-9293
-9229
-9161
-9045
-8932
-8843
-8770
-8754
-8745
-8831
-8908
-9019
-9141
-9207
-9297
-9311
-9328
-9251
-9145
-9031
-8899
-8835
-8780
-8806
-8840
-8907
-9012
-9132
-9236
-9318
-9367
-9353
-9308
-9213
-9129
-9003
-8905
-8852
-8812
-8848
-8867
-8944
-9034
-9121
-9220
-9277
-9342
-9341
-9301
-9257
-9183
-9108
-9009
-8933
-8887
-8865
-8881
-8927
-9037
-9142
-9271
-9365
-9419
-9428
-9403
-9354
-9227
-9110
-8978
-8890
-8859
-8846
-8880
-8959
-9072
-9167
-9246
-9335
-9373
-9384
-9334
-9254
-9169
-9069
-8986
-8929
-8896
-8909
-8946
-9000
-9094
-9177
-9283
-9338
-9415
-9426
-9410
-9340
-9245
-9186
-9065
-9009
-8916
-8918
-8927
-8982
-9074
-9151
-9297
-9370
-9430
-9442
-9422
-9333
-9218
-9131
-9014
-8953
-8897
-8906
-8967
-9008
-9120
-9199
-9296
-9353
-9380
-9388
-9358
-9323
-9221
-9145
-9050
-9007
-8948
-8920
-8957
-8998
-9092
-9186
-9273
-9332
-9394
-9397
-9361
-9319
-9251
-9163
-9042
-8960
-8910
-8880
-8908
-8950
-9056
-9149
-9247
-9343
-9357
-9381
-9340
-9263
-9162
-9054
-8951
-8868
-8836
-8846
-8892
-8955
-9068
-9152
-9243
-9304
-9338
-9348
-9305
-9269
-9171
-9081
-9018
-8943
-8913
-8920
-8945
-8995
-9063
-9151
-9210
-9283
-9334
-9321
-9283
-9235
-9181
-9074
-8975
-8898
-8855
-8834
-8857
-8903
-8979
-9086
-9156
-9255
-9276
-9289
-9253
-9164
-9108
-8981
-8894
-8812
-8772
-8778
-8784
-8857
-8943
-9033
-9136
-9203
-9263
-9263
-9242
-9188
-9095
-9022
-8916
-8861
-8813
-8822
-8847
-8894
-8988
-9062
-9153
-9217
-9266
-9295
-9268
-9232
-9144
-9054
-8981
-8896
-8867
-8846
-8883
-8909
-8978
-9069
-9144
-9227
-9239
-9261
-9235
-9182
-9093
-8984
-8911
-8824
-8792
-8765
-8786
-8850
-8908
-9034
-9104
-9185
-9237
-9226
-9239
-9150
-9072
-8984
-8885
-8826
-8764
-8780
-8812
-8883
-8969
-9053
-9135
-9196
-9213
-9205
-9202
-9140
-9084
-8989
-8893
-8841
-8762
-8772
-8780
-8828
-8919
-8970
-9078
-9126
-9181
-9191
-9202
-9162
-9069
-9004
-8874
-8812
-8745
-8720
-8741
-8781
-8869
-8950
-9023
-9081
-9135
-9144
-9123
-9057
-8979
-8897
-8813
-8753
-8710
-8729
-8770
-8814
-8901
-8974
-9041
-9096
-9116
-9155
-9112
-9065
-9002
-8923
-8902
-8826
-8782
-8769
-8771
-8812
-8859
-8925
-9007
-9071
-9105
-9119
-9135
-9094
-9019
-8928
-8846
-8760
-8687
-8689
-8690
-8759
-8833
-8923
-9027
-9069
-9116
-9112
-9084
-9028
-8957
-8880
-8797
-8764
-8721
-8739
-8761
-8813
-8887
-8938
-9026
-9057
-9106
-9102
-9082
-9052
-8957
-8894
-8827
-8792
-8748
-8726
-8733
-8760
-8826
-8894
-8980
-9033
-9084
-9091
-9095
-9052
-8979
-8920
-8843
-8783
-8721
-8692
-8680
-8731
-8792
-8894
-8966
-9046
-9087
-9084
-9071
-9006
-8982
-8902
-8862
-8788
-8757
-8751
-8736
-8801
-8851
-8931
-8988
-9070
-9116
-9125
-9127
-9089
-9054
-8966
-8900
-8833
-8779
-8762
-8762
-8806
-8855
-8935
-9003
-9100
-9146
-9138
-9117
-9067
-9022
-8934
-8855
-8797
-8742
-8713
-8741
-8794
-8881
-8982
-9065
-9118
-9157
-9160
-9138
-9084
-9059
-8994
-8897
-8860
-8803
-8830
-8838
-8890
-8936
-8975
-9054
-9080
-9121
-9139
-9141
-9102
-9053
-8971
-8891
-8838
-8772
-8760
-8761
-8797
-8869
-8934
-9031
-9105
-9154
-9166
-9179
-9125
-9067
-9001
-8901
-8869
-8825
-8816
-8804
-8857
-8914
-8973
-9031
-9081
-9131
-9127
-9129
-9083
-9056
-8995
-8938
-8885
-8853
-8860
-8864
-8882
-8922
-9010
-9070
-9117
-9165
-9195
-9179
-9161
-9109
-9049
-8986
-8926
-8880
-8859
-8887
-8903
-8948
-9007
-9066
-9116
-9169
-9193
-9175
-9147
-9098
-9014
-8960
-8907
-8862
-8852
-8859
-8920
-8961
-9026
-9086
-9145
-9204
-9199
-9188
-9143
-9087
-9032
-8945
-8910
-8890
-8883
-8902
-8946
-9013
-9056
-9123
-9166
-9186
-9189
-9166
-9126
-9069
-9006
-8948
-8920
-8900
-8901
-8921
-8954
-9000
-9026
-9068
-9109
-9132
-9150
-9138
-9106
-9073
-9026
-8995
-8947
-8912
-8903
-8896
-8940
-8970
-9055
-9099
-9150
-9203
-9210
-9214
-9163
-9127
-9043
-8978
-8935
-8911
-8895
-8909
-8942
-8984
-9058
-9101
-9159
-9191
-9208
-9187
-9130
-9080
-9019
-8967
-8917
-8880
-8866
-8873
-8912
-8959
-9001
-9055
-9111
-9140
-9141
-9149
-9134
-9103
-9059
-8992
-8924
-8861
-8834
-8838
-8856
-8915
-8969
-9033
-9105
-9139
-9155
-9128
-9105
-9039
-8965
-8889
-8825
-8798
-8774
-8823
-8856
-8928
-8992
-9047
-9110
-9137
-9177
-9144
-9117
-9054
-9000
-8953
-8891
-8891
-8862
-8877
-8890
-8925
-8972
-9009
-9060
-9067
-9071
-9075
-9054
-9019
-8986
-8925
-8875
-8834
-8808
-8822
-8852
-8898
-8945
-8996
-9049
-9094
-9120
-9114
-9082
-9011
-8939
-8862
-8807
-8770
-8757
-8769
-8805
-8853
-8909
-8991
-9021
-9080
-9078
-9068
-9051
-9003
-8968
-8912
-8882
-8835
-8823
-8828
-8864
-8901
-8945
-8990
-9029
-9058
-9076
-9093
-9072
-9047
-8995
-8939
-8890
-8842
-8825
-8832
-8867
-8926
-8964
-9021
-9065
-9089
-9111
-9101
-9067
-8998
-8935
-8891
-8854
-8840
-8846
-8836
-8873
-8908
-8957
-9013
-9057
-9115
-9103
-9102
-9063
-9021
-9010
-8953
-8921
-8879
-8871
-8880
-8882
-8928
-8965
-9032
-9073
-9107
-9139
-9125
-9100
-9056
-9032
-8970
-8915
-8892
-8865
-8891
-8905
-8945
-8997
-9032
-9094
-9106
-9121
-9125
-9101
-9067
-9019
-8968
-8937
-8916
-8891
-8890
-8920
-8955
-8984
-9056
-9084
-9135
-9162
-9158
-9138
-9111
-9068
-9007
-8960
-8910
-8909
-8907
-8943
-8964
-9038
-9075
-9120
-9159
-9158
-9158
-9098
-9111
-9044
-8996
-8956
-8919
-8921
-8888
-8943
-8977
-9027
-9080
-9109
-9158
-9154
-9158
-9130
-9099
-9058
-8987
-8951
-8901
-8901
-8896
-8916
-8968
-9005
-9078
-9116
-9158
-9153
-9167
-9143
-9083
-9069
-9008
-9005
-8952
-8937
-8952
-8950
-9007
-9034
-9090
-9103
-9137
-9139
-9118
-9124
-9074
-9054
-8998
-8990
-8957
-8941
-8955
-8955
-9011
-9015
-9065
-9093
-9138
-9176
-9168
-9153
-9103
-9075
-9004
-8959
-8930
-8905
-8927
-8903
-8960
-9002
-9054
-9120
-9126
-9174
-9140
-9125
-9069
-9019
-9003
-8950
-8943
-8944
-8957
-8994
-9020
-9047
-9071
-9093
-9129
-9129
-9138
-9114
-9103
-9053
-8997
-8975
-8922
-8930
-8911
-8930
-8979
-8988
-9054
-9093
-9131
-9157
-9148
-9128
-9083
-9042
-8983
-8945
-8902
-8909
-8917
-8925
-8970
-9001
-9075
-9101
-9120
-9119
-9116
-9089
-9046
-9009
-8965
-8941
-8880
-8887
-8867
-8899
-8940
-8938
-8988
-9011
-9067
-9066
-9059
-9041
-9011
-8998
-8950
-8916
-8871
-8857
-8859
-8870
-8925
-8950
-9007
-9075
-9077
-9133
-9119
-9115
-9074
-9009
-9017
-8952
-8922
-8894
-8920
-8933
-8934
-8989
-9022
-9059
-9090
-9094
-9095
-9082
-9068
-9012
-8960
-8919
-8879
-8860
-8823
-8858
-8875
-8920
-8942
-8962
-9014
-9029
-9032
-8985
-8979
-8938
-8897
-8888
-8838
-8843
-8836
-8859
-8866
-8896
-8973
-8992
-9049
-9042
-9085
-9059
-9030
-8985
-8919
-8917
-8829
-8821
-8790
-8847
-8876
-8884
-8950
-8964
-8993
-8965
-8995
-8975
-8964
-8917
-8874
-8887
-8813
-8811
-8775
-8804
-8842
-8858
-8919
-8961
-9000
-9002
-9024
-9010
-8977
-8943
-8886
-8855
-8806
-8809
-8832
-8818
-8863
-8882
-8942
-8955
-8978
-9003
-8987
-8986
-8934
-8917
-8871
-8848
-8830
-8814
-8809
-8802
-8797
-8819
-8842
-8886
-8936
-8960
-8967
-8931
-8936
-8903
-8864
-8824
-8800
-8794
-8775
-8810
-8855
-8915
-8969
-8973
-8991
-8990
-8969
-8942
-8903
-8884
-8843
-8820
-8794
-8781
-8785
-8805
-8829
-8858
-8906
-8911
-8948
-8979
-8987
-8982
-8947
-8935
-8884
-8854
-8830
-8778
-8784
-8780
-8818
-8845
-8870
-8939
-8950
-8985
-8979
-8978
-8951
-8903
-8885
-8821
-8806
-8808
-8829
-8825
-8863
-8901
-8927
-8973
-8982
-8989
-8964
-8943
-8908
-8884
-8860
-8837
-8836
-8823
-8800
-8823
-8830
-8884
-8910
-8927
-8972
-8970
-8991
-8960
-8956
-8921
-8875
-8843
-8796
-8790
-8782
-8790
-8837
-8876
-8931
-8961
-8969
-9002
-9001
-8990
-8963
-8911
-8878
-8852
-8820
-8809
-8822
-8842
-8847
-8891
-8933
-8953
-8961
-8965
-8962
-8958
-8936
-8904
-8902
-8859
-8864
-8846
-8857
-8873
-8869
-8913
-8909
-8963
-8968
-8972
-8989
-8987
-9008
-8945
-8924
-8908
-8880
-8870
-8831
-8870
-8872
-8894
-8928
-8948
-9004
-8982
-9016
-8980
-8960
-8922
-8863
-8883
-8821
-8835
-8821
-8850
-8893
-8900
-8942
-8945
-8995
-8999
-9016
-9011
-8994
-8974
-8923
-8911
-8867
-8874
-8864
-8883
-8906
-8930
-8972
-8983
-9027
-9039
-9052
-9032
-9025
-8985
-8944
-8919
-8892
-8881
-8862
-8857
-8865
-8903
-8936
-8960
-8976
-9013
-9012
-9011
-8984
-8955
-8939
-8919
-8916
-8917
-8926
-8921
-8954
-8984
-9029
-9050
-9079
-9101
-9100
-9075
-9051
-9027
-8983
-8948
-8913
-8908
-8911
-8922
-8917
-8946
-8980
-9018
-9028
-9055
-9069
-9052
-9029
-8987
-8986
-8936
-8931
-8925
-8894
-8923
-8938
-8991
-9026
-9054
-9102
-9083
-9118
-9117
-9091
-9077
-9010
-9006
-8966
-8955
-8962
-8941
-8969
-8972
-8984
-9018
-9044
-9039
-9054
-9047
-9033
-9016
-8992
-8962
-8928
-8929
-8906
-8921
-8908
-8935
-8965
-8996
-9036
-9049
-9071
-9050
-9049
-8990
-8957
-8946
-8943
-8956
-8926
-8937
-8927
-8962
-8996
-9014
-9052
-9063
-9075
-9060
-9055
-9039
-9021
-9003
-8980
-8949
-8938
-8949
-8956
-8997
-9039
-9059
-9069
-9073
-9089
-9054
-9029
-9012
-8979
-8964
-8924
-8918
-8918
-8929
-8931
-8951
-8969
-8998
-9002
-9013
-9023
-9031
-9019
-8979
-8977
-8917
-8939
-8921
-8938
-8934
-8915
-8982
-8955
-9011
-9046
-9059
-9086
-9041
-9056
-9000
-8986
-8950
-8897
-8927
-8875
-8887
-8896
-8945
-8959
-8970
-8997
-8985
-9001
-8974
-8967
-8935
-8915
-8902
-8883
-8873
-8886
-8909
-8909
-8921
-8933
-8969
-8993
-8997
-9035
-9019
-8995
-8993
-8953
-8957
-8941
-8913
-8894
-8877
-8871
-8882
-8884
-8898
-8941
-8939
-8962
-8941
-8931
-8913
-8868
-8823
-8796
-8793
-8783
-8815
-8823
-8883
-8894
-8908
-8958
-8963
-8975
-8954
-8948
-8929
-8884
-8871
-8860
-8870
-8866
-8850
-8854
-8849
-8883
-8906
-8944
-8980
-8952
-8946
-8939
-8923
-8908
-8906
-8891
-8873
-8872
-8852
-8885
-8899
-8943
-8976
-8975
-9006
-9023
-9034
-8992
-8965
-8927
-8884
-8856
-8849
-8838
-8864
-8880
-8886
-8900
-8900
-8920
-8916
-8939
-8922
-8921
-8887
-8858
-8836
-8824
-8814
-8809
-8793
-8793
-8847
-8812
-8851
-8872
-8898
-8899
-8872
-8906
-8867
-8881
-8864
-8828
-8842
-8814
-8825
-8817
-8875
-8926
-8942
-8999
-9006
-9018
-8998
-8996
-8987
-8964
-8904
-8869
-8837
-8812
-8831
-8835
-8867
-8855
-8910
-8899
-8900
-8940
-8903
-8933
-8882
-8875
-8826
-8814
-8843
-8811
-8859
-8842
-8878
-8873
-8882
-8901
-8927
-8971
-8948
-8927
-8902
-8905
-8874
-8878
-8836
-8815
-8825
-8806
-8843
-8868
-8893
-8927
-8897
-8908
-8905
-8877
-8879
-8820
-8839
-8793
-8787
-8792
-8773
-8813
-8815
-8851
-8860
-8888
-8894
-8914
-8905
-8896
-8879
-8820
-8841
-8808
-8798
-8798
-8796
-8826
-8811
-8855
-8868
-8880
-8908
-8912
-8906
-8897
-8888
-8850
-8842
-8830
-8833
-8811
-8802
-8804
-8815
-8839
-8867
-8889
-8883
-8905
-8944
-8941
-8919
-8885
-8849
-8821
-8768
-8783
-8779
-8799
-8822
-8843
-8889
-8886
-8927
-8926
-8918
-8913
-8866
-8865
-8836
-8842
-8845
-8835
-8849
-8825
-8861
-8860
-8888
-8899
-8907
-8925
-8894
-8888
-8863
-8864
-8830
-8825
-8804
-8791
-8792
-8796
-8848
-8857
-8888
-8903
-8916
-8938
-8943
-8917
-8877
-8879
-8873
-8853
-8838
-8834
-8839
-8845
-8836
-8850
-8871
-8893
-8894
-8888
-8913
-8902
-8892
-8857
-8834
-8814
-8795
-8799
-8795
-8819
-8839
-8850
-8861
-8893
-8916
-8896
-8888
-8880
-8863
-8858
-8850
-8846
-8820
-8826
-8809
-8815
-8846
-8851
-8884
-8901
-8937
-8938
-8939
-8942
-8899
-8895
-8862
-8838
-8812
-8777
-8820
-8792
-8817
-8850
-8871
-8905
-8899
-8917
-8894
-8902
-8887
-8848
-8820
-8818
-8814
-8793
-8795
-8792
-8829
-8853
-8867
-8887
-8910
-8926
-8912
-8910
-8893
-8870
-8851
-8840
-8822
-8852
-8838
-8822
-8826
-8806
-8833
-8823
-8858
-8851
-8859
-8856
-8853
-8855
-8836
-8824
-8795
-8798
-8787
-8794
-8820
-8846
-8846
-8883
-8887
-8899
-8897
-8896
-8885
-8852
-8829
-8803
-8814
-8816
-8823
-8826
-8854
-8866
-8875
-8870
-8875
-8873
-8875
-8879
-8864
-8875
-8838
-8832
-8805
-8773
-8797
-8784
-8814
-8810
-8825
-8854
-8852
-8888
-8902
-8913
-8878
-8870
-8848
-8826
-8815
-8784
-8808
-8791
-8812
-8811
-8823
-8849
-8807
-8855
-8832
-8853
-8833
-8816
-8849
-8806
-8812
-8754
-8786
-8767
-8767
-8788
-8794
-8842
-8834
-8844
-8829
-8857
-8823
-8804
-8803
-8780
-8787
-8742
-8735
-8758
-8785
-8803
-8807
-8838
-8857
-8865
-8863
-8858
-8856
-8839
-8814
-8803
-8788
-8786
-8790
-8762
-8777
-8784
-8800
-8803
-8836
-8838
-8831
-8861
-8802
-8803
-8786
-8772
-8748
-8709
-8728
-8734
-8734
-8759
-8757
-8808
-8813
-8804
-8851
-8851
-8861
-8821
-8809
-8792
-8795
-8770
-8761
-8779
-8774
-8781
-8782
-8815
-8832
-8845
-8842
-8845
-8845
-8827
-8797
-8757
-8747
-8747
-8745
-8751
-8765
-8775
-8800
-8841
-8865
-8899
-8876
-8894
-8880
-8843
-8839
-8802
-8815
-8786
-8802
-8798
-8791
-8837
-8837
-8861
-8850
-8870
-8883
-8869
-8873
-8853
-8857
-8838
-8824
-8806
-8790
-8784
-8779
-8788
-8811
-8838
-8858
-8855
-8860
-8869
-8868
-8857
-8834
-8817
-8797
-8781
-8749
-8769
-8767
-8793
-8816
-8821
-8861
-8844
-8858
-8858
-8847
-8850
-8811
-8818
-8812
-8796
-8793
-8775
-8791
-8803
-8811
-8815
-8836
-8840
-8852
-8833
-8843
-8831
-8808
-8818
-8781
-8776
-8755
-8789
-8772
-8788
-8813
-8799
-8811
-8805
-8851
-8841
-8844
-8828
-8820
-8799
-8778
-8775
-8759
-8785
-8767
-8792
-8793
-8811
-8839
-8801
-8832
-8797
-8793
-8796
-8751
-8788
-8771
-8796
-8777
-8772
-8793
-8769
-8770
-8766
-8783
-8791
-8802
-8775
-8786
-8803
-8771
-8749
-8755
-8752
-8726
-8738
-8744
-8743
-8754
-8758
-8787
-8813
-8817
-8836
-8829
-8823
-8811
-8794
-8801
-8773
-8786
-8764
-8785
-8813
-8796
-8840
-8812
-8821
-8802
-8807
-8819
-8761
-8740
-8723
-8747
-8748
-8747
-8750
-8752
-8765
-8762
-8779
-8789
-8803
-8788
-8799
-8815
-8816
-8836
-8820
-8815
-8799
-8781
-8764
-8747
-8753
-8764
-8779
-8793
-8809
-8841
-8859
-8860
-8837
-8820
-8792
-8749
-8744
-8742
-8754
-8746
-8751
-8762
-8793
-8791
-8799
-8816
-8812
-8842
-8809
-8795
-8786
-8800
-8810
-8790
-8795
-8789
-8821
-8815
-8824
-8840
-8837
-8829
-8805
-8825
-8821
-8834
-8812
-8804
-8791
-8765
-8764
-8735
-8767
-8776
-8781
-8784
-8796
-8812
-8813
-8829
-8836
-8829
-8802
-8773
-8755
-8752
-8757
-8772
-8779
-8792
-8817
-8847
-8872
-8901
-8910
-8883
-8851
-8835
-8818
-8801
-8793
-8785
-8792
-8789
-8797
-8815
-8820
-8831
-8826
-8822
-8822
-8825
-8825
-8813
-8810
-8778
-8772
-8777
-8765
-8775
-8758
-8797
-8797
-8817
-8844
-8834
-8870
-8827
-8817
-8781
-8779
-8788
-8773
-8779
-8776
-8804
-8798
-8819
-8825
-8829
-8830
-8823
-8832
-8832
-8820
-8810
-8814
-8811
-8792
-8777
-8766
-8760
-8755
-8770
-8774
-8799
-8804
-8813
-8826
-8813
-8837
-8794
-8802
-8767
-8754
-8756
-8721
-8761
-8740
-8773
-8763
-8771
-8792
-8765
-8807
-8779
-8795
-8771
-8763
-8766
-8731
-8751
-8733
-8756
-8724
-8736
-8731
-8717
-8750
-8740
-8758
-8735
-8761
-8748
-8733
-8727
-8683
-8703
-8670
-8688
-8695
-8712
-8761
-8754
-8799
-8791
-8829
-8814
-8775
-8789
-8759
-8782
-8753
-8747
-8749
-8750
-8743
-8754
-8766
-8743
-8748
-8725
-8780
-8742
-8742
-8730
-8724
-8730
-8678
-8696
-8654
-8706
-8677
-8691
-8719
-8711
-8736
-8697
-8740
-8736
-8738
-8752
-8704
-8712
-8709
-8694
-8680
-8677
-8691
-8656
-8664
-8654
-8685
-8723
-8737
-8749
-8710
-8725
-8710
-8686
-8686
-8670
-8678
-8681
-8702
-8709
-8697
-8703
-8699
-8711
-8706
-8700
-8707
-8696
-8699
-8690
-8686
-8685
-8675
-8669
-8670
-8698
-8700
-8701
-8706
-8708
-8711
-8702
-8708
-8706
-8712
-8702
-8691
-8683
-8654
-8665
-8668
-8693
-8705
-8741
-8768
-8751
-8779
-8755
-8742
-8732
-8727
-8737
-8741
-8736
-8742
-8754
-8758
-8767
-8754
-8774
-8799
-8813
-8832
-8834
-8835
-8809
-8784
-8760
-8726
-8714
-8718
-8726
-8735
-8763
-8780
-8810
-8795
-8779
-8784
-8770
-8758
-8758
-8733
-8719
-8725
-8715
-8717
-8696
-8704
-8714
-8719
-8722
-8751
-8745
-8742
-8775
-8768
-8782
-8751
-8760
-8760
-8726
-8750
-8724
-8722
-8710
-8708
-8748
-8768
-8799
-8797
-8836
-8823
-8772
-8773
-8748
-8779
-8768
-8752
-8765
-8739
-8749
-8768
-8812
-8827
-8826
-8813
-8784
-8803
-8811
-8783
-8759
-8762
-8774
-8743
-8767
-8792
-8787
-8810
-8758
-8787
-8757
-8753
-8764
-8773
-8801
-8735
-8751
-8693
-8719
-8706
-8716
-8722
-8672
-8695
-8668
-8731
-8713
-8730
-8754
-8731
-8758
-8705
-8717
-8710
-8666
-8666
-8652
-8690
-8686
-8713
-8712
-8719
-8750
-8713
-8730
-8718
-8707
-8724
-8701
-8717
-8736
-8709
-8719
-8717
-8717
-8712
-8717
-8733
-8744
-8757
-8778
-8766
-8758
-8789
-8767
-8742
-8752
-8759
-8730
-8744
-8714
-8716
-8731
-8714
-8738
-8707
-8710
-8678
-8684
-8693
-8669
-8674
-8646
-8674
-8651
-8655
-8664
-8690
-8709
-8718
-8737
-8723
-8733
-8738
-8740
-8695
-8722
-8705
-8713
-8701
-8668
-8695
-8700
-8719
-8688
-8713
-8725
-8722
-8713
-8701
-8703
-8673
-8645
-8618
-8628
-8641
-8622
-8633
-8649
-8686
-8685
-8679
-8711
-8716
-8736
-8697
-8700
-8715
-8700
-8678
-8638
-8663
-8672
-8663
-8668
-8653
-8674
-8676
-8684
-8688
-8675
-8698
-8683
-8683
-8662
-8679
-8634
-8606
-8622
-8603
-8644
-8635
-8685
-8683
-8713
-8724
-8680
-8689
-8659
-8647
-8589
-8597
-8597
-8589
-8609
-8607
-8638
-8653
-8678
-8685
-8662
-8663
-8669
-8656
-8670
-8658
-8687
-8679
-8696
-8725
-8682
-8685
-8655
-8661
-8648
-8642
-8664
-8651
-8667
-8687
-8689
-8697
-8665
-8653
-8640
-8637
-8639
-8624
-8660
-8658
-8686
-8684
-8686
-8711
-8692
-8721
-8700
-8671
-8668
-8631
-8619
-8603
-8591
-8603
-8595
-8599
-8612
-8620
-8617
-8630
-8646
-8652
-8649
-8650
-8657
-8645
-8638
-8612
-8595
-8595
-8612
-8611
-8607
-8653
-8680
-8696
-8700
-8716
-8724
-8686
-8677
-8653
-8640
-8649
-8652
-8657
-8632
-8643
-8647
-8667
-8660
-8681
-8666
-8659
-8668
-8638
-8672
-8629
-8659
-8636
-8615
-8632
-8634
-8651
-8637
-8659
-8655
-8650
-8646
-8629
-8632
-8624
-8619
-8619
-8585
-8609
-8593
-8620
-8608
-8601
-8602
-8583
-8611
-8607
-8631
-8593
-8627
-8608
-8606
-8609
-8586
-8617
-8596
-8633
-8633
-8659
-8675
-8643
-8660
-8646
-8651
-8632
-8609
-8584
-8593
-8590
-8556
-8568
-8566
-8588
-8593
-8621
-8616
-8625
-8642
-8635
-8637
-8624
-8631
-8621
-8600
-8572
-8587
-8578
-8584
-8586
-8584
-8610
-8619
-8631
-8620
-8633
-8663
-8658
-8603
-8620
-8619
-8626
-8593
-8591
-8637
-8617
-8654
-8624
-8655
-8653
-8648
-8623
-8608
-8635
-8612
-8628
-8618
-8649
-8605
-8598
-8590
-8559
-8576
-8583
-8608
-8599
-8618
-8622
-8611
-8615
-8622
-8638
-8564
-8539
-8545
-8557
-8576
-8579
-8631
-8612
-8656
-8624
-8646
-8714
-8699
-8695
-8611
-8650
-8642
-8619
-8571
-8572
-8658
-8590
-8612
-8562
-8613
-8654
-8612
-8639
-8613
-8743
-8661
-8667
-8675
-8670
-8675
-8576
-8651
-8546
-8598
-8573
-8587
-8662
-8633
-8665
-8608
-8634
-8603
-8563
-8569
-8587
-8567
-8590
-8573
-8586
-8620
-8618
-8615
-8539
-8578
-8564
-8575
-8593
-8615
-8672
-8608
-8634
-8609
-8613
-8627
-8566
-8584
-8545
-8571
-8566
-8595
-8634
-8645
-8638
-8582
-8597
-8546
-8518
-8522
-8519
-8552
-8525
-8523
-8554
-8578
-8660
-8637
-8671
-8686
-8670
-8685
-8658
-8697
-8654
-8620
-8610
-8618
-8617
-8623
-8634
-8614
-8583
-8581
-8593
-8615
-8639
-8651
-8689
-8653
-8669
-8673
-8658
-8633
-8602
-8596
-8562
-8560
-8587
-8596
-8579
-8611
-8620
-8625
-8593
-8594
-8631
-8590
-8598
-8556
-8545
-8527
-8537
-8601
-8612
-8647
-8609
-8623
-8604
-8609
-8575
-8547
-8594
-8573
-8603
-8598
-8631
-8630
-8648
-8669
-8660
-8667
-8636
-8650
-8642
-8671
-8703
-8682
-8686
-8650
-8624
-8611
-8599
-8628
-8612
-8607
-8599
-8610
-8645
-8631
-8643
-8653
-8650
-8624
-8594
-8594
-8604
-8632
-8647
-8645
-8665
-8656
-8631
-8595
-8624
-8658
-8648
-8671
-8673
-8685
-8665
-8672
-8649
-8664
-8634
-8610
-8636
-8631
-8666
-8646
-8683
-8644
-8657
-8636
-8618
-8647
-8628
-8678
-8640
-8637
-8635
-8667
-8679
-8663
-8704
-8689
-8696
-8684
-8663
-8688
-8664
-8664
-8652
-8628
-8632
-8611
-8616
-8582
-8584
-8597
-8589
-8600
-8629
-8666
-8668
-8694
-8676
-8669
-8669
-8632
-8626
-8600
-8613
-8614
-8616
-8635
-8636
-8658
-8631
-8653
-8641
-8670
-8667
-8659
-8685
-8657
-8657
-8596
-8632
-8620
-8644
-8649
-8626
-8652
-8630
-8661
-8645
-8667
-8676
-8673
-8660
-8644
-8657
-8646
-8654
-8667
-8689
-8678
-8666
-8682
-8685
-8703
-8702
-8732
-8715
-8692
-8701
-8663
-8680
-8641
-8624
-8629
-8613
-8623
-8619
-8649
-8661
-8656
-8653
-8654
-8647
-8613
-8600
-8622
-8624
-8669
-8697
-8699
-8710
-8692
-8681
-8676
-8726
-8728
-8715
-8712
-8729
-8740
-8735
-8730
-8711
-8716
-8667
-8643
-8639
-8660
-8686
-8690
-8680
-8682
-8688
-8678
-8674
-8649
-8657
-8636
-8631
-8612
-8632
-8648
-8638
-8652
-8631
-8662
-8655
-8667
-8655
-8678
-8691
-8702
-8729
-8728
-8752
-8723
-8723
-8685
-8701
-8679
-8675
-8698
-8713
-8747
-8720
-8743
-8714
-8717
-8697
-8660
-8677
-8632
-8636
-8607
-8622
-8641
-8629
-8659
-8636
-8658
-8660
-8683
-8691
-8688
-8701
-8708
-8707
-8689
-8684
-8680
-8678
-8655
-8657
-8671
-8681
-8691
-8696
-8682
-8670
-8665
-8678
-8666
-8672
-8652
-8637
-8642
-8634
-8654
-8650
-8665
-8661
-8656
-8652
-8649
-8657
-8667
-8662
-8655
-8665
-8661
-8673
-8671
-8655
-8654
-8636
-8633
-8633
-8646
-8656
-8665
-8662
-8650
-8626
-8586
-8601
-8603
-8630
-8639
-8633
-8632
-8627
-8644
-8640
-8664
-8662
-8673
-8684
-8664
-8676
-8676
-8693
-8674
-8649
-8641
-8631
-8637
-8615
-8642
-8632
-8631
-8630
-8603
-8620
-8624
-8621
-8602
-8614
-8609
-8596
-8580
-8581
-8576
-8557
-8562
-8591
-8597
-8588
-8625
-8642
-8665
-8653
-8661
-8649
-8626
-8633
-8608
-8621
-8603
-8627
-8627
-8613
-8630
-8605
-8609
-8594
-8590
-8585
-8559
-8548
-8551
-8561
-8553
-8563
-8566
-8576
-8582
-8595
-8627
-8628
-8649
-8655
-8673
-8651
-8641
-8633
-8605
-8620
-8595
-8623
-8619
-8619
-8610
-8590
-8639
-8614
-8639
-8618
-8590
-8602
-8579
-8590
-8554
-8587
-8603
-8599
-8601
-8610
-8642
-8624
-8630
-8600
-8610
-8586
-8582
-8609
-8596
-8626
-8573
-8598
-8602
-8595
-8624
-8615
-8681
-8645
-8674
-8657
-8647
-8644
-8593
-8620
-8588
-8607
-8581
-8588
-8587
-8572
-8564
-8561
-8584
-8566
-8576
-8559
-8582
-8592
-8587
-8604
-8586
-8595
-8563
-8566
-8578
-8594
-8607
-8602
-8605
-8604
-8618
-8594
-8614
-8598
-8615
-8594
-8570
-8578
-8550
-8570
-8546
-8577
-8570
-8555
-8579
-8562
-8593
-8572
-8578
-8597
-8586
-8615
-8596
-8617
-8617
-8630
-8645
-8624
-8627
-8607
-8631
-8629
-8636
-8628
-8615
-8628
-8624
-8626
-8607
-8613
-8599
-8600
-8581
-8564
-8567
-8551
-8572
-8558
-8566
-8568
-8565
-8582
-8565
-8577
-8567
-8567
-8575
-8571
-8573
-8571
-8575
-8564
-8587
-8598
-8608
-8610
-8609
-8610
-8601
-8613
-8608
-8612
-8608
-8604
-8602
-8592
-8578
-8572
-8583
-8568
-8576
-8574
-8587
-8604
-8601
-8607
-8590
-8600
-8569
-8571
-8579
-8590
-8617
-8606
-8639
-8635
-8644
-8651
-8637
-8653
-8651
-8663
-8647
-8630
-8624
-8602
-8594
-8573
-8579
-8577
-8581
-8577
-8569
-8554
-8550
-8554
-8550
-8563
-8549
-8572
-8572
-8585
-8589
-8580
-8601
-8583
-8594
-8591
-8597
-8611
-8610
-8631
-8618
-8624
-8625
-8616
-8619
-8607
-8600
-8588
-8587
-8585
-8597
-8607
-8608
-8600
-8594
-8592
-8586
-8572
-8570
-8562
-8554
-8554
-8550
-8561
-8570
-8568
-8569
-8575
-8575
-8590
-8583
-8597
-8594
-8597
-8597
-8586
-8589
-8580
-8597
-8588
-8613
-8608
-8605
-8597
-8577
-8581
-8549
-8555
-8540
-8559
-8553
-8548
-8551
-8531
-8560
-8544
-8561
-8577
-8585
-8592
-8592
-8604
-8598
-8613
-8590
-8610
-8612
-8600
-8604
-8569
-8587
-8554
-8574
-8555
-8560
-8581
-8558
-8605
-8564
-8589
-8560
-8551
-8566
-8526
-8555
-8541
-8550
-8550
-8538
-8542
-8545
-8565
-8564
-8567
-8567
-8581
-8581
-8575
-8569
-8564
-8577
-8569
-8573
-8554
-8557
-8557
-8549
-8557
-8564
-8576
-8572
-8576
-8565
-8564
-8570
-8569
-8569
-8555
-8559
-8548
-8537
-8536
-8542
-8571
-8567
-8578
-8571
-8579
-8575
-8568
-8571
-8565
-8567
-8540
-8549
-8549
-8557
-8553
-8538
-8540
-8532
-8541
-8533
-8541
-8546
-8549
-8559
-8543
-8550
-8531
-8535
-8525
-8525
-8534
-8530
-8559
-8559
-8582
-8597
-8596
-8602
-8582
-8590
-8587
-8579
-8596
-8583
-8599
-8588
-8589
-8601
-8596
-8610
-8601
-8606
-8606
-8590
-8582
-8576
-8561
-8543
-8534
-8541
-8543
-8544
-8557
-8567
-8560
-8571
-8567
-8575
-8580
-8578
-8595
-8591
-8596
-8580
-8585
-8586
-8577
-8588
-8583
-8595
-8603
-8613
-8625
-8619
-8624
-8622
-8612
-8603
-8583
-8598
-8588
-8584
-8594
-8588
-8615
-8606
-8624
-8615
-8615
-8608
-8599
-8621
-8602
-8614
-8592
-8598
-8588
-8576
-8587
-8567
-8584
-8572
-8584
-8589
-8592
-8609
-8589
-8602
-8589
-8596
-8600
-8586
-8600
-8584
-8593
-8586
-8587
-8590
-8579
-8595
-8585
-8594
-8595
-8599
-8597
-8596
-8607
-8600
-8604
-8592
-8610
-8608
-8619
-8631
-8630
-8652
-8656
-8673
-8670
-8663
-8660
-8646
-8642
-8625
-8622
-8624
-8611
-8629
-8624
-8643
-8650
-8654
-8662
-8656
-8663
-8663
-8662
-8661
-8669
-8653
-8664
-8646
-8657
-8651
-8648
-8671
-8648
-8670
-8661
-8669
-8668
-8655
-8655
-8632
-8638
-8629
-8633
-8640
-8634
-8647
-8651
-8654
-8651
-8643
-8644
-8634
-8626
-8630
-8636
-8637
-8642
-8655
-8643
-8640
-8646
-8639
-8648
-8648
-8667
-8673
-8676
-8684
-8671
-8681
-8670
-8667
-8658
-8636
-8633
-8620
-8628
-8606
-8609
-8602
-8596
-8619
-8610
-8648
-8650
-8665
-8664
-8665
-8680
-8672
-8688
-8685
-8697
-8692
-8692
-8693
-8693
-8693
-8694
-8697
-8702
-8703
-8713
-8707
-8686
-8671
-8651
-8647
-8633
-8624
-8609
-8608
-8594
-8592
-8579
-8577
-8592
-8596
-8611
-8608
-8605
-8603
-8602
-8604
-8606
-8610
-8613
-8619
-8621
-8637
-8653
-8667
-8670
-8660
-8664
-8647
-8648
-8620
-8615
-8608
-8603
-8605
-8583
-8600
-8599
-8615
-8610
-8622
-8642
-8654
-8668
-8662
-8670
-8673
-8686
-8686
-8679
-8674
-8665
-8661
-8658
-8658
-8652
-8655
-8651
-8654
-8644
-8622
-8615
-8595
-8594
-8586
-8570
-8570
-8562
-8566
-8574
-8585
-8596
-8591
-8590
-8578
-8587
-8580
-8585
-8583
-8577
-8602
-8597
-8623
-8617
-8638
-8642
-8635
-8656
-8637
-8651
-8635
-8643
-8639
-8634
-8637
-8630
-8639
-8622
-8616
-8605
-8600
-8593
-8595
-8594
-8596
-8598
-8586
-8591
-8598
-8602
-8616
-8616
-8631
-8638
-8637
-8641
-8641
-8646
-8631
-8649
-8645
-8660
-8654
-8663
-8669
-8655
-8659
-8630
-8627
-8612
-8602
-8595
-8599
-8597
-8600
-8606
-8611
-8614
-8605
-8597
-8596
-8586
-8578
-8585
-8587
-8584
-8597
-8594
-8611
-8620
-8628
-8659
-8643
-8672
-8653
-8674
-8674
-8663
-8668
-8648
-8677
-8645
-8663
-8649
-8657
-8662
-8658
-8668
-8653
-8672
-8662
-8676
-8667
-8668
-8655
-8642
-8641
-8628
-8647
-8638
-8647
-8653
-8664
-8689
-8683
-8708
-8701
-8708
-8720
-8700
-8710
-8695
-8702
-8693
-8677
-8678
-8665
-8664
-8639
-8632
-8632
-8630
-8637
-8634
-8638
-8625
-8624
-8619
-8614
-8615
-8607
-8628
-8633
-8655
-8673
-8695
-8720
-8718
-8722
-8717
-8729
-8724
-8724
-8723
-8718
-8717
-8708
-8717
-8703
-8703
-8700
-8692
-8687
-8675
-8684
-8691
-8707
-8708
-8701
-8699
-8697
-8697
-8688
-8670
-8653
-8646
-8649
-8662
-8672
-8692
-8710
-8712
-8720
-8718
-8712
-8715
-8695
-8705
-8693
-8699
-8700
-8685
-8709
-8691
-8718
-8715
-8719
-8710
-8700
-8706
-8686
-8703
-8690
-8702
-8697
-8704
-8705
-8708
-8721
-8704
-8723
-8706
-8721
-8719
-8738
-8755
-8751
-8764
-8743
-8746
-8719
-8710
-8699
-8692
-8704
-8688
-8694
-8694
-8687
-8694
-8673
-8662
-8633
-8619
-8621
-8624
-8640
-8642
-8658
-8658
-8666
-8660
-8668
-8671
-8675
-8698
-8697
-8705
-8700
-8701
-8701
-8697
-8692
-8684
-8682
-8672
-8667
-8662
-8655
-8641
-8639
-8626
-8632
-8620
-8618
-8631
-8621
-8625
-8605
-8598
-8593
-8586
-8588
