04120843.PTO
CURZ
2012/04/12 08:43:26.8999
100.0000 m/s  
9122 muestras
-9240
-9519
-9451
-9064
-9676
-9043
-9658
-9046
-9387
-9540
-8977
-9629
-9098
-9409
-9201
-9462
-9342
-9052
-9608
-9181
-9418
-9198
-9182
-9434
-9096
-9459
-9115
-9350
-9330
-9156
-9359
-9147
-9365
-9131
-9289
-9266
-9081
-9310
-9304
-9133
-9130
-9362
-9106
-9255
-9214
-9125
-9300
-9049
-9368
-9078
-9268
-9181
-9164
-9240
-9086
-9330
-8949
-9341
-8948
-9241
-9150
-9036
-9363
-8859
-9325
-9016
-9128
-9233
-8987
-9137
-9117
-8995
-9187
-9145
-9053
-9094
-8930
-9380
-8829
-9213
-9097
-8927
-9250
-8792
-9375
-8880
-9094
-9102
-8926
-9170
-8865
-9155
-8940
-9026
-9067
-8974
-9050
-8910
-9098
-8968
-8995
-8985
-8975
-9021
-8925
-9011
-8937
-9026
-8889
-9037
-8889
-8964
-8989
-8851
-9030
-8833
-9074
-8860
-8959
-8948
-8849
-8991
-8763
-9058
-8798
-8917
-8971
-8817
-9043
-8693
-9034
-8820
-8887
-8934
-8772
-8974
-8724
-9006
-8770
-8927
-8858
-8770
-8923
-8756
-8917
-8743
-8818
-8802
-8813
-8813
-8778
-8892
-8654
-8909
-8765
-8721
-8844
-8713
-8925
-8597
-8921
-8728
-8604
-8951
-8646
-8778
-8752
-8798
-8670
-8669
-8897
-8634
-8715
-8859
-8555
-8710
-8828
-8557
-8802
-8604
-8638
-8898
-8480
-8759
-8688
-8671
-8702
-8480
-8803
-8538
-8714
-8637
-8535
-8676
-8586
-8776
-8637
-8607
-8406
-8707
-8699
-8548
-8386
-8854
-8606
-8398
-8872
-8218
-8908
-8371
-8645
-8594
-8311
-8860
-8264
-8717
-8519
-8547
-8517
-8450
-8610
-8462
-8488
-8516
-8483
-8451
-8523
-8530
-8388
-8535
-8465
-8421
-8556
-8335
-8568
-8422
-8491
-8425
-8423
-8470
-8454
-8326
-8333
-8578
-8219
-8659
-8214
-8443
-8524
-8130
-8723
-8116
-8496
-8299
-8313
-8493
-8116
-8545
-8174
-8436
-8270
-8376
-8362
-8307
-8334
-8131
-8523
-8249
-8296
-8334
-8224
-8254
-8307
-8274
-8289
-8090
-8447
-8160
-8244
-8322
-8121
-8459
-8037
-8378
-8068
-8384
-8134
-8186
-8246
-8110
-8423
-7796
-8492
-8038
-8225
-8147
-8185
-8264
-7920
-8462
-7829
-8346
-8077
-8087
-8208
-7977
-8313
-7923
-8203
-8075
-8069
-8145
-7967
-8182
-7943
-8223
-8030
-7964
-8202
-7894
-8256
-7930
-8022
-8002
-8115
-8058
-7923
-8117
-7915
-8127
-7947
-8051
-7969
-8032
-8052
-7960
-7914
-8037
-8029
-7792
-8091
-7943
-7929
-7970
-7889
-7973
-7905
-7996
-7878
-7927
-7959
-7872
-7957
-7842
-7903
-7898
-7898
-7900
-7824
-7866
-7868
-7823
-7901
-7875
-7856
-7818
-7870
-7885
-7776
-7880
-7823
-7786
-7825
-7818
-7821
-7807
-7782
-7808
-7774
-7773
-7813
-7777
-7731
-7784
-7749
-7783
-7714
-7677
-7885
-7613
-7846
-7707
-7673
-7874
-7564
-7922
-7593
-7772
-7737
-7610
-7825
-7648
-7800
-7541
-7788
-7615
-7689
-7703
-7575
-7746
-7560
-7762
-7568
-7698
-7592
-7676
-7752
-7554
-7759
-7577
-7720
-7568
-7599
-7710
-7514
-7626
-7671
-7616
-7598
-7641
-7568
-7594
-7580
-7662
-7583
-7532
-7589
-7530
-7626
-7504
-7625
-7571
-7526
-7593
-7531
-7615
-7496
-7649
-7496
-7512
-7585
-7549
-7578
-7479
-7570
-7465
-7560
-7484
-7529
-7532
-7500
-7541
-7431
-7614
-7428
-7486
-7573
-7416
-7597
-7423
-7566
-7549
-7427
-7533
-7417
-7519
-7415
-7497
-7406
-7490
-7452
-7416
-7562
-7388
-7523
-7351
-7494
-7436
-7380
-7495
-7351
-7511
-7344
-7443
-7465
-7362
-7474
-7364
-7377
-7406
-7396
-7419
-7449
-7340
-7429
-7379
-7280
-7519
-7292
-7419
-7377
-7282
-7433
-7249
-7420
-7253
-7501
-7278
-7311
-7434
-7160
-7529
-7121
-7508
-7290
-7245
-7406
-7184
-7478
-7202
-7418
-7210
-7296
-7320
-7246
-7300
-7246
-7363
-7199
-7305
-7326
-7225
-7262
-7404
-7170
-7259
-7284
-7276
-7239
-7234
-7268
-7193
-7336
-7095
-7378
-7162
-7187
-7321
-7103
-7378
-7151
-7282
-7235
-7179
-7235
-7185
-7253
-7128
-7258
-7171
-7272
-7184
-7105
-7324
-7122
-7181
-7193
-7231
-7174
-7224
-7248
-7056
-7351
-7209
-7073
-7220
-7173
-7172
-7159
-7245
-7215
-7061
-7320
-7101
-7143
-7128
-7184
-7221
-6974
-7463
-6900
-7342
-7125
-7196
-7187
-7007
-7421
-6845
-7429
-6919
-7357
-7070
-7126
-7323
-6861
-7453
-6933
-7317
-7076
-7158
-7221
-7021
-7307
-7007
-7272
-7086
-7132
-7168
-7052
-7254
-7045
-7225
-7087
-7120
-7216
-7030
-7257
-7092
-7141
-7213
-7074
-7189
-7127
-7132
-7142
-7107
-7136
-7144
-7120
-7163
-7122
-7152
-7168
-7081
-7206
-7085
-7160
-7103
-7112
-7178
-7060
-7191
-7122
-7098
-7169
-7145
-7098
-7143
-7125
-7115
-7129
-7142
-7121
-7159
-7122
-7101
-7142
-7118
-7136
-7117
-7139
-7059
-7121
-7115
-7100
-7171
-7061
-7131
-7079
-7108
-7153
-7067
-7130
-7065
-7152
-7070
-7153
-7131
-7069
-7169
-7022
-7160
-7093
-7072
-7092
-7134
-7131
-7073
-7169
-7062
-7140
-7129
-7082
-7127
-7100
-7129
-7056
-7107
-7083
-7064
-7092
-7091
-7117
-7076
-7143
-7082
-7093
-7065
-7084
-7103
-7062
-7110
-7024
-7159
-7074
-7082
-7115
-7084
-7114
-7027
-7141
-7036
-7163
-7006
-7117
-7135
-6982
-7254
-6928
-7158
-7048
-7057
-7225
-7004
-7135
-7047
-7102
-7034
-7108
-7082
-7092
-7111
-6958
-7157
-7023
-7075
-7097
-7018
-7164
-6989
-7180
-7061
-7045
-7110
-7034
-7160
-6998
-7144
-7019
-7081
-7106
-7035
-7142
-7068
-7097
-7108
-7065
-7128
-7060
-7126
-7096
-7026
-7231
-6984
-7175
-7045
-7124
-7134
-7030
-7232
-6956
-7195
-7025
-7128
-7105
-7058
-7182
-7045
-7187
-7073
-7217
-7054
-7169
-7171
-7053
-7217
-7064
-7187
-7105
-7179
-7106
-7124
-7211
-7069
-7216
-7160
-7192
-7134
-7170
-7221
-7090
-7251
-7165
-7169
-7234
-7146
-7251
-7148
-7221
-7212
-7197
-7260
-7160
-7224
-7235
-7239
-7192
-7223
-7206
-7270
-7249
-7223
-7239
-7253
-7254
-7266
-7292
-7233
-7311
-7223
-7341
-7227
-7312
-7327
-7239
-7361
-7246
-7369
-7261
-7347
-7335
-7305
-7382
-7325
-7315
-7304
-7384
-7336
-7401
-7378
-7340
-7431
-7373
-7372
-7411
-7281
-7396
-7401
-7365
-7395
-7383
-7488
-7369
-7430
-7516
-7380
-7409
-7480
-7468
-7403
-7406
-7514
-7420
-7538
-7421
-7506
-7525
-7403
-7557
-7424
-7557
-7473
-7493
-7565
-7485
-7472
-7584
-7516
-7550
-7536
-7551
-7541
-7564
-7571
-7420
-7685
-7435
-7674
-7532
-7581
-7628
-7521
-7740
-7489
-7711
-7556
-7628
-7629
-7620
-7613
-7661
-7670
-7634
-7651
-7620
-7735
-7609
-7717
-7598
-7776
-7652
-7679
-7767
-7595
-7842
-7661
-7704
-7710
-7723
-7732
-7682
-7799
-7699
-7747
-7710
-7765
-7783
-7764
-7786
-7689
-7867
-7796
-7818
-7800
-7722
-7863
-7784
-7875
-7802
-7862
-7804
-7808
-7974
-7698
-7936
-7845
-7878
-7892
-7834
-7993
-7792
-7968
-7864
-7953
-7916
-7905
-7996
-7873
-7981
-7956
-7962
-7931
-8004
-7951
-7965
-8012
-7954
-8031
-7990
-8013
-8032
-8014
-8045
-8006
-8046
-8030
-8039
-8057
-8057
-8087
-8045
-8109
-8057
-8068
-8142
-8099
-8121
-8091
-8121
-8125
-8123
-8160
-8116
-8181
-8157
-8147
-8182
-8132
-8175
-8146
-8189
-8187
-8177
-8257
-8184
-8240
-8223
-8222
-8263
-8197
-8263
-8221
-8269
-8277
-8238
-8319
-8233
-8332
-8286
-8274
-8357
-8274
-8359
-8299
-8363
-8380
-8355
-8383
-8324
-8387
-8394
-8361
-8370
-8387
-8410
-8376
-8436
-8425
-8418
-8490
-8391
-8469
-8386
-8491
-8466
-8453
-8501
-8452
-8508
-8475
-8545
-8464
-8567
-8465
-8569
-8500
-8589
-8511
-8538
-8631
-8466
-8687
-8487
-8684
-8489
-8663
-8612
-8537
-8758
-8521
-8714
-8635
-8676
-8653
-8660
-8699
-8634
-8721
-8733
-8672
-8812
-8650
-8734
-8796
-8630
-8863
-8662
-8855
-8711
-8799
-8849
-8652
-8972
-8650
-8883
-8832
-8868
-8835
-8822
-8965
-8696
-9036
-8779
-8947
-8939
-8769
-9030
-8839
-8936
-8880
-8975
-8962
-8893
-8986
-9002
-8997
-8938
-9076
-8919
-9046
-9075
-8905
-9054
-9027
-9033
-9057
-8972
-9150
-9074
-8996
-9193
-9018
-9193
-9043
-9137
-9150
-9056
-9255
-9046
-9167
-9144
-9195
-9137
-9192
-9216
-9156
-9242
-9197
-9271
-9191
-9248
-9249
-9209
-9309
-9247
-9272
-9258
-9278
-9305
-9252
-9333
-9274
-9315
-9329
-9307
-9369
-9309
-9365
-9356
-9342
-9394
-9377
-9400
-9399
-9406
-9407
-9401
-9426
-9429
-9413
-9441
-9431
-9445
-9473
-9487
-9459
-9504
-9508
-9457
-9535
-9481
-9524
-9507
-9554
-9565
-9489
-9581
-9519
-9550
-9566
-9551
-9597
-9533
-9636
-9573
-9567
-9664
-9569
-9631
-9615
-9620
-9637
-9631
-9664
-9646
-9655
-9682
-9633
-9683
-9666
-9668
-9712
-9663
-9727
-9694
-9754
-9710
-9705
-9750
-9710
-9739
-9716
-9752
-9739
-9804
-9742
-9770
-9807
-9749
-9848
-9737
-9796
-9782
-9801
-9809
-9766
-9871
-9808
-9833
-9845
-9874
-9831
-9854
-9847
-9834
-9883
-9814
-9890
-9863
-9844
-9900
-9857
-9888
-9912
-9906
-9907
-9906
-9927
-9901
-9926
-9918
-9933
-9936
-9953
-9938
-9928
-9997
-9939
-10000
-9958
-9981
-9973
-9954
-10010
-9959
-10018
-9985
-10006
-9982
-10000
-10028
-10004
-10055
-10014
-10034
-10031
-10029
-10063
-10040
-10052
-10057
-10050
-10042
-10099
-10053
-10066
-10077
-10093
-10089
-10076
-10117
-10045
-10156
-10063
-10112
-10126
-10081
-10154
-10068
-10165
-10150
-10121
-10185
-10124
-10155
-10135
-10119
-10228
-10142
-10252
-10204
-10179
-10266
-10163
-10287
-10194
-10255
-10266
-10198
-10271
-10169
-10296
-10134
-10200
-10232
-10133
-10199
-10132
-10200
-10127
-10205
-10170
-10197
-10186
-10220
-10257
-10264
-10272
-10241
-10347
-10296
-10286
-10294
-10244
-10252
-10265
-10201
-10302
-10209
-10308
-10244
-10256
-10312
-10123
-10338
-10101
-10225
-10192
-10082
-10300
-10083
-10340
-10251
-10309
-10390
-10309
-10472
-10259
-10477
-10340
-10357
-10380
-10294
-10434
-10294
-10472
-10316
-10457
-10402
-10317
-10435
-10263
-10397
-10213
-10341
-10302
-10282
-10415
-10329
-10427
-10330
-10398
-10301
-10318
-10351
-10350
-10372
-10321
-10456
-10371
-10444
-10459
-10448
-10465
-10425
-10459
-10414
-10362
-10395
-10414
-10387
-10475
-10456
-10481
-10399
-10422
-10402
-10440
-10472
-10296
-10390
-10356
-10366
-10353
-10350
-10353
-10353
-10408
-10401
-10351
-10366
-10477
-10424
-10434
-10540
-10568
-10393
-10573
-10479
-10359
-10541
-10371
-10545
-10424
-10518
-10550
-10543
-10439
-10480
-10594
-10313
-10662
-10380
-10434
-10326
-10295
-10436
-10186
-10448
-10334
-10367
-10450
-10349
-10455
-10436
-10400
-10561
-10411
-10529
-10468
-10483
-10515
-10362
-10500
-10292
-10450
-10365
-10459
-10465
-10463
-10617
-10471
-10774
-10573
-10686
-10600
-10459
-10536
-10312
-10467
-10334
-10337
-10398
-10348
-10458
-10407
-10450
-10503
-10419
-10558
-10395
-10520
-10434
-10367
-10454
-10243
-10487
-10273
-10468
-10395
-10443
-10552
-10395
-10647
-10410
-10620
-10473
-10467
-10478
-10343
-10465
-10292
-10428
-10324
-10347
-10406
-10398
-10513
-10501
-10509
-10562
-10513
-10564
-10480
-10390
-10446
-10336
-10336
-10336
-10324
-10318
-10309
-10353
-10414
-10351
-10516
-10448
-10475
-10506
-10388
-10419
-10256
-10282
-10186
-10163
-10135
-10139
-10198
-10232
-10333
-10377
-10415
-10409
-10445
-10410
-10392
-10380
-10276
-10291
-10239
-10284
-10230
-10268
-10362
-10338
-10439
-10343
-10435
-10331
-10322
-10251
-10230
-10195
-10083
-10131
-9983
-10106
-10020
-10052
-10042
-10078
-10166
-10090
-10200
-10250
-10270
-10304
-10360
-10278
-10258
-10206
-10146
-10124
-10148
-10133
-10113
-10152
-10187
-10223
-10220
-10310
-10251
-10231
-10180
-10100
-10095
-10040
-9971
-10042
-9993
-10016
-10095
-10024
-10070
-10011
-10134
-10103
-10142
-10133
-10119
-10164
-10021
-10138
-10025
-10052
-10009
-9917
-10012
-9881
-9969
-9984
-10012
-10078
-10073
-10128
-10044
-10053
-9964
-9981
-9916
-9836
-9899
-9761
-9874
-9847
-9909
-9987
-9981
-10060
-9997
-10038
-9931
-9952
-9912
-9895
-9893
-9847
-9861
-9790
-9817
-9743
-9848
-9808
-9830
-9920
-9884
-10020
-9970
-9996
-10012
-9946
-9935
-9836
-9762
-9741
-9699
-9709
-9719
-9794
-9790
-9832
-9859
-9807
-9893
-9778
-9829
-9770
-9751
-9735
-9699
-9690
-9660
-9743
-9670
-9785
-9709
-9861
-9770
-9788
-9828
-9693
-9853
-9638
-9807
-9617
-9610
-9642
-9503
-9694
-9472
-9659
-9558
-9611
-9745
-9633
-9787
-9709
-9778
-9627
-9629
-9574
-9520
-9571
-9471
-9608
-9566
-9592
-9658
-9648
-9617
-9631
-9638
-9595
-9580
-9559
-9530
-9508
-9512
-9431
-9477
-9450
-9458
-9436
-9439
-9487
-9471
-9550
-9524
-9609
-9497
-9503
-9467
-9413
-9434
-9337
-9344
-9349
-9317
-9347
-9426
-9352
-9549
-9452
-9543
-9486
-9421
-9481
-9234
-9345
-9216
-9301
-9242
-9278
-9327
-9242
-9359
-9310
-9337
-9288
-9331
-9299
-9301
-9325
-9274
-9308
-9242
-9253
-9175
-9127
-9119
-9071
-9140
-9131
-9233
-9191
-9241
-9220
-9133
-9213
-9103
-9076
-9059
-9045
-9019
-9073
-9032
-9096
-9095
-9101
-9242
-9056
-9197
-9165
-9079
-9139
-8996
-9095
-8978
-8996
-8976
-8880
-9025
-8859
-8921
-8993
-8868
-8961
-8952
-8955
-8985
-9012
-9000
-8926
-8970
-8839
-8797
-8740
-8748
-8770
-8751
-8860
-8837
-8922
-8935
-8936
-8894
-8919
-8854
-8781
-8766
-8715
-8709
-8648
-8760
-8671
-8760
-8787
-8689
-8723
-8790
-8736
-8716
-8869
-8643
-8805
-8768
-8600
-8622
-8588
-8595
-8406
-8624
-8623
-8466
-8598
-8651
-8622
-8727
-8750
-8660
-8681
-8596
-8505
-8557
-8538
-8377
-8455
-8458
-8623
-8557
-8504
-8755
-8430
-8592
-8591
-8474
-8540
-8361
-8466
-8377
-8449
-8354
-8408
-8436
-8313
-8357
-8315
-8452
-8275
-8471
-8364
-8516
-8445
-8386
-8479
-8233
-8401
-8096
-8458
-8110
-8259
-8266
-8269
-8471
-8136
-8586
-8187
-8414
-8307
-8260
-8313
-8079
-8312
-8054
-8184
-8132
-8120
-8238
-8179
-8222
-8181
-8372
-8143
-8210
-8322
-8070
-8327
-8142
-8126
-8122
-8046
-8167
-7932
-8075
-8005
-8058
-8140
-8073
-8269
-8091
-8243
-8130
-8130
-8096
-7979
-8081
-7831
-8099
-7938
-8022
-8092
-8045
-8218
-8041
-8171
-8021
-8072
-7995
-8017
-7991
-7894
-8003
-7850
-7934
-7869
-7876
-7892
-7867
-7947
-7912
-7964
-7980
-7978
-8047
-7899
-8046
-7915
-7800
-7931
-7737
-7811
-7826
-7769
-7883
-7880
-7951
-8001
-7917
-7999
-7890
-7897
-7814
-7794
-7775
-7699
-7749
-7768
-7800
-7760
-7797
-7734
-7819
-7831
-7726
-7851
-7725
-7915
-7792
-7667
-7918
-7621
-7855
-7577
-7770
-7671
-7631
-7846
-7594
-7940
-7704
-7910
-7749
-7808
-7751
-7598
-7721
-7513
-7699
-7562
-7624
-7664
-7550
-7735
-7686
-7709
-7667
-7716
-7739
-7554
-7779
-7540
-7599
-7613
-7544
-7596
-7520
-7606
-7446
-7638
-7574
-7605
-7588
-7569
-7665
-7591
-7631
-7597
-7623
-7463
-7588
-7443
-7505
-7503
-7386
-7712
-7449
-7631
-7643
-7614
-7631
-7446
-7634
-7424
-7451
-7438
-7337
-7570
-7326
-7468
-7471
-7296
-7549
-7402
-7449
-7346
-7532
-7401
-7417
-7526
-7314
-7512
-7288
-7517
-7321
-7316
-7411
-7277
-7464
-7348
-7499
-7502
-7410
-7405
-7505
-7473
-7349
-7379
-7226
-7247
-7344
-7181
-7310
-7221
-7415
-7396
-7283
-7543
-7270
-7414
-7283
-7390
-7322
-7225
-7375
-7171
-7366
-7271
-7277
-7330
-7239
-7283
-7327
-7180
-7347
-7322
-7308
-7394
-7254
-7387
-6989
-7449
-7008
-7167
-7382
-6736
-7717
-6986
-7362
-7457
-7289
-7452
-7196
-7553
-7082
-7400
-7115
-7225
-7183
-7169
-7260
-7129
-7397
-7094
-7341
-7310
-7245
-7337
-7257
-7319
-7160
-7303
-7190
-7217
-7274
-7123
-7234
-7098
-7281
-7082
-7298
-7312
-7183
-7398
-7239
-7423
-7254
-7269
-7317
-7104
-7260
-7126
-7141
-7183
-7205
-7301
-7201
-7474
-7189
-7444
-7298
-7173
-7528
-6952
-7349
-7288
-7048
-7384
-7165
-7275
-7108
-7296
-7281
-7184
-7463
-7185
-7308
-7190
-7460
-7194
-7312
-7328
-6973
-7502
-7014
-7235
-7193
-7093
-7427
-7155
-7532
-7188
-7373
-7458
-7138
-7521
-7121
-7260
-7102
-7196
-7385
-7106
-7265
-7337
-7330
-7275
-7413
-7171
-7330
-7286
-7246
-7375
-7121
-7378
-7139
-7378
-7233
-7141
-7323
-7162
-7332
-7247
-7449
-7211
-7352
-7384
-7487
-7290
-7237
-7486
-7126
-7166
-7240
-7192
-7374
-7105
-7311
-7444
-7087
-7605
-7131
-7492
-7305
-7243
-7495
-7122
-7388
-7230
-7289
-7175
-7377
-7223
-7362
-7247
-7303
-7516
-7199
-7458
-7221
-7540
-7295
-7383
-7460
-7071
-7526
-7000
-7408
-7210
-7136
-7391
-7187
-7523
-7232
-7515
-7340
-7411
-7355
-7249
-7444
-7110
-7429
-7219
-7327
-7381
-7209
-7453
-7215
-7484
-7420
-7323
-7402
-7313
-7477
-7411
-7256
-7429
-7368
-7264
-7400
-7247
-7262
-7455
-7315
-7322
-7342
-7444
-7476
-7392
-7542
-7307
-7497
-7307
-7460
-7248
-7256
-7487
-7172
-7599
-7229
-7520
-7469
-7463
-7751
-7164
-7551
-7446
-7345
-7435
-7311
-7791
-6941
-7519
-7603
-7149
-7760
-7056
-7808
-7247
-7534
-7629
-7217
-7990
-7056
-7827
-7333
-7386
-7590
-7135
-7726
-7091
-7660
-7358
-7555
-7695
-7298
-7908
-7283
-7689
-7492
-7376
-7693
-7196
-7673
-7268
-7564
-7558
-7417
-7627
-7551
-7668
-7432
-7762
-7384
-7650
-7576
-7481
-7681
-7421
-7576
-7513
-7635
-7464
-7597
-7603
-7535
-7717
-7530
-7727
-7690
-7708
-7695
-7642
-7664
-7514
-7633
-7485
-7581
-7538
-7612
-7646
-7571
-7694
-7722
-7723
-7631
-7736
-7557
-7700
-7606
-7536
-7717
-7544
-7741
-7503
-7776
-7657
-7618
-7845
-7579
-7887
-7609
-7690
-7766
-7767
-7713
-7598
-7713
-7673
-7668
-7702
-7644
-7756
-7581
-7792
-7881
-7621
-8079
-7592
-7880
-7735
-7754
-7780
-7484
-7926
-7440
-8009
-7483
-7638
-8076
-7603
-8056
-7506
-8140
-7638
-7728
-8064
-7452
-8127
-7448
-8019
-7765
-7570
-8044
-7553
-7937
-7653
-7915
-7792
-7825
-8047
-7647
-7984
-7739
-8006
-7686
-7754
-7898
-7552
-8097
-7581
-7972
-7866
-7849
-8055
-7747
-8072
-7862
-7959
-7912
-7781
-7967
-7773
-7974
-7863
-7756
-8157
-7482
-8229
-7987
-7687
-8159
-7752
-8143
-7723
-8169
-7729
-8064
-8154
-7465
-8270
-7694
-8090
-7844
-7905
-8132
-7816
-8198
-7924
-8084
-8184
-7957
-7965
-8088
-7777
-8135
-7724
-8028
-8042
-8030
-7968
-7984
-8406
-7687
-8426
-7794
-8226
-8044
-8047
-8211
-7937
-8172
-7790
-8441
-7780
-8147
-7969
-8187
-8058
-8056
-8403
-7701
-8405
-8129
-8049
-8119
-8100
-8039
-8094
-8041
-8100
-8130
-8055
-8302
-8049
-8359
-8189
-8250
-8267
-8177
-8211
-8088
-8285
-8090
-8158
-8139
-8148
-8247
-8145
-8244
-8071
-8385
-8233
-8058
-8478
-8104
-8336
-8195
-8238
-8262
-8105
-8355
-8137
-8177
-8369
-8154
-8160
-8530
-8185
-8472
-8269
-8308
-8452
-8189
-8347
-8190
-8374
-8144
-8352
-8169
-8297
-8511
-8165
-8478
-8263
-8446
-8422
-8239
-8470
-8304
-8353
-8334
-8324
-8336
-8333
-8369
-8343
-8353
-8445
-8383
-8383
-8440
-8397
-8541
-8348
-8579
-8429
-8296
-8431
-8399
-8437
-8149
-8578
-8356
-8518
-8490
-8489
-8652
-8296
-8877
-8138
-8606
-8610
-8195
-8695
-8205
-8630
-8351
-8526
-8587
-8374
-8649
-8461
-8694
-8373
-8691
-8511
-8482
-8769
-8261
-8718
-8300
-8795
-8335
-8449
-8858
-8226
-8836
-8289
-8838
-8426
-8732
-8697
-8501
-8774
-8233
-8934
-8193
-8745
-8465
-8486
-8787
-8290
-8944
-8392
-8904
-8530
-8716
-8770
-8396
-8903
-8357
-8875
-8480
-8637
-8694
-8529
-8920
-8432
-8772
-8697
-8586
-8770
-8650
-8763
-8706
-8711
-8769
-8619
-8746
-8603
-8662
-8755
-8593
-8701
-8719
-8809
-8740
-8763
-8813
-8761
-8766
-8772
-8739
-8683
-8761
-8704
-8742
-8691
-8748
-8793
-8733
-8881
-8763
-8871
-8784
-8866
-8809
-8767
-8851
-8738
-8866
-8729
-8896
-8719
-8883
-8733
-8853
-8864
-8779
-9046
-8680
-9124
-8791
-8948
-8889
-8821
-8944
-8681
-8945
-8721
-8903
-8822
-8891
-8965
-8930
-9008
-8927
-9008
-8933
-8948
-8941
-8913
-8919
-8885
-8920
-8883
-8957
-8974
-8895
-8979
-8997
-8992
-8988
-9000
-8978
-9063
-8968
-8977
-9025
-8898
-9018
-8893
-8995
-8959
-8974
-9050
-8938
-9140
-9001
-9150
-9049
-9093
-9111
-8919
-9115
-8894
-9074
-8930
-8993
-9062
-9021
-9162
-8962
-9169
-9046
-9142
-9077
-9075
-9162
-8981
-9151
-9028
-9091
-9080
-9023
-9115
-9022
-9110
-9090
-9129
-9180
-9107
-9196
-9134
-9192
-9125
-9102
-9152
-9046
-9092
-9071
-9094
-9091
-9150
-9139
-9160
-9195
-9153
-9223
-9171
-9143
-9207
-9122
-9120
-9115
-9127
-9180
-9122
-9190
-9163
-9209
-9169
-9203
-9224
-9151
-9289
-9187
-9192
-9224
-9224
-9166
-9136
-9188
-9117
-9179
-9164
-9187
-9214
-9246
-9289
-9297
-9299
-9237
-9268
-9222
-9207
-9186
-9190
-9218
-9173
-9222
-9233
-9284
-9270
-9280
-9301
-9276
-9307
-9278
-9293
-9270
-9271
-9267
-9254
-9253
-9251
-9263
-9251
-9283
-9303
-9304
-9316
-9327
-9328
-9337
-9340
-9345
-9330
-9305
-9287
-9272
-9251
-9270
-9282
-9330
-9353
-9360
-9398
-9378
-9439
-9368
-9408
-9333
-9336
-9370
-9251
-9392
-9279
-9397
-9343
-9347
-9430
-9338
-9463
-9353
-9454
-9413
-9422
-9451
-9405
-9451
-9365
-9419
-9365
-9380
-9389
-9387
-9414
-9432
-9467
-9476
-9502
-9489
-9506
-9467
-9473
-9434
-9425
-9433
-9414
-9430
-9425
-9470
-9497
-9501
-9511
-9528
-9533
-9520
-9531
-9505
-9515
-9482
-9495
-9496
-9495
-9499
-9504
-9517
-9494
-9566
-9498
-9595
-9555
-9607
-9574
-9630
-9542
-9601
-9598
-9451
-9646
-9403
-9643
-9452
-9593
-9570
-9557
-9697
-9530
-9731
-9510
-9726
-9531
-9572
-9622
-9498
-9648
-9513
-9644
-9545
-9616
-9637
-9631
-9687
-9612
-9731
-9630
-9658
-9657
-9662
-9647
-9595
-9667
-9576
-9631
-9637
-9601
-9664
-9647
-9691
-9696
-9692
-9728
-9687
-9710
-9672
-9658
-9643
-9634
-9617
-9628
-9669
-9606
-9712
-9714
-9715
-9734
-9721
-9730
-9702
-9731
-9659
-9687
-9656
-9676
-9656
-9672
-9668
-9671
-9700
-9638
-9754
-9663
-9754
-9714
-9748
-9741
-9692
-9725
-9666
-9678
-9652
-9645
-9649
-9666
-9647
-9721
-9634
-9855
-9592
-9827
-9708
-9666
-9847
-9483
-9871
-9490
-9754
-9599
-9625
-9755
-9555
-9835
-9583
-9812
-9668
-9735
-9745
-9670
-9775
-9630
-9747
-9631
-9675
-9671
-9607
-9697
-9607
-9684
-9664
-9643
-9718
-9673
-9748
-9696
-9720
-9715
-9621
-9720
-9552
-9659
-9633
-9601
-9706
-9589
-9733
-9622
-9755
-9643
-9669
-9699
-9603
-9753
-9542
-9724
-9576
-9592
-9713
-9580
-9631
-9582
-9666
-9591
-9644
-9666
-9610
-9709
-9628
-9674
-9631
-9643
-9651
-9525
-9673
-9517
-9539
-9632
-9547
-9632
-9622
-9671
-9639
-9651
-9615
-9645
-9569
-9558
-9643
-9544
-9566
-9542
-9565
-9585
-9523
-9587
-9633
-9512
-9750
-9487
-9678
-9550
-9516
-9723
-9411
-9649
-9368
-9710
-9384
-9535
-9527
-9464
-9686
-9390
-9773
-9456
-9665
-9565
-9552
-9589
-9443
-9583
-9417
-9515
-9407
-9510
-9489
-9474
-9545
-9489
-9607
-9493
-9563
-9491
-9520
-9498
-9451
-9516
-9396
-9501
-9422
-9426
-9459
-9443
-9465
-9454
-9461
-9491
-9486
-9499
-9487
-9461
-9485
-9434
-9412
-9370
-9375
-9364
-9355
-9383
-9434
-9410
-9434
-9494
-9441
-9500
-9415
-9419
-9418
-9343
-9343
-9333
-9364
-9308
-9364
-9390
-9359
-9384
-9422
-9375
-9406
-9383
-9410
-9364
-9324
-9392
-9262
-9356
-9275
-9290
-9308
-9251
-9330
-9277
-9328
-9294
-9352
-9332
-9313
-9332
-9269
-9298
-9237
-9267
-9225
-9242
-9277
-9253
-9301
-9283
-9323
-9303
-9309
-9308
-9263
-9274
-9246
-9213
-9213
-9226
-9213
-9215
-9215
-9214
-9205
-9220
-9198
-9191
-9225
-9192
-9222
-9208
-9192
-9163
-9177
-9165
-9132
-9138
-9129
-9166
-9143
-9175
-9201
-9174
-9218
-9208
-9179
-9201
-9170
-9191
-9147
-9094
-9095
-9113
-9107
-9078
-9114
-9113
-9131
-9146
-9139
-9109
-9108
-9126
-9130
-9074
-9083
-9078
-9067
-9084
-9044
-9070
-9043
-9076
-9077
-9070
-9091
-9076
-9095
-9073
-9107
-9065
-9041
-9031
-9016
-9005
-8968
-9016
-9012
-9031
-9049
-9055
-9058
-9058
-9066
-9038
-9028
-9020
-9005
-8996
-8984
-8984
-8979
-8980
-8972
-8984
-9006
-8987
-9004
-9000
-9015
-9004
-8990
-8988
-8966
-8952
-8918
-8927
-8925
-8907
-8916
-8891
-8937
-8949
-8948
-8986
-8939
-8981
-8925
-8932
-8918
-8897
-8889
-8847
-8903
-8857
-8902
-8891
-8894
-8902
-8926
-8927
-8897
-8918
-8854
-8905
-8854
-8854
-8878
-8811
-8872
-8806
-8839
-8804
-8823
-8865
-8787
-8880
-8830
-8851
-8851
-8804
-8839
-8809
-8799
-8782
-8756
-8802
-8753
-8789
-8796
-8765
-8838
-8765
-8825
-8795
-8763
-8792
-8740
-8769
-8708
-8743
-8731
-8662
-8743
-8704
-8727
-8697
-8719
-8725
-8706
-8753
-8655
-8765
-8684
-8722
-8712
-8672
-8689
-8605
-8700
-8586
-8654
-8631
-8666
-8683
-8663
-8712
-8648
-8675
-8638
-8660
-8597
-8610
-8606
-8577
-8592
-8583
-8594
-8595
-8610
-8621
-8587
-8608
-8611
-8558
-8597
-8558
-8613
-8548
-8549
-8567
-8492
-8600
-8455
-8551
-8546
-8489
-8587
-8521
-8572
-8495
-8588
-8517
-8521
-8508
-8478
-8483
-8421
-8516
-8398
-8547
-8435
-8511
-8507
-8442
-8571
-8382
-8540
-8411
-8455
-8426
-8416
-8460
-8347
-8508
-8399
-8509
-8426
-8451
-8435
-8379
-8502
-8332
-8484
-8375
-8405
-8444
-8327
-8437
-8326
-8398
-8317
-8355
-8377
-8336
-8398
-8326
-8450
-8345
-8424
-8352
-8342
-8371
-8251
-8395
-8248
-8340
-8293
-8314
-8337
-8295
-8363
-8275
-8388
-8280
-8335
-8296
-8269
-8319
-8241
-8285
-8236
-8247
-8240
-8236
-8261
-8281
-8232
-8290
-8267
-8250
-8290
-8256
-8239
-8243
-8252
-8156
-8213
-8198
-8149
-8187
-8181
-8201
-8183
-8206
-8247
-8184
-8213
-8189
-8164
-8192
-8137
-8138
-8099
-8161
-8116
-8116
-8174
-8119
-8204
-8099
-8186
-8137
-8101
-8182
-8079
-8162
-8046
-8123
-8078
-8069
-8078
-8062
-8088
-8018
-8119
-8064
-8095
-8087
-8082
-8112
-8039
-8110
-8026
-8043
-8008
-7981
-8026
-7966
-8069
-7916
-8151
-7930
-8128
-8007
-7990
-8168
-7823
-8216
-7795
-8109
-7971
-7938
-8079
-7849
-8079
-7880
-8006
-7958
-7963
-7955
-7956
-7999
-7944
-7981
-7939
-7963
-7893
-7960
-7917
-7859
-7978
-7879
-7954
-7885
-7958
-7949
-7952
-7917
-7904
-7974
-7807
-7914
-7812
-7882
-7849
-7848
-7900
-7815
-7914
-7840
-7901
-7885
-7863
-7919
-7854
-7914
-7835
-7861
-7866
-7792
-7853
-7779
-7841
-7782
-7819
-7827
-7806
-7888
-7791
-7855
-7861
-7815
-7841
-7800
-7787
-7817
-7711
-7807
-7754
-7775
-7798
-7749
-7835
-7732
-7865
-7749
-7761
-7791
-7740
-7747
-7761
-7767
-7720
-7815
-7699
-7743
-7746
-7713
-7775
-7734
-7774
-7781
-7712
-7798
-7746
-7723
-7742
-7649
-7739
-7656
-7725
-7684
-7648
-7763
-7685
-7755
-7678
-7832
-7741
-7705
-7787
-7623
-7788
-7596
-7731
-7666
-7653
-7749
-7637
-7823
-7554
-7812
-7621
-7714
-7847
-7513
-7888
-7557
-7764
-7667
-7555
-7795
-7535
-7819
-7510
-7752
-7641
-7638
-7746
-7585
-7856
-7542
-7949
-7489
-7799
-7704
-7634
-7832
-7435
-7858
-7500
-7772
-7574
-7716
-7705
-7627
-7771
-7621
-7671
-7637
-7793
-7528
-7764
-7728
-7572
-7709
-7707
-7672
-7625
-7754
-7646
-7682
-7705
-7702
-7749
-7671
-7696
-7656
-7782
-7544
-7720
-7672
-7625
-7720
-7640
-7785
-7507
-7919
-7624
-7692
-7766
-7583
-7852
-7528
-7799
-7664
-7657
-7744
-7607
-7777
-7666
-7665
-7702
-7685
-7682
-7748
-7692
-7728
-7705
-7637
-7776
-7658
-7684
-7696
-7672
-7775
-7651
-7711
-7713
-7645
-7760
-7668
-7753
-7706
-7756
-7715
-7673
-7789
-7617
-7748
-7589
-7720
-7736
-7684
-7771
-7638
-7829
-7688
-7760
-7705
-7749
-7748
-7642
-7824
-7591
-7765
-7724
-7674
-7745
-7668
-7812
-7649
-7769
-7782
-7644
-7816
-7732
-7771
-7693
-7709
-7788
-7689
-7793
-7649
-7756
-7709
-7762
-7756
-7723
-7834
-7690
-7774
-7691
-7805
-7686
-7730
-7794
-7670
-7785
-7678
-7770
-7687
-7782
-7758
-7707
-7792
-7698
-7815
-7709
-7805
-7745
-7720
-7754
-7727
-7744
-7710
-7782
-7681
-7768
-7736
-7741
-7769
-7745
-7779
-7765
-7780
-7753
-7753
-7731
-7740
-7722
-7714
-7728
-7718
-7751
-7746
-7754
-7766
-7776
-7768
-7748
-7747
-7743
-7756
-7713
-7737
-7728
-7742
-7739
-7692
-7789
-7737
-7742
-7743
-7730
-7804
-7710
-7776
-7775
-7728
-7731
-7736
-7736
-7659
-7822
-7677
-7616
-7857
-7704
-7806
-7745
-7750
-7840
-7622
-7792
-7658
-7792
-7700
-7673
-7825
-7622
-7807
-7655
-7777
-7756
-7694
-7767
-7724
-7773
-7682
-7763
-7707
-7705
-7755
-7685
-7732
-7710
-7670
-7755
-7665
-7727
-7747
-7689
-7765
-7743
-7737
-7712
-7753
-7694
-7709
-7700
-7664
-7712
-7674
-7735
-7680
-7713
-7765
-7722
-7768
-7698
-7735
-7735
-7701
-7725
-7665
-7709
-7681
-7676
-7698
-7672
-7738
-7688
-7713
-7739
-7694
-7761
-7720
-7760
-7676
-7693
-7776
-7705
-7675
-7633
-7760
-7608
-7725
-7696
-7685
-7748
-7656
-7789
-7646
-7773
-7758
-7727
-7716
-7694
-7697
-7721
-7645
-7736
-7696
-7687
-7778
-7641
-7838
-7651
-7796
-7679
-7741
-7741
-7653
-7830
-7601
-7736
-7648
-7702
-7674
-7703
-7767
-7643
-7793
-7710
-7749
-7780
-7696
-7779
-7704
-7766
-7687
-7725
-7738
-7661
-7789
-7695
-7772
-7739
-7764
-7795
-7717
-7785
-7720
-7763
-7727
-7703
-7780
-7707
-7752
-7764
-7769
-7731
-7769
-7797
-7705
-7815
-7753
-7783
-7780
-7760
-7851
-7746
-7805
-7763
-7773
-7801
-7739
-7793
-7772
-7815
-7805
-7797
-7834
-7810
-7834
-7817
-7780
-7839
-7815
-7759
-7804
-7796
-7790
-7802
-7829
-7821
-7754
-7839
-7850
-7857
-7883
-7871
-7829
-7925
-7839
-7814
-7951
-7727
-7917
-7835
-7858
-7931
-7806
-7895
-7881
-7930
-7882
-7883
-7889
-7904
-7971
-7847
-7903
-7944
-7773
-8040
-7755
-8007
-7932
-7839
-8085
-7769
-8117
-7829
-7984
-7949
-7910
-8028
-7853
-8050
-7903
-8035
-7966
-7922
-8039
-7906
-7938
-7987
-8062
-7956
-8021
-8050
-7885
-8089
-7918
-8042
-7968
-7932
-8104
-7888
-8077
-8020
-8077
-8021
-8068
-8117
-8050
-8115
-8009
-8088
-7998
-8101
-7997
-8053
-8108
-8001
-8158
-8028
-8183
-8090
-8104
-8148
-8072
-8143
-8024
-8173
-8091
-8114
-8166
-8090
-8142
-8109
-8118
-8152
-8164
-8149
-8202
-8189
-8199
-8193
-8195
-8160
-8172
-8187
-8147
-8196
-8174
-8218
-8190
-8229
-8253
-8224
-8253
-8223
-8227
-8228
-8253
-8226
-8233
-8257
-8228
-8235
-8230
-8244
-8265
-8286
-8308
-8280
-8309
-8316
-8296
-8304
-8303
-8295
-8283
-8297
-8281
-8324
-8310
-8289
-8326
-8323
-8360
-8334
-8365
-8370
-8354
-8364
-8340
-8369
-8352
-8333
-8342
-8348
-8331
-8382
-8392
-8361
-8407
-8403
-8406
-8417
-8403
-8429
-8409
-8400
-8423
-8416
-8385
-8399
-8399
-8381
-8444
-8389
-8424
-8421
-8443
-8458
-8425
-8487
-8446
-8485
-8444
-8450
-8432
-8443
-8461
-8436
-8487
-8461
-8503
-8460
-8499
-8508
-8480
-8545
-8465
-8510
-8524
-8464
-8503
-8471
-8513
-8499
-8501
-8513
-8545
-8513
-8520
-8580
-8475
-8586
-8521
-8541
-8546
-8522
-8580
-8489
-8569
-8522
-8552
-8550
-8543
-8594
-8546
-8593
-8589
-8585
-8580
-8582
-8594
-8575
-8590
-8566
-8575
-8563
-8584
-8598
-8561
-8618
-8616
-8638
-8629
-8617
-8648
-8600
-8663
-8609
-8592
-8661
-8565
-8648
-8633
-8639
-8674
-8618
-8675
-8686
-8681
-8660
-8694
-8674
-8676
-8686
-8670
-8669
-8638
-8681
-8666
-8657
-8686
-8690
-8709
-8705
-8717
-8708
-8726
-8699
-8711
-8726
-8700
-8725
-8700
-8723
-8724
-8710
-8732
-8768
-8735
-8766
-8772
-8784
-8763
-8753
-8797
-8770
-8781
-8767
-8775
-8743
-8779
-8762
-8770
-8790
-8781
-8822
-8812
-8818
-8829
-8836
-8821
-8814
-8827
-8806
-8826
-8810
-8819
-8835
-8810
-8870
-8835
-8865
-8844
-8871
-8907
-8869
-8882
-8854
-8873
-8871
-8867
-8855
-8879
-8877
-8880
-8894
-8901
-8904
-8901
-8940
-8920
-8943
-8922
-8933
-8938
-8923
-8952
-8913
-8949
-8918
-8945
-8934
-8936
-8975
-8942
-8971
-8969
-8985
-8976
-8984
-8960
-8980
-8975
-8944
-8989
-8978
-9016
-8996
-8989
-9051
-8995
-9035
-9025
-9038
-9050
-9009
-9046
-9010
-9050
-9018
-9043
-9035
-9006
-9071
-9029
-9060
-9077
-9052
-9070
-9086
-9099
-9116
-9112
-9081
-9104
-9096
-9095
-9114
-9095
-9147
-9094
-9141
-9135
-9146
-9190
-9093
-9205
-9108
-9134
-9153
-9125
-9178
-9105
-9193
-9117
-9164
-9171
-9140
-9191
-9144
-9214
-9173
-9201
-9220
-9197
-9229
-9195
-9235
-9192
-9220
-9220
-9206
-9260
-9192
-9268
-9212
-9266
-9282
-9224
-9309
-9219
-9297
-9245
-9245
-9283
-9226
-9292
-9232
-9305
-9264
-9279
-9325
-9275
-9367
-9323
-9316
-9313
-9344
-9323
-9312
-9332
-9292
-9349
-9314
-9336
-9336
-9326
-9383
-9356
-9381
-9386
-9395
-9396
-9376
-9378
-9376
-9357
-9356
-9358
-9369
-9357
-9384
-9414
-9355
-9427
-9392
-9438
-9426
-9422
-9428
-9413
-9454
-9370
-9467
-9387
-9437
-9433
-9424
-9466
-9421
-9499
-9439
-9487
-9449
-9511
-9493
-9457
-9498
-9425
-9522
-9446
-9458
-9484
-9486
-9498
-9487
-9483
-9489
-9522
-9496
-9560
-9467
-9554
-9512
-9482
-9496
-9455
-9539
-9470
-9546
-9523
-9544
-9560
-9515
-9538
-9561
-9550
-9566
-9555
-9553
-9580
-9522
-9586
-9524
-9543
-9525
-9555
-9602
-9512
-9625
-9555
-9612
-9587
-9579
-9627
-9545
-9624
-9507
-9628
-9549
-9562
-9628
-9526
-9660
-9558
-9653
-9621
-9619
-9645
-9606
-9650
-9582
-9663
-9638
-9581
-9629
-9603
-9617
-9625
-9584
-9687
-9575
-9668
-9688
-9615
-9683
-9608
-9720
-9564
-9723
-9632
-9622
-9705
-9550
-9757
-9523
-9737
-9661
-9608
-9762
-9582
-9784
-9600
-9704
-9638
-9631
-9716
-9508
-9816
-9577
-9674
-9668
-9650
-9752
-9582
-9787
-9597
-9755
-9652
-9711
-9687
-9614
-9770
-9600
-9750
-9688
-9700
-9706
-9685
-9730
-9704
-9681
-9721
-9740
-9723
-9721
-9691
-9707
-9698
-9678
-9737
-9665
-9681
-9755
-9673
-9733
-9707
-9742
-9728
-9684
-9759
-9688
-9701
-9730
-9693
-9726
-9699
-9715
-9741
-9722
-9718
-9729
-9731
-9740
-9729
-9716
-9770
-9717
-9746
-9721
-9725
-9749
-9722
-9746
-9701
-9745
-9692
-9765
-9735
-9742
-9767
-9731
-9785
-9697
-9810
-9676
-9748
-9738
-9717
-9763
-9664
-9806
-9672
-9808
-9726
-9739
-9790
-9696
-9821
-9694
-9785
-9749
-9745
-9767
-9721
-9786
-9711
-9754
-9756
-9740
-9743
-9731
-9779
-9735
-9759
-9780
-9767
-9761
-9743
-9754
-9749
-9733
-9716
-9721
-9729
-9744
-9753
-9752
-9739
-9751
-9746
-9758
-9742
-9757
-9745
-9734
-9747
-9725
-9743
-9717
-9743
-9725
-9740
-9729
-9747
-9760
-9743
-9760
-9732
-9760
-9731
-9731
-9715
-9719
-9714
-9710
-9715
-9712
-9724
-9709
-9737
-9735
-9742
-9732
-9717
-9718
-9717
-9710
-9694
-9707
-9701
-9686
-9699
-9701
-9713
-9707
-9710
-9720
-9713
-9711
-9696
-9702
-9695
-9701
-9681
-9679
-9687
-9681
-9687
-9678
-9688
-9690
-9692
-9694
-9699
-9703
-9695
-9693
-9693
-9677
-9673
-9654
-9658
-9662
-9651
-9642
-9641
-9665
-9658
-9671
-9658
-9660
-9668
-9647
-9645
-9643
-9630
-9635
-9624
-9620
-9624
-9622
-9633
-9627
-9633
-9628
-9632
-9631
-9636
-9620
-9618
-9621
-9618
-9603
-9589
-9594
-9581
-9588
-9577
-9585
-9587
-9583
-9591
-9587
-9585
-9580
-9580
-9578
-9560
-9555
-9543
-9533
-9529
-9535
-9538
-9546
-9545
-9547
-9552
-9528
-9537
-9529
-9541
-9521
-9509
-9521
-9509
-9512
-9486
-9490
-9490
-9471
-9491
-9475
-9491
-9495
-9492
-9498
-9480
-9499
-9450
-9463
-9439
-9442
-9453
-9423
-9450
-9425
-9447
-9445
-9448
-9441
-9419
-9415
-9421
-9418
-9388
-9410
-9393
-9401
-9401
-9375
-9384
-9375
-9392
-9391
-9368
-9386
-9371
-9367
-9377
-9364
-9371
-9347
-9346
-9336
-9334
-9320
-9315
-9323
-9311
-9326
-9307
-9314
-9320
-9312
-9312
-9306
-9304
-9294
-9282
-9287
-9280
-9278
-9268
-9261
-9272
-9262
-9265
-9266
-9266
-9262
-9256
-9250
-9239
-9225
-9217
-9203
-9204
-9217
-9196
-9192
-9191
-9193
-9214
-9195
-9207
-9200
-9194
-9194
-9160
-9171
-9148
-9159
-9149
-9135
-9142
-9121
-9155
-9133
-9144
-9139
-9125
-9145
-9125
-9148
-9117
-9117
-9102
-9086
-9091
-9073
-9086
-9071
-9082
-9072
-9081
-9074
-9080
-9083
-9068
-9082
-9052
-9048
-9031
-9031
-9031
-9015
-9030
-8995
-9000
-9004
-8998
-9001
-8997
-9022
-8994
-9016
-8991
-8993
-8995
-8947
-8975
-8963
-8961
-8935
-8929
-8949
-8940
-8960
-8924
-8941
-8960
-8929
-8939
-8909
-8943
-8914
-8911
-8932
-8910
-8909
-8894
-8890
-8872
-8868
-8875
-8866
-8886
-8887
-8852
-8877
-8839
-8820
-8863
-8830
-8836
-8840
-8780
-8854
-8789
-8862
-8815
-8789
-8858
-8774
-8884
-8726
-8849
-8783
-8736
-8830
-8722
-8815
-8728
-8748
-8736
-8811
-8743
-8738
-8816
-8689
-8795
-8759
-8732
-8707
-8707
-8738
-8695
-8722
-8696
-8668
-8716
-8689
-8661
-8730
-8606
-8730
-8758
-8590
-8698
-8628
-8694
-8606
-8619
-8671
-8528
-8703
-8543
-8650
-8622
-8557
-8657
-8547
-8730
-8541
-8607
-8608
-8593
-8616
-8510
-8639
-8570
-8531
-8520
-8554
-8608
-8520
-8588
-8571
-8418
-8773
-8217
-8730
-8495
-8309
-8921
-8003
-8898
-8338
-8430
-8523
-8291
-8719
-8284
-8661
-8309
-8613
-8362
-8428
-8523
-8388
-8509
-8360
-8516
-8308
-8511
-8384
-8393
-8474
-8345
-8487
-8397
-8334
-8510
-8360
-8376
-8465
-8318
-8415
-8373
-8330
-8338
-8315
-8386
-8298
-8363
-8394
-8245
-8398
-8310
-8346
-8314
-8284
-8362
-8217
-8304
-8222
-8336
-8249
-8238
-8369
-8225
-8300
-8197
-8346
-8222
-8251
-8274
-8119
-8369
-8132
-8275
-8216
-8166
-8268
-8194
-8222
-8138
-8307
-8146
-8199
-8231
-8125
-8260
-8160
-8190
-8138
-8149
-8195
-8088
-8188
-8099
-8140
-8127
-8163
-8117
-8113
-8197
-8032
-8164
-8063
-8107
-8113
-8115
-8031
-8012
-8139
-8042
-8116
-8036
-8100
-8094
-8053
-8084
-8024
-8127
-8023
-8006
-8084
-8021
-8074
-7949
-8088
-7955
-8083
-8031
-7871
-8139
-7902
-8112
-7935
-8007
-7997
-7972
-8006
-7915
-8084
-7874
-8000
-7928
-7973
-7966
-7924
-7991
-7941
-7963
-7991
-7959
-7973
-7973
-7892
-7955
-7884
-7945
-7908
-7871
-7988
-7853
-7948
-7891
-7862
-7966
-7854
-7967
-7840
-7971
-7863
-7848
-7956
-7794
-7941
-7781
-7932
-7844
-7905
-7891
-7785
-7997
-7831
-7910
-7828
-7875
-7874
-7774
-7865
-7833
-7889
-7760
-7815
-7877
-7739
-7906
-7822
-7765
-7907
-7780
-7818
-7840
-7826
-7811
-7792
-7812
-7789
-7836
-7738
-7849
-7751
-7814
-7840
-7773
-7831
-7751
-7893
-7690
-7835
-7776
-7817
-7726
-7737
-7845
-7573
-8013
-7712
-7782
-7747
-7738
-7935
-7516
-8003
-7544
-7783
-7941
-7484
-7899
-7595
-7858
-7653
-7781
-7778
-7587
-7910
-7623
-7797
-7651
-7747
-7743
-7657
-7799
-7611
-7804
-7639
-7712
-7765
-7620
-7833
-7606
-7794
-7668
-7691
-7775
-7574
-7823
-7555
-7751
-7690
-7642
-7720
-7552
-7742
-7612
-7713
-7650
-7701
-7690
-7597
-7781
-7661
-7640
-7683
-7630
-7662
-7595
-7738
-7610
-7529
-7787
-7567
-7707
-7542
-7701
-7712
-7615
-7645
-7636
-7710
-7541
-7693
-7559
-7692
-7527
-7625
-7590
-7620
-7632
-7570
-7713
-7525
-7618
-7660
-7627
-7531
-7655
-7606
-7594
-7594
-7599
-7605
-7537
-7609
-7588
-7571
-7662
-7497
-7636
-7696
-7456
-7633
-7596
-7562
-7572
-7542
-7579
-7531
-7597
-7553
-7555
-7633
-7528
-7663
-7447
-7659
-7620
-7452
-7721
-7450
-7667
-7516
-7518
-7604
-7493
-7631
-7475
-7605
-7533
-7571
-7583
-7528
-7638
-7499
-7633
-7543
-7556
-7563
-7492
-7595
-7514
-7583
-7491
-7541
-7560
-7521
-7603
-7526
-7583
-7570
-7552
-7561
-7557
-7535
-7531
-7544
-7504
-7590
-7472
-7543
-7618
-7526
-7571
-7560
-7619
-7516
-7570
-7530
-7523
-7549
-7548
-7525
-7567
-7552
-7403
-7831
-7267
-7571
-7719
-7345
-7689
-7355
-7834
-7294
-7666
-7589
-7338
-7848
-7245
-7849
-7227
-7708
-7650
-7464
-7800
-7165
-8008
-7235
-7756
-7576
-7224
-7971
-7327
-7721
-7458
-7676
-7533
-7551
-7656
-7419
-7787
-7424
-7560
-7480
-7675
-7516
-7535
-7686
-7405
-7680
-7495
-7634
-7553
-7553
-7619
-7564
-7617
-7573
-7691
-7541
-7660
-7571
-7612
-7614
-7521
-7703
-7522
-7646
-7569
-7592
-7669
-7587
-7668
-7564
-7702
-7628
-7691
-7597
-7606
-7705
-7594
-7678
-7602
-7759
-7570
-7635
-7718
-7637
-7629
-7614
-7826
-7567
-7654
-7773
-7663
-7637
-7752
-7704
-7595
-7813
-7580
-7759
-7743
-7540
-7789
-7726
-7752
-7773
-7625
-7808
-7780
-7577
-7951
-7628
-7710
-7837
-7552
-7772
-7899
-7809
-7503
-7989
-7757
-7706
-7979
-7458
-8198
-7581
-7601
-8146
-7415
-8239
-7277
-8199
-7831
-7348
-8486
-7290
-8377
-7514
-7957
-7891
-7664
-8378
-7406
-8151
-7583
-8072
-7918
-7507
-8216
-7602
-8203
-7633
-8014
-8123
-7541
-8427
-7434
-8362
-7658
-7998
-8151
-7720
-8173
-7497
-8530
-7532
-8114
-7925
-8037
-7882
-8009
-8266
-7692
-8431
-7681
-8233
-7965
-8038
-8105
-7884
-8190
-7960
-8100
-8100
-8093
-8017
-8093
-8100
-8171
-7924
-8179
-8241
-7877
-8285
-7737
-8499
-8047
-7748
-8615
-7761
-8427
-7943
-8286
-8177
-7966
-8563
-7790
-8429
-8171
-8189
-8302
-8026
-8280
-8202
-8293
-8128
-8256
-8194
-8232
-8230
-8300
-8280
-8161
-8278
-8244
-8345
-8165
-8421
-8131
-8291
-8333
-8219
-8372
-8146
-8542
-8154
-8355
-8449
-8145
-8390
-8319
-8393
-8311
-8388
-8356
-8156
-8483
-8337
-8322
-8407
-8280
-8403
-8320
-8452
-8284
-8539
-8318
-8383
-8505
-8267
-8593
-8220
-8558
-8289
-8481
-8412
-8370
-8564
-8230
-8667
-8283
-8567
-8396
-8427
-8537
-8317
-8556
-8380
-8489
-8381
-8533
-8480
-8411
-8557
-8427
-8539
-8471
-8509
-8526
-8466
-8525
-8486
-8547
-8492
-8560
-8473
-8574
-8553
-8486
-8628
-8446
-8634
-8470
-8608
-8604
-8478
-8670
-8378
-8663
-8483
-8575
-8589
-8480
-8686
-8486
-8678
-8525
-8638
-8588
-8598
-8610
-8581
-8649
-8525
-8629
-8578
-8598
-8606
-8582
-8625
-8647
-8550
-8734
-8561
-8691
-8666
-8598
-8672
-8577
-8722
-8588
-8707
-8596
-8682
-8683
-8704
-8588
-8697
-8717
-8617
-8744
-8609
-8772
-8628
-8733
-8678
-8642
-8712
-8689
-8739
-8630
-8786
-8691
-8697
-8774
-8674
-8814
-8667
-8837
-8628
-8763
-8847
-8545
-9053
-8472
-8863
-8745
-8665
-8966
-8462
-9005
-8596
-8801
-8810
-8703
-8886
-8636
-8978
-8644
-8804
-8862
-8709
-8870
-8753
-8875
-8745
-8877
-8777
-8845
-8907
-8700
-8999
-8760
-8877
-8854
-8777
-8980
-8697
-8958
-8825
-8820
-8960
-8747
-8950
-8854
-8831
-8896
-8842
-8885
-8908
-8860
-8982
-8789
-8943
-8954
-8827
-8948
-8870
-8987
-8911
-8966
-8889
-9055
-8903
-8879
-9075
-8917
-8992
-8961
-8954
-8963
-8975
-9008
-8948
-9033
-8910
-9036
-8982
-8953
-9034
-8875
-9170
-8905
-9058
-9014
-8960
-8989
-9070
-9005
-8981
-9137
-8934
-9144
-8929
-9177
-8969
-9041
-9137
-8991
-9130
-9014
-9145
-9002
-9061
-9117
-9010
-9113
-9139
-9052
-9115
-9082
-9202
-8954
-9153
-9159
-9064
-9218
-9010
-9254
-9040
-9192
-9131
-9124
-9225
-9046
-9210
-9110
-9193
-9127
-9130
-9218
-9155
-9200
-9129
-9178
-9198
-9144
-9217
-9165
-9195
-9165
-9195
-9241
-9132
-9271
-9200
-9230
-9218
-9184
-9283
-9143
-9289
-9216
-9189
-9277
-9233
-9250
-9198
-9271
-9242
-9245
-9265
-9216
-9294
-9223
-9252
-9305
-9258
-9284
-9265
-9313
-9235
-9324
-9277
-9284
-9301
-9288
-9362
-9271
-9346
-9293
-9301
-9340
-9343
-9277
-9330
-9320
-9289
-9350
-9329
-9378
-9327
-9370
-9365
-9342
-9329
-9344
-9429
-9282
-9438
-9416
-9313
-9459
-9301
-9452
-9339
-9390
-9426
-9340
-9470
-9302
-9482
-9358
-9398
-9429
-9358
-9438
-9354
-9476
-9354
-9455
-9440
-9390
-9462
-9409
-9495
-9402
-9463
-9436
-9430
-9464
-9393
-9489
-9393
-9474
-9487
-9434
-9484
-9478
-9452
-9460
-9462
-9502
-9535
-9356
-9523
-9438
-9530
-9416
-9482
-9481
-9369
-9657
-9313
-9605
-9423
-9486
-9573
-9381
-9572
-9447
-9551
-9392
-9525
-9467
-9428
-9548
-9437
-9521
-9471
-9529
-9484
-9507
-9502
-9468
-9550
-9427
-9541
-9483
-9512
-9486
-9446
-9535
-9452
-9484
-9475
-9534
-9409
-9514
-9531
-9435
-9532
-9467
-9472
-9492
-9444
-9504
-9489
-9435
-9516
-9447
-9506
-9458
-9483
-9517
-9449
-9510
-9427
-9520
-9451
-9469
-9497
-9427
-9515
-9456
-9479
-9452
-9499
-9434
-9456
-9468
-9431
-9480
-9403
-9477
-9416
-9463
-9448
-9450
-9435
-9435
-9468
-9419
-9438
-9386
-9506
-9407
-9450
-9467
-9387
-9455
-9380
-9448
-9422
-9396
-9419
-9424
-9426
-9372
-9482
-9355
-9404
-9397
-9330
-9494
-9284
-9488
-9371
-9377
-9432
-9310
-9475
-9270
-9466
-9342
-9389
-9439
-9298
-9437
-9329
-9373
-9350
-9364
-9336
-9374
-9372
-9316
-9353
-9337
-9339
-9298
-9344
-9339
-9343
-9333
-9347
-9351
-9323
-9320
-9327
-9330
-9335
-9313
-9271
-9325
-9268
-9322
-9267
-9269
-9312
-9266
-9300
-9231
-9326
-9251
-9230
-9321
-9222
-9309
-9286
-9177
-9294
-9270
-9233
-9246
-9245
-9267
-9237
-9233
-9241
-9275
-9223
-9223
-9215
-9226
-9201
-9193
-9233
-9201
-9217
-9173
-9203
-9220
-9204
-9195
-9213
-9181
-9185
-9209
-9185
-9160
-9190
-9165
-9184
-9166
-9156
-9197
-9118
-9185
-9148
-9207
-9112
-9162
-9192
-9156
-9115
-9164
-9167
-9054
-9184
-9043
-9186
-9084
-9137
-9130
-9088
-9178
-9062
-9158
-9088
-9134
-9093
-9084
-9067
-9086
-9084
-9044
-9086
-9053
-9072
-9063
-9080
-9072
-9048
-9074
-9061
-9066
-9072
-9036
-9087
-9046
-9039
-9052
-9029
-9026
-9039
-9039
-9002
-9057
-9000
-9023
-9037
-8981
-9068
-8992
-8985
-9050
-8947
-9030
-8980
-8975
-9013
-8969
-9018
-8955
-9008
-8968
-8983
-8992
-8942
-8970
-8959
-8961
-8973
-8958
-8919
-8934
-9010
-8928
-8936
-8966
-8878
-8988
-8859
-8960
-8946
-8876
-8947
-8902
-8960
-8834
-9003
-8842
-8899
-8971
-8806
-8955
-8819
-8943
-8852
-8878
-8897
-8851
-8935
-8825
-8892
-8832
-8878
-8844
-8841
-8843
-8860
-8873
-8831
-8858
-8832
-8875
-8815
-8855
-8825
-8822
-8843
-8790
-8835
-8792
-8841
-8823
-8801
-8832
-8785
-8823
-8812
-8810
-8798
-8831
-8811
-8779
-8793
-8763
-8791
-8774
-8778
-8758
-8754
-8781
-8756
-8764
-8773
-8754
-8782
-8753
-8765
-8759
-8753
-8774
-8715
-8770
-8717
-8742
-8731
-8711
-8753
-8696
-8746
-8710
-8713
-8722
-8748
-8703
-8691
-8752
-8678
-8738
-8676
-8689
-8744
-8668
-8781
-8651
-8768
-8661
-8710
-8706
-8624
-8768
-8566
-8792
-8568
-8760
-8580
-8646
-8807
-8443
-8831
-8556
-8638
-8763
-8540
-8725
-8610
-8618
-8699
-8635
-8623
-8637
-8640
-8554
-8653
-8659
-8565
-8679
-8593
-8437
-8868
-8368
-8722
-8613
-8436
-8898
-8307
-8888
-8423
-8648
-8551
-8527
-8561
-8508
-8780
-8270
-8853
-8369
-8672
-8548
-8467
-8700
-8398
-8689
-8371
-8576
-8492
-8557
-8655
-8237
-8672
-8568
-8424
-8597
-8468
-8684
-8289
-8668
-8433
-8355
-8701
-8261
-8619
-8441
-8536
-8460
-8510
-8632
-8317
-8535
-8500
-8411
-8474
-8463
-8458
-8495
-8438
-8491
-8389
-8440
-8467
-8406
-8495
-8397
-8468
-8383
-8458
-8435
-8415
-8460
-8365
-8453
-8391
-8413
-8445
-8386
-8410
-8409
-8392
-8390
-8409
-8389
-8374
-8413
-8392
-8382
-8403
-8384
-8390
-8378
-8362
-8372
-8434
-8417
-8300
-8411
-8338
-8433
-8326
-8389
-8429
-8271
-8429
-8341
-8342
-8280
-8470
-8273
-8337
-8415
-8301
-8390
-8291
-8413
-8257
-8415
-8304
-8325
-8382
-8235
-8451
-8247
-8342
-8255
-8339
-8341
-8237
-8415
-8226
-8381
-8308
-8272
-8386
-8280
-8242
-8419
-8266
-8255
-8348
-8251
-8340
-8229
-8376
-8275
-8335
-8298
-8280
-8360
-8194
-8368
-8274
-8233
-8304
-8296
-8245
-8299
-8279
-8319
-8262
-8250
-8324
-8242
-8277
-8257
-8335
-8188
-8280
-8269
-8255
-8328
-8180
-8320
-8216
-8266
-8222
-8355
-8271
-8182
-8348
-8128
-8401
-8141
-8258
-8254
-8274
-8297
-8131
-8421
-8073
-8301
-8245
-8265
-8258
-8229
-8271
-8232
-8259
-8211
-8408
-8112
-8248
-8301
-8226
-8245
-8212
-8271
-8133
-8263
-8188
-8297
-8286
-8085
-8388
-8168
-8308
-8263
-8199
-8256
-8189
-8361
-8146
-8266
-8273
-8232
-8219
-8291
-8235
-8237
-8192
-8295
-8276
-8148
-8345
-8145
-8241
-8275
-8273
-8228
-8238
-8280
-8225
-8223
-8214
-8350
-8148
-8312
-8228
-8196
-8368
-8140
-8313
-8230
-8273
-8233
-8284
-8230
-8223
-8324
-8198
-8319
-8234
-8311
-8243
-8318
-8257
-8255
-8290
-8251
-8300
-8250
-8302
-8225
-8359
-8218
-8286
-8327
-8230
-8334
-8272
-8330
-8265
-8334
-8254
-8277
-8345
-8246
-8332
-8222
-8350
-8277
-8301
-8345
-8253
-8357
-8250
-8374
-8271
-8285
-8320
-8288
-8353
-8270
-8326
-8270
-8331
-8283
-8340
-8338
-8288
-8405
-8305
-8367
-8309
-8338
-8366
-8288
-8350
-8315
-8338
-8357
-8313
-8327
-8346
-8340
-8340
-8318
-8353
-8318
-8351
-8321
-8321
-8354
-8310
-8342
-8313
-8344
-8343
-8309
-8363
-8351
-8335
-8374
-8323
-8382
-8334
-8390
-8318
-8385
-8376
-8317
-8429
-8319
-8434
-8325
-8377
-8353
-8377
-8367
-8331
-8371
-8348
-8405
-8333
-8380
-8344
-8338
-8374
-8384
-8319
-8366
-8362
-8355
-8400
-8332
-8413
-8359
-8380
-8386
-8332
-8410
-8324
-8434
-8341
-8369
-8429
-8332
-8423
-8317
-8422
-8343
-8388
-8404
-8352
-8455
-8297
-8458
-8356
-8355
-8388
-8349
-8465
-8234
-8477
-8362
-8352
-8423
-8342
-8465
-8290
-8480
-8378
-8347
-8426
-8413
-8371
-8322
-8472
-8349
-8388
-8382
-8393
-8479
-8343
-8379
-8415
-8378
-8415
-8382
-8373
-8439
-8342
-8380
-8392
-8436
-8390
-8388
-8428
-8321
-8511
-8313
-8489
-8406
-8370
-8500
-8301
-8499
-8335
-8447
-8377
-8403
-8443
-8342
-8461
-8377
-8448
-8418
-8398
-8431
-8404
-8395
-8444
-8365
-8452
-8403
-8362
-8477
-8405
-8415
-8422
-8471
-8410
-8469
-8451
-8441
-8446
-8480
-8423
-8443
-8475
-8381
-8478
-8396
-8478
-8394
-8493
-8419
-8418
-8508
-8397
-8473
-8400
-8542
-8379
-8492
-8494
-8408
-8488
-8386
-8521
-8398
-8489
-8448
-8414
-8509
-8401
-8522
-8429
-8483
-8452
-8449
-8518
-8407
-8535
-8419
-8502
-8477
-8456
-8544
-8408
-8513
-8478
-8448
-8512
-8446
-8468
-8483
-8426
-8510
-8461
-8428
-8468
-8466
-8462
-8484
-8457
-8486
-8509
-8446
-8526
-8444
-8541
-8451
-8449
-8553
-8392
-8533
-8418
-8513
-8450
-8482
-8527
-8390
-8627
-8405
-8549
-8457
-8478
-8538
-8431
-8550
-8458
-8536
-8440
-8510
-8498
-8491
-8515
-8475
-8506
-8520
-8493
-8533
-8455
-8509
-8530
-8462
-8561
-8415
-8533
-8464
-8486
-8561
-8451
-8551
-8445
-8574
-8508
-8477
-8577
-8487
-8538
-8436
-8608
-8469
-8504
-8562
-8473
-8633
-8422
-8558
-8548
-8481
-8548
-8494
-8563
-8511
-8580
-8533
-8531
-8592
-8472
-8580
-8538
-8535
-8551
-8510
-8552
-8553
-8512
-8575
-8604
-8518
-8603
-8568
-8520
-8586
-8594
-8504
-8633
-8550
-8538
-8614
-8541
-8602
-8575
-8609
-8489
-8658
-8586
-8507
-8678
-8521
-8649
-8545
-8642
-8586
-8577
-8684
-8528
-8693
-8524
-8680
-8599
-8611
-8653
-8564
-8678
-8539
-8689
-8570
-8645
-8631
-8616
-8688
-8559
-8678
-8629
-8645
-8635
-8628
-8670
-8621
-8666
-8640
-8650
-8629
-8641
-8675
-8628
-8687
-8642
-8676
-8676
-8675
-8681
-8648
-8698
-8654
-8695
-8673
-8702
-8689
-8683
-8702
-8690
-8715
-8659
-8718
-8682
-8712
-8695
-8695
-8728
-8677
-8727
-8667
-8746
-8709
-8710
-8759
-8683
-8762
-8703
-8729
-8710
-8715
-8735
-8702
-8751
-8704
-8733
-8732
-8727
-8743
-8730
-8732
-8722
-8741
-8744
-8751
-8761
-8717
-8797
-8718
-8747
-8767
-8744
-8745
-8752
-8805
-8706
-8817
-8693
-8824
-8706
-8770
-8821
-8723
-8833
-8680
-8904
-8691
-8811
-8765
-8756
-8843
-8696
-8841
-8690
-8823
-8769
-8801
-8804
-8720
-8855
-8739
-8804
-8804
-8746
-8785
-8792
-8805
-8789
-8792
-8775
-8802
-8794
-8800
-8798
-8770
-8790
-8819
-8762
-8809
-8803
-8762
-8835
-8762
-8838
-8769
-8811
-8830
-8753
-8877
-8757
-8848
-8827
-8825
-8812
-8774
-8847
-8726
-8888
-8758
-8807
-8826
-8756
-8877
-8772
-8840
-8747
-8852
-8754
-8867
-8822
-8760
-8905
-8714
-8932
-8685
-8884
-8807
-8731
-8906
-8707
-8916
-8724
-8883
-8765
-8813
-8875
-8726
-8914
-8715
-8917
-8732
-8830
-8840
-8705
-8917
-8694
-8855
-8741
-8821
-8804
-8772
-8863
-8744
-8858
-8794
-8827
-8778
-8806
-8802
-8804
-8801
-8787
-8823
-8763
-8846
-8800
-8796
-8821
-8796
-8830
-8793
-8812
-8811
-8796
-8839
-8809
-8807
-8809
-8787
-8836
-8821
-8803
-8805
-8768
-8816
-8831
-8749
-8793
-8812
-8763
-8835
-8793
-8786
-8851
-8776
-8841
-8780
-8812
-8820
-8727
-8901
-8716
-8833
-8855
-8716
-8871
-8708
-8848
-8790
-8785
-8812
-8757
-8881
-8679
-8898
-8740
-8788
-8868
-8686
-8913
-8714
-8844
-8777
-8772
-8832
-8733
-8851
-8737
-8821
-8774
-8769
-8801
-8775
-8833
-8755
-8784
-8761
-8802
-8778
-8798
-8764
-8784
-8779
-8744
-8864
-8679
-8861
-8716
-8853
-8830
-8615
-8945
-8636
-8792
-8815
-8675
-8829
-8663
-8862
-8695
-8670
-8888
-8659
-8823
-8694
-8839
-8748
-8676
-8852
-8683
-8811
-8669
-8846
-8656
-8736
-8803
-8654
-8838
-8660
-8832
-8669
-8812
-8731
-8658
-8847
-8603
-8805
-8654
-8725
-8688
-8691
-8784
-8607
-8750
-8712
-8713
-8688
-8754
-8722
-8739
-8715
-8675
-8806
-8659
-8721
-8693
-8685
-8722
-8674
-8751
-8651
-8750
-8689
-8656
-8723
-8639
-8712
-8639
-8699
-8677
-8672
-8690
-8610
-8747
-8620
-8713
-8647
-8695
-8725
-8586
-8740
-8624
-8718
-8608
-8678
-8654
-8641
-8713
-8630
-8668
-8691
-8649
-8601
-8739
-8579
-8687
-8670
-8629
-8668
-8617
-8675
-8603
-8677
-8608
-8644
-8650
-8564
-8710
-8584
-8638
-8600
-8711
-8656
-8563
-8739
-8482
-8758
-8576
-8592
-8655
-8533
-8709
-8524
-8684
-8597
-8571
-8649
-8555
-8644
-8571
-8628
-8578
-8585
-8664
-8516
-8661
-8539
-8620
-8597
-8524
-8624
-8556
-8645
-8550
-8577
-8600
-8533
-8592
-8564
-8554
-8584
-8532
-8605
-8474
-8617
-8595
-8546
-8578
-8523
-8620
-8498
-8547
-8534
-8538
-8518
-8530
-8570
-8523
-8490
-8558
-8521
-8536
-8478
-8560
-8511
-8485
-8554
-8458
-8585
-8436
-8467
-8577
-8484
-8466
-8521
-8505
-8470
-8498
-8479
-8481
-8523
-8428
-8553
-8412
-8527
-8450
-8447
-8538
-8341
-8588
-8324
-8568
-8370
-8405
-8556
-8308
-8529
-8378
-8453
-8400
-8407
-8448
-8433
-8430
-8415
-8422
-8377
-8473
-8359
-8396
-8427
-8393
-8418
-8355
-8463
-8315
-8379
-8421
-8384
-8390
-8359
-8506
-8286
-8423
-8369
-8377
-8368
-8326
-8444
-8256
-8417
-8322
-8359
-8325
-8356
-8353
-8312
-8377
-8281
-8352
-8278
-8380
-8286
-8307
-8366
-8254
-8355
-8274
-8337
-8272
-8301
-8329
-8260
-8329
-8236
-8357
-8258
-8286
-8327
-8274
-8307
-8266
-8289
-8264
-8316
-8253
-8278
-8270
-8273
-8256
-8237
-8286
-8225
-8259
-8219
-8251
-8249
-8233
-8247
-8222
-8271
-8242
-8254
-8237
-8263
-8235
-8225
-8236
-8217
-8231
-8205
-8207
-8210
-8224
-8201
-8201
-8209
-8208
-8210
-8219
-8201
-8217
-8187
-8205
-8197
-8200
-8194
-8174
-8211
-8162
-8213
-8174
-8197
-8198
-8187
-8188
-8155
-8200
-8164
-8181
-8157
-8164
-8166
-8163
-8173
-8144
-8177
-8145
-8171
-8179
-8136
-8158
-8147
-8154
-8143
-8120
-8145
-8118
-8128
-8131
-8115
-8152
-8121
-8133
-8133
-8128
-8151
-8123
-8137
-8125
-8127
-8139
-8110
-8140
-8110
-8105
-8119
-8097
-8143
-8094
-8108
-8103
-8093
-8121
-8067
-8099
-8095
-8105
-8088
-8114
-8107
-8109
-8094
-8074
-8115
-8071
-8100
-8068
-8080
-8075
-8067
-8096
-8087
-8065
-8078
-8071
-8068
-8065
-8068
-8076
-8037
-8076
-8057
-8045
-8078
-8058
-8063
-8077
-8048
-8076
-8031
-8069
-8032
-8043
-8034
-8045
-8072
-7965
-8120
-8002
-8057
-8055
-8000
-8112
-7988
-8062
-8055
-8000
-8049
-8018
-8009
-8024
-8008
-8044
-8028
-8020
-8036
-8028
-8019
-8013
-8015
-8032
-8009
-8008
-8019
-7974
-8007
-8010
-7989
-7966
-8012
-8003
-7988
-8013
-7985
-7994
-8017
-7996
-7976
-8000
-7972
-7976
-8003
-7957
-7988
-7973
-7963
-8005
-7933
-7991
-7947
-7987
-7952
-7960
-7972
-7942
-8012
-7941
-7986
-7943
-7987
-7964
-7983
-7948
-7954
-7973
-7930
-7984
-7910
-8001
-7917
-7950
-7982
-7894
-8012
-7919
-7937
-7975
-7924
-7954
-7952
-7928
-7963
-7940
-7906
-7970
-7973
-7922
-7932
-7945
-7933
-7957
-7880
-7976
-7913
-7929
-7968
-7918
-7952
-7871
-8024
-7924
-7900
-7975
-7916
-7976
-7881
-7999
-7920
-7863
-8045
-7814
-8001
-7936
-7876
-7993
-7882
-8027
-7870
-7926
-7934
-7935
-7902
-7938
-7955
-7879
-7977
-7835
-7989
-7891
-7937
-7971
-7899
-7998
-7857
-8001
-7907
-7935
-7937
-7919
-8006
-7821
-8015
-7918
-7933
-7986
-7898
-8017
-7885
-8007
-7876
-7961
-7978
-7893
-8014
-7890
-8000
-7911
-7960
-7983
-7919
-7978
-7906
-7999
-7958
-7910
-8021
-7908
-8009
-7921
-7919
-8004
-7885
-8028
-7883
-8022
-7949
-7942
-8059
-7894
-8049
-7929
-8012
-7950
-7976
-8014
-7916
-8050
-7886
-8104
-7910
-7988
-8116
-7858
-8116
-7876
-8061
-7994
-7936
-8106
-7886
-8128
-7913
-8038
-8019
-7955
-8112
-7897
-8100
-7960
-8043
-8023
-7994
-8093
-7983
-8093
-8002
-8025
-8045
-8040
-8033
-8049
-8039
-8059
-7995
-8064
-8028
-8064
-8076
-7993
-8138
-8011
-8105
-8055
-8031
-8066
-8075
-8082
-8062
-8094
-8087
-8078
-8088
-8090
-8100
-8102
-8083
-8109
-8095
-8103
-8098
-8105
-8104
-8131
-8074
-8162
-8068
-8143
-8102
-8132
-8133
-8084
-8196
-8052
-8205
-8089
-8180
-8102
-8123
-8184
-8110
-8194
-8109
-8162
-8134
-8150
-8173
-8178
-8144
-8179
-8146
-8174
-8162
-8175
-8162
-8159
-8172
-8158
-8214
-8132
-8241
-8145
-8237
-8204
-8145
-8275
-8135
-8238
-8171
-8220
-8198
-8176
-8242
-8152
-8250
-8196
-8213
-8200
-8228
-8223
-8200
-8247
-8195
-8256
-8212
-8251
-8215
-8219
-8227
-8193
-8235
-8203
-8247
-8222
-8254
-8227
-8253
-8262
-8252
-8282
-8245
-8276
-8246
-8272
-8259
-8249
-8282
-8255
-8284
-8262
-8267
-8287
-8260
-8306
-8271
-8300
-8280
-8282
-8303
-8265
-8324
-8291
-8304
-8272
-8314
-8320
-8314
-8342
-8345
-8342
-8322
-8351
-8357
-8341
-8313
-8361
-8302
-8369
-8379
-8322
-8379
-8352
-8362
-8337
-8369
-8399
-8333
-8389
-8371
-8401
-8373
-8353
-8414
-8328
-8425
-8377
-8411
-8403
-8378
-8439
-8392
-8454
-8402
-8436
-8437
-8428
-8450
-8418
-8464
-8422
-8459
-8458
-8440
-8483
-8426
-8477
-8441
-8479
-8475
-8447
-8496
-8450
-8495
-8451
-8502
-8476
-8489
-8511
-8471
-8540
-8473
-8512
-8512
-8517
-8546
-8504
-8532
-8534
-8537
-8529
-8518
-8540
-8540
-8533
-8541
-8552
-8557
-8550
-8555
-8575
-8562
-8574
-8576
-8566
-8577
-8568
-8575
-8581
-8588
-8570
-8601
-8578
-8600
-8594
-8614
-8599
-8593
-8622
-8585
-8642
-8586
-8631
-8614
-8618
-8630
-8619
-8650
-8614
-8632
-8626
-8653
-8643
-8643
-8657
-8648
-8674
-8649
-8660
-8661
-8651
-8669
-8636
-8684
-8659
-8673
-8683
-8659
-8711
-8657
-8687
-8689
-8684
-8703
-8641
-8735
-8665
-8682
-8710
-8647
-8738
-8657
-8730
-8689
-8729
-8728
-8690
-8764
-8691
-8753
-8701
-8759
-8710
-8723
-8742
-8700
-8756
-8715
-8767
-8728
-8762
-8748
-8755
-8757
-8749
-8760
-8737
-8773
-8721
-8758
-8760
-8730
-8770
-8754
-8754
-8786
-8748
-8779
-8763
-8770
-8783
-8768
-8792
-8755
-8778
-8783
-8791
-8784
-8782
-8806
-8762
-8788
-8794
-8751
-8814
-8745
-8805
-8769
-8786
-8825
-8766
-8810
-8763
-8851
-8727
-8813
-8784
-8792
-8781
-8780
-8845
-8733
-8879
-8751
-8861
-8784
-8812
-8844
-8728
-8891
-8751
-8839
-8828
-8758
-8864
-8814
-8780
-8825
-8874
-8786
-8809
-8833
-8807
-8815
-8793
-8862
-8791
-8846
-8819
-8831
-8841
-8784
-8884
-8801
-8864
-8824
-8845
-8848
-8819
-8868
-8794
-8870
-8831
-8843
-8833
-8823
-8866
-8822
-8843
-8845
-8849
-8832
-8846
-8861
-8840
-8851
-8873
-8836
-8871
-8851
-8842
-8861
-8835
-8877
-8841
-8862
-8878
-8859
-8873
-8858
-8858
-8886
-8854
-8888
-8878
-8867
-8904
-8854
-8883
-8883
-8875
-8901
-8875
-8889
-8898
-8894
-8909
-8896
-8905
-8886
-8908
-8916
-8895
-8918
-8894
-8918
-8925
-8895
-8924
-8889
-8936
-8921
-8895
-8953
-8883
-8955
-8927
-8910
-8946
-8907
-8938
-8921
-8957
-8908
-8949
-8948
-8934
-8956
-8925
-8984
-8911
-8975
-8965
-8925
-8968
-8950
-8952
-8954
-8970
-8948
-8950
-8967
-8997
-8932
-8971
-8987
-8969
-8963
-8979
-9017
-8932
-8989
-8980
-8975
-9019
-8932
-8991
-9024
-8982
-9008
-8999
-9018
-9005
-8957
-9034
-8984
-8961
-9046
-8940
-9044
-8984
-8979
-9045
-8974
-9040
-8970
-9043
-8989
-9011
-9040
-8991
-9044
-9007
-9030
-9008
-9046
-9015
-9012
-9095
-9015
-9025
-9060
-9023
-9054
-9019
-9044
-9034
-9025
-9086
-8973
-9080
-9035
-9010
-9077
-9015
-9111
-9008
-9099
-9050
-9053
-9097
-9035
-9139
-9006
-9092
-9080
-9035
-9102
-9064
-9074
-9068
-9094
-9074
-9069
-9088
-9047
-9109
-9113
-9042
-9101
-9092
-9093
-9081
-9108
-9084
-9097
-9122
-9054
-9143
-9101
-9096
-9122
-9089
-9144
-9113
-9106
-9106
-9143
-9118
-9079
-9169
-9091
-9096
-9144
-9075
-9134
-9129
-9097
-9181
-9067
-9143
-9138
-9110
-9168
-9088
-9158
-9092
-9177
-9107
-9162
-9148
-9160
-9168
-9118
-9202
-9101
-9213
-9090
-9155
-9148
-9133
-9195
-9088
-9185
-9145
-9146
-9151
-9132
-9195
-9096
-9169
-9150
-9126
-9179
-9082
