04121222.PTO
MINE
2012/04/12 12:22:51.9100
100.0000 m/s  
16335 muestras
215
225
227
235
224
244
232
247
235
242
216
233
237
246
233
228
217
232
229
222
205
201
214
205
221
222
232
233
238
237
239
239
251
251
263
247
258
252
243
231
230
219
217
209
223
205
207
204
213
202
214
210
210
205
208
210
233
252
255
253
262
273
282
278
264
257
248
241
227
209
186
201
200
202
205
219
215
224
222
227
215
235
221
225
222
242
233
244
257
265
263
275
277
274
267
264
261
258
259
239
224
199
185
178
187
179
177
186
207
202
240
234
251
251
285
272
295
280
279
242
237
220
222
215
233
212
203
187
182
172
174
182
184
181
181
200
217
227
240
227
224
238
243
250
257
250
231
257
251
241
218
226
215
221
206
211
206
229
230
228
219
231
232
235
238
221
212
213
215
209
219
218
220
213
221
219
227
216
227
223
242
239
245
235
240
229
221
205
213
209
207
193
193
182
191
198
214
217
241
233
241
249
261
267
276
271
271
279
267
255
244
233
212
213
203
208
200
210
209
217
216
229
209
242
227
237
211
219
217
224
214
229
224
234
225
225
219
215
209
216
222
239
241
225
232
221
229
223
234
214
219
213
217
196
211
223
238
232
234
220
229
225
233
226
245
225
228
222
225
224
233
235
226
210
213
212
217
221
228
222
220
227
243
245
236
241
233
244
240
239
230
245
249
252
235
233
217
224
217
217
209
214
196
197
193
206
201
201
193
202
210
231
235
234
243
241
241
238
245
236
237
219
219
207
206
187
200
189
197
189
207
209
227
216
221
219
243
230
243
221
231
230
238
253
255
237
227
231
225
211
201
208
209
229
214
207
206
213
212
218
207
227
230
229
224
227
232
234
211
209
220
249
248
253
233
238
218
223
200
190
189
210
201
203
175
185
204
201
199
201
222
243
267
265
276
252
258
250
268
250
247
235
243
238
248
222
221
228
251
232
241
227
233
217
231
215
229
226
232
221
220
226
223
216
221
228
233
235
229
230
231
246
252
245
252
277
268
277
255
250
243
250
229
235
226
242
235
234
225
227
207
218
202
216
203
225
216
226
223
214
215
237
233
229
239
252
259
257
244
225
223
224
236
221
223
206
218
217
229
202
213
216
239
224
243
225
238
220
229
221
218
220
232
235
239
229
237
231
230
215
218
212
193
185
178
189
196
205
209
211
218
227
234
249
252
259
240
257
246
243
219
232
214
227
215
209
191
197
191
180
178
192
194
214
217
232
235
245
243
233
239
253
262
255
255
253
259
231
235
213
213
201
212
199
213
213
225
223
223
211
230
235
243
238
245
242
250
245
239
225
228
239
231
213
219
215
217
220
213
211
216
234
236
237
228
236
221
218
207
205
186
220
203
212
201
215
221
239
220
229
225
238
229
228
213
217
219
229
231
224
229
227
233
244
243
252
254
240
241
220
234
236
244
232
241
223
227
210
217
197
210
212
211
202
204
199
211
211
210
207
218
221
231
239
246
242
238
233
227
229
231
238
240
246
235
239
229
234
233
237
234
247
234
251
231
235
213
212
203
199
194
209
206
222
224
234
243
258
253
245
229
235
223
223
226
220
221
224
227
206
199
202
207
201
217
212
215
207
213
197
202
203
221
215
235
209
217
224
241
229
249
264
264
261
265
254
257
244
236
232
224
227
211
211
209
229
216
225
214
215
199
198
191
210
215
215
210
229
230
226
221
241
227
230
220
233
225
237
221
219
216
224
220
226
223
229
229
227
240
233
241
233
237
228
230
235
244
223
229
211
213
213
225
217
237
234
242
218
247
238
249
242
241
245
244
240
256
247
245
231
224
233
244
237
245
229
218
210
204
192
195
199
196
201
197
205
202
227
223
216
203
219
217
240
237
237
232
253
233
220
213
225
228
227
231
230
231
222
226
219
217
233
228
227
210
207
219
223
230
221
231
224
227
215
216
210
224
216
235
219
236
231
234
231
247
241
248
250
257
233
229
231
227
230
229
231
228
233
225
225
210
223
221
230
223
229
228
235
229
233
232
265
265
273
265
277
258
259
229
219
193
195
188
194
179
191
183
193
188
177
167
182
174
188
191
205
227
245
237
243
249
258
261
251
269
253
263
249
250
231
254
242
240
228
233
220
229
228
253
247
242
231
245
241
236
224
216
208
203
189
184
196
196
199
202
222
219
222
223
247
237
256
243
251
237
246
239
238
219
227
225
233
224
245
245
266
266
266
251
237
237
237
229
225
231
217
219
215
222
211
221
229
247
236
245
251
261
244
260
228
225
219
217
199
193
174
186
174
193
175
187
172
177
183
214
225
263
282
312
309
323
325
324
316
311
299
280
265
227
204
183
180
159
161
154
169
156
171
176
174
177
191
164
163
147
166
173
171
156
149
127
137
142
159
166
185
191
216
240
262
275
303
320
321
336
335
348
368
371
361
364
361
371
357
362
351
381
371
374
351
358
344
334
307
317
285
279
251
220
167
113
65
35
20
-3
-24
-15
-13
-17
-44
-59
-56
-69
-63
-53
-21
6
49
74
94
107
145
189
246
296
382
451
521
563
601
637
678
685
680
657
640
612
590
540
487
413
353
280
223
183
153
109
53
-6
-80
-134
-186
-218
-279
-307
-335
-329
-320
-273
-222
-119
-49
31
87
146
191
272
327
368
388
426
467
517
563
639
665
689
685
677
634
597
558
517
461
418
394
349
297
241
193
152
146
116
113
96
105
97
104
75
42
-1
-17
-25
-3
-13
-8
0
39
64
101
131
165
176
188
187
195
203
211
220
196
199
219
249
268
289
288
284
280
281
263
261
265
243
223
215
193
199
203
237
248
270
283
321
315
331
329
339
315
329
313
326
314
295
292
296
299
297
299
271
257
234
216
179
157
128
133
117
113
97
109
118
147
168
193
203
232
225
255
255
249
234
231
193
185
157
171
195
240
263
265
267
283
297
305
312
304
285
254
229
183
175
182
189
181
197
209
233
231
243
216
233
221
227
226
234
240
260
265
263
241
233
212
225
253
273
280
275
240
209
171
137
129
122
134
155
183
208
247
258
263
244
266
259
277
289
314
296
295
273
267
265
291
299
328
328
331
313
306
271
227
191
168
155
146
153
145
131
110
111
116
138
157
185
197
234
235
229
209
205
186
199
218
258
275
317
320
333
311
309
283
276
273
271
255
255
251
250
235
223
196
188
189
191
181
179
169
141
111
83
56
34
40
26
28
43
93
124
167
219
252
288
326
343
375
372
370
367
381
377
380
385
401
411
399
371
353
337
299
261
208
187
165
167
144
118
100
103
103
119
107
131
149
159
169
187
176
181
157
149
141
160
179
209
243
295
316
343
349
361
353
352
339
317
301
299
304
298
299
297
287
279
273
259
246
210
195
179
167
145
127
117
125
117
113
95
102
113
136
149
176
177
192
171
158
148
157
167
191
207
225
250
301
323
340
355
361
361
353
342
311
313
286
275
245
243
223
237
237
255
229
244
237
243
233
232
204
191
156
147
111
107
112
132
146
175
200
223
232
219
211
197
200
187
185
186
209
208
218
233
244
245
273
283
309
315
316
300
298
273
265
251
271
234
234
219
235
224
228
222
226
223
239
239
235
225
202
174
160
164
157
168
180
203
217
244
254
270
257
254
229
224
230
240
243
247
245
261
258
273
260
283
299
309
304
305
295
281
262
239
209
191
177
163
146
144
145
143
157
155
151
150
167
149
149
130
131
133
148
162
188
205
243
260
283
292
310
311
316
307
299
288
294
307
315
299
301
293
287
277
263
265
264
254
243
219
190
172
149
134
106
112
108
118
121
155
144
165
175
193
177
188
196
203
197
210
206
229
251
266
262
286
291
288
282
270
264
259
244
253
248
233
243
232
239
245
270
281
297
274
269
249
252
226
225
209
201
175
176
175
172
181
197
205
219
233
234
214
218
200
180
159
165
175
182
205
216
225
235
242
234
246
259
277
268
269
239
234
216
217
196
199
211
232
245
276
289
301
303
308
283
269
257
233
206
183
177
178
183
202
217
229
255
271
291
286
289
253
229
205
195
175
173
148
157
155
173
156
189
195
223
219
230
217
241
233
242
228
229
227
211
206
244
272
297
303
309
324
313
311
274
259
239
242
221
223
227
230
222
239
230
229
225
225
217
214
186
191
185
171
141
135
138
162
169
199
205
215
225
234
225
218
209
192
187
183
180
186
207
199
221
246
274
295
316
316
330
315
308
282
260
249
275
275
292
276
302
302
315
304
303
293
293
271
254
221
213
182
163
145
129
134
134
146
155
176
179
197
195
211
183
173
154
143
141
159
169
212
222
255
243
275
277
294
303
305
291
289
276
283
265
269
279
271
255
263
260
261
245
235
238
241
236
214
205
175
173
161
169
163
167
171
195
197
202
201
215
212
234
206
192
175
175
177
209
215
233
252
271
276
277
275
275
263
258
254
236
234
216
203
175
194
214
231
236
249
246
268
262
263
225
217
203
199
175
188
173
182
191
198
197
213
232
236
229
237
233
233
223
217
195
192
189
190
194
200
213
199
222
223
221
209
227
226
251
233
231
211
205
206
219
221
247
246
266
255
247
246
255
263
243
213
193
195
190
196
210
230
242
258
240
247
252
259
245
263
255
259
252
249
225
238
219
231
217
233
230
237
224
230
208
202
190
170
156
151
139
143
157
179
189
202
215
225
228
221
223
211
218
207
205
194
209
201
224
224
255
256
278
286
277
275
287
284
298
308
305
284
282
263
257
248
255
260
263
257
257
245
251
249
215
185
167
180
170
173
165
183
191
211
200
211
195
193
181
185
161
164
162
184
187
194
202
237
254
256
259
289
293
295
276
271
261
259
239
227
217
199
203
209
215
218
244
255
256
259
256
241
230
207
198
194
207
196
193
185
200
197
216
219
221
221
225
221
220
216
203
184
182
176
174
179
191
210
232
238
255
264
258
262
252
257
250
236
213
211
210
218
221
239
228
241
245
253
243
249
239
245
226
224
201
211
223
221
215
227
249
247
245
235
223
201
209
191
177
143
150
143
155
165
189
191
223
215
239
243
261
248
254
225
228
221
221
211
220
227
242
237
237
242
241
247
246
237
237
241
239
231
228
222
208
219
230
239
244
269
265
272
256
256
231
228
220
219
198
190
167
163
177
184
173
185
200
214
219
211
208
211
209
211
203
213
235
234
249
247
255
264
271
269
264
260
261
248
248
233
243
240
247
230
232
228
240
247
258
254
254
251
269
236
208
191
203
190
195
195
213
217
221
229
222
225
216
219
201
193
174
185
198
218
193
213
217
263
258
283
286
301
283
283
256
260
243
243
223
232
219
234
231
234
236
245
252
267
275
290
280
255
237
230
211
199
202
197
206
209
207
195
210
202
211
198
220
208
214
197
207
188
200
194
201
205
226
238
253
248
253
249
252
219
200
189
183
178
166
170
175
191
205
231
244
258
255
264
273
289
290
297
276
270
262
275
268
271
252
254
247
239
225
220
191
193
191
184
183
183
181
183
195
189
199
203
227
243
247
246
249
230
227
199
197
189
205
201
221
213
229
230
244
242
268
252
265
258
261
241
250
233
246
255
256
264
281
291
283
271
254
251
231
215
186
177
169
166
148
155
157
179
201
231
213
243
258
276
270
276
247
242
227
217
195
191
190
204
187
207
209
219
211
217
213
214
206
197
189
189
187
183
196
196
211
226
248
254
264
268
275
250
235
225
220
207
209
209
226
220
227
227
251
252
252
239
251
233
222
219
211
207
203
202
202
197
203
211
217
239
246
260
239
235
219
231
218
220
203
221
224
245
248
253
253
257
246
249
229
230
221
213
188
178
167
187
204
227
228
243
250
247
252
248
228
222
214
207
210
201
194
187
212
210
215
208
230
216
223
212
222
214
225
201
208
202
208
202
219
217
241
244
253
256
263
250
236
215
200
198
193
188
193
208
221
232
235
259
247
258
259
259
256
257
232
229
227
231
217
215
206
215
224
233
218
240
240
256
259
254
247
240
236
224
206
193
207
206
222
225
243
251
266
253
246
233
248
231
232
209
222
205
222
224
229
215
248
249
258
245
255
245
245
221
212
181
195
186
176
165
175
193
199
233
245
265
280
289
285
282
267
271
260
251
221
233
229
248
235
243
223
219
203
210
190
191
171
168
177
190
200
221
242
259
255
264
274
266
273
259
249
229
219
201
181
163
173
174
191
197
211
221
249
242
251
243
270
262
258
237
242
227
241
226
239
233
260
261
251
242
230
222
209
192
173
168
179
194
195
219
217
224
215
237
236
252
261
272
273
289
266
265
242
231
208
214
206
214
209
223
211
222
214
225
203
201
201
213
206
221
226
240
239
236
237
238
251
250
249
236
244
233
238
218
215
219
226
209
219
230
246
253
272
253
251
241
243
219
207
184
169
164
180
193
198
202
222
237
251
265
257
235
238
233
212
210
214
213
196
197
190
201
199
220
211
231
237
249
239
246
235
240
219
209
189
206
217
233
238
236
232
233
229
223
209
212
220
213
222
226
232
227
238
227
226
224
234
233
243
234
242
223
232
225
192
164
186
180
187
192
210
214
233
228
221
216
223
221
225
223
220
225
221
225
219
223
238
238
246
244
239
243
232
229
205
215
213
228
227
241
231
255
263
280
256
267
245
237
207
226
213
213
193
187
177
176
183
190
197
214
239
245
253
246
238
226
245
229
231
210
218
206
239
227
233
230
270
261
265
239
247
234
235
235
240
228
227
213
214
225
234
233
245
249
243
247
245
235
221
215
211
207
207
204
201
216
201
223
224
242
227
247
232
245
225
217
217
224
205
209
203
215
224
227
214
221
224
219
219
223
231
234
223
214
208
210
216
213
217
217
243
237
259
245
246
227
237
217
235
206
204
198
222
218
227
223
237
245
251
247
252
242
249
234
207
199
203
200
198
191
180
179
193
210
211
225
251
261
257
265
255
269
249
248
225
220
228
231
217
237
226
234
226
225
213
208
188
191
187
205
217
219
227
225
211
214
229
244
238
231
229
230
234
225
213
195
215
207
227
237
243
222
243
227
234
224
243
229
231
211
223
223
235
223
227
218
247
239
252
257
258
254
257
245
225
216
217
226
225
229
230
243
228
251
255
263
246
243
231
237
215
211
183
187
163
191
195
223
222
223
225
255
259
267
255
240
249
233
227
211
197
195
210
205
207
207
227
223
233
237
259
258
266
259
251
237
251
236
245
256
265
244
255
245
242
219
217
204
201
192
191
185
171
177
176
193
215
233
226
238
230
239
227
237
215
219
217
238
223
224
223
235
227
244
226
247
242
251
246
252
227
231
232
239
216
220
213
226
214
225
237
245
255
259
247
231
229
218
214
193
182
179
192
201
208
208
237
249
259
240
250
236
244
220
210
197
213
197
211
203
227
231
239
235
235
243
264
251
247
239
236
226
221
227
212
207
216
213
200
213
206
214
213
204
180
183
190
197
188
191
191
213
220
246
237
257
271
275
269
265
259
256
253
254
241
229
241
242
237
241
244
234
233
220
217
197
195
181
197
184
190
187
217
204
213
215
262
255
250
220
217
204
204
199
189
192
205
206
207
217
226
242
255
264
250
244
250
263
247
245
232
236
223
241
221
228
229
249
244
255
238
268
242
253
230
227
214
215
208
217
215
236
242
245
226
237
243
231
220
215
210
207
207
195
199
198
211
203
215
220
234
217
227
212
205
199
217
207
219
203
225
219
231
232
251
261
280
269
257
258
252
234
238
228
219
200
182
189
195
205
199
207
201
208
187
193
203
215
218
235
232
242
247
256
234
246
259
276
267
266
255
267
251
234
210
203
197
191
188
195
207
215
228
240
245
253
267
265
261
235
239
219
225
222
216
201
223
207
223
195
203
196
204
191
190
181
201
191
202
202
219
213
232
234
238
236
251
264
269
266
260
255
245
231
209
210
206
208
193
215
221
243
247
269
250
253
249
257
245
247
236
227
220
224
197
203
181
182
191
188
190
198
199
209
191
193
206
213
218
217
236
244
259
243
257
251
275
256
257
235
234
201
208
191
198
176
189
171
181
179
191
199
223
223
225
225
238
232
247
256
259
271
266
270
255
255
259
257
247
239
238
227
208
200
174
171
166
171
161
166
161
183
189
219
210
231
250
263
241
239
229
229
227
236
211
227
231
223
235
247
251
249
249
229
225
222
224
221
226
226
237
237
268
256
264
265
263
261
279
257
258
225
223
213
213
195
210
199
191
183
199
207
212
207
215
210
213
211
211
221
217
227
213
235
219
222
231
249
244
251
253
269
259
257
237
249
235
230
217
220
212
229
215
217
198
201
202
202
207
214
209
203
205
212
209
214
227
234
252
255
261
256
275
266
256
241
253
253
243
211
204
185
205
192
201
191
221
207
229
228
246
251
262
263
264
267
279
267
258
259
247
256
239
234
223
224
207
212
201
204
192
197
201
205
185
193
199
218
217
233
229
239
233
240
224
227
228
230
230
245
221
232
229
236
229
232
248
245
236
233
228
224
220
222
211
189
195
182
206
202
229
219
253
252
264
254
265
244
253
239
241
223
228
213
204
192
207
212
222
227
225
231
241
232
223
230
229
247
233
235
237
255
247
263
236
226
216
226
222
236
226
241
230
248
231
249
251
263
253
248
226
219
215
227
211
201
191
181
187
188
199
209
230
235
254
254
252
255
271
265
262
228
229
203
207
190
193
191
209
202
217
227
236
224
219
203
222
221
227
225
235
233
234
229
220
227
239
246
241
253
254
254
237
226
209
219
212
225
219
241
230
227
212
228
215
229
225
217
199
186
174
179
187
194
202
223
220
222
229
253
251
262
271
266
267
264
246
230
227
221
231
226
224
201
194
183
218
219
227
219
231
228
243
225
217
202
223
214
215
215
215
218
239
235
246
229
222
204
199
197
178
193
187
192
177
198
183
195
197
215
220
245
241
248
226
237
237
250
247
257
257
273
265
274
260
272
257
245
216
219
209
211
197
197
195
180
193
195
199
206
222
215
238
227
217
210
212
189
201
199
230
216
229
225
242
223
241
242
258
257
270
239
236
214
210
203
213
210
226
241
256
260
253
254
252
247
249
242
230
219
189
196
186
195
175
194
182
202
195
221
213
234
232
247
226
229
232
247
248
255
258
264
261
262
243
243
228
223
214
224
218
209
207
210
212
200
209
219
221
211
227
218
238
229
241
219
217
208
215
205
217
215
236
235
237
231
259
255
257
267
271
269
262
252
229
221
208
204
204
231
216
216
210
219
214
227
221
227
211
226
211
231
224
237
216
233
229
250
248
252
237
237
221
215
197
195
196
186
171
171
179
191
198
214
224
237
255
265
283
277
278
270
276
241
238
223
235
222
230
224
236
209
217
207
201
199
209
189
203
198
207
196
207
208
199
206
227
234
238
251
243
251
241
236
237
231
232
234
217
215
210
205
195
197
181
194
197
199
193
201
209
217
211
217
219
237
248
266
268
279
270
271
257
249
215
207
203
192
193
191
183
165
187
174
193
188
217
217
235
250
261
265
287
279
282
261
281
265
265
251
246
235
232
222
215
202
203
181
179
177
188
193
197
206
202
218
215
243
230
251
239
257
239
249
216
233
209
214
201
211
192
200
189
208
201
217
219
225
219
233
217
225
224
237
237
250
263
268
268
267
259
255
243
231
217
201
212
200
198
199
205
201
211
201
207
206
242
237
259
255
276
261
253
221
213
209
223
218
223
226
215
216
231
232
224
223
228
226
223
218
212
210
203
217
202
212
222
230
225
245
237
242
239
241
216
230
215
221
207
225
227
234
232
249
236
248
254
264
251
247
240
235
231
227
229
228
246
223
229
213
221
206
209
198
198
184
199
180
203
185
201
191
213
206
204
203
225
229
237
235
246
237
249
238
257
253
254
255
259
252
250
256
262
266
235
227
227
227
205
203
199
199
178
185
155
169
182
195
189
196
201
224
204
221
211
217
237
242
241
249
233
236
237
235
228
232
237
241
245
239
243
240
254
242
231
224
223
215
233
216
223
209
227
211
213
188
190
174
179
174
196
183
202
218
239
238
262
268
281
287
301
288
258
251
234
229
222
223
217
226
232
243
223
224
216
230
226
241
241
249
224
226
223
235
221
229
221
232
232
238
237
249
246
243
231
245
243
244
243
237
233
228
223
215
202
195
215
216
219
208
219
217
242
242
242
227
250
240
266
251
255
247
252
245
237
213
221
216
227
215
217
217
221
206
202
208
202
211
216
211
207
217
218
219
218
222
215
213
201
214
206
221
211
233
221
232
239
249
257
265
252
243
225
245
228
239
237
247
234
251
244
236
208
213
209
195
195
192
196
193
207
200
208
199
219
224
267
267
275
260
257
241
261
232
228
208
220
206
229
218
227
221
227
225
228
233
254
239
241
228
219
204
201
210
216
219
229
237
226
232
235
240
229
241
219
238
234
241
235
242
239
235
225
245
238
253
243
242
239
247
235
236
239
217
196
207
215
218
229
233
241
237
242
230
240
242
254
237
238
228
222
216
209
197
203
211
234
227
241
232
244
234
242
236
226
221
239
230
234
228
233
229
242
247
243
235
241
245
229
221
212
211
211
223
204
213
204
217
203
225
213
228
213
207
199
204
201
208
205
235
241
255
248
255
238
249
260
261
228
226
210
209
193
195
175
177
194
205
211
216
235
228
239
246
245
238
239
229
239
223
231
209
227
219
219
213
241
234
239
241
246
245
247
238
227
229
240
251
251
233
220
223
213
205
191
185
193
198
205
223
215
221
211
224
213
236
243
277
276
281
263
265
247
250
229
242
242
245
233
239
234
227
225
218
198
199
193
190
178
164
169
160
177
190
195
197
222
224
251
246
251
254
259
253
249
231
234
221
223
212
209
187
205
206
215
213
222
228
247
254
255
243
245
225
225
225
244
239
235
237
250
241
247
256
230
237
234
230
203
201
182
189
197
203
185
197
206
224
225
243
240
252
243
259
244
250
237
236
218
225
227
219
209
203
201
207
225
223
231
217
242
233
233
201
197
201
235
212
230
215
226
224
243
226
225
215
232
224
229
222
233
221
235
231
220
217
239
233
243
250
244
246
229
241
215
215
213
221
217
230
218
236
227
239
220
225
214
222
223
236
221
221
211
219
206
214
203
207
213
237
243
257
263
259
233
223
218
222
213
219
211
213
229
228
236
234
249
246
256
251
245
221
238
228
216
201
219
202
205
207
228
225
221
209
213
213
228
215
213
207
218
218
209
223
223
223
225
233
233
237
232
224
212
221
215
223
222
237
238
262
257
265
258
265
239
239
228
221
193
207
186
189
178
193
175
184
193
202
206
213
219
229
235
243
251
244
249
233
237
231
239
232
242
235
239
222
233
222
239
231
243
226
253
236
237
228
231
227
232
213
224
229
238
229
216
217
224
221
216
215
207
201
189
200
183
187
187
198
201
209
210
226
227
245
239
237
233
247
246
247
233
233
243
249
226
235
229
237
226
234
221
221
207
211
205
204
204
199
203
204
211
209
219
221
217
217
237
245
256
241
245
236
240
236
229
230
255
241
249
235
239
230
231
229
203
196
190
197
192
195
196
215
225
235
220
232
224
229
213
215
217
231
224
227
209
225
216
237
236
252
238
267
267
276
248
245
225
231
218
228
218
209
197
189
183
192
212
223
238
229
220
220
231
225
217
209
228
221
238
222
247
241
246
234
235
230
240
228
244
229
225
205
225
207
217
194
219
217
225
216
219
200
185
187
182
197
230
238
239
243
238
241
236
248
221
230
235
258
241
235
232
239
221
229
221
225
227
243
239
253
240
254
250
241
231
234
235
227
216
214
216
199
204
189
183
185
211
210
220
227
244
229
237
224
220
215
227
226
237
214
219
212
231
229
236
214
239
239
245
237
230
219
220
211
205
211
224
219
237
237
242
239
238
249
234
253
251
252
239
249
234
247
225
224
211
219
209
211
197
207
201
219
201
207
175
189
210
227
236
235
234
237
231
229
215
217
223
227
223
215
227
219
227
235
242
237
263
255
264
243
247
242
247
218
210
203
219
221
240
233
231
217
233
240
220
213
210
185
183
172
174
176
187
198
203
208
214
227
231
254
257
266
270
289
267
265
273
281
247
245
221
241
225
232
223
223
215
233
209
211
208
199
195
208
192
201
214
213
227
237
237
239
236
236
235
225
226
225
223
227
228
225
219
211
201
199
215
200
207
202
215
204
209
195
193
191
227
236
245
247
267
267
276
292
283
267
263
248
235
224
215
210
193
199
199
213
202
217
206
221
229
242
232
240
225
255
259
260
246
251
241
247
246
226
199
185
187
193
200
210
204
216
201
211
201
208
228
215
221
219
240
234
254
251
266
245
265
248
256
237
244
223
247
237
247
245
266
249
261
262
269
255
249
238
226
213
212
200
213
200
201
208
204
220
209
239
241
250
248
251
241
249
241
249
222
239
244
263
257
254
240
239
215
228
208
214
207
214
208
206
196
215
219
225
227
224
216
217
220
208
218
217
230
225
219
219
223
203
212
211
224
227
241
231
216
221
240
231
228
197
207
202
203
210
214
219
235
228
239
235
234
229
243
247
231
223
212
222
220
218
216
234
227
250
230
228
235
238
228
242
219
221
206
231
225
235
219
200
181
197
203
219
219
219
216
223
234
234
237
222
205
205
217
222
215
207
211
204
207
204
215
209
209
214
230
219
236
230
243
239
245
231
227
219
208
203
204
195
213
217
230
219
221
215
205
217
234
238
233
239
230
232
232
244
214
215
211
223
214
216
203
200
188
196
191
200
211
213
219
225
212
229
222
230
211
225
240
247
239
243
246
267
270
267
249
232
229
221
229
216
219
221
217
217
223
218
227
202
209
206
226
216
244
227
228
213
233
217
235
234
234
230
236
236
223
217
224
219
216
217
211
215
227
232
216
225
225
239
241
240
224
241
228
236
222
235
223
234
232
256
238
244
240
245
217
235
231
237
210
219
199
197
190
175
171
173
187
201
204
211
224
227
248
241
237
240
269
264
270
249
262
273
289
266
268
251
266
237
229
209
213
207
229
214
209
208
218
219
222
221
229
243
223
225
213
223
231
245
237
256
233
233
233
253
236
257
247
251
228
247
238
245
239
246
233
245
245
239
221
230
212
213
218
223
207
220
216
229
220
218
217
218
223
237
225
223
221
220
241
244
234
216
236
212
203
185
189
177
203
187
197
186
215
210
227
215
245
225
246
244
253
245
250
233
228
215
233
220
221
234
225
218
208
204
199
207
197
201
197
217
223
235
227
235
226
252
259
257
249
238
228
221
203
215
204
203
197
212
215
214
206
213
221
231
225
231
244
236
233
239
244
238
244
238
248
237
269
247
253
237
241
221
227
209
206
190
195
184
190
190
204
187
202
201
204
196
211
207
220
223
231
232
238
231
224
232
226
234
229
241
226
229
215
217
210
214
210
225
224
234
225
239
223
233
223
224
217
231
230
243
237
235
230
247
239
244
254
261
265
265
260
251
239
225
211
201
219
215
233
223
229
213
205
188
174
166
177
179
211
187
219
226
247
242
250
229
238
239
231
236
228
229
215
220
211
221
215
229
224
238
241
251
246
239
221
228
229
223
216
227
219
217
215
223
195
209
213
221
225
225
213
215
217
229
209
209
205
217
215
232
237
254
249
256
259
261
253
245
234
224
222
219
232
224
216
192
208
198
212
202
219
210
215
196
200
193
200
203
217
221
225
227
221
219
225
234
237
223
231
231
231
231
232
239
221
231
218
227
226
236
230
243
237
247
235
248
243
256
238
246
233
251
243
239
217
217
225
230
206
205
221
222
213
205
187
190
206
217
245
236
241
245
252
241
249
236
241
229
237
235
255
237
263
259
261
240
237
221
237
231
224
211
227
221
227
218
225
210
210
191
194
192
195
209
201
209
216
235
229
243
231
234
220
239
220
223
221
231
214
233
250
259
239
246
225
230
227
237
228
238
237
235
242
249
225
221
223
207
196
187
188
189
196
214
220
231
251
247
262
254
264
259
264
245
239
234
254
252
252
234
248
219
214
206
204
199
216
216
222
220
227
228
228
220
210
208
209
213
219
230
228
236
236
241
231
228
209
212
205
225
212
226
222
221
207
218
212
225
217
230
219
235
232
248
226
238
244
243
233
230
221
241
238
233
218
209
217
221
231
206
213
209
213
197
205
201
230
214
237
243
262
259
273
263
274
267
273
250
253
237
241
225
234
221
218
217
235
223
218
209
212
208
211
214
203
204
215
219
212
222
210
226
223
225
198
215
218
229
214
227
224
234
222
242
241
249
241
255
259
258
249
257
258
272
262
255
263
262
259
251
237
221
211
189
177
165
186
187
201
189
194
187
210
211
230
225
247
237
249
244
259
246
250
241
248
240
255
243
241
235
251
244
238
237
223
217
223
209
197
207
201
213
205
211
190
203
206
220
202
218
215
219
215
229
212
235
233
231
215
228
215
224
210
228
215
223
218
231
226
238
235
243
234
233
215
215
215
219
227
217
220
209
217
219
219
216
239
236
251
246
241
244
257
248
243
225
241
223
224
217
212
200
201
216
205
212
221
226
215
220
214
214
203
217
218
233
229
226
216
221
216
223
209
227
203
225
234
244
231
238
217
235
235
247
239
263
262
255
253
247
240
226
216
226
209
208
213
209
200
201
216
215
229
219
223
211
243
230
230
205
211
211
229
215
217
212
245
238
249
225
227
192
214
207
206
193
213
207
222
205
209
207
209
211
211
223
234
247
264
281
288
283
277
268
243
239
226
207
186
190
177
175
167
179
163
183
193
198
208
237
231
241
236
259
255
257
273
267
269
252
245
230
221
215
211
218
236
225
234
216
230
209
201
183
202
196
225
231
250
238
253
249
254
244
249
231
244
239
238
227
233
242
245
241
228
223
221
221
208
217
205
203
200
203
192
214
225
224
237
279
273
274
262
282
244
229
216
221
218
225
205
204
184
184
165
182
163
173
176
185
187
197
211
209
216
219
230
231
246
245
252
243
255
244
253
259
273
247
253
254
265
245
245
234
221
223
236
227
221
211
213
212
213
201
197
191
213
203
204
205
207
209
215
222
209
213
224
226
206
213
209
230
226
242
235
255
252
279
277
277
259
260
233
243
223
240
235
240
244
241
227
228
236
238
229
221
226
228
226
221
223
223
233
216
212
201
234
225
238
223
226
217
231
215
216
207
229
217
238
219
232
210
232
216
221
213
221
206
207
204
204
193
189
199
199
200
206
214
212
222
222
231
218
231
217
231
231
245
237
247
236
243
238
248
223
243
246
254
252
252
238
241
247
260
243
229
234
225
234
245
246
234
233
223
230
227
232
221
219
199
203
194
196
185
190
179
205
203
214
201
219
223
237
244
245
243
271
265
258
260
271
263
251
241
233
223
223
227
219
214
193
198
205
221
209
219
216
233
239
251
237
247
250
236
206
227
208
220
219
232
228
230
220
242
235
234
233
239
234
241
247
243
242
208
186
178
197
197
211
199
215
205
235
221
239
207
225
218
219
203
209
201
214
198
203
207
220
208
229
215
222
222
235
225
221
213
239
241
258
266
264
259
262
250
228
236
232
231
221
224
211
223
210
227
211
216
219
246
229
242
234
251
241
235
223
219
216
214
194
203
210
205
203
205
213
217
230
231
231
240
244
238
260
240
234
223
246
227
231
209
211
211
213
192
205
200
214
202
231
244
274
252
264
286
284
258
247
246
236
201
205
212
218
191
153
183
199
147
155
186
180
227
215
226
216
242
248
263
249
275
250
233
245
219
215
235
211
237
224
224
235
213
233
266
194
243
233
227
210
225
230
224
221
221
220
200
231
219
251
231
241
232
252
236
213
200
233
221
209
181
201
226
177
213
217
206
243
241
250
248
255
247
250
230
232
221
217
216
193
209
197
182
193
185
178
207
158
188
226
194
223
230
215
226
226
241
255
253
255
256
216
227
224
231
200
205
205
236
233
211
229
245
241
245
236
251
301
225
249
215
205
204
200
184
205
204
212
200
216
252
237
234
238
207
231
215
212
217
219
222
239
210
245
231
181
230
234
223
225
227
213
220
197
224
198
201
213
227
211
226
197
224
226
234
189
242
255
247
227
227
238
270
216
243
236
236
247
236
223
233
224
218
209
207
220
190
207
197
179
196
181
183
217
202
211
202
204
233
242
207
242
219
239
243
259
247
262
244
280
249
243
245
249
243
235
219
230
239
223
192
224
235
203
194
195
209
240
208
206
196
193
217
199
212
196
210
229
219
211
254
221
235
225
229
243
228
226
239
228
240
219
196
219
203
205
231
224
219
249
265
272
265
249
253
230
207
218
215
214
183
199
190
228
187
171
180
208
190
178
201
248
234
217
239
225
237
259
238
235
225
215
228
214
232
253
229
249
239
235
263
210
219
210
216
225
220
201
251
182
210
189
207
187
208
201
205
217
225
240
223
213
236
249
237
213
219
233
246
213
192
227
245
226
210
228
241
236
223
258
237
261
247
234
231
229
224
252
219
230
233
205
230
194
188
195
167
217
210
213
227
204
211
258
192
239
227
217
223
234
230
229
234
235
259
223
222
225
245
219
230
208
228
231
217
197
221
232
220
195
235
245
217
224
243
217
235
242
237
229
237
229
229
209
206
199
163
217
199
213
200
177
179
192
163
200
164
192
233
184
229
240
241
258
257
262
240
242
233
251
203
226
221
241
227
196
182
222
210
172
190
187
225
198
179
217
234
191
232
231
233
246
234
219
243
235
245
252
233
248
244
212
213
181
213
215
209
236
239
228
236
193
199
234
169
206
193
208
205
203
185
189
189
209
211
198
227
265
270
267
248
245
237
244
212
224
233
243
216
206
214
234
169
214
212
219
221
220
221
223
225
223
209
205
237
202
223
239
242
256
259
241
262
217
215
203
182
223
251
193
233
210
217
215
247
223
235
232
253
237
209
206
207
216
227
198
193
221
227
213
241
241
221
225
217
241
262
216
239
235
233
257
241
247
232
219
223
205
186
222
205
204
190
185
202
191
183
216
207
229
241
233
274
265
238
271
274
267
265
263
269
251
237
249
246
226
249
234
253
247
249
233
252
213
192
195
220
217
226
220
255
257
216
226
215
211
236
229
214
210
212
231
224
227
247
217
227
230
203
231
201
203
206
213
211
219
189
240
194
202
223
229
213
222
212
209
193
197
227
233
225
251
264
267
241
224
225
243
212
185
194
199
197
197
226
206
205
175
221
212
245
241
249
260
255
236
247
223
238
241
217
239
215
189
209
177
171
187
181
203
201
200
247
215
244
233
230
241
243
238
211
222
201
225
194
214
213
243
215
201
184
209
217
210
188
216
226
224
205
237
244
209
198
242
228
233
243
252
252
253
249
246
225
233
249
202
239
215
245
250
247
250
259
239
255
199
211
263
216
220
225
212
219
217
223
199
202
200
205
173
169
182
217
215
228
226
239
249
225
217
247
253
224
228
239
261
202
223
234
239
243
228
200
222
229
220
198
189
210
231
197
229
191
213
212
201
201
217
229
249
223
228
258
193
249
222
199
198
212
197
203
185
207
198
201
190
200
227
239
225
255
272
283
237
245
253
275
251
229
256
276
193
225
213
195
199
198
205
210
206
211
220
191
228
210
198
201
189
209
232
207
228
225
219
238
206
215
268
204
246
217
212
211
232
228
232
213
225
201
187
208
205
187
190
203
217
214
201
209
199
217
213
217
222
225
213
232
237
242
244
255
243
243
248
255
235
239
223
246
250
254
237
231
222
233
210
202
204
195
207
210
199
191
199
204
208
201
217
218
234
231
241
227
233
232
229
208
226
213
228
226
233
224
239
221
221
186
205
206
216
239
251
251
258
249
246
229
241
243
254
267
260
253
245
244
219
226
212
223
196
214
217
207
177
196
183
198
209
243
237
250
242
253
243
257
235
219
210
219
211
212
211
221
220
220
204
204
205
217
218
220
229
241
259
260
260
267
269
272
272
261
275
263
269
239
224
216
227
204
213
200
211
201
224
227
229
223
243
251
248
243
251
251
251
244
240
231
243
249
228
232
218
209
204
225
203
209
201
215
227
253
247
257
245
257
231
231
225
235
216
214
194
211
205
210
201
211
218
233
238
248
253
255
261
255
267
271
261
237
232
212
203
194
206
207
212
199
229
219
233
224
237
233
238
233
244
219
233
226
234
234
235
227
229
227
209
227
244
237
238
229
223
230
219
225
216
221
223
234
211
217
190
203
197
209
195
217
226
256
251
269
255
261
226
223
207
213
208
210
199
211
203
213
226
232
227
227
250
242
235
234
231
234
230
219
210
187
203
194
201
188
203
190
208
195
201
204
218
206
228
222
239
251
246
228
228
215
215
212
200
191
198
204
214
215
218
220
220
227
223
237
228
243
231
245
225
231
220
230
199
220
205
209
215
248
205
215
221
221
210
204
190
192
175
195
179
193
203
212
220
223
225
237
229
230
227
237
245
240
236
220
231
217
225
203
209
188
198
194
208
197
217
206
223
226
239
225
217
194
203
211
236
232
242
247
245
249
261
257
250
245
228
227
221
212
196
199
195
205
193
193
191
209
199
205
195
207
210
221
208
221
219
233
235
253
247
249
228
229
213
221
201
215
218
226
236
239
243
233
237
225
236
219
227
223
232
217
233
206
213
207
229
216
233
231
223
215
235
232
251
247
249
232
247
243
248
213
213
205
209
203
207
210
213
219
228
235
233
234
231
227
225
229
215
237
239
255
253
261
247
242
226
238
232
242
221
224
228
239
232
233
239
236
234
235
229
235
239
238
232
233
241
238
253
245
250
231
239
226
233
221
224
213
237
224
229
226
238
227
233
225
238
227
233
225
221
210
223
212
215
211
207
203
197
204
199
216
219
218
204
203
203
223
214
235
220
247
251
263
251
274
258
263
238
241
210
212
201
208
192
210
192
204
199
208
200
223
237
236
243
245
251
249
231
242
254
243
252
236
243
214
222
205
200
197
207
201
223
202
209
206
227
230
242
241
243
249
253
252
251
233
239
263
253
248
229
220
221
214
214
213
208
205
207
214
193
195
195
205
195
214
221
239
234
247
240
249
245
263
252
271
253
246
233
241
222
215
213
220
213
224
228
231
219
210
210
211
224
218
220
217
223
217
220
212
210
205
217
208
224
205
217
223
249
233
239
237
260
257
268
252
245
238
239
233
211
207
220
211
209
219
224
213
198
192
195
205
202
212
209
216
222
228
219
247
229
243
235
251
244
255
236
233
225
238
235
227
210
212
204
209
201
224
246
255
241
239
250
239
246
244
241
241
244
218
199
203
218
206
217
200
213
205
219
199
213
214
243
237
239
239
243
231
227
229
220
210
225
225
223
226
239
237
233
236
238
238
240
233
223
235
225
231
212
212
191
196
201
223
205
211
205
219
226
230
217
244
241
252
251
252
235
233
209
211
181
164
166
174
176
195
200
204
217
229
236
243
260
255
250
237
253
257
265
243
231
212
229
229
224
203
216
211
225
229
236
227
242
233
245
223
223
213
204
197
189
180
193
190
185
200
203
217
226
231
229
241
229
235
235
245
237
263
233
238
204
201
209
221
215
221
214
220
204
216
213
217
230
230
239
247
256
259
246
250
254
252
260
247
252
244
237
231
226
212
228
228
240
227
236
237
251
230
230
200
219
206
225
212
243
250
262
247
258
259
249
231
228
215
219
207
211
208
215
232
207
209
212
218
218
227
203
201
205
219
191
199
189
195
188
195
185
193
197
217
203
218
211
223
221
237
235
251
255
260
259
257
266
267
260
241
239
217
221
205
197
190
202
191
208
197
209
207
223
225
242
235
249
240
242
223
225
228
229
218
204
199
216
211
203
201
195
201
219
227
206
203
208
227
220
221
232
251
249
268
230
245
243
251
245
252
225
247
237
252
230
228
221
232
218
218
209
214
204
205
187
192
190
192
200
201
204
209
239
246
255
255
263
254
252
221
227
211
232
209
216
195
208
204
225
231
253
243
251
246
234
218
236
227
231
229
225
221
229
225
210
212
217
217
221
217
222
232
223
222
209
209
205
206
197
208
214
232
231
242
226
233
238
251
253
271
272
274
268
256
246
251
246
236
215
216
207
197
198
191
184
177
189
188
204
226
238
246
259
261
261
259
265
247
252
229
236
223
237
215
209
196
191
189
221
209
206
199
212
214
209
208
216
213
217
221
225
232
231
242
229
243
251
258
247
253
225
217
215
221
199
212
211
214
211
244
247
248
239
247
236
256
249
273
271
273
260
249
225
229
213
211
195
177
184
195
203
191
176
170
176
171
188
190
210
213
255
235
233
225
229
241
233
221
225
223
232
227
236
229
226
227
243
239
236
230
233
224
217
211
193
193
211
217
210
220
217
220
215
224
209
207
205
221
214
221
207
217
215
233
220
248
238
253
246
261
250
261
242
241
221
214
210
211
205
209
208
203
211
219
219
207
223
228
236
218
230
212
223
225
221
207
217
212
215
227
233
219
229
220
227
213
225
208
214
221
238
238
245
253
251
256
265
259
246
255
249
251
237
230
229
236
222
221
214
216
213
213
188
196
167
182
194
207
195
201
199
209
213
228
218
237
253
259
251
248
246
249
252
251
231
220
227
221
219
221
209
191
209
206
195
177
189
193
212
212
235
232
249
244
237
224
230
213
229
227
230
224
226
223
231
219
233
239
244
245
247
236
225
216
201
204
209
205
199
212
199
205
205
217
199
203
195
209
209
226
215
213
217
242
226
236
241
256
263
279
263
254
253
269
270
265
275
285
288
271
258
239
228
215
204
186
192
173
193
181
193
195
201
193
201
209
231
226
242
233
247
241
257
253
261
255
258
237
235
230
217
212
224
221
213
219
216
229
221
228
217
231
217
223
202
212
208
225
221
241
235
269
262
282
261
256
234
246
224
234
215
227
208
208
190
178
195
209
207
219
225
228
247
253
258
243
250
244
250
247
249
233
235
219
199
201
219
203
223
206
211
190
217
209
214
199
207
199
204
195
216
216
221
244
227
227
224
231
245
235
239
233
234
236
223
221
231
238
231
232
232
239
207
216
193
211
191
209
201
209
211
233
233
245
237
240
251
247
225
230
211
214
216
225
214
215
235
224
218
217
222
229
238
221
211
205
237
231
236
220
242
224
235
227
232
212
228
221
237
225
258
257
259
241
231
219
236
243
235
231
244
247
249
234
225
226
226
215
199
213
199
217
219
216
218
228
227
221
210
235
215
225
227
240
219
247
259
263
258
276
271
268
257
250
232
229
226
223
212
209
225
212
207
199
196
177
177
189
208
205
217
223
241
233
217
203
231
228
233
230
233
223
221
203
218
222
246
235
249
239
238
235
228
225
209
222
236
232
237
249
227
246
236
238
213
216
207
229
209
222
215
237
231
241
215
223
218
237
225
240
234
239
225
225
209
206
221
227
220
212
225
229
235
225
227
233
221
218
232
226
221
215
227
219
215
189
201
187
208
197
219
233
253
239
227
209
235
221
232
224
225
231
252
255
248
232
224
213
215
204
210
207
233
236
237
239
232
241
234
238
230
227
212
225
199
213
208
215
199
211
205
211
211
215
207
217
213
213
203
223
230
249
253
261
258
262
268
259
265
254
251
232
224
207
205
200
212
196
215
192
202
203
219
223
225
229
263
246
255
245
254
245
244
237
227
200
205
196
192
197
203
212
227
235
233
245
269
279
271
283
263
254
238
231
209
213
195
193
193
207
196
205
203
217
213
230
218
224
232
239
239
247
251
242
223
209
206
211
206
216
229
221
211
213
191
187
196
209
209
221
225
216
236
242
221
227
255
263
259
237
242
229
228
209
212
197
207
197
211
201
205
205
214
221
223
218
233
246
248
257
242
243
246
252
233
244
231
250
245
254
243
249
225
226
202
207
200
217
192
201
187
195
181
195
179
189
197
204
206
227
230
235
243
248
235
229
237
227
225
213
207
203
206
193
188
183
190
187
213
197
223
224
257
244
259
250
277
275
288
277
281
249
240
227
209
203
204
201
199
198
205
213
210
220
215
219
227
237
227
241
229
221
215
227
219
213
205
205
183
198
184
192
185
194
189
196
210
219
215
233
235
246
244
242
227
241
237
253
244
225
227
224
227
217
207
206
208
201
213
213
233
231
238
233
236
215
222
219
211
202
209
194
204
203
205
193
199
204
240
246
263
249
256
249
243
243
242
243
229
229
215
215
217
218
203
197
188
193
194
216
218
244
238
254
237
247
244
243
218
225
216
226
213
216
198
206
207
227
211
221
217
218
220
217
196
198
221
213
206
217
230
221
231
229
222
217
243
245
270
269
296
268
283
267
259
243
238
225
222
205
219
217
214
203
206
199
197
195
192
211
209
219
228
240
231
235
237
249
253
257
253
252
229
230
215
232
232
235
219
237
211
221
215
235
229
245
241
256
247
250
237
236
241
235
225
215
216
220
224
219
218
213
233
224
237
237
254
241
255
247
257
255
256
236
235
218
218
206
207
197
201
195
207
214
219
219
248
237
239
231
238
242
251
253
246
244
241
227
215
211
196
199
190
195
176
195
213
225
219
233
237
250
242
245
239
251
247
246
232
228
195
194
179
179
177
194
207
210
215
208
217
221
234
234
242
233
249
248
249
232
228
220
226
218
217
203
220
191
209
215
224
203
225
227
227
222
239
234
224
213
216
204
200
194
193
201
202
215
219
239
240
241
241
244
229
223
221
234
209
215
206
214
205
212
187
204
202
215
209
225
213
230
233
244
223
229
233
249
233
239
237
245
236
228
218
217
217
212
218
216
202
186
193
193
198
191
208
205
227
233
239
235
239
235
245
234
257
241
239
224
230
220
223
221
223
205
225
241
233
229
237
241
243
247
232
231
212
210
207
216
213
221
213
222
199
204
190
212
201
227
220
236
226
235
207
226
211
219
205
225
211
216
199
203
202
219
239
253
257
259
252
255
262
251
236
218
239
229
239
223
230
213
217
203
208
204
221
225
231
225
237
231
241
240
236
229
233
226
229
219
224
218
223
217
201
201
222
219
226
232
233
239
232
243
227
245
249
254
261
276
247
247
224
229
201
206
206
217
207
219
216
210
209
217
203
212
209
223
231
233
227
227
232
232
217
214
213
204
203
201
210
220
222
216
229
224
241
235
254
247
251
226
239
222
233
210
237
212
226
216
219
192
186
164
168
178
188
176
178
182
202
213
237
250
252
261
262
271
262
265
257
248
237
242
219
232
235
255
243
242
219
227
218
229
195
201
206
221
216
233
223
229
226
230
215
214
218
220
227
234
230
241
248
239
232
225
241
226
227
221
228
219
239
240
251
231
241
230
243
228
237
234
241
241
225
219
223
219
217
208
211
200
199
200
184
188
205
213
207
219
213
226
219
239
225
242
222
246
243
261
249
270
279
289
274
285
263
261
232
231
200
190
189
195
192
207
217
221
217
226
225
230
230
226
219
224
244
238
231
225
226
221
234
234
246
231
235
229
226
215
220
200
207
205
211
197
222
201
222
217
231
228
245
239
246
251
260
256
263
247
244
252
254
251
229
227
211
213
209
213
196
203
201
213
201
216
216
233
213
222
224
240
245
253
234
236
243
239
235
242
235
231
232
233
222
220
226
231
224
221
237
231
229
208
201
199
211
200
221
223
231
221
228
213
209
204
224
221
244
239
249
232
230
225
229
223
236
220
216
216
218
220
218
242
219
221
228
241
237
248
241
240
229
245
217
223
211
205
203
219
202
200
197
239
234
237
233
230
212
215
216
228
215
227
221
227
219
219
214
227
235
243
247
247
244
235
246
237
247
241
246
239
252
237
229
223
233
207
214
208
210
212
217
198
209
200
217
217
223
228
231
233
231
238
231
228
241
237
230
228
223
231
227
237
216
221
214
223
212
227
215
229
225
232
218
227
209
224
218
235
230
245
237
251
219
222
217
205
203
211
204
200
211
216
221
218
233
230
229
208
213
204
216
229
238
237
261
240
245
234
239
217
225
218
225
215
217
204
203
198
209
219
239
225
232
222
232
232
231
230
222
231
227
231
225
230
213
217
210
213
191
204
197
204
191
208
208
223
224
244
244
279
258
279
255
275
261
264
237
229
206
200
193
195
181
180
187
186
175
175
187
187
201
207
228
219
235
240
255
241
253
245
259
244
245
243
253
233
243
231
228
230
236
227
221
216
227
225
232
230
230
215
221
215
212
211
218
226
219
247
233
236
223
231
227
231
221
215
201
210
197
212
212
217
193
209
207
227
229
248
252
249
241
250
226
215
217
218
218
224
221
245
233
229
209
193
214
216
223
206
213
211
229
212
217
208
225
227
241
234
253
246
255
236
241
255
282
261
259
259
249
229
233
226
210
203
219
213
221
216
218
243
248
252
238
253
245
241
225
240
224
236
218
232
211
223
209
215
205
210
204
223
223
241
239
241
239
250
241
232
219
229
225
224
208
206
209
205
210
219
227
220
235
230
227
204
208
193
205
191
199
179
203
217
233
215
233
215
237
237
254
243
248
255
255
246
258
255
264
245
243
239
236
225
212
208
216
230
229
227
230
245
234
247
226
218
205
209
205
213
197
205
201
199
182
187
194
210
212
227
221
239
244
258
249
243
257
259
253
262
255
248
243
230
227
213
223
212
211
211
223
213
227
225
216
205
221
227
239
237
237
211
206
194
192
175
187
198
199
199
207
216
231
225
230
229
252
256
261
253
245
258
262
259
249
249
243
242
217
217
198
213
209
211
183
193
203
212
201
225
224
243
240
238
218
227
218
238
243
245
243
229
226
233
221
206
206
209
214
213
223
221
220
213
211
194
215
210
225
232
247
233
244
236
225
233
226
211
215
210
213
217
215
205
208
204
207
194
201
216
223
231
237
235
227
231
237
242
235
235
242
245
243
245
233
234
217
231
217
218
199
215
209
219
217
229
215
231
210
223
222
229
204
207
201
205
194
196
204
219
214
213
213
218
222
229
247
227
243
230
220
208
221
219
225
227
238
218
231
229
233
225
237
237
243
239
251
248
251
234
236
227
236
231
225
216
194
203
192
191
187
198
197
207
209
232
241
247
228
246
241
250
233
243
208
215
201
215
213
222
231
224
217
216
218
226
244
229
229
231
219
215
222
225
219
207
209
205
215
214
225
207
218
215
216
208
221
221
238
230
227
221
229
229
231
214
224
223
231
228
241
233
225
206
204
206
209
211
213
239
238
241
237
255
251
260
248
244
223
218
193
203
190
207
189
205
205
224
215
227
215
219
203
222
210
224
239
241
237
237
233
239
226
221
211
209
225
242
247
255
247
235
233
229
217
217
238
242
247
248
253
235
249
226
231
228
249
240
253
243
254
245
251
233
230
233
239
233
230
217
215
207
199
194
194
201
223
239
239
253
236
249
236
243
221
225
219
228
209
223
219
218
204
217
206
225
227
232
216
236
234
243
227
235
217
223
230
232
238
239
245
225
226
227
229
227
237
228
243
236
234
228
241
223
233
229
245
227
235
229
238
217
217
210
206
189
205
177
196
185
201
202
217
217
219
218
236
222
209
227
237
243
236
239
224
223
226
233
215
223
210
225
214
222
205
214
183
187
166
182
174
199
220
223
214
217
225
235
243
247
246
250
253
254
244
245
259
261
259
262
249
235
235
218
205
207
224
223
211
208
209
207
213
219
221
207
224
221
239
235
240
237
247
239
229
220
221
229
229
224
223
237
225
226
208
212
212
215
201
218
217
246
243
242
224
224
222
237
221
230
220
228
205
205
206
221
241
239
231
244
228
230
227
236
223
220
225
239
237
232
240
242
246
229
225
219
221
217
234
225
234
222
238
218
208
199
211
193
204
195
208
201
199
197
206
214
234
243
265
263
255
252
260
255
241
236
235
234
227
227
205
199
183
182
178
187
202
218
213
233
225
234
235
259
227
234
236
242
239
257
249
249
239
241
241
232
232
230
238
224
215
210
205
199
199
200
215
214
223
205
205
214
226
218
230
213
228
213
228
221
236
229
232
215
223
215
235
219
240
229
227
206
212
201
208
193
196
212
220
228
229
237
251
265
244
253
246
250
229
239
222
235
235
241
221
228
213
208
190
191
187
196
189
213
208
241
239
244
224
227
227
238
229
243
225
221
229
225
235
239
243
242
239
226
217
220
229
229
236
233
236
215
215
205
207
201
231
221
235
228
241
225
244
235
234
237
250
231
227
220
231
235
230
213
195
203
204
227
230
233
232
245
233
249
241
249
250
248
238
245
231
239
230
241
213
225
204
199
194
192
180
197
199
210
202
212
234
235
237
246
243
233
240
233
217
212
226
221
226
217
231
221
225
219
211
211
233
230
245
237
236
218
243
231
234
205
202
199
209
199
208
197
211
219
213
212
236
250
251
261
256
251
237
231
211
213
204
210
203
219
222
233
221
218
201
203
209
218
217
225
227
246
245
238
220
225
221
221
217
227
227
233
239
233
230
226
231
235
230
219
226
231
241
229
223
207
227
215
230
221
236
227
248
228
229
205
221
206
225
213
237
235
249
239
227
208
218
217
223
233
224
216
211
218
205
215
221
228
217
217
219
228
217
241
222
230
237
241
238
257
256
264
241
248
235
241
237
259
242
229
224
223
208
209
186
174
188
191
207
220
222
227
243
232
223
211
219
214
216
211
219
207
215
209
210
217
237
217
226
220
220
215
225
225
217
214
233
245
239
232
225
220
227
221
214
214
203
209
204
201
203
210
213
216
203
213
206
221
205
208
203
237
226
226
211
226
230
241
233
243
239
248
241
249
220
211
219
222
226
225
221
220
225
233
233
232
230
210
221
220
236
227
246
255
254
234
253
232
228
200
215
226
231
219
223
212
234
232
237
237
246
241
232
226
215
203
207
203
201
209
215
228
225
219
201
215
215
219
213
226
216
234
237
250
225
233
219
244
227
254
239
242
229
243
223
231
217
214
207
218
215
220
223
215
209
211
238
245
248
232
251
249
262
247
239
223
237
227
245
231
227
221
213
202
197
187
215
215
230
236
247
229
246
236
227
229
230
219
228
216
213
214
219
221
221
229
228
219
218
221
224
227
227
217
211
226
206
217
207
229
223
235
229
251
244
243
230
223
215
227
222
233
215
220
216
220
233
236
239
240
244
249
239
233
225
224
241
239
252
239
259
251
257
237
246
239
249
241
247
226
226
204
213
199
203
197
211
201
208
213
217
213
217
229
218
217
220
224
223
233
231
227
215
224
211
209
199
217
211
233
220
233
212
227
201
202
191
213
214
233
220
227
215
227
219
228
235
251
258
251
246
237
245
253
240
245
241
226
217
199
197
177
181
160
161
151
170
176
199
208
239
233
249
247
253
237
265
255
253
236
235
223
236
221
209
196
223
221
221
218
223
238
242
248
231
239
235
231
215
219
199
216
220
237
228
240
225
237
227
229
221
239
229
230
213
228
222
227
216
217
217
223
216
230
215
204
208
212
224
225
232
240
252
245
240
238
270
252
267
251
264
230
238
231
231
217
230
222
221
200
219
214
225
213
221
215
221
217
239
243
238
234
236
243
243
243
234
225
218
209
186
187
164
166
161
183
194
218
215
236
235
256
265
281
261
268
262
267
243
239
222
234
233
247
240
239
227
229
221
209
200
203
228
235
237
234
236
230
239
236
251
242
253
237
239
231
235
226
225
217
215
201
203
179
187
182
213
211
223
227
237
238
243
237
221
222
220
219
199
199
198
207
208
224
203
214
216
234
219
233
234
245
234
239
202
218
218
234
221
226
208
218
203
203
195
198
207
213
206
215
224
233
239
243
240
242
239
219
207
189
188
185
201
204
213
217
232
228
235
220
217
211
230
219
229
210
215
207
206
201
217
206
233
229
221
214
235
227
233
241
251
247
238
223
203
207
219
226
213
217
218
231
221
220
201
228
244
241
232
230
213
226
214
219
202
215
209
220
225
228
217
220
208
213
203
204
214
229
239
252
265
254
261
248
245
236
251
233
243
215
212
201
207
193
187
174
206
184
183
180
200
211
225
231
241
244
258
249
253
232
233
239
245
247
233
227
225
226
221
218
202
218
211
223
205
215
201
217
204
195
197
210
213
241
220
235
247
256
241
253
225
245
249
258
243
243
247
251
237
231
216
203
195
187
176
172
189
185
185
199
221
226
229
226
242
231
249
248
247
247
251
242
242
230
242
234
241
231
237
225
241
227
229
232
219
219
241
231
219
215
204
212
213
245
245
267
268
271
262
271
252
243
220
221
193
219
227
231
223
220
213
211
207
214
215
229
249
258
238
236
222
229
221
215
199
185
184
191
188
182
186
185
200
202
211
205
229
227
256
243
275
274
302
288
289
273
265
229
225
214
223
213
231
223
221
214
219
213
219
213
205
215
219
233
218
224
220
220
215
215
207
214
222
230
221
224
213
219
215
219
211
232
215
225
211
226
234
247
236
248
257
262
253
247
228
231
242
241
253
249
246
234
241
224
233
227
246
220
213
214
225
214
233
219
217
199
225
224
237
206
206
197
200
194
197
182
196
196
208
221
219
219
244
253
253
258
266
279
263
242
233
224
211
221
205
203
193
211
201
225
227
243
239
251
242
255
251
247
233
221
211
222
217
217
211
211
211
218
209
214
207
198
203
194
184
191
215
225
237
233
238
236
239
245
245
237
262
257
270
254
249
239
247
235
241
234
239
231
231
213
214
213
213
213
209
216
219
233
226
228
225
233
229
223
203
208
203
208
205
209
196
212
202
213
207
226
218
220
224
247
235
242
235
237
223
233
237
252
229
225
215
224
232
225
217
216
215
220
213
193
211
213
209
213
209
204
219
201
210
196
221
209
225
219
213
203
208
179
200
201
215
231
249
245
248
239
252
246
239
229
245
254
255
257
244
234
223
217
208
223
215
226
217
232
212
215
231
243
231
247
247
245
234
230
214
219
216
226
213
211
205
207
203
214
193
199
209
208
193
201
202
197
201
209
224
245
248
244
259
250
254
241
261
236
236
223
231
214
218
202
198
180
203
185
191
182
202
200
218
203
218
220
239
251
260
257
255
245
242
245
242
235
216
227
213
206
200
213
205
216
205
204
181
209
187
217
223
242
246
269
255
261
243
242
221
221
211
211
205
200
193
186
178
188
191
207
235
238
257
258
272
265
270
254
249
225
233
213
207
198
213
206
225
204
205
182
204
196
209
207
217
225
244
249
239
236
258
265
257
263
253
241
237
241
235
243
227
235
215
220
197
199
187
199
182
190
199
205
203
235
235
246
247
255
243
248
227
226
223
237
244
235
218
223
204
191
216
205
204
209
231
224
237
243
242
229
256
251
256
239
235
217
219
196
205
193
206
195
212
201
217
221
221
220
229
227
232
227
235
233
244
236
249
245
227
223
251
256
250
243
235
249
229
237
217
217
207
227
208
215
213
219
217
227
203
210
212
225
213
216
227
232
237
246
248
253
267
259
258
241
230
212
213
195
192
187
184
185
205
211
225
241
256
249
249
229
237
223
226
206
213
207
229
222
220
217
235
233
233
223
238
233
245
241
218
208
225
217
210
212
216
227
226
236
218
223
207
219
204
221
212
208
200
208
199
221
227
248
241
241
234
253
242
242
222
219
233
243
247
255
241
241
239
219
211
201
213
212
226
225
245
237
244
221
235
237
247
227
217
221
231
216
236
209
203
204
218
215
213
213
235
235
251
247
242
242
231
221
213
225
217
202
200
200
201
215
218
234
225
230
235
253
257
261
242
257
241
232
220
230
212
214
202
205
187
194
187
199
198
211
213
217
216
223
219
227
252
251
252
256
266
257
271
246
236
222
233
214
219
202
208
204
215
207
218
210
245
234
250
245
250
241
237
221
227
209
221
205
216
207
215
216
219
233
229
224
222
223
232
226
216
221
211
228
215
223
211
227
218
247
231
236
227
222
198
199
196
199
191
203
192
213
232
233
213
216
225
226
225
222
239
234
230
218
230
232
255
245
249
239
250
232
235
210
206
179
195
177
191
181
204
206
228
211
211
202
229
213
225
218
231
227
227
222
224
213
227
235
236
232
238
244
232
227
200
207
215
221
215
241
238
257
239
236
221
235
232
234
223
237
228
248
251
254
232
224
211
212
200
193
178
176
191
179
186
179
197
203
210
213
223
223
239
243
262
254
274
260
247
222
243
238
247
237
238
231
225
211
223
234
223
207
211
209
195
189
205
205
216
218
223
233
247
247
223
225
228
243
241
241
225
229
218
219
210
209
203
205
189
200
198
229
229
242
232
255
249
248
237
249
254
246
237
244
231
243
259
243
230
215
211
212
224
220
220
218
227
221
227
218
220
211
238
230
233
211
227
223
230
215
227
214
229
215
227
215
234
235
244
232
216
208
205
208
206
216
225
215
205
203
204
229
235
241
229
238
242
235
230
234
216
237
234
244
211
225
223
232
225
234
225
235
233
235
230
242
245
241
246
247
245
246
242
238
227
220
241
232
239
235
242
233
251
242
241
233
233
217
209
186
196
175
183
175
185
192
220
219
233
234
253
248
254
260
252
261
274
273
267
269
266
273
259
253
242
235
215
204
199
202
193
203
195
199
175
190
190
202
184
202
206
232
233
250
235
237
237
243
229
235
236
238
241
249
243
237
233
220
224
211
204
195
190
183
178
172
194
185
211
231
251
243
266
249
242
217
232
216
225
217
219
209
224
212
207
201
212
213
226
221
227
247
245
247
239
234
243
243
239
247
246
239
233
229
212
224
215
233
212
214
200
218
207
223
212
241
235
247
229
244
229
225
212
206
190
195
193
202
200
200
203
203
225
216
203
196
207
196
200
193
201
210
236
235
247
248
256
244
263
251
266
249
249
254
245
236
244
232
231
221
210
204
215
227
222
223
225
229
229
243
246
245
234
231
210
207
211
222
215
233
224
228
218
235
225
231
217
227
222
233
229
247
237
244
238
245
239
243
233
231
243
249
250
249
246
246
263
261
251
245
241
226
232
221
216
191
210
193
207
199
208
197
199
202
215
211
240
234
237
232
241
239
244
237
231
234
244
246
247
244
231
224
234
238
223
226
219
221
215
223
215
239
233
249
230
245
238
253
241
263
245
255
228
230
193
195
195
207
200
210
223
226
231
235
233
227
239
224
209
219
217
201
204
209
201
195
221
216
239
227
238
228
227
217
223
207
227
220
244
243
255
261
277
268
266
247
249
233
227
207
209
201
197
192
170
177
175
179
179
200
191
200
207
228
219
228
233
243
226
240
226
230
221
229
205
193
186
200
200
208
209
213
217
226
213
211
221
218
221
221
235
239
226
212
215
211
231
221
242
237
244
246
251
232
233
225
242
215
201
190
198
188
211
209
207
196
209
214
223
224
233
218
220
221
205
197
209
201
203
209
210
215
207
203
191
199
196
197
196
217
209
228
229
250
247
254
245
255
247
243
218
233
212
219
217
225
227
220
221
211
211
210
226
229
220
214
228
207
219
215
228
218
233
223
236
212
228
225
229
241
249
219
232
223
211
204
214
207
212
219
221
225
229
217
207
215
225
237
232
235
227
229
221
220
197
208
189
201
192
207
189
199
188
208
187
207
205
221
223
247
252
263
256
273
263
272
284
284
273
276
267
256
244
233
210
208
199
195
189
203
213
221
220
205
207
209
233
221
239
248
253
244
247
237
237
221
235
227
236
219
225
225
227
231
220
224
230
236
243
244
255
263
268
262
249
248
253
249
234
240
217
236
225
225
207
217
212
219
219
233
213
220
221
231
213
223
223
225
227
241
243
254
253
254
242
226
229
229
223
209
213
204
221
209
213
211
230
221
241
223
225
220
235
228
237
213
231
225
226
221
229
227
235
227
225
226
237
215
222
237
239
237
239
236
225
214
218
219
206
213
219
245
249
247
219
233
236
241
219
239
249
268
251
252
211
209
199
204
202
209
197
203
195
195
187
189
194
199
194
195
191
189
198
202
200
184
194
190
207
212
226
224
249
261
271
257
267
257
254
246
243
233
241
239
230
227
238
225
229
235
243
235
229
228
226
225
228
226
208
219
224
232
216
210
188
199
189
197
192
194
201
217
201
214
195
211
226
245
231
239
224
233
241
253
242
249
257
253
258
252
237
230
215
215
195
197
199
191
199
204
206
203
222
217
222
205
219
225
243
227
225
221
240
225
229
211
230
216
226
218
227
216
217
207
207
207
215
211
208
215
218
229
234
240
232
244
245
251
251
247
230
229
218
226
212
220
213
208
200
214
209
229
220
232
215
232
232
238
231
243
227
229
223
224
223
219
224
225
212
198
203
201
203
197
200
193
212
207
221
200
224
210
225
219
224
212
221
207
212
205
219
213
217
209
203
217
225
225
218
215
229
237
244
236
217
223
235
247
247
253
230
251
251
260
236
239
239
253
237
239
223
231
211
208
170
176
178
195
197
211
219
217
207
223
214
224
238
245
239
233
234
228
241
237
227
226
240
225
245
228
243
230
243
229
237
232
244
229
228
217
220
204
219
204
209
201
205
196
205
211
228
225
231
233
229
230
239
237
237
253
255
256
238
234
219
217
212
226
213
229
217
234
219
229
206
227
223
241
225
233
237
247
249
257
233
237
226
232
219
222
200
193
203
188
175
180
195
215
211
214
224
235
250
237
251
251
268
256
269
234
246
223
239
231
217
205
230
231
230
227
235
226
227
225
222
219
212
210
199
207
208
217
217
237
220
229
228
232
232
247
238
253
246
259
236
236
224
233
214
221
220
233
228
229
217
238
233
243
231
239
226
227
224
238
222
219
223
228
230
231
225
227
233
234
228
210
219
217
217
207
237
234
252
256
259
247
257
241
245
235
250
247
252
241
231
223
239
226
223
212
211
213
219
216
212
219
214
227
231
231
223
236
248
255
239
244
239
241
223
217
201
213
195
215
195
202
205
225
217
232
232
245
241
241
227
230
242
243
251
263
280
272
268
243
225
220
231
215
220
195
198
182
195
191
211
210
219
212
226
208
213
230
238
225
217
210
223
208
218
207
215
207
215
215
214
223
231
235
233
233
227
223
212
217
196
221
220
224
200
200
192
209
218
231
219
227
215
229
213
228
216
217
211
223
211
218
221
227
221
213
196
199
199
197
191
195
206
209
232
238
237
224
237
235
244
245
258
235
225
215
235
222
220
211
208
195
200
191
195
199
207
207
214
221
226
221
232
229
239
235
241
249
239
231
208
208
214
209
192
207
208
228
222
223
199
217
225
229
223
232
223
230
214
217
195
201
203
220
222
224
218
228
223
222
232
242
251
245
251
240
239
223
237
219
228
227
249
237
251
234
249
239
248
237
230
209
231
222
239
225
240
230
247
243
240
237
264
255
256
239
235
223
211
201
198
208
215
217
206
211
213
225
211
220
207
234
231
251
229
231
229
235
229
250
230
232
237
228
201
208
208
215
217
225
212
224
233
230
227
232
236
235
239
241
233
235
259
267
266
250
247
247
248
224
225
213
238
218
220
211
208
209
218
219
232
215
213
209
216
207
215
210
221
220
209
205
213
216
215
215
217
225
225
223
213
217
233
240
217
232
227
227
206
228
221
225
224
246
235
249
228
243
235
238
210
222
215
222
209
219
211
223
211
217
205
199
205
206
213
213
207
207
207
204
204
194
206
203
211
208
218
205
221
216
222
219
248
250
269
271
277
273
278
271
263
244
231
215
207
211
214
210
197
202
189
199
207
219
216
235
229
227
207
229
217
225
221
233
228
223
224
232
237
256
245
250
242
252
235
237
229
223
213
211
204
210
213
204
197
195
202
205
219
230
217
196
207
199
216
227
239
235
252
241
226
203
213
221
238
230
235
231
243
235
240
234
239
235
245
252
261
255
251
252
233
223
213
214
207
206
204
207
201
204
189
197
192
199
200
230
237
247
234
243
240
261
259
248
231
235
225
236
225
243
238
232
235
235
223
217
211
205
207
209
211
204
211
213
213
197
201
195
215
222
221
209
223
214
218
206
221
224
239
237
263
256
257
250
250
235
245
233
230
236
229
227
225
230
235
237
229
219
203
209
206
213
211
213
193
216
217
218
229
241
225
251
239
243
241
257
239
255
239
247
219
229
215
213
207
218
223
232
225
233
233
247
260
263
253
257
248
229
227
225
216
202
217
228
234
223
233
224
225
210
207
207
210
193
209
214
221
206
241
230
212
195
210
213
224
223
225
231
240
238
227
231
231
233
245
240
233
237
221
221
217
205
191
197
185
197
182
187
181
195
182
193
196
215
211
221
244
259
275
280
252
263
264
254
257
251
240
225
214
193
187
189
211
210
215
195
209
197
229
221
225
232
258
241
265
252
254
222
217
197
199
193
209
191
203
202
230
212
225
223
210
215
232
241
231
228
221
231
228
232
214
221
211
225
225
235
235
243
224
232
217
220
208
207
196
205
191
192
204
201
189
212
212
235
241
260
260
263
259
267
249
243
244
261
268
266
267
258
253
244
232
213
218
191
203
191
215
214
220
206
216
193
216
201
210
209
225
228
229
229
203
190
201
223
216
217
213
225
222
221
209
236
239
250
252
247
221
231
226
235
221
226
236
244
235
252
241
262
238
235
214
233
227
242
227
227
223
217
217
231
218
215
234
235
237
233
237
227
232
225
223
214
220
208
232
223
227
220
249
237
233
214
230
210
215
209
225
224
245
244
238
241
245
233
239
243
242
233
224
227
223
210
193
182
185
200
187
185
179
197
200
229
243
273
269
275
268
283
269
267
241
253
257
254
233
227
217
215
207
211
196
201
202
203
211
218
217
212
219
208
214
223
245
241
246
231
227
217
216
196
195
185
209
204
224
220
236
240
267
260
263
252
272
259
269
253
259
244
235
217
199
183
186
187
189
201
216
232
246
263
241
244
241
249
223
239
228
224
207
207
198
201
210
225
233
241
232
241
231
227
219
226
244
254
243
236
225
221
215
227
210
199
212
202
209
207
202
201
217
217
217
205
221
223
241
242
248
224
234
239
235
220
237
226
239
233
237
234
236
237
232
206
218
219
230
233
241
246
239
227
211
221
211
226
217
206
192
208
202
224
218
249
224
235
219
235
206
219
211
227
201
210
199
202
191
190
190
191
196
190
190
192
207
195
201
210
219
227
251
248
259
244
257
240
239
238
245
231
232
209
200
191
207
192
201
196
221
218
229
229
234
229
227
217
227
214
215
211
207
213
210
216
219
219
213
215
201
208
201
215
205
213
224
242
239
249
246
257
248
259
222
225
220
235
232
254
253
253
238
235
227
225
221
220
227
215
227
217
228
228
213
211
220
217
225
219
236
239
246
233
226
219
249
231
249
233
255
243
245
237
236
220
232
222
233
221
218
207
217
209
211
219
228
221
220
223
226
229
249
273
253
250
251
245
235
243
218
218
203
204
189
192
191
215
209
234
227
236
227
251
235
248
255
263
253
255
239
247
235
231
211
207
208
208
208
201
195
195
210
215
215
206
224
230
235
226
232
209
224
222
222
220
242
231
253
260
262
257
251
222
205
197
212
217
227
232
231
247
251
251
248
249
229
233
227
231
215
200
197
205
192
203
191
212
209
231
215
227
220
218
211
229
215
205
193
207
208
229
239
248
237
244
253
249
237
243
239
232
236
228
236
247
263
237
226
218
227
220
221
225
237
243
253
243
246
222
228
217
229
226
230
215
233
225
232
213
206
194
196
212
214
208
213
213
212
214
215
225
225
239
235
243
242
244
239
256
236
253
238
251
233
254
249
238
225
230
219
223
208
211
199
200
195
200
195
188
179
174
198
211
211
218
215
211
213
207
222
205
217
209
213
205
225
220
235
225
239
231
240
221
247
219
242
215
212
208
213
211
214
210
207
196
211
208
213
213
217
223
227
237
227
254
255
257
267
270
254
259
242
240
205
201
192
198
193
198
193
222
216
223
209
213
206
219
211
218
209
214
206
223
214
218
226
239
236
239
241
236
236
239
223
221
229
227
222
206
207
202
227
218
215
213
230
229
247
246
247
237
251
229
229
223
246
228
227
216
221
206
211
204
193
187
203
216
211
211
215
224
229
227
232
237
219
235
217
226
213
211
199
199
179
177
187
209
196
220
218
235
231
239
226
231
239
231
229
229
238
243
258
257
245
242
248
242
248
246
249
227
238
230
220
209
213
199
205
210
226
224
240
221
227
223
253
252
261
239
254
235
234
217
209
193
199
193
193
194
213
223
225
224
215
217
215
232
233
249
241
239
256
255
225
235
227
238
214
221
214
225
230
244
215
200
189
211
219
233
213
223
230
232
219
208
218
215
211
214
221
217
225
206
204
197
229
223
229
215
229
227
229
217
215
212
236
233
245
241
247
242
257
240
231
215
217
204
208
207
209
199
199
203
213
214
214
218
217
233
223
226
223
235
215
221
221
234
225
240
238
245
228
233
201
205
206
229
227
238
231
242
223
239
222
224
221
215
213
228
234
229
241
235
225
213
211
215
207
208
218
228
238
243
247
236
235
221
235
227
233
231
241
214
211
194
209
200
197
187
203
205
208
205
198
212
220
230
223
232
236
238
240
252
233
226
236
239
229
248
249
265
247
243
224
236
231
249
235
241
225
223
209
223
193
203
205
220
209
209
205
219
215
207
208
212
217
206
207
213
221
223
232
232
231
219
241
223
231
229
251
237
251
240
236
227
233
222
217
214
215
195
216
194
192
188
197
195
202
217
229
225
233
235
229
223
211
217
237
254
246
259
260
245
236
230
231
241
223
211
211
233
230
235
212
221
219
237
234
236
236
251
239
255
228
227
233
233
239
245
237
213
205
207
199
193
217
209
220
208
226
220
241
241
243
230
255
235
253
239
259
241
253
241
237
214
228
215
224
219
225
233
239
229
211
211
213
216
216
209
206
218
217
217
209
203
196
210
207
212
206
220
225
241
208
211
197
211
190
201
201
229
233
253
247
247
249
257
264
264
257
241
234
237
228
226
224
211
215
207
