04130953.PTO
COND
2012/04/13 09:53:23.5500
100.0000 m/s  
4541 muestras
-7390
-7391
-7389
-7392
-7391
-7391
-7393
-7392
-7395
-7394
-7392
-7390
-7389
-7390
-7392
-7391
-7392
-7391
-7395
-7394
-7393
-7394
-7393
-7393
-7391
-7393
-7391
-7392
-7391
-7390
-7391
-7392
-7392
-7392
-7393
-7392
-7391
-7390
-7391
-7393
-7391
-7394
-7392
-7393
-7395
-7391
-7391
-7393
-7393
-7392
-7391
-7395
-7398
-7395
-7397
-7395
-7395
-7396
-7397
-7394
-7392
-7392
-7392
-7394
-7391
-7394
-7391
-7389
-7390
-7391
-7391
-7391
-7392
-7393
-7394
-7393
-7392
-7391
-7392
-7391
-7392
-7394
-7391
-7392
-7393
-7391
-7391
-7391
-7392
-7391
-7393
-7390
-7391
-7391
-7391
-7392
-7391
-7392
-7391
-7391
-7392
-7391
-7393
-7394
-7390
-7392
-7391
-7391
-7395
-7395
-7394
-7395
-7396
-7394
-7396
-7395
-7392
-7392
-7390
-7392
-7392
-7392
-7390
-7392
-7395
-7392
-7396
-7392
-7393
-7392
-7389
-7392
-7393
-7390
-7390
-7394
-7393
-7393
-7394
-7394
-7394
-7393
-7392
-7393
-7391
-7389
-7389
-7390
-7391
-7389
-7390
-7392
-7392
-7392
-7392
-7393
-7391
-7392
-7393
-7391
-7391
-7393
-7392
-7391
-7393
-7393
-7392
-7393
-7393
-7393
-7394
-7390
-7391
-7390
-7390
-7391
-7393
-7392
-7392
-7392
-7388
-7390
-7391
-7391
-7392
-7393
-7392
-7393
-7391
-7393
-7393
-7394
-7392
-7391
-7394
-7394
-7394
-7390
-7391
-7392
-7392
-7392
-7391
-7391
-7392
-7393
-7392
-7389
-7391
-7394
-7392
-7391
-7391
-7393
-7391
-7395
-7395
-7391
-7391
-7393
-7393
-7394
-7392
-7391
-7394
-7392
-7391
-7391
-7392
-7393
-7393
-7393
-7393
-7393
-7394
-7393
-7392
-7393
-7392
-7393
-7392
-7393
-7393
-7393
-7392
-7392
-7392
-7390
-7394
-7395
-7395
-7394
-7394
-7395
-7393
-7396
-7395
-7396
-7393
-7392
-7394
-7394
-7393
-7393
-7393
-7393
-7395
-7393
-7392
-7393
-7393
-7393
-7392
-7394
-7396
-7394
-7391
-7391
-7392
-7391
-7392
-7390
-7390
-7391
-7392
-7391
-7392
-7392
-7391
-7392
-7392
-7394
-7393
-7392
-7393
-7392
-7391
-7392
-7390
-7395
-7396
-7391
-7393
-7391
-7393
-7398
-7395
-7397
-7397
-7397
-7395
-7396
-7398
-7394
-7395
-7397
-7397
-7394
-7393
-7393
-7395
-7394
-7392
-7392
-7393
-7396
-7396
-7395
-7395
-7397
-7395
-7395
-7393
-7392
-7392
-7390
-7393
-7392
-7391
-7391
-7390
-7393
-7392
-7390
-7391
-7390
-7389
-7392
-7394
-7391
-7391
-7391
-7392
-7392
-7391
-7393
-7392
-7392
-7393
-7393
-7393
-7393
-7392
-7390
-7391
-7392
-7391
-7391
-7391
-7391
-7391
-7392
-7391
-7391
-7392
-7392
-7391
-7391
-7392
-7391
-7391
-7391
-7391
-7390
-7392
-7391
-7390
-7392
-7392
-7391
-7390
-7392
-7392
-7392
-7392
-7392
-7391
-7391
-7392
-7392
-7393
-7392
-7391
-7393
-7391
-7390
-7394
-7391
-7392
-7393
-7392
-7393
-7392
-7392
-7391
-7392
-7392
-7392
-7392
-7394
-7395
-7395
-7394
-7391
-7390
-7390
-7390
-7391
-7390
-7390
-7391
-7391
-7392
-7391
-7391
-7392
-7392
-7392
-7393
-7392
-7392
-7393
-7392
-7392
-7395
-7393
-7391
-7391
-7390
-7393
-7393
-7392
-7392
-7392
-7394
-7395
-7393
-7395
-7395
-7394
-7395
-7393
-7394
-7395
-7394
-7396
-7395
-7395
-7396
-7393
-7394
-7391
-7388
-7391
-7392
-7395
-7395
-7400
-7403
-7405
-7406
-7404
-7402
-7402
-7400
-7398
-7398
-7394
-7393
-7388
-7384
-7380
-7377
-7374
-7374
-7371
-7370
-7370
-7371
-7374
-7374
-7379
-7384
-7392
-7398
-7403
-7407
-7409
-7410
-7411
-7410
-7412
-7413
-7412
-7410
-7402
-7399
-7394
-7387
-7386
-7383
-7380
-7379
-7374
-7371
-7372
-7374
-7377
-7382
-7385
-7389
-7394
-7400
-7404
-7409
-7414
-7415
-7416
-7417
-7415
-7411
-7408
-7405
-7401
-7397
-7389
-7382
-7377
-7372
-7367
-7361
-7360
-7359
-7358
-7354
-7354
-7356
-7360
-7369
-7375
-7383
-7392
-7398
-7405
-7411
-7417
-7422
-7427
-7432
-7436
-7441
-7444
-7447
-7446
-7441
-7438
-7430
-7424
-7416
-7407
-7400
-7388
-7377
-7365
-7354
-7345
-7335
-7328
-7323
-7320
-7320
-7324
-7329
-7338
-7347
-7357
-7368
-7379
-7387
-7397
-7408
-7418
-7427
-7438
-7445
-7448
-7451
-7452
-7453
-7448
-7446
-7442
-7437
-7430
-7419
-7407
-7395
-7383
-7374
-7364
-7356
-7348
-7341
-7336
-7332
-7333
-7334
-7344
-7356
-7364
-7373
-7378
-7383
-7390
-7396
-7402
-7409
-7415
-7418
-7423
-7424
-7424
-7421
-7415
-7415
-7415
-7414
-7408
-7403
-7394
-7387
-7380
-7374
-7373
-7369
-7368
-7369
-7373
-7376
-7381
-7388
-7395
-7404
-7410
-7418
-7420
-7417
-7410
-7407
-7406
-7407
-7408
-7404
-7402
-7398
-7396
-7390
-7385
-7380
-7375
-7375
-7374
-7369
-7368
-7366
-7362
-7362
-7363
-7371
-7378
-7383
-7392
-7401
-7404
-7407
-7409
-7408
-7413
-7417
-7413
-7406
-7403
-7401
-7401
-7396
-7389
-7383
-7385
-7386
-7383
-7378
-7376
-7384
-7390
-7391
-7398
-7399
-7400
-7403
-7409
-7413
-7414
-7419
-7420
-7419
-7414
-7410
-7404
-7405
-7404
-7404
-7401
-7386
-7374
-7362
-7348
-7339
-7338
-7339
-7346
-7349
-7352
-7353
-7355
-7359
-7370
-7383
-7390
-7398
-7404
-7412
-7426
-7435
-7439
-7438
-7435
-7435
-7432
-7430
-7429
-7425
-7422
-7421
-7417
-7410
-7401
-7395
-7386
-7380
-7369
-7354
-7342
-7334
-7337
-7344
-7353
-7358
-7363
-7367
-7369
-7372
-7376
-7385
-7394
-7400
-7402
-7402
-7404
-7409
-7417
-7428
-7432
-7435
-7434
-7429
-7424
-7423
-7417
-7408
-7398
-7385
-7376
-7370
-7367
-7366
-7371
-7373
-7374
-7373
-7373
-7374
-7370
-7371
-7379
-7385
-7394
-7394
-7390
-7393
-7397
-7406
-7412
-7415
-7413
-7411
-7412
-7416
-7420
-7418
-7412
-7402
-7391
-7385
-7382
-7377
-7374
-7368
-7366
-7364
-7364
-7365
-7366
-7371
-7376
-7381
-7382
-7380
-7383
-7386
-7392
-7393
-7404
-7412
-7414
-7419
-7421
-7425
-7428
-7430
-7426
-7423
-7422
-7419
-7418
-7410
-7397
-7389
-7383
-7373
-7370
-7363
-7356
-7353
-7352
-7355
-7358
-7364
-7368
-7375
-7380
-7385
-7389
-7390
-7388
-7388
-7396
-7405
-7415
-7419
-7420
-7422
-7423
-7423
-7421
-7420
-7417
-7407
-7399
-7395
-7392
-7390
-7386
-7380
-7375
-7374
-7373
-7374
-7379
-7383
-7389
-7390
-7389
-7390
-7388
-7392
-7392
-7393
-7394
-7390
-7390
-7391
-7392
-7396
-7397
-7396
-7398
-7399
-7394
-7392
-7392
-7390
-7389
-7387
-7383
-7383
-7385
-7387
-7387
-7390
-7395
-7397
-7395
-7394
-7395
-7395
-7396
-7398
-7399
-7396
-7394
-7389
-7386
-7387
-7387
-7388
-7387
-7388
-7392
-7395
-7396
-7396
-7393
-7392
-7393
-7395
-7393
-7389
-7389
-7392
-7395
-7397
-7399
-7399
-7402
-7406
-7407
-7403
-7396
-7392
-7392
-7391
-7385
-7376
-7370
-7367
-7368
-7371
-7373
-7374
-7375
-7377
-7378
-7383
-7386
-7389
-7393
-7399
-7404
-7409
-7413
-7413
-7414
-7419
-7422
-7422
-7421
-7419
-7416
-7412
-7407
-7401
-7395
-7386
-7378
-7369
-7368
-7364
-7363
-7363
-7361
-7364
-7363
-7365
-7366
-7374
-7379
-7386
-7391
-7393
-7397
-7399
-7402
-7407
-7415
-7418
-7419
-7419
-7417
-7418
-7417
-7415
-7411
-7404
-7400
-7397
-7389
-7386
-7386
-7381
-7380
-7380
-7380
-7380
-7380
-7379
-7380
-7384
-7388
-7388
-7387
-7386
-7386
-7389
-7391
-7395
-7394
-7396
-7394
-7394
-7393
-7393
-7398
-7399
-7400
-7399
-7396
-7395
-7395
-7392
-7390
-7388
-7387
-7387
-7388
-7389
-7389
-7393
-7397
-7397
-7395
-7393
-7392
-7391
-7391
-7393
-7395
-7395
-7393
-7392
-7392
-7393
-7389
-7388
-7394
-7395
-7396
-7394
-7392
-7392
-7393
-7395
-7396
-7392
-7386
-7385
-7385
-7389
-7388
-7388
-7384
-7386
-7392
-7394
-7397
-7396
-7396
-7397
-7400
-7396
-7394
-7395
-7395
-7398
-7400
-7400
-7399
-7400
-7399
-7399
-7397
-7395
-7391
-7389
-7390
-7390
-7387
-7384
-7381
-7379
-7380
-7378
-7379
-7379
-7379
-7380
-7385
-7385
-7390
-7392
-7391
-7397
-7399
-7401
-7401
-7402
-7403
-7404
-7403
-7404
-7405
-7405
-7404
-7404
-7403
-7401
-7399
-7395
-7394
-7388
-7384
-7384
-7382
-7382
-7380
-7380
-7378
-7377
-7379
-7379
-7380
-7379
-7383
-7385
-7391
-7392
-7396
-7401
-7403
-7405
-7405
-7406
-7404
-7405
-7408
-7407
-7407
-7404
-7400
-7398
-7395
-7391
-7388
-7386
-7382
-7378
-7376
-7375
-7370
-7370
-7371
-7371
-7374
-7377
-7379
-7382
-7384
-7387
-7390
-7397
-7402
-7403
-7405
-7407
-7410
-7412
-7413
-7410
-7408
-7405
-7406
-7404
-7401
-7399
-7393
-7389
-7385
-7383
-7379
-7375
-7373
-7376
-7374
-7375
-7376
-7377
-7380
-7383
-7389
-7394
-7395
-7396
-7399
-7404
-7406
-7404
-7405
-7406
-7406
-7406
-7407
-7404
-7400
-7398
-7398
-7396
-7391
-7387
-7384
-7385
-7385
-7384
-7383
-7381
-7380
-7381
-7381
-7383
-7385
-7387
-7387
-7390
-7395
-7397
-7395
-7396
-7396
-7396
-7396
-7392
-7393
-7391
-7393
-7393
-7393
-7393
-7391
-7394
-7394
-7395
-7393
-7392
-7391
-7390
-7392
-7392
-7388
-7392
-7394
-7395
-7395
-7394
-7396
-7396
-7396
-7394
-7392
-7391
-7393
-7391
-7391
-7389
-7388
-7387
-7386
-7386
-7386
-7387
-7386
-7388
-7390
-7394
-7394
-7394
-7394
-7398
-7398
-7399
-7399
-7397
-7399
-7397
-7400
-7400
-7398
-7397
-7396
-7394
-7395
-7394
-7391
-7388
-7385
-7382
-7381
-7382
-7380
-7381
-7383
-7385
-7386
-7385
-7386
-7389
-7390
-7391
-7393
-7394
-7393
-7394
-7395
-7394
-7396
-7396
-7393
-7394
-7395
-7394
-7392
-7393
-7393
-7392
-7392
-7392
-7392
-7390
-7391
-7389
-7391
-7393
-7391
-7393
-7394
-7392
-7395
-7399
-7398
-7399
-7399
-7398
-7397
-7397
-7395
-7391
-7392
-7393
-7391
-7392
-7392
-7389
-7389
-7390
-7387
-7387
-7388
-7385
-7387
-7388
-7388
-7390
-7389
-7390
-7390
-7391
-7391
-7391
-7392
-7393
-7396
-7395
-7395
-7395
-7394
-7394
-7394
-7392
-7391
-7390
-7389
-7392
-7394
-7391
-7395
-7397
-7396
-7398
-7396
-7397
-7394
-7394
-7393
-7392
-7391
-7387
-7391
-7393
-7394
-7395
-7393
-7392
-7393
-7398
-7394
-7390
-7392
-7391
-7391
-7393
-7393
-7391
-7394
-7393
-7393
-7393
-7393
-7393
-7391
-7393
-7393
-7393
-7392
-7392
-7391
-7391
-7390
-7390
-7388
-7388
-7390
-7391
-7393
-7391
-7394
-7394
-7396
-7395
-7393
-7395
-7397
-7395
-7394
-7395
-7394
-7395
-7395
-7395
-7396
-7399
-7397
-7396
-7392
-7391
-7387
-7385
-7387
-7389
-7388
-7387
-7389
-7392
-7389
-7390
-7396
-7394
-7397
-7397
-7397
-7397
-7397
-7395
-7396
-7395
-7396
-7395
-7394
-7398
-7396
-7396
-7396
-7398
-7391
-7391
-7392
-7390
-7390
-7389
-7390
-7388
-7388
-7388
-7389
-7388
-7390
-7390
-7390
-7391
-7390
-7390
-7391
-7392
-7390
-7393
-7392
-7393
-7393
-7394
-7397
-7396
-7395
-7396
-7393
-7394
-7395
-7393
-7393
-7394
-7395
-7396
-7392
-7392
-7394
-7392
-7392
-7390
-7391
-7389
-7388
-7389
-7390
-7390
-7392
-7389
-7392
-7393
-7392
-7393
-7394
-7395
-7393
-7394
-7394
-7396
-7396
-7399
-7398
-7396
-7398
-7395
-7395
-7395
-7392
-7392
-7390
-7391
-7390
-7388
-7388
-7387
-7386
-7388
-7385
-7382
-7383
-7383
-7383
-7386
-7386
-7386
-7388
-7391
-7393
-7393
-7396
-7397
-7397
-7398
-7397
-7398
-7401
-7397
-7396
-7397
-7397
-7397
-7393
-7391
-7390
-7387
-7389
-7383
-7384
-7384
-7384
-7386
-7384
-7386
-7384
-7385
-7387
-7390
-7391
-7392
-7394
-7396
-7399
-7401
-7400
-7400
-7402
-7401
-7399
-7400
-7398
-7395
-7395
-7391
-7392
-7391
-7389
-7388
-7389
-7388
-7387
-7384
-7385
-7386
-7385
-7386
-7385
-7387
-7388
-7391
-7392
-7391
-7394
-7395
-7396
-7397
-7398
-7397
-7397
-7399
-7399
-7399
-7398
-7396
-7393
-7391
-7389
-7389
-7388
-7388
-7385
-7386
-7388
-7384
-7386
-7387
-7386
-7386
-7386
-7389
-7391
-7392
-7393
-7393
-7396
-7398
-7397
-7398
-7400
-7401
-7399
-7397
-7398
-7398
-7394
-7394
-7395
-7391
-7390
-7389
-7389
-7387
-7385
-7385
-7384
-7386
-7388
-7388
-7390
-7390
-7389
-7390
-7390
-7392
-7393
-7393
-7394
-7396
-7398
-7400
-7401
-7399
-7399
-7399
-7400
-7396
-7394
-7393
-7391
-7387
-7388
-7388
-7388
-7389
-7387
-7389
-7388
-7389
-7387
-7388
-7387
-7388
-7388
-7389
-7390
-7391
-7393
-7394
-7395
-7395
-7395
-7394
-7397
-7396
-7395
-7396
-7394
-7397
-7395
-7394
-7395
-7391
-7391
-7389
-7391
-7392
-7390
-7390
-7390
-7391
-7391
-7389
-7389
-7390
-7389
-7392
-7390
-7391
-7392
-7390
-7392
-7393
-7392
-7395
-7397
-7398
-7398
-7396
-7395
-7397
-7396
-7394
-7393
-7394
-7389
-7391
-7395
-7392
-7392
-7391
-7392
-7390
-7392
-7391
-7391
-7392
-7390
-7391
-7390
-7391
-7389
-7389
-7391
-7394
-7396
-7395
-7393
-7398
-7396
-7395
-7397
-7395
-7394
-7393
-7393
-7392
-7393
-7392
-7393
-7391
-7391
-7391
-7391
-7391
-7392
-7391
-7391
-7391
-7390
-7390
-7391
-7390
-7391
-7392
-7390
-7389
-7389
-7392
-7392
-7389
-7392
-7392
-7394
-7395
-7392
-7396
-7394
-7395
-7396
-7394
-7390
-7391
-7390
-7391
-7392
-7395
-7396
-7398
-7398
-7398
-7404
-7400
-7398
-7395
-7395
-7393
-7393
-7394
-7392
-7391
-7390
-7388
-7390
-7391
-7389
-7389
-7387
-7387
-7386
-7388
-7386
-7387
-7387
-7392
-7390
-7393
-7396
-7395
-7396
-7397
-7398
-7398
-7400
-7394
-7397
-7398
-7396
-7395
-7396
-7394
-7393
-7391
-7390
-7389
-7390
-7393
-7391
-7390
-7389
-7388
-7387
-7387
-7386
-7388
-7386
-7388
-7389
-7389
-7390
-7393
-7394
-7393
-7395
-7397
-7397
-7395
-7397
-7397
-7395
-7394
-7392
-7392
-7394
-7392
-7391
-7390
-7389
-7389
-7390
-7389
-7388
-7387
-7387
-7388
-7388
-7389
-7390
-7390
-7390
-7389
-7392
-7394
-7391
-7395
-7397
-7396
-7395
-7396
-7395
-7394
-7395
-7394
-7395
-7395
-7393
-7393
-7393
-7394
-7394
-7391
-7392
-7390
-7390
-7390
-7389
-7386
-7387
-7386
-7387
-7390
-7389
-7389
-7390
-7391
-7390
-7392
-7394
-7392
-7394
-7396
-7395
-7396
-7395
-7396
-7398
-7395
-7396
-7393
-7394
-7393
-7392
-7393
-7392
-7393
-7392
-7391
-7390
-7392
-7390
-7388
-7385
-7387
-7388
-7388
-7389
-7390
-7391
-7391
-7392
-7393
-7396
-7393
-7394
-7393
-7393
-7393
-7394
-7392
-7392
-7394
-7394
-7396
-7394
-7393
-7393
-7391
-7389
-7389
-7390
-7391
-7391
-7392
-7390
-7393
-7392
-7390
-7391
-7391
-7392
-7392
-7393
-7393
-7393
-7392
-7394
-7393
-7392
-7393
-7394
-7393
-7391
-7393
-7392
-7391
-7391
-7392
-7392
-7389
-7393
-7394
-7391
-7392
-7391
-7390
-7390
-7393
-7391
-7392
-7393
-7391
-7394
-7392
-7392
-7393
-7389
-7392
-7392
-7391
-7392
-7391
-7391
-7391
-7391
-7391
-7391
-7391
-7393
-7393
-7394
-7395
-7395
-7397
-7396
-7394
-7395
-7394
-7393
-7394
-7393
-7392
-7391
-7390
-7390
-7391
-7391
-7390
-7389
-7389
-7388
-7390
-7389
-7388
-7387
-7388
-7389
-7390
-7392
-7393
-7393
-7395
-7397
-7397
-7397
-7394
-7394
-7393
-7394
-7394
-7393
-7393
-7392
-7394
-7391
-7390
-7390
-7388
-7388
-7387
-7388
-7390
-7389
-7388
-7390
-7389
-7391
-7390
-7392
-7391
-7392
-7392
-7394
-7396
-7395
-7397
-7397
-7396
-7397
-7397
-7394
-7394
-7394
-7394
-7392
-7391
-7390
-7388
-7392
-7391
-7390
-7390
-7391
-7389
-7388
-7389
-7389
-7389
-7388
-7389
-7392
-7395
-7394
-7393
-7394
-7395
-7395
-7395
-7395
-7395
-7396
-7397
-7397
-7396
-7395
-7395
-7394
-7395
-7392
-7393
-7392
-7392
-7394
-7396
-7394
-7391
-7392
-7391
-7391
-7389
-7390
-7390
-7390
-7390
-7390
-7390
-7390
-7391
-7392
-7392
-7393
-7393
-7393
-7394
-7391
-7396
-7395
-7397
-7396
-7397
-7397
-7397
-7397
-7395
-7396
-7394
-7397
-7396
-7393
-7392
-7391
-7390
-7391
-7389
-7391
-7391
-7388
-7394
-7394
-7394
-7396
-7394
-7396
-7397
-7397
-7397
-7395
-7393
-7393
-7394
-7393
-7392
-7393
-7393
-7394
-7393
-7393
-7397
-7391
-7390
-7392
-7390
-7390
-7388
-7388
-7389
-7390
-7389
-7390
-7392
-7392
-7392
-7392
-7391
-7392
-7392
-7394
-7394
-7392
-7393
-7393
-7393
-7392
-7393
-7392
-7391
-7392
-7391
-7391
-7389
-7391
-7393
-7391
-7390
-7394
-7391
-7391
-7392
-7389
-7392
-7390
-7391
-7391
-7391
-7392
-7393
-7393
-7392
-7393
-7392
-7392
-7392
-7390
-7391
-7391
-7391
-7391
-7391
-7392
-7392
-7392
-7391
-7393
-7394
-7394
-7393
-7393
-7393
-7395
-7392
-7390
-7393
-7392
-7391
-7391
-7392
-7390
-7392
-7391
-7392
-7391
-7389
-7392
-7394
-7392
-7391
-7390
-7389
-7390
-7391
-7390
-7390
-7390
-7391
-7393
-7393
-7394
-7394
-7393
-7391
-7393
-7392
-7392
-7391
-7391
-7391
-7389
-7392
-7392
-7390
-7391
-7393
-7393
-7391
-7391
-7392
-7393
-7392
-7392
-7392
-7393
-7392
-7391
-7391
-7395
-7396
-7394
-7396
-7395
-7395
-7395
-7396
-7394
-7395
-7395
-7392
-7393
-7390
-7390
-7390
-7393
-7391
-7394
-7392
-7390
-7394
-7391
-7392
-7392
-7392
-7391
-7389
-7389
-7392
-7391
-7391
-7393
-7392
-7391
-7392
-7389
-7391
-7392
-7390
-7391
-7392
-7393
-7393
-7392
-7391
-7391
-7390
-7392
-7392
-7392
-7390
-7392
-7391
-7390
-7393
-7391
-7389
-7390
-7390
-7390
-7389
-7389
-7390
-7390
-7391
-7391
-7394
-7393
-7392
-7392
-7393
-7394
-7392
-7391
-7391
-7390
-7391
-7391
-7390
-7390
-7391
-7390
-7390
-7393
-7391
-7389
-7388
-7388
-7389
-7389
-7389
-7389
-7390
-7392
-7393
-7392
-7393
-7392
-7392
-7393
-7393
-7393
-7393
-7392
-7394
-7394
-7392
-7392
-7391
-7390
-7391
-7391
-7392
-7390
-7389
-7388
-7389
-7391
-7390
-7392
-7390
-7390
-7389
-7389
-7392
-7391
-7392
-7392
-7393
-7393
-7395
-7395
-7391
-7394
-7393
-7393
-7393
-7393
-7392
-7392
-7392
-7391
-7391
-7389
-7391
-7390
-7390
-7393
-7393
-7391
-7391
-7390
-7392
-7392
-7392
-7394
-7392
-7393
-7393
-7391
-7391
-7395
-7393
-7392
-7392
-7395
-7393
-7393
-7393
-7391
-7393
-7392
-7393
-7392
-7391
-7390
-7391
-7392
-7392
-7392
-7394
-7395
-7394
-7394
-7394
-7395
-7393
-7398
-7397
-7395
-7396
-7395
-7393
-7393
-7394
-7394
-7396
-7395
-7394
-7392
-7394
-7395
-7393
-7393
-7393
-7392
-7394
-7391
-7390
-7391
-7390
-7389
-7390
-7391
-7390
-7392
-7393
-7392
-7391
-7391
-7390
-7389
-7389
-7391
-7390
-7390
-7392
-7393
-7392
-7394
-7392
-7391
-7395
-7394
-7392
-7393
-7396
-7395
-7396
-7397
-7395
-7394
-7395
-7396
-7395
-7392
-7391
-7390
-7391
-7390
-7390
-7392
-7391
-7391
-7393
-7395
-7394
-7393
-7392
-7393
-7392
-7393
-7394
-7392
-7393
-7393
-7392
-7392
-7391
-7388
-7388
-7390
-7389
-7388
-7389
-7389
-7390
-7390
-7390
-7391
-7391
-7391
-7391
-7390
-7389
-7391
-7391
-7393
-7392
-7393
-7393
-7393
-7393
-7392
-7392
-7392
-7391
-7391
-7391
-7390
-7391
-7391
-7389
-7388
-7390
-7391
-7392
-7392
-7391
-7393
-7391
-7391
-7393
-7392
-7393
-7391
-7393
-7393
-7392
-7392
-7391
-7392
-7393
-7393
-7391
-7394
-7393
-7390
-7389
-7391
-7392
-7392
-7391
-7391
-7391
-7392
-7391
-7392
-7391
-7391
-7393
-7390
-7391
-7391
-7391
-7392
-7391
-7391
-7392
-7391
-7390
-7393
-7391
-7390
-7392
-7390
-7390
-7390
-7391
-7393
-7392
-7392
-7393
-7394
-7392
-7392
-7393
-7392
-7393
-7394
-7392
-7391
-7391
-7390
-7391
-7391
-7391
-7391
-7393
-7392
-7391
-7392
-7391
-7392
-7391
-7392
-7394
-7394
-7393
-7392
-7392
-7394
-7392
-7392
-7393
-7392
-7393
-7391
-7392
-7391
-7391
-7391
-7391
-7393
-7392
-7391
-7391
-7390
-7390
-7390
-7390
-7390
-7391
-7391
-7389
-7392
-7392
-7392
-7392
-7392
-7392
-7393
-7391
-7393
-7394
-7392
-7392
-7392
-7393
-7392
-7392
-7392
-7391
-7390
-7391
-7391
-7390
-7390
-7391
-7390
-7392
-7395
-7393
-7392
-7392
-7392
-7391
-7392
-7392
-7393
-7395
-7392
-7394
-7394
-7393
-7393
-7391
-7391
-7391
-7391
-7391
-7389
-7390
-7390
-7391
-7389
-7390
-7390
-7391
-7393
-7391
-7393
-7391
-7392
-7393
-7391
-7392
-7391
-7392
-7390
-7392
-7392
-7389
-7391
-7392
-7392
-7392
-7392
-7391
-7391
-7391
-7390
-7391
-7392
-7392
-7391
-7390
-7391
-7391
-7391
-7392
-7393
-7393
-7392
-7393
-7392
-7393
-7392
-7394
-7392
-7390
-7394
-7392
-7390
-7391
-7392
-7391
-7390
-7391
-7390
-7391
-7391
-7389
-7389
-7390
-7389
-7388
-7389
-7390
-7391
-7391
-7392
-7392
-7392
-7394
-7393
-7391
-7393
-7392
-7394
-7390
-7391
-7390
-7391
-7392
-7391
-7394
-7391
-7390
-7392
-7393
-7392
-7392
-7391
-7392
-7391
-7391
-7392
-7391
-7392
-7392
-7394
-7391
-7390
-7392
-7391
-7393
-7392
-7390
-7392
-7390
-7392
-7391
-7393
-7392
-7391
-7393
-7392
-7392
-7391
-7393
-7390
-7390
-7391
-7392
-7391
-7389
-7390
-7391
-7390
-7391
-7390
-7391
-7392
-7391
-7390
-7391
-7392
-7390
-7393
-7393
-7391
-7390
-7392
-7393
-7391
-7391
-7391
-7391
-7391
-7390
-7390
-7391
-7390
-7392
-7390
-7389
-7391
-7392
-7391
-7390
-7393
-7391
-7390
-7390
-7390
-7392
-7391
-7389
-7393
-7393
-7391
-7392
-7391
-7393
-7391
-7392
-7393
-7392
-7392
-7389
-7390
-7391
-7392
-7392
-7392
-7392
-7392
-7390
-7390
-7390
-7392
-7392
-7392
-7390
-7390
-7391
-7392
-7392
-7393
-7391
-7390
-7391
-7391
-7394
-7392
-7391
-7393
-7392
-7391
-7391
-7391
-7393
-7391
-7389
-7390
-7389
-7392
-7389
-7391
-7393
-7389
-7393
-7392
-7393
-7394
-7391
-7393
-7392
-7393
-7394
-7393
-7392
-7393
-7394
-7393
-7391
-7393
-7393
-7391
-7391
-7390
-7389
-7391
-7391
-7389
-7392
-7392
-7392
-7393
-7391
-7392
-7393
-7392
-7391
-7393
-7392
-7392
-7394
-7393
-7391
-7392
-7392
-7393
-7394
-7390
-7391
-7391
-7390
-7392
-7391
-7392
-7392
-7391
-7390
-7390
-7391
-7392
-7391
-7392
-7391
-7392
-7391
-7391
-7392
-7392
-7392
-7390
-7391
-7392
-7392
-7396
-7394
-7391
-7392
-7392
-7393
-7391
-7391
-7393
-7392
-7390
-7392
-7393
-7392
-7392
-7392
-7392
-7391
-7391
-7392
-7392
-7391
-7392
-7394
-7394
-7392
-7393
-7393
-7391
-7392
-7388
-7392
-7394
-7392
-7394
-7394
-7394
-7394
-7394
-7395
-7395
-7395
-7395
-7393
-7395
-7393
-7392
-7392
-7390
-7394
-7393
-7392
-7392
-7393
-7393
-7390
-7391
-7391
-7390
-7390
-7390
-7391
-7391
-7392
-7391
-7392
-7392
-7392
-7392
-7390
-7392
-7391
-7391
-7391
-7391
-7392
-7392
-7392
-7391
-7390
-7391
-7392
-7389
-7389
-7391
-7391
-7392
-7389
-7391
-7392
-7391
-7394
-7394
-7393
-7392
-7392
-7391
-7392
-7391
-7392
-7391
-7392
-7392
-7391
-7392
-7390
-7391
-7390
-7389
-7388
-7390
-7391
-7390
-7388
-7390
-7391
-7391
-7392
-7391
-7392
-7392
-7392
-7392
-7391
-7391
-7393
-7391
-7392
-7391
-7392
-7391
-7391
-7394
-7391
-7392
-7390
-7389
-7389
-7392
-7392
-7389
-7392
-7392
-7391
-7392
-7392
-7390
-7390
-7392
-7390
-7390
-7391
-7391
-7391
-7390
-7391
-7391
-7390
-7391
-7391
-7392
-7391
-7390
-7388
-7390
-7390
-7389
-7389
-7389
-7391
-7391
-7390
-7392
-7393
-7392
-7393
-7392
-7393
-7392
-7392
-7393
-7392
-7394
-7392
-7391
-7393
-7392
-7392
-7391
-7391
-7393
-7391
-7392
-7391
-7392
-7392
-7392
-7393
-7392
-7392
-7393
-7395
-7391
-7392
-7392
-7391
-7391
-7392
-7392
-7392
-7391
-7390
-7393
-7391
-7389
-7389
-7391
-7391
-7391
-7390
-7389
-7391
-7393
-7393
-7393
-7393
-7392
-7393
-7393
-7393
-7389
-7390
-7393
-7392
-7391
-7392
-7394
-7393
-7396
-7396
-7397
-7396
-7394
-7396
-7396
-7395
-7394
-7396
-7397
-7395
-7392
-7393
-7392
-7392
-7392
-7392
-7393
-7394
-7394
-7393
-7391
-7391
-7391
-7391
-7391
-7390
-7389
-7390
-7391
-7388
-7390
-7391
-7390
-7390
-7390
-7391
-7391
-7390
-7390
-7393
-7391
-7391
-7392
-7392
-7393
-7392
-7393
-7393
-7393
-7392
-7392
-7389
-7392
-7393
-7392
-7390
-7391
-7392
-7391
-7393
-7390
-7391
-7392
-7392
-7391
-7391
-7393
-7392
-7393
-7391
-7392
-7392
-7392
-7392
-7390
-7391
-7391
-7392
-7391
-7389
-7391
-7391
-7391
-7389
-7390
-7390
-7391
-7391
-7389
-7391
-7389
-7391
-7394
-7391
-7393
-7393
-7394
-7394
-7393
-7392
-7392
-7392
-7392
-7392
-7393
-7393
-7394
-7394
-7393
-7391
-7392
-7391
-7391
-7391
-7390
-7391
-7390
-7390
-7391
-7391
-7390
-7392
-7390
-7392
-7393
-7392
-7392
-7393
-7393
-7393
-7392
-7393
-7394
-7393
-7393
-7392
-7391
-7392
-7392
-7391
-7392
-7390
-7393
-7390
-7391
-7393
-7390
-7392
-7390
-7390
-7389
-7391
-7390
-7391
-7392
-7390
-7391
-7392
-7392
-7393
-7392
-7393
-7392
-7393
-7393
-7390
-7391
-7391
-7392
-7393
-7392
-7392
-7392
-7392
-7392
-7391
-7391
-7391
-7392
-7392
-7392
-7390
-7393
-7392
-7393
-7394
-7392
-7392
-7393
-7393
-7390
-7391
-7394
-7393
-7393
-7396
-7394
-7394
-7394
-7394
-7395
-7394
-7396
-7394
-7393
-7393
-7395
-7394
-7397
-7393
-7391
-7393
-7391
-7391
-7391
-7392
-7393
-7393
-7392
-7391
-7390
-7395
-7393
-7392
-7391
-7392
-7393
-7393
-7392
-7389
-7393
-7392
-7391
-7392
-7393
-7392
-7392
-7391
-7391
-7391
-7392
-7391
-7389
-7389
-7390
-7391
-7391
-7391
-7392
-7393
-7392
-7393
-7391
-7392
-7391
-7391
-7393
-7391
-7393
-7390
-7391
-7395
-7395
-7394
-7394
-7394
-7394
-7394
-7393
-7395
-7394
-7394
-7394
-7392
-7390
-7391
-7393
-7393
-7393
-7392
-7394
-7392
-7391
-7394
-7395
-7394
-7393
-7392
-7391
-7392
-7390
-7392
-7393
-7393
-7391
-7390
-7390
-7391
-7391
-7390
-7391
-7392
-7392
-7392
-7392
-7392
-7391
-7389
-7391
-7392
-7392
-7389
-7392
-7393
-7391
-7392
-7391
-7391
-7391
-7391
-7391
-7391
-7389
-7391
-7392
-7391
-7391
-7391
-7392
-7392
-7393
-7390
-7391
-7392
-7393
-7392
-7392
-7392
-7390
-7393
-7391
-7392
-7392
-7392
-7392
-7393
-7393
-7391
-7392
-7391
-7392
-7392
-7392
-7391
-7391
-7393
-7392
-7392
-7392
-7391
-7390
-7391
-7391
-7389
-7391
-7390
-7392
-7392
-7389
-7391
-7391
-7391
-7391
-7391
-7391
-7392
-7391
-7390
-7392
-7391
-7390
-7393
-7392
-7391
-7393
-7392
-7394
-7393
-7392
-7393
-7390
-7392
-7391
-7391
-7388
-7389
-7390
-7392
-7392
-7391
-7391
-7391
-7392
-7391
-7391
-7390
-7392
-7390
-7390
-7390
-7391
-7390
-7392
-7391
-7390
-7391
-7391
-7390
-7390
-7392
-7390
-7392
-7392
-7391
-7391
-7393
-7391
-7392
-7389
-7390
-7391
-7391
-7391
-7391
-7393
-7391
-7394
-7393
-7392
-7392
-7391
-7392
-7392
-7391
-7390
-7391
-7392
-7391
-7391
-7391
-7391
-7392
-7390
-7391
-7389
-7390
-7390
-7391
-7392
-7390
-7392
-7391
-7392
-7391
-7390
-7392
-7392
-7392
-7392
-7393
-7392
-7391
-7393
-7391
-7391
-7392
-7393
-7394
-7394
-7393
-7393
-7392
-7391
-7391
-7390
-7391
-7391
-7390
-7390
-7392
-7387
-7388
-7390
-7390
-7391
-7391
-7391
-7391
-7392
-7392
-7391
-7391
-7392
-7391
-7390
-7391
-7389
-7391
-7390
-7389
-7391
-7389
-7389
-7390
-7392
-7391
-7392
-7394
-7394
-7393
-7392
-7394
-7393
-7393
-7393
-7394
-7395
-7394
-7393
-7394
-7392
-7392
-7393
-7393
-7393
-7392
-7392
-7391
-7393
-7392
-7391
-7393
-7392
-7390
-7392
-7391
-7391
-7391
-7391
-7390
-7391
-7392
-7390
-7392
-7390
-7391
-7392
-7394
-7394
-7392
-7392
-7391
-7390
-7392
-7391
-7391
-7391
-7388
-7393
-7392
-7391
-7392
-7393
-7392
-7393
-7392
-7391
-7392
-7393
-7392
-7390
-7392
-7394
-7392
-7389
-7390
-7392
-7391
-7390
-7391
-7390
-7391
-7392
-7392
-7393
-7394
-7394
-7393
-7394
-7393
-7392
-7391
-7392
-7392
-7391
-7389
-7390
-7391
-7390
-7392
-7389
-7391
-7390
-7391
-7391
-7389
-7390
-7390
-7391
-7389
-7391
-7390
-7391
-7392
-7392
-7394
-7393
-7393
-7392
-7392
-7392
-7392
-7393
-7392
-7392
-7393
-7393
-7391
-7392
-7392
-7391
-7392
-7389
-7390
-7391
-7392
-7392
-7392
-7391
-7391
-7393
-7392
-7391
-7392
-7393
-7391
-7392
-7393
-7391
-7392
-7393
-7391
-7393
-7393
-7391
-7391
-7390
-7390
-7390
-7390
-7390
-7391
-7391
-7389
-7391
-7392
-7391
-7391
-7391
-7391
-7392
-7390
-7391
-7394
-7390
-7391
-7391
-7392
-7391
-7391
-7392
-7390
-7391
-7392
-7393
-7392
-7393
-7391
-7391
-7391
-7392
-7393
-7392
-7393
-7391
-7392
-7393
-7392
-7393
-7392
-7392
-7393
-7392
-7392
-7393
-7392
-7391
-7392
-7393
-7392
-7391
-7392
-7389
-7390
-7390
-7390
-7390
-7389
-7387
-7388
-7389
-7390
-7391
-7392
-7390
-7391
-7391
-7392
-7392
-7392
-7391
-7392
-7394
-7391
-7394
-7394
-7392
-7393
-7393
-7391
-7392
-7392
-7392
-7393
-7391
-7393
-7393
-7391
-7392
-7391
-7392
-7390
-7391
-7394
-7393
-7392
-7393
-7393
-7393
-7392
-7394
-7394
-7393
-7393
-7391
-7392
-7391
-7390
-7390
-7390
-7391
-7390
-7390
-7391
-7393
-7392
-7391
-7392
-7389
-7391
-7392
-7389
-7392
-7391
-7392
-7390
-7392
-7396
-7395
-7397
-7394
-7395
-7394
-7395
-7396
-7396
-7397
-7395
-7396
-7394
-7395
-7394
-7394
-7393
-7396
-7396
-7392
-7393
-7392
-7391
-7392
-7393
-7390
-7391
-7389
-7391
-7390
-7391
-7390
-7390
-7390
-7391
-7391
-7389
-7389
-7390
-7390
-7392
-7392
-7391
-7392
-7390
-7391
-7391
-7391
-7390
-7391
-7392
-7390
-7390
-7391
-7393
-7391
-7392
-7392
-7390
-7390
-7390
-7389
-7391
-7391
-7392
-7393
-7393
-7395
-7394
-7394
-7393
-7393
-7392
-7392
-7393
-7392
-7393
-7392
-7392
-7392
-7392
-7393
-7390
-7390
-7392
-7390
-7390
-7390
-7390
-7390
-7391
-7390
-7391
-7390
-7390
-7393
-7391
-7392
-7390
-7391
-7391
-7393
-7394
-7393
-7392
-7392
-7394
-7393
-7392
-7392
-7392
-7391
-7390
-7392
-7389
-7393
-7391
-7390
-7391
-7389
-7391
-7391
-7392
-7390
-7392
-7391
-7391
-7391
-7393
-7393
-7392
-7391
-7391
-7393
-7393
-7393
-7392
-7392
-7391
-7392
-7392
-7392
-7390
-7391
-7391
-7391
-7391
-7392
-7391
-7391
-7393
-7392
-7392
-7393
-7392
-7391
-7393
-7393
-7393
-7391
-7392
-7392
-7393
-7393
-7392
-7392
-7391
-7391
-7391
-7391
-7390
-7391
-7392
-7392
-7390
-7390
-7391
-7392
-7394
-7394
-7391
-7391
-7392
-7391
-7393
-7392
-7392
-7393
-7392
-7393
-7394
-7394
-7395
-7392
-7391
-7390
-7391
-7393
-7393
-7393
-7392
-7394
-7393
-7392
-7394
-7394
-7390
-7392
-7395
-7395
-7394
-7396
-7394
-7395
-7395
-7395
-7396
-7394
-7394
-7393
-7391
-7390
-7391
-7390
-7391
-7394
-7395
-7393
-7394
-7392
-7392
-7392
-7394
-7392
-7392
-7393
-7391
-7393
-7393
-7392
-7391
-7392
-7391
-7392
-7390
-7388
-7390
-7391
-7391
-7390
-7392
-7392
-7391
-7391
-7391
-7391
-7390
-7390
-7391
-7392
-7391
-7391
-7391
-7392
-7391
-7392
-7392
-7392
-7391
-7391
-7394
-7392
-7392
-7393
-7390
-7391
-7390
-7392
-7394
-7391
-7393
-7392
-7392
-7391
-7392
-7392
-7391
-7392
-7391
