09122116.PTO
COND
2010/09/12 21:16:32.8100
100.0000 m/s  
15781 muestras
230
238
246
238
218
229
239
230
253
236
236
239
232
231
231
233
207
182
194
198
207
226
209
212
231
239
230
219
225
225
227
247
256
245
244
232
238
231
214
210
209
203
209
204
229
237
225
221
227
227
239
215
223
239
253
240
237
259
255
241
231
211
209
213
222
231
235
221
209
220
237
224
219
223
223
239
241
229
242
247
262
244
233
230
226
233
238
233
245
248
254
263
261
259
255
250
241
238
252
253
261
260
252
261
279
266
260
243
253
257
259
264
260
261
263
248
239
236
241
238
247
241
236
235
232
242
247
238
229
247
250
238
237
237
231
235
239
231
221
226
228
220
230
242
239
249
254
270
253
241
254
244
253
249
239
247
242
239
253
255
242
223
225
233
219
231
225
215
235
249
250
255
250
249
241
247
245
243
261
242
235
221
204
224
213
194
197
201
242
255
240
232
220
227
204
199
205
223
230
217
224
235
214
211
221
225
224
225
220
231
241
250
254
266
261
258
251
241
251
271
272
253
252
249
265
269
261
262
265
276
295
308
297
300
325
333
290
283
274
258
249
239
240
266
268
273
274
283
280
264
271
283
272
277
261
252
222
219
236
227
215
233
243
254
244
243
243
249
242
250
255
256
249
246
235
224
227
227
209
219
217
217
226
242
239
241
257
250
223
218
201
208
195
201
193
225
238
225
219
237
235
225
231
245
213
209
211
217
210
219
218
225
231
223
205
213
203
207
208
214
193
210
215
221
215
220
217
221
225
240
257
270
245
247
251
248
253
263
247
248
253
267
247
252
237
255
258
245
239
247
265
277
267
267
265
279
285
280
261
271
268
285
274
281
266
279
276
272
261
272
247
262
257
258
249
255
259
257
252
265
266
269
258
257
260
264
247
239
255
275
250
255
258
260
259
255
232
229
239
247
239
241
234
221
214
244
237
241
229
239
236
260
255
251
225
247
260
261
232
233
246
243
216
232
236
244
233
234
233
228
246
257
238
246
243
262
235
229
239
254
241
233
219
223
207
227
214
194
184
179
181
200
188
191
187
186
193
177
195
206
200
219
209
224
205
205
209
211
211
217
197
207
184
199
218
222
199
214
213
215
206
221
216
220
219
221
225
246
224
226
222
228
229
241
235
233
215
224
226
245
237
233
227
237
251
271
243
239
239
247
246
247
240
255
247
267
272
267
268
275
268
271
247
243
238
249
232
223
237
259
256
269
271
285
262
263
255
267
263
247
241
257
245
248
244
257
245
237
240
257
262
260
243
245
231
216
204
207
198
197
179
191
201
207
208
225
231
243
230
247
249
259
223
242
252
252
238
243
247
261
237
221
215
193
178
206
213
223
226
257
255
259
252
254
244
254
255
265
277
285
281
273
266
289
283
291
275
268
254
249
248
249
235
262
254
247
254
263
262
255
248
265
270
271
276
277
273
273
291
288
271
268
249
253
240
235
241
248
244
252
235
246
229
224
207
216
219
257
301
357
397
444
459
451
408
361
312
280
271
289
305
373
397
356
274
204
142
101
51
33
-17
-45
-52
-65
-128
-173
-197
-129
-53
11
62
105
147
176
197
261
281
329
400
524
665
781
807
730
551
303
-23
-361
-683
-959
-1122
-1057
-804
-397
69
567
1009
1347
1561
1670
1714
1748
1746
1672
1438
1113
790
541
340
117
-89
-268
-493
-732
-983
-1221
-1420
-1521
-1478
-1271
-927
-420
138
697
1132
1489
1774
1924
1880
1649
1260
790
250
-278
-707
-993
-1141
-1150
-1053
-737
-148
643
1377
1896
2193
2303
2282
2155
1897
1561
1173
857
644
493
277
-89
-554
-957
-1343
-1737
-2151
-2551
-2833
-2871
-2614
-2050
-1178
-95
953
1791
2297
2428
2243
1976
1831
1887
1975
1830
1329
571
-245
-938
-1414
-1587
-1417
-850
-109
453
685
647
506
459
548
753
921
1027
1089
1109
1016
758
417
162
33
-68
-331
-836
-1472
-2011
-2187
-1857
-1102
-121
698
1145
1238
1079
789
516
493
777
1217
1587
1653
1323
735
97
-393
-609
-476
-80
381
664
647
424
177
35
38
143
319
615
1055
1585
2109
2427
2383
1949
1133
68
-1046
-1989
-2638
-2880
-2551
-1674
-501
505
978
889
423
-116
-487
-479
51
1075
2237
3031
3120
2411
1178
-123
-1131
-1729
-1947
-1812
-1347
-651
-17
253
129
-275
-797
-1205
-1347
-1091
-407
577
1619
2559
3224
3435
3159
2520
1659
729
-151
-854
-1228
-1191
-783
-236
115
123
-176
-666
-1153
-1499
-1497
-984
29
1263
2300
2804
2595
1801
700
-383
-1165
-1499
-1327
-685
216
1020
1415
1301
776
-6
-780
-1398
-1754
-1725
-1130
28
1523
2873
3732
3879
3311
2129
669
-697
-1625
-1967
-1579
-581
591
1324
1217
347
-880
-2040
-2779
-2847
-2067
-513
1307
2735
3375
3165
2316
1105
-82
-857
-1009
-555
310
1217
1815
1849
1351
389
-739
-1772
-2541
-2871
-2618
-1784
-465
1009
2223
2873
2914
2387
1487
515
-225
-520
-280
290
865
1181
1109
680
41
-559
-990
-1225
-1197
-952
-569
-131
277
623
882
1051
1159
1153
1055
873
672
549
593
759
927
865
444
-349
-1303
-2195
-2783
-2848
-2239
-953
722
2203
3150
3437
3122
2337
1330
375
-271
-485
-199
401
1065
1481
1425
907
0
-1059
-2009
-2705
-2927
-2598
-1797
-692
418
1215
1579
1521
1255
1023
1019
1303
1764
2186
2407
2223
1624
601
-581
-1648
-2437
-2827
-2698
-2046
-963
193
1032
1377
1361
1162
937
823
853
1013
1279
1519
1687
1698
1557
1218
696
67
-617
-1249
-1676
-1893
-1841
-1595
-1261
-929
-613
-302
113
657
1309
1941
2463
2691
2496
1927
1169
368
-289
-717
-864
-859
-792
-736
-745
-849
-905
-815
-538
-135
275
575
737
827
964
1171
1453
1705
1826
1756
1484
1053
553
57
-339
-695
-974
-1202
-1380
-1545
-1617
-1521
-1147
-511
392
1368
2220
2799
2959
2694
2111
1356
617
-21
-491
-757
-805
-720
-596
-555
-606
-822
-1131
-1479
-1723
-1707
-1335
-594
425
1447
2354
2957
3198
2997
2459
1715
1010
506
324
379
562
548
204
-500
-1361
-2119
-2513
-2409
-1693
-531
787
1832
2407
2438
2020
1315
538
-145
-491
-497
-157
360
872
1133
1057
622
-105
-1004
-1847
-2476
-2613
-2157
-1083
317
1586
2351
2531
2223
1687
1153
819
702
831
1023
1187
1152
868
319
-402
-1143
-1747
-2140
-2165
-1760
-911
154
1143
1753
1887
1645
1174
589
100
-145
-44
331
869
1307
1512
1395
965
192
-709
-1582
-2220
-2499
-2299
-1590
-427
847
1937
2560
2666
2276
1562
776
195
-28
133
501
873
1069
972
563
-79
-815
-1464
-1871
-1879
-1477
-645
331
1175
1625
1652
1259
637
-12
-379
-346
125
855
1565
1992
2037
1563
677
-460
-1535
-2390
-2821
-2712
-2014
-879
428
1473
2094
2217
1948
1473
983
601
504
684
1109
1516
1704
1479
899
47
-787
-1428
-1741
-1767
-1485
-1035
-563
-193
59
200
284
288
301
397
669
1104
1619
2077
2347
2252
1812
1007
19
-1037
-1887
-2368
-2393
-1969
-1169
-217
589
1081
1265
1214
1051
870
722
657
719
841
1019
1169
1248
1153
837
284
-371
-988
-1425
-1611
-1510
-1214
-844
-497
-187
109
435
752
1123
1507
1886
2191
2371
2349
2109
1584
823
-91
-955
-1625
-2045
-2216
-2102
-1730
-1132
-462
143
547
749
805
815
844
978
1142
1325
1444
1507
1460
1345
1126
814
420
-11
-474
-873
-1197
-1434
-1568
-1579
-1469
-1187
-751
-119
630
1393
2039
2419
2481
2255
1813
1331
867
483
146
-149
-447
-719
-933
-1025
-1043
-936
-734
-473
-215
49
288
537
803
1063
1248
1379
1393
1315
1185
1067
993
997
933
690
181
-509
-1262
-1915
-2313
-2315
-1871
-1035
-55
868
1516
1870
1983
1891
1615
1234
866
572
340
218
169
171
131
2
-269
-616
-955
-1187
-1297
-1179
-776
-181
455
993
1318
1422
1353
1172
993
941
1024
1222
1380
1398
1150
637
-118
-954
-1735
-2323
-2579
-2380
-1709
-642
489
1402
1917
2061
1865
1485
1033
626
351
269
431
743
1064
1251
1157
774
69
-753
-1485
-1943
-2006
-1644
-922
-26
755
1211
1279
1131
924
796
855
1117
1473
1803
1904
1727
1224
448
-470
-1333
-1997
-2383
-2425
-2059
-1325
-267
800
1543
1791
1563
1032
392
-138
-322
-61
537
1223
1773
2025
1893
1415
662
-255
-1099
-1700
-1987
-1877
-1386
-647
118
687
978
1042
965
865
821
918
1174
1511
1805
1881
1637
1037
166
-740
-1503
-1992
-2114
-1839
-1188
-319
502
1059
1238
1123
758
265
-164
-327
-133
403
1105
1795
2201
2187
1775
1001
39
-874
-1597
-2001
-2095
-1832
-1295
-623
52
540
797
827
793
809
913
1131
1433
1701
1861
1767
1387
785
41
-682
-1216
-1462
-1418
-1105
-615
-137
181
297
237
87
-55
-141
-51
197
642
1196
1757
2209
2361
2156
1571
677
-312
-1149
-1728
-1969
-1867
-1479
-968
-443
-29
254
483
667
833
1019
1201
1333
1431
1512
1503
1345
1059
710
287
-110
-421
-645
-756
-755
-665
-537
-447
-471
-566
-644
-601
-364
92
741
1359
1877
2219
2332
2217
1856
1295
599
-111
-713
-1159
-1401
-1466
-1341
-1110
-803
-460
-101
222
545
791
947
993
1012
1009
977
957
937
923
899
789
623
366
32
-315
-659
-940
-1125
-1233
-1199
-1048
-767
-366
160
713
1237
1631
1871
1912
1784
1537
1267
1007
687
259
-187
-655
-1034
-1265
-1303
-1150
-818
-417
1
321
551
674
695
649
565
497
557
725
999
1263
1465
1518
1367
996
395
-347
-1016
-1516
-1759
-1732
-1410
-849
-186
417
872
1148
1303
1376
1391
1337
1251
1168
1115
1023
843
541
144
-353
-815
-1185
-1379
-1336
-1009
-516
27
411
571
539
397
259
253
413
758
1215
1734
2137
2321
2153
1630
812
-133
-1035
-1738
-2205
-2315
-2047
-1410
-579
243
861
1183
1215
1091
875
739
752
939
1181
1391
1451
1327
963
441
-175
-741
-1157
-1331
-1261
-954
-515
-85
155
191
43
-161
-294
-187
209
856
1555
2167
2533
2535
2146
1441
505
-461
-1327
-1923
-2163
-1994
-1431
-643
142
765
1017
956
654
337
113
113
380
876
1388
1773
1853
1617
1096
451
-200
-721
-1041
-1157
-1116
-917
-683
-441
-284
-265
-309
-314
-199
147
697
1395
2050
2564
2739
2515
1877
991
-32
-911
-1551
-1849
-1772
-1357
-710
-38
418
600
504
260
-47
-237
-217
63
535
1119
1637
1997
2065
1837
1317
648
-40
-566
-864
-944
-907
-805
-688
-625
-598
-548
-463
-274
7
451
971
1513
1974
2253
2207
1827
1205
467
-277
-853
-1197
-1247
-1038
-641
-207
118
214
145
-77
-319
-493
-481
-249
191
713
1255
1672
1939
1948
1713
1258
676
59
-441
-787
-963
-1047
-1032
-983
-894
-757
-565
-310
67
479
917
1274
1526
1639
1633
1523
1287
889
447
-20
-350
-483
-457
-359
-219
-138
-125
-236
-383
-560
-635
-552
-306
72
565
1039
1452
1711
1837
1800
1618
1278
853
307
-267
-787
-1155
-1351
-1347
-1187
-888
-517
-131
193
502
763
987
1131
1218
1211
1158
1057
969
890
807
661
470
219
-56
-317
-511
-705
-815
-868
-857
-773
-581
-320
-1
331
695
1023
1339
1593
1761
1777
1630
1302
847
240
-395
-985
-1404
-1626
-1581
-1283
-791
-252
223
484
623
653
649
628
640
675
784
960
1171
1336
1407
1309
1008
502
-92
-677
-1097
-1322
-1339
-1204
-920
-567
-238
38
274
464
709
1001
1318
1606
1835
1911
1812
1482
966
301
-369
-915
-1286
-1395
-1253
-884
-350
165
539
680
599
341
85
-38
81
405
879
1342
1746
1978
1962
1646
1067
335
-399
-1036
-1435
-1583
-1447
-1094
-631
-201
118
275
356
417
561
785
1105
1467
1774
1895
1757
1343
760
54
-577
-1044
-1270
-1242
-1015
-655
-235
65
199
127
-88
-341
-487
-442
-135
437
1177
1864
2342
2468
2203
1601
807
-42
-773
-1311
-1569
-1550
-1276
-842
-361
6
181
177
133
138
289
575
989
1381
1677
1767
1648
1303
784
197
-319
-657
-783
-718
-510
-309
-157
-120
-207
-391
-601
-741
-683
-387
162
885
1629
2236
2565
2503
2042
1296
426
-404
-999
-1333
-1371
-1183
-875
-541
-266
-113
-50
-61
-43
39
216
527
898
1257
1539
1618
1538
1277
907
474
56
-257
-433
-478
-441
-409
-396
-485
-667
-840
-930
-831
-483
62
726
1392
1939
2277
2349
2146
1657
973
227
-411
-816
-1004
-989
-796
-532
-312
-171
-127
-121
-130
-102
19
203
461
770
1079
1326
1472
1509
1390
1161
857
495
141
-144
-385
-569
-724
-865
-977
-1032
-1013
-877
-576
-104
445
996
1490
1819
1963
1883
1625
1295
889
437
4
-333
-515
-565
-524
-424
-349
-297
-310
-347
-350
-304
-217
-68
175
504
835
1163
1409
1587
1641
1529
1267
889
421
-84
-549
-889
-1093
-1197
-1147
-983
-745
-437
-98
273
641
941
1173
1308
1368
1326
1229
1084
879
662
407
102
-176
-385
-536
-593
-549
-461
-402
-385
-413
-453
-428
-292
-45
321
767
1221
1595
1852
1985
1877
1521
964
316
-312
-838
-1187
-1314
-1273
-1048
-703
-327
-13
215
357
419
461
561
718
909
1091
1230
1303
1277
1113
795
404
32
-300
-531
-624
-599
-513
-416
-411
-453
-533
-576
-459
-178
278
842
1405
1876
2141
2170
1923
1452
824
119
-531
-1012
-1239
-1178
-915
-555
-181
79
199
179
53
-76
-131
-27
267
711
1159
1534
1727
1680
1407
1011
545
109
-234
-471
-571
-602
-568
-522
-546
-608
-692
-715
-593
-282
217
837
1446
1943
2186
2117
1755
1189
512
-135
-629
-889
-931
-726
-405
-97
120
176
33
-217
-473
-638
-611
-327
169
773
1347
1774
1965
1879
1513
1012
467
12
-311
-476
-551
-563
-584
-604
-669
-735
-755
-691
-504
-141
361
947
1457
1828
1952
1828
1443
909
338
-146
-459
-527
-436
-208
19
153
130
-51
-353
-666
-903
-937
-747
-286
339
991
1561
1932
2030
1869
1481
1009
515
71
-265
-445
-511
-523
-535
-580
-681
-721
-705
-576
-323
55
470
908
1247
1489
1588
1498
1220
868
501
205
19
30
126
223
227
107
-155
-471
-791
-1022
-1147
-1029
-676
-120
533
1125
1559
1829
1875
1731
1429
1012
553
145
-187
-403
-523
-534
-553
-556
-576
-599
-569
-465
-280
10
338
649
891
1045
1134
1140
1084
987
828
691
548
424
325
222
24
-233
-541
-813
-1039
-1117
-1057
-818
-429
47
561
1063
1436
1672
1721
1624
1385
1068
677
303
-37
-272
-439
-473
-432
-374
-345
-336
-357
-359
-323
-185
-35
180
444
724
956
1161
1288
1367
1339
1211
970
677
339
-9
-329
-553
-732
-848
-925
-915
-837
-633
-323
85
492
895
1223
1465
1592
1565
1387
1101
753
393
40
-202
-334
-343
-285
-199
-139
-152
-259
-390
-527
-582
-512
-268
107
571
1005
1360
1591
1715
1639
1393
1001
535
61
-298
-549
-659
-673
-610
-565
-527
-500
-447
-329
-95
208
603
984
1292
1441
1462
1317
1063
737
409
115
-57
-111
-51
18
75
19
-121
-369
-617
-843
-952
-883
-577
-47
607
1220
1705
1953
1939
1675
1279
787
281
-145
-411
-545
-507
-416
-319
-280
-324
-441
-514
-511
-337
-54
356
767
1116
1346
1419
1311
1112
823
551
305
191
192
248
265
190
-16
-295
-632
-936
-1157
-1211
-1030
-574
75
801
1427
1897
2045
1905
1504
975
427
5
-243
-291
-251
-150
-76
-50
-146
-315
-479
-625
-691
-587
-319
114
590
1003
1255
1355
1293
1149
939
735
561
481
433
375
267
121
-155
-505
-868
-1141
-1288
-1206
-879
-323
335
973
1473
1767
1775
1543
1158
725
313
61
-40
27
126
198
167
69
-157
-436
-687
-843
-893
-781
-526
-113
374
804
1114
1295
1311
1238
1097
951
805
690
569
435
221
-40
-353
-663
-958
-1155
-1191
-997
-583
-32
495
971
1278
1400
1354
1175
925
651
410
272
245
316
405
437
339
133
-150
-445
-736
-901
-946
-844
-583
-183
255
686
1021
1239
1359
1367
1266
1128
935
716
501
293
61
-165
-422
-672
-838
-899
-856
-675
-388
-26
333
645
859
963
980
938
845
771
719
678
648
623
551
469
329
119
-190
-491
-783
-970
-1032
-928
-659
-274
175
645
1032
1322
1469
1480
1354
1137
869
590
309
83
-94
-213
-325
-415
-456
-487
-491
-422
-333
-205
-31
191
419
641
808
927
995
1033
1000
936
845
734
600
428
254
63
-179
-445
-717
-936
-1062
-1023
-785
-377
132
653
1040
1327
1465
1475
1325
1081
773
462
194
28
-23
-7
31
47
-29
-149
-313
-476
-591
-608
-513
-267
77
458
817
1077
1184
1195
1136
1017
878
713
533
379
235
77
-157
-418
-673
-886
-1011
-1005
-809
-422
69
588
1013
1287
1383
1296
1102
839
535
289
136
151
239
353
415
377
223
-71
-451
-769
-961
-1010
-842
-489
-5
519
956
1237
1344
1318
1185
992
804
642
522
439
335
179
-34
-293
-553
-774
-891
-880
-716
-363
86
553
937
1165
1192
1079
867
609
393
297
333
489
674
776
751
569
207
-225
-663
-1010
-1225
-1227
-968
-485
89
653
1070
1306
1374
1269
1085
885
705
572
501
469
392
236
28
-249
-511
-729
-845
-825
-662
-381
-4
371
703
898
933
853
710
567
499
560
720
883
1005
1008
845
514
53
-448
-894
-1211
-1303
-1177
-834
-327
245
754
1094
1238
1231
1130
982
793
641
557
505
480
449
351
180
-76
-341
-563
-707
-698
-587
-387
-117
148
389
552
655
694
698
704
765
861
995
1080
1111
1016
721
306
-158
-598
-942
-1149
-1151
-975
-627
-179
275
673
943
1059
1057
958
821
709
615
562
544
556
557
493
372
133
-143
-383
-558
-658
-655
-549
-358
-147
85
289
467
651
809
956
1061
1121
1135
1090
989
768
484
139
-223
-563
-801
-935
-911
-751
-484
-158
188
480
695
816
866
828
747
667
604
590
622
653
681
636
526
313
51
-227
-489
-723
-838
-841
-674
-443
-139
191
517
785
999
1123
1168
1143
1065
943
796
574
351
132
-75
-297
-473
-602
-670
-619
-468
-264
-14
227
449
591
655
669
656
633
631
653
731
801
857
837
728
521
191
-188
-544
-851
-1031
-1084
-957
-632
-196
259
660
955
1135
1161
1098
970
823
695
578
455
364
286
193
37
-165
-387
-565
-658
-624
-501
-280
-43
207
390
512
562
589
593
629
690
802
895
969
963
843
575
204
-248
-659
-977
-1134
-1141
-925
-537
-55
439
858
1063
1099
1007
847
655
508
456
497
547
601
593
503
309
33
-259
-521
-709
-747
-647
-430
-183
85
304
456
567
629
657
716
791
932
1062
1132
1100
930
608
181
-289
-682
-972
-1087
-1010
-725
-299
167
572
839
916
888
710
509
371
336
417
609
798
935
914
762
466
111
-263
-573
-786
-854
-816
-618
-336
-29
247
455
578
655
699
764
855
979
1081
1140
1064
857
507
97
-323
-661
-880
-921
-800
-521
-171
174
421
572
580
495
360
271
261
372
572
828
1030
1157
1118
933
605
163
-279
-618
-850
-892
-829
-650
-392
-91
175
406
551
669
714
792
869
966
1025
1043
951
762
478
162
-171
-411
-559
-578
-489
-333
-130
76
175
236
213
171
148
199
337
576
826
1060
1225
1287
1178
953
594
167
-269
-597
-823
-877
-811
-605
-338
-46
190
395
533
632
673
719
775
824
842
852
791
675
484
289
57
-139
-281
-337
-361
-335
-299
-208
-149
-99
-53
42
161
319
503
729
931
1107
1194
1196
1093
876
541
166
-227
-537
-762
-834
-767
-593
-355
-77
150
345
460
555
596
627
647
679
707
760
777
786
722
618
437
227
9
-211
-391
-487
-523
-480
-384
-227
-46
128
276
466
639
830
986
1119
1168
1169
1083
879
565
223
-126
-405
-630
-739
-711
-548
-317
-53
152
311
385
402
361
351
359
440
551
706
867
994
1015
924
719
418
43
-296
-582
-734
-770
-672
-500
-267
-11
207
355
507
620
716
828
933
1001
1017
981
878
654
371
53
-226
-435
-552
-549
-423
-242
-31
139
253
272
227
172
131
165
335
555
816
1046
1209
1237
1125
843
442
-19
-420
-731
-861
-837
-673
-412
-114
129
297
375
435
465
524
582
681
807
907
916
869
692
431
133
-134
-361
-472
-458
-371
-239
-89
21
83
67
18
-35
-13
94
319
617
966
1229
1357
1339
1141
773
319
-167
-557
-786
-840
-751
-538
-263
1
184
319
363
368
348
363
445
578
735
892
985
965
821
608
341
57
-177
-309
-354
-318
-271
-201
-155
-143
-150
-151
-125
-19
183
476
813
1142
1360
1432
1324
1083
711
271
-162
-461
-625
-631
-500
-305
-103
89
197
236
222
173
147
183
318
512
737
932
1042
1063
984
806
551
259
-6
-171
-284
-322
-336
-333
-309
-281
-263
-210
-111
58
292
585
871
1091
1199
1203
1096
872
535
189
-123
-329
-412
-399
-297
-178
-63
38
60
33
-10
-60
-55
18
186
431
686
909
1062
1115
1060
905
673
376
91
-135
-317
-422
-459
-449
-403
-332
-257
-161
-46
140
377
594
785
923
995
991
911
783
581
369
147
-31
-125
-155
-138
-93
-55
-31
-72
-133
-183
-209
-182
-73
123
378
645
893
1089
1176
1147
993
759
457
146
-104
-316
-446
-499
-473
-370
-251
-125
-13
89
197
306
425
551
668
775
833
847
817
726
587
409
219
43
-77
-137
-172
-181
-187
-191
-216
-232
-245
-208
-70
133
399
703
961
1156
1249
1229
1107
871
542
188
-119
-328
-457
-465
-383
-229
-71
62
135
157
127
129
153
241
388
548
754
881
955
959
831
666
456
249
55
-95
-173
-216
-231
-215
-228
-249
-265
-209
-93
85
328
619
876
1091
1186
1154
1017
763
455
112
-185
-362
-405
-328
-186
-39
87
137
114
42
-58
-106
-103
23
233
509
783
1008
1107
1108
991
776
509
227
13
-151
-237
-254
-263
-255
-265
-260
-284
-249
-171
-1
239
517
803
1033
1120
1097
966
729
416
121
-103
-213
-182
-83
33
133
157
126
-3
-155
-287
-345
-299
-123
152
482
829
1089
1209
1191
1022
761
476
200
-23
-153
-210
-214
-217
-177
-166
-179
-185
-181
-111
65
232
501
750
952
1033
1006
871
679
437
225
78
31
60
116
138
133
73
-49
-236
-402
-501
-507
-384
-131
208
578
905
1148
1217
1179
998
741
441
164
-33
-135
-174
-153
-128
-123
-147
-161
-204
-227
-202
-85
77
291
504
687
809
842
772
667
523
415
337
304
298
289
230
139
12
-150
-339
-477
-543
-494
-333
-69
242
620
923
1117
1150
1093
940
707
433
201
30
-46
-73
-35
-4
1
-15
-71
-151
-194
-195
-117
1
159
341
537
689
793
832
834
761
675
565
456
367
258
127
23
-132
-264
-388
-461
-473
-387
-211
35
294
579
810
982
1028
977
845
672
473
310
157
96
82
91
97
83
43
-21
-142
-237
-308
-279
-199
-49
169
404
631
832
941
999
947
816
640
465
308
174
21
-95
-189
-247
-301
-344
-355
-308
-203
-20
173
407
618
775
857
861
792
666
511
374
281
236
189
213
227
207
125
42
-111
-255
-377
-413
-370
-213
29
351
641
887
1010
1059
1001
873
675
441
221
75
-24
-59
-98
-109
-154
-184
-233
-233
-221
-117
25
210
411
572
713
782
761
692
573
482
396
359
333
339
314
283
184
45
-168
-349
-511
-571
-513
-307
-17
346
675
933
1058
1037
928
744
507
286
109
40
11
43
47
75
61
-13
-130
-215
-267
-237
-145
38
251
465
616
723
753
729
640
571
494
425
408
399
375
316
160
-26
-251
-466
-586
-595
-488
-279
35
383
693
929
1003
971
837
645
421
257
158
143
191
266
281
245
129
3
-145
-284
-405
-413
-323
-125
100
375
593
750
796
778
693
623
557
522
471
445
381
291
135
-62
-277
-447
-539
-511
-397
-166
97
395
651
817
862
796
654
503
339
259
233
307
375
446
465
412
254
64
-144
-310
-429
-458
-351
-157
99
368
570
748
804
814
757
701
631
585
521
468
397
293
144
-21
-199
-343
-415
-381
-298
-119
85
295
476
585
625
602
513
466
400
391
417
508
564
605
572
464
283
44
-195
-384
-505
-521
-426
-222
16
280
511
675
755
785
763
692
593
515
435
379
305
243
155
49
-62
-169
-249
-258
-241
-130
-32
131
238
387
431
467
452
492
503
537
580
623
652
643
571
457
259
27
-207
-389
-508
-508
-408
-228
-4
230
447
635
736
754
701
631
528
454
381
351
332
316
273
202
108
19
-103
-190
-248
-237
-183
-63
90
232
332
452
525
590
631
660
670
677
662
627
537
399
215
25
-167
-332
-445
-474
-406
-239
-48
192
405
582
672
675
613
537
453
384
337
361
420
455
459
417
323
185
3
-164
-280
-327
-295
-207
-48
166
338
503
594
643
652
652
646
641
613
553
487
396
271
110
-83
-247
-383
-409
-367
-228
-49
174
365
495
559
553
497
417
324
324
361
437
517
599
641
568
411
169
-75
-280
-431
-516
-489
-341
-139
118
335
505
619
646
607
599
557
546
539
543
529
469
357
209
54
-113
-251
-303
-301
-213
-47
131
266
372
407
413
366
316
290
341
463
591
708
780
763
676
469
206
-82
-317
-479
-533
-463
-299
-75
180
381
521
603
597
545
481
452
473
494
536
556
523
474
347
169
-3
-139
-208
-227
-172
-75
51
173
241
277
280
252
244
275
387
515
649
777
835
799
648
403
133
-129
-352
-478
-499
-418
-225
-3
208
371
482
511
457
400
355
327
367
445
518
588
611
549
438
243
71
-88
-207
-240
-231
-147
-71
20
111
174
223
253
309
393
492
613
721
795
835
757
608
389
163
-66
-250
-368
-382
-289
-129
23
184
279
323
321
271
229
220
246
321
437
561
646
682
661
574
410
227
35
-118
-203
-254
-241
-183
-89
21
99
189
284
363
437
507
593
674
708
695
639
531
363
171
-6
-145
-214
-227
-185
-109
19
119
187
208
213
206
188
199
254
341
490
621
734
775
767
681
518
307
110
-73
-221
-300
-293
-207
-103
24
147
232
325
399
441
469
503
539
586
596
606
539
442
321
189
65
-37
-80
-87
-51
-6
40
93
113
118
123
137
157
233
342
485
628
765
845
837
746
577
337
103
-119
-257
-343
-330
-225
-93
67
197
283
348
339
333
325
339
398
474
527
601
614
600
517
395
249
105
-29
-97
-121
-107
-77
-7
26
57
76
89
140
210
308
449
639
779
848
867
769
609
380
141
-76
-219
-301
-276
-156
-7
122
236
283
291
255
199
179
195
269
394
524
648
697
721
654
515
339
153
-23
-127
-172
-166
-106
-46
11
35
65
92
102
192
309
463
601
727
820
839
732
558
335
111
-69
-165
-185
-127
-29
95
183
271
265
216
114
33
0
49
143
341
523
688
791
789
707
571
367
163
-1
-111
-169
-149
-109
-47
13
61
83
111
116
181
285
406
526
665
744
743
644
519
340
173
15
-53
-58
-27
67
158
157
164
119
42
-53
-85
-59
30
180
400
618
798
873
856
755
591
359
141
-31
-116
-166
-168
-118
-36
21
35
41
52
73
133
206
310
425
548
593
637
614
518
413
283
176
118
82
90
100
117
103
67
-17
-92
-154
-156
-104
39
221
443
630
778
862
859
735
561
355
181
44
-50
-62
-41
15
99
123
167
126
124
97
101
139
210
307
436
539
613
614
600
535
455
352
253
181
161
117
81
59
1
-59
-104
-152
-121
-59
69
227
415
577
699
778
765
656
547
364
216
67
-13
-33
-6
25
91
120
127
99
79
51
20
28
103
189
335
450
582
651
674
647
544
417
313
200
111
33
-7
-50
-70
-93
-123
-99
-75
-27
70
195
375
533
632
665
697
640
544
405
285
169
112
90
95
121
176
177
145
92
43
-52
-91
-123
-55
49
241
438
590
705
759
709
657
497
377
226
121
49
13
-2
8
-5
3
-26
-7
17
76
141
249
387
523
604
661
639
569
478
366
287
235
187
210
226
268
243
199
103
-4
-87
-159
-167
-85
51
268
467
653
770
825
777
667
495
343
182
99
60
70
98
127
133
120
73
23
-18
-7
26
99
211
349
488
575
583
548
464
403
335
289
244
260
248
261
223
149
35
-85
-197
-234
-228
-118
31
239
453
613
721
745
660
536
376
240
128
91
91
147
193
247
237
195
109
33
-43
-55
-55
40
161
319
451
564
604
601
549
481
391
328
297
313
297
264
207
132
13
-108
-199
-225
-204
-111
31
234
451
621
678
687
597
503
358
250
198
157
204
264
307
327
283
210
99
-14
-129
-172
-160
-78
46
213
378
497
555
593
555
501
435
378
323
309
284
246
191
104
-12
-98
-178
-197
-179
-78
35
201
353
482
536
547
491
396
307
259
230
257
307
371
385
378
311
221
94
-60
-170
-229
-225
-125
0
167
335
480
551
599
595
565
478
411
372
335
302
269
231
173
96
36
-39
-61
-61
-23
52
154
252
357
401
416
404
401
364
346
348
379
406
451
451
412
346
233
77
-56
-165
-214
-213
-129
-3
157
337
471
574
608
571
521
445
379
315
281
283
283
254
237
203
153
76
11
-38
-40
-3
84
158
245
322
403
444
442
453
455
459
452
453
482
443
432
356
222
74
-47
-149
-201
-219
-155
-16
133
293
419
523
552
519
464
367
305
273
263
280
316
332
331
296
237
129
21
-78
-131
-129
-83
0
104
207
311
379
417
423
428
425
423
419
429
425
381
325
232
83
-45
-136
-191
-213
-151
-36
104
255
374
453
482
460
396
345
291
262
297
349
435
463
475
433
328
192
43
-86
-177
-223
-147
-36
84
233
354
432
473
486
477
445
431
440
444
445
429
370
281
157
82
-37
-123
-141
-105
-13
99
220
331
390
408
342
293
271
245
265
341
427
525
575
575
501
346
172
5
-137
-217
-237
-171
-62
80
231
363
448
465
451
423
397
391
404
437
453
455
403
354
277
166
33
-45
-81
-69
-17
73
163
245
295
306
303
273
259
273
317
401
501
583
612
595
523
380
203
22
-128
-195
-186
-122
-6
133
271
377
423
430
382
344
303
289
322
370
414
437
427
411
357
249
124
9
-46
-57
-41
5
72
141
207
221
214
213
238
297
357
454
529
579
596
555
483
326
163
-1
-112
-157
-147
-87
21
137
237
289
305
313
307
259
234
233
283
347
401
478
503
481
411
305
193
63
-19
-64
-67
-47
-1
50
114
174
210
239
296
348
408
470
529
550
561
515
445
330
193
87
10
-45
-46
-8
67
150
224
254
265
260
231
181
184
211
267
341
447
497
567
566
510
399
274
144
28
-50
-92
-89
-35
26
105
165
218
253
283
309
343
389
431
461
479
463
437
365
266
169
95
33
15
17
59
117
148
189
204
179
159
124
140
168
229
325
443
549
602
593
541
418
276
124
3
-86
-111
-93
-33
37
127
213
261
269
273
275
301
297
351
381
447
465
478
440
360
273
182
117
65
41
37
71
102
117
129
103
110
106
115
154
239
359
477
570
631
624
582
457
309
137
-5
-85
-109
-96
-24
81
173
228
251
249
249
201
180
183
260
341
436
513
535
535
501
397
291
190
121
59
47
60
81
85
109
101
113
98
137
187
256
372
483
583
617
638
557
441
293
156
48
-10
2
27
97
173
261
292
259
213
173
108
94
121
213
327
455
551
618
595
546
437
323
213
116
55
39
49
89
89
105
81
88
74
89
137
241
330
430
509
597
593
536
416
285
167
91
16
48
74
138
187
215
208
183
104
47
-4
13
51
153
285
427
551
605
592
540
435
338
215
115
32
35
61
115
141
158
151
142
140
146
174
252
319
418
483
534
536
505
450
383
260
191
157
157
183
210
219
224
169
119
35
2
-20
-6
59
159
306
473
559
638
635
569
443
333
217
123
51
46
53
92
112
137
138
130
107
91
83
138
177
263
345
425
449
453
428
386
305
267
213
193
163
192
185
172
115
54
-1
-28
-53
-25
55
173
292
418
515
591
574
518
424
319
213
135
81
63
89
138
167
185
173
123
85
53
33
47
76
144
252
359
433
467
481
488
416
359
302
280
233
203
183
175
119
93
51
29
15
43
112
215
298
404
507
571
561
523
445
370
269
224
180
188
212
232
263
262
236
195
115
68
16
19
51
123
238
353
437
528
541
540
476
413
320
259
223
189
147
152
141
126
87
46
35
49
73
137
203
328
387
451
467
466
429
367
289
238
214
227
241
268
283
278
219
156
62
-11
-69
-79
-40
57
177
315
431
523
538
538
473
389
296
228
179
155
125
159
167
152
126
99
55
33
42
108
161
253
337
418
467
471
411
362
309
294
270
285
311
337
334
330
246
161
52
-41
-99
-90
-39
47
172
318
434
528
535
503
427
345
257
201
178
180
184
231
248
221
175
113
35
4
-16
14
69
156
235
313
383
413
385
369
340
327
315
332
341
355
352
306
216
121
18
-65
-124
-112
-54
63
182
321
419
491
487
456
390
306
231
221
206
238
275
325
327
281
217
158
65
-2
-53
-49
-9
81
187
275
339
393
385
385
360
355
353
354
346
355
331
300
218
145
80
20
-33
-22
19
120
207
317
391
438
443
401
337
302
264
263
261
301
344
388
381
340
265
196
77
-3
-41
-29
12
92
189
298
362
420
441
466
439
397
369
376
385
397
363
334
278
210
120
67
15
20
43
115
191
263
325
376
374
362
311
287
268
288
317
363
403
427
405
361
275
179
65
-15
-81
-90
-44
70
157
262
331
406
439
433
401
368
345
346
342
337
336
345
307
244
175
131
84
62
46
69
99
145
187
228
259
277
261
269
273
299
323
369
410
434
439
381
283
205
95
-11
-69
-69
-52
21
115
218
287
363
392
379
339
295
265
270
273
300
318
357
359
335
272
199
108
65
15
10
49
99
138
189
237
271
280
319
329
331
379
413
436
455
439
401
315
222
99
10
-36
-47
-20
53
119
214
289
336
345
327
280
238
228
238
258
337
379
396
409
373
312
244
139
64
11
-17
9
71
129
183
225
271
294
313
317
330
338
365
402
433
431
411
341
252
170
94
33
25
33
99
171
231
267
301
293
255
219
211
201
229
294
367
435
494
512
472
396
298
169
57
-16
-43
-15
37
109
190
251
297
314
296
287
299
317
346
380
419
416
405
362
291
214
139
79
50
43
96
148
205
245
253
229
210
189
177
190
246
325
404
483
526
529
499
412
304
168
70
8
-25
-7
51
121
201
252
281
277
259
259
266
277
312
357
417
444
454
427
364
271
195
117
83
73
73
113
146
155
169
169
155
135
129
166
241
321
399
454
506
503
456
369
245
133
48
-2
-19
-9
58
131
197
231
224
209
195
175
161
170
239
298
363
424
438
437
408
358
274
193
141
106
81
107
117
129
147
120
107
113
135
185
237
321
391
467
489
484
473
417
314
213
123
87
73
97
131
180
226
245
227
212
172
143
131
148
209
293
363
429
483
506
483
437
360
274
197
149
98
75
79
105
131
139
139
151
155
177
221
281
342
412
436
437
407
382
321
240
177
126
110
123
153
178
182
180
165
141
118
93
66
96
155
240
316
404
463
485
473
417
335
246
154
97
60
63
90
117
127
137
157
161
150
165
188
238
282
328
383
409
413
391
333
276
238
205
181
172
179
200
199
202
171
143
124
79
74
108
169
279
363
445
515
549
531
470
381
281
181
143
114
112
109
139
177
201
183
166
149
141
150
188
229
299
370
437
466
459
419
379
331
284
244
235
215
229
212
185
158
128
89
63
59
99
156
245
342
444
500
521
496
439
337
263
188
149
142
147
179
221
234
225
193
177
127
102
87
106
149
251
333
400
442
469
446
386
322
296
253
214
196
205
193
165
127
87
65
57
58
96
142
238
334
427
472
501
473
407
321
249
187
175
185
211
233
249
259
270
213
157
84
54
41
60
113
219
289
381
468
479
467
432
368
315
251
229
220
231
215
190
162
129
81
65
37
64
104
185
275
342
396
434
410
388
353
303
251
229
227
265
277
285
265
246
177
127
63
19
-4
10
71
179
281
373
427
471
456
418
370
309
237
221
213
216
220
217
192
180
147
127
99
93
107
147
199
269
327
369
362
355
334
318
281
267
268
303
304
309
278
241
165
100
34
-9
-19
25
71
165
249
354
418
439
427
409
355
304
255
232
221
230
248
236
232
221
168
137
100
87
79
111
135
196
233
304
350
376
363
365
354
357
351
368
347
342
304
285
237
157
83
49
29
55
93
177
247
330
392
433
424
410
352
315
277
269
269
283
271
280
284
261
189
138
78
41
29
53
90
155
212
288
328
342
345
335
325
332
316
320
317
315
286
243
196
137
70
32
3
22
46
107
171
249
290
342
343
339
306
264
253
267
297
325
342
374
331
306
235
157
91
38
7
33
80
152
233
333
367
386
389
384
365
355
319
324
321
329
323
335
289
217
144
119
63
66
81
133
176
247
286
322
307
300
272
275
260
278
311
357
367
395
391
353
267
173
95
40
-5
18
41
123
209
282
334
368
348
347
326
292
277
273
295
341
360
358
315
275
209
153
103
79
77
97
123
195
223
248
245
253
256
256
242
277
319
353
383
417
389
344
267
177
79
23
-13
7
58
127
182
261
308
323
312
289
253
267
247
254
298
345
356
366
327
302
239
172
113
89
70
73
94
148
177
216
223
236
246
259
269
321
337
364
390
421
411
361
280
211
135
84
39
49
95
154
199
247
265
285
262
253
233
226
231
265
306
368
401
413
387
356
285
209
135
85
41
65
89
130
149
197
221
236
240
255
245
278
309
355
368
375
379
347
285
233
157
121
91
88
108
147
185
207
226
233
199
179
157
165
189
226
287
364
383
413
417
386
299
226
152
115
74
73
83
131
163
207
249
272
255
267
277
296
319
357
381
403
395
386
335
292
238
193
166
163
161
167
185
220
235
246
232
214
201
204
223
281
337
395
434
478
445
403
341
269
195
144
85
83
104
169
227
255
268
283
288
283
267
273
284
312
365
415
421
406
376
355
295
237
189
157
145
163
162
166
167
181
181
171
160
173
198
256
321
369
425
455
436
381
320
253
171
113
85
86
108
138
164
202
211
221
185
163
147
149
157
211
267
317
356
397
390
363
313
254
195
170
149
149
160
184
186
199
198
187
179
201
221
253
307
369
413
436
436
387
327
269
200
155
118
109
141
181
207
220
219
213
177
158
129
131
169
211
266
339
379
415
409
383
325
254
208
171
137
136
147
159
174
173
160
157
151
161
180
225
267
319
366
389
396
384
328
273
223
187
170
161
181
198
219
237
227
196
165
127
97
103
144
185
260
341
384
426
434
409
343
277
210
177
155
153
171
187
187
175
174
168
143
157
164
183
244
295
349
383
401
401
367
315
281
255
230
217
241
274
286
263
223
183
147
113
104
103
139
211
293
375
434
459
453
418
379
297
243
220
181
179
201
217
231
233
215
189
169
159
136
150
195
229
289
341
369
381
347
316
315
279
250
245
243
249
236
222
187
145
117
77
74
73
109
193
261
321
376
385
409
389
346
299
259
205
188
193
218
235
237
220
199
173
139
103
101
96
138
179
241
317
364
393
381
343
324
292
267
233
226
233
227
212
189
153
131
109
110
115
141
183
236
295
350
376
373
361
333
282
236
202
209
211
238
236
253
246
216
159
115
70
51
50
90
144
200
265
320
357
380
357
341
317
297
261
239
236
238
235
217
184
171
127
96
80
105
143
191
240
293
323
349
340
325
295
259
229
261
271
283
286
299
293
247
183
145
95
89
64
82
131
206
271
325
366
387
339
326
296
269
245
248
244
255
251
249
235
221
178
144
129
127
146
196
208
248
290
324
320
317
294
285
260
276
286
303
311
311
295
250
197
140
84
71
59
84
121
192
254
313
361
383
363
334
297
283
261
251
253
274
297
309
273
249
213
170
117
111
115
139
175
230
273
309
319
320
297
306
291
286
287
299
308
321
297
281
227
189
134
97
90
115
153
208
257
307
329
339
325
298
263
253
246
275
283
321
325
333
319
271
201
150
111
81
53
97
134
176
233
270
285
304
302
307
275
281
297
331
325
339
309
279
234
199
138
110
102
120
145
199
245
296
310
314
313
299
253
244
247
282
294
326
339
348
327
284
224
179
118
86
73
91
122
180
221
254
253
289
285
278
255
245
265
297
299
307
289
274
236
196
139
129
125
121
149
207
226
264
278
287
289
264
250
272
272
307
321
363
389
390
353
305
257
215
149
126
107
133
173
217
255
290
295
323
299
293
281
292
305
333
335
346
329
348
317
279
226
191
154
137
142
161
177
193
213
219
214
236
224
241
255
279
327
364
392
401
369
339
268
217
168
123
90
116
151
184
211
251
244
267
251
231
217
204
211
259
270
307
335
335
314
295
241
188
147
148
116
115
117
148
175
187
177
190
193
211
228
266
295
337
358
373
349
327
267
231
175
139
114
121
149
191
209
252
261
259
240
227
205
206
225
255
295
351
375
382
359
339
272
221
169
132
131
139
151
197
208
230
243
257
249
249
240
275
301
331
341
361
332
320
279
228
190
180
160
154
165
215
239
255
241
229
213
193
184
201
206
227
265
325
355
372
360
327
276
229
167
136
119
113
139
158
191
228
220
220
211
225
227
238
258
305
325
337
331
337
307
263
221
195
153
150
153
185
212
220
216
207
191
188
157
165
185
246
295
343
381
395
377
348
289
239
190
144
117
123
143
179
207
233
223
221
216
223
225
227
230
279
326
361
373
363
326
295
258
237
198
194
185
184
209
207
195
183
146
154
148
157
181
222
286
325
362
381
370
345
287
236
197
165
158
161
175
216
222
222
219
205
187
176
170
179
213
257
288
325
344
366
353
326
293
259
237
225
214
225
236
246
232
217
188
177
184
187
192
232
276
323
349
367
371
355
307
243
218
215
208
211
221
233
248
233
206
199
180
143
127
154
167
210
263
309
340
350
359
322
286
254
212
191
199
185
179
183
183
179
161
150
145
151
180
219
273
309
338
371
377
359
329
269
236
243
225
229
235
255
273
269
252
226
192
157
138
153
174
223
267
291
340
374
363
337
311
277
247
218
209
218
231
232
238
239
216
189
182
181
195
215
239
296
336
339
349
347
346
310
283
268
261
263
267
277
267
249
235
195
155
141
131
124
152
182
245
297
334
351
353
337
310
265
241
218
221
217
218
245
240
224
210
184
169
149
141
151
191
221
261
300
317
299
305
306
290
262
257
280
289
271
263
245
237
207
157
125
117
121
142
165
224
277
329
358
348
324
316
271
225
219
252
253
255
259
259
254
227
186
157
115
98
122
133
152
200
236
271
292
297
269
271
270
256
246
261
261
274
265
247
208
175
138
130
128
144
174
221
267
300
324
326
312
305
266
239
239
251
275
292
301
307
277
281
251
207
161
131
127
151
179
234
263
303
299
298
295
287
264
269
263
259
255
275
250
232
227
182
149
135
111
116
147
201
229
265
293
301
277
265
241
245
247
259
275
305
310
317
305
274
207
159
133
118
104
138
171
213
253
303
305
309
298
298
282
273
258
272
290
303
293
273
249
231
193
157
142
152
153
191
220
237
236
263
239
256
253
229
233
255
272
291
299
311
294
270
217
169
135
126
116
151
166
206
234
277
279
277
251
227
227
238
228
245
256
272
290
273
259
249
209
201
171
147
161
201
215
225
253
277
267
271
255
255
269
300
309
332
343
349
332
307
265
229
196
176
151
165
181
227
259
283
279
291
270
261
238
254
260
277
306
327
329
340
299
279
239
210
173
149
141
135
148
214
215
220
231
237
225
241
244
257
251
266
278
305
299
265
240
212
157
151
137
159
177
201
228
253
252
244
212
216
200
213
237
268
286
306
313
331
317
307
262
199
162
141
138
149
159
203
223
247
244
246
252
264
251
275
285
301
321
349
343
341
306
284
251
249
221
209
211
247
247
268
265
265
233
226
214
227
239
273
311
364
367
370
356
333
277
245
211
186
175
197
194
235
255
245
261
267
235
236
224
241
250
289
297
317
334
332
274
259
209
191
155
161
168
176
192
206
175
177
161
157
151
161
190
239
254
302
315
327
312
303
254
204
171
147
113
145
164
182
186
207
215
213
184
188
167
200
227
256
274
322
337
347
315
290
245
218
187
189
180
188
189
209
211
215
195
180
171
177
211
249
279
315
339
351
335
325
299
263
219
211
205
220
225
236
241
257
250
236
188
177
171
177
186
216
253
302
327
336
327
303
280
256
227
215
203
204
202
208
199
221
201
174
181
180
187
231
247
282
310
335
330
330
287
249
219
216
199
211
241
259
259
262
245
239
215
202
183
193
224
255
285
329
345
370
363
351
310
285
255
243
216
225
228
249
240
217
208
202
184
195
191
197
218
269
277
308
319
318
269
247
225
217
207
213
215
229
233
229
201
183
158
137
143
153
160
207
247
292
301
315
311
301
270
251
223
211
192
197
200
233
235
226
216
206
181
190
181
199
223
256
289
317
327
333
314
304
271
275
253
248
260
251
239
249
230
210
175
166
156
159
174
213
251
305
323
345
338
324
304
273
246
245
232
242
235
234
232
225
199
169
147
135
121
139
171
189
215
251
279
303
289
287
269
251
227
232
247
280
276
259
235
233
215
193
175
193
195
221
244
271
289
304
296
287
273
239
201
225
229
238
245
253
254
251
247
234
193
173
166
177
189
220
255
290
307
320
317
314
301
277
282
282
273
279
275
271
261
237
207
204
195
177
168
203
227
252
279
287
283
282
275
255
231
235
241
251
278
295
299
286
247
213
185
166
138
138
148
161
197
250
275
289
295
269
256
264
262
254
262
273
294
285
271
246
236
193
148
139
150
156
187
208
245
266
278
294
281
295
288
286
292
297
316
336
315
309
285
246
193
182
178
177
188
211
246
286
315
330
325
303
284
267
249
251
245
254
279
282
272
253
225
191
173
165
154
166
198
209
216
225
239
237
227
223
229
227
233
244
257
267
269
268
250
226
209
169
148
137
147
175
213
237
264
265
283
296
283
269
258
272
290
287
301
311
313
297
259
231
203
173
173
159
189
202
209
218
241
255
241
231
241
241
252
269
275
280
276
259
254
235
193
167
149
152
163
191
201
214
236
247
235
219
211
221
215
217
239
255
284
300
308
301
281
233
207
177
169
167
185
182
209
238
243
241
248
241
230
223
237
254
279
289
278
277
281
241
206
196
181
167
162
195
237
242
248
257
276
268
247
235
268
286
305
317
345
353
353
353
331
278
246
217
209
210
218
214
217
245
264
261
281
270
265
243
254
278
283
300
338
317
291
271
255
238
216
192
192
199
231
225
251
254
244
247
260
254
251
233
269
303
325
301
301
313
294
235
209
175
161
132
137
158
185
202
211
208
218
207
193
184
199
203
218
251
287
285
287
281
255
239
227
192
176
170
190
211
208
185
190
179
190
188
198
175
207
248
285
314
317
298
305
267
245
214
198
184
195
208
236
243
252
237
223
203
199
191
181
193
244
259
283
269
279
277
257
214
197
175
179
169
177
175
193
189
193
167
170
158
170
175
207
220
251
280
303
294
283
256
236
197
199
199
204
199
229
252
265
250
245
239
220
204
220
234
264
287
319
321
334
338
322
278
263
228
218
219
225
253
259
259
264
255
251
234
240
242
258
269
301
295
327
327
330
294
284
259
248
239
245
239
268
249
260
246
217
199
198
191
218
226
257
279
311
337
340
327
316
286
275
243
225
213
224
225
219
203
230
214
219
203
204
218
241
244
257
276
293
282
278
265
254
239
233
228
245
253
252
239
242
212
204
180
172
149
171
189
221
257
291
310
332
318
305
270
268
242
235
237
245
243
263
254
265
239
231
207
198
183
204
235
280
274
292
315
332
311
281
269
271
259
263
245
260
253
250
239
229
205
178
155
159
176
194
219
245
275
292
264
275
261
253
235
213
203
209
206
225
223
229
199
187
173
152
145
147
153
199
218
247
252
263
259
233
212
225
230
243
241
249
242
245
225
229
197
179
154
157
169
175
200
259
281
292
293
295
279
267
273
283
286
288
274
300
294
289
271
245
220
211
201
213
206
249
270
297
309
317
319
321
311
307
281
277
275
281
284
286
268
254
227
205
191
179
179
193
213
237
259
282
277
283
273
267
236
242
243
279
273
283
285
289
270
234
208
196
170
183
184
196
223
251
248
260
260
259
232
231
224
231
230
244
247
259
258
245
207
184
173
163
161
174
171
189
208
237
244
242
217
217
209
220
224
253
251
262
268
261
241
221
190
187
169
166
164
186
205
232
241
253
244
248
228
221
211
208
219
249
267
281
255
253
225
210
187
174
155
155
157
191
197
205
216
229
219
219
210
219
228
243
261
285
275
279
283
262
219
197
182
180
187
203
213
233
235
253
259
260
253
241
240
249
273
313
319
327
314
306
294
268
236
221
213
205
194
211
243
258
260
258
254
259
231
238
235
252
261
261
279
293
281
262
208
219
218
192
186
190
218
243
243
263
255
239
237
245
249
257
253
275
286
311
318
307
280
255
228
201
181
169
168
186
198
215
222
235
249
253
232
228
239
253
282
314
327
335
321
322
285
266
253
234
221
233
235
256
251
249
236
232
229
221
227
218
221
250
277
285
298
289
263
248
224
211
188
177
176
181
188
194
206
221
209
209
190
204
236
247
259
269
277
295
287
273
256
232
203
190
187
186
207
234
226
219
231
237
217
225
227
239
263
291
299
310
310
307
299
281
257
247
226
219
234
241
243
256
264
260
243
227
221
223
231
241
269
296
297
318
331
313
293
279
263
242
228
250
263
253
252
254
251
237
223
213
212
235
245
247
290
314
306
309
311
295
256
241
241
232
231
219
239
262
249
231
213
207
209
195
194
209
230
255
273
294
306
305
309
283
264
245
227
225
213
215
236
225
211
203
193
184
180
189
206
225
238
261
271
261
247
245
229
211
202
192
187
218
237
236
225
211
205
194
195
179
180
188
219
243
271
289
303
289
269
248
235
234
237
230
227
218
240
257
247
231
219
209
197
189
211
211
229
257
269
289
291
261
243
232
218
188
201
208
200
215
225
215
217
202
193
183
191
197
217
237
245
245
259
247
261
243
214
195
209
206
217
221
225
233
229
215
213
203
187
184
202
219
227
232
237
255
275
265
246
223
229
230
231
231
252
255
257
239
243
217
203
207
206
222
240
257
294
309
313
303
296
279
266
250
255
248
247
239
251
253
248
242
233
201
201
182
195
211
242
247
243
267
291
263
262
258
263
250
249
251
267
268
267
255
257
232
201
200
220
209
214
220
242
256
259
253
246
241
248
221
229
244
269
281
294
277
269
257
245
208
192
177
169
187
213
228
269
280
318
307
307
294
275
267
259
246
249
243
263
253
247
230
228
201
199
213
218
207
231
257
277
277
269
247
227
213
228
215
230
247
259
264
273
253
246
242
262
238
231
229
248
268
293
285
303
277
283
260
243
231
251
251
259
259
275
256
236
241
228
221
217
205
215
226
253
252
264
275
276
255
252
242
256
267
269
265
281
272
265
256
245
198
179
158
157
170
205
212
238
256
276
279
277
272
253
230
256
249
265
282
284
284
281
254
251
227
227
200
207
213
217
228
239
226
244
207
204
204
219
226
235
259
292
283
291
268
251
241
219
187
168
175
209
222
255
255
257
243
238
233
238
226
241
233
249
255
261
257
251
234
221
202
198
179
179
194
221
227
236
231
244
232
227
220
213
222
239
233
245
241
243
232
237
223
217
205
207
184
221
222
230
228
231
228
227
214
213
199
224
233
251
273
297
284
303
273
273
259
247
213
209
211
214
215
232
207
213
215
221
216
209
213
223
229
257
254
268
243
234
229
219
182
175
163
187
199
237
242
237
232
246
235
250
238
252
255
289
288
303
302
303
296
291
251
230
216
225
230
247
252
257
259
264
248
242
219
221
230
253
244
243
250
268
276
267
240
241
221
234
202
191
201
221
231
252
240
211
210
223
220
222
227
241
261
272
257
279
287
280
249
231
199
204
215
221
213
243
243
243
245
230
215
221
209
223
227
239
251
281
283
279
258
246
213
226
203
201
212
225
231
233
223
223
221
223
210
219
229
252
245
269
288
299
269
265
275
267
228
215
193
224
249
257
262
250
231
241
233
231
221
244
253
267
271
290
291
311
279
273
263
258
247
255
262
262
250
252
247
245
204
215
223
218
241
271
261
275
281
307
309
289
255
253
239
246
235
235
246
265
277
257
243
243
217
218
211
226
243
271
279
296
291
290
276
273
249
231
224
225
216
238
241
253
248
233
213
208
207
205
205
211
228
260
257
263
249
248
231
215
198
203
194
199
207
211
211
212
201
192
181
190
173
190
207
212
231
262
266
264
247
236
225
207
203
209
207
218
220
240
225
225
232
223
197
210
217
231
228
245
247
255
268
264
254
249
239
240
241
249
250
245
257
260
243
227
208
189
180
183
209
225
233
254
255
262
257
249
237
241
243
240
237
264
283
280
267
275
265
231
213
217
209
218
233
249
266
275
276
287
271
259
247
259
271
253
258
265
258
271
260
251
229
195
197
217
227
247
244
259
279
289
287
278
270
260
250
254
247
253
249
249
255
247
228
221
199
199
193
195
198
223
243
240
242
263
249
239
229
230
242
235
237
244
245
244
247
251
235
209
207
221
225
235
261
274
261
270
277
261
241
233
236
250
253
241
255
281
293
291
271
244
231
224
220
225
238
255
260
263
261
258
271
259
257
246
239
245
253
269
272
264
257
244
227
199
196
194
199
207
211
215
232
237
243
241
240
239
223
237
253
257
262
250
265
265
237
232
214
193
190
185
199
216
235
235
235
239
235
226
232
218
217
215
220
239
247
243
245
233
231
215
214
225
235
233
231
237
250
239
239
235
229
216
221
217
231
227
243
267
273
267
255
235
219
208
217
210
219
244
263
260
247
241
252
250
251
225
229
251
259
257
269
255
265
253
238
223
211
207
213
226
237
239
262
260
255
251
236
230
249
239
244
257
280
289
294
283
271
247
242
223
216
227
227
233
244
245
245
257
276
247
240
246
250
243
253
240
261
285
289
265
253
235
227
217
224
222
235
242
255
256
249
241
243
247
250
234
248
250
258
261
255
269
277
245
216
205
209
208
211
215
217
220
235
220
230
237
227
225
237
236
249
230
241
229
249
248
218
193
213
218
215
225
249
251
250
252
259
242
229
212
230
227
231
245
268
264
266
275
291
273
271
243
255
257
256
262
271
269
280
268
262
259
258
250
245
237
268
278
283
277
285
273
255
237
229
227
227
191
196
208
236
240
239
225
226
207
209
217
233
233
246
252
248
236
245
243
236
229
235
220
226
224
246
239
260
235
222
222
225
212
241
245
265
259
264
279
271
253
264
251
270
233
219
224
249
235
240
246
259
239
249
240
233
217
210
211
221
244
263
255
263
240
238
232
218
219
235
233
237
244
250
220
222
225
228
209
214
217
235
230
249
274
293
276
275
253
267
276
274
259
254
254
263
243
236
230
227
219
220
201
207
205
229
231
258
246
255
261
255
233
222
200
208
207
238
233
224
239
249
231
233
225
221
220
243
249
240
247
252
241
243
227
238
233
221
229
241
251
264
248
262
248
227
203
199
188
191
187
200
220
249
235
253
257
240
227
237
239
257
255
256
266
273
246
249
239
218
212
224
205
229
239
273
264
274
247
250
239
216
195
186
190
211
207
218
223
239
240
243
237
221
206
215
207
223
221
228
240
249
239
257
243
220
202
219
235
239
241
248
239
275
269
255
232
237
243
242
233
261
274
297
281
280
263
255
269
265
267
277
265
281
276
278
262
255
241
242
227
233
235
258
270
273
271
281
287
288
272
291
279
291
289
303
272
271
275
270
241
230
228
241
231
228
221
237
237
254
247
232
220
223
215
224
222
224
222
247
259
245
235
246
229
227
210
221
199
213
228
251
252
245
223
250
229
225
215
219
233
251
256
277
247
261
235
227
233
235
230
237
228
235
239
256
252
262
251
229
212
233
226
241
241
247
249
254
246
237
212
200
191
189
181
197
199
200
191
232
235
223
202
215
229
231
219
229
241
259
269
259
247
242
235
237
231
240
222
235
245
250
251
238
229
238
232
219
216
246
255
257
257
262
254
249
233
224
211
213
211
213
221
233
240
249
234
251
241
215
213
232
229
223
230
263
251
261
271
247
219
219
220
224
221
227
227
232
235
234
224
217
203
218
223
223
219
235
244
254
241
229
214
219
215
209
206
212
207
226
221
230
222
199
194
207
198
195
213
230
241
247
250
247
267
273
259
253
241
239
219
246
246
241
235
236
238
233
232
232
219
227
243
244
268
280
267
259
247
230
232
233
223
209
221
244
237
253
254
232
226
232
218
233
233
238
255
261
290
295
285
268
269
266
270
267
263
260
277
271
271
266
251
251
233
231
230
217
227
245
255
251
259
247
243
257
263
244
231
242
251
264
279
270
271
253
237
233
243
239
236
231
253
266
267
252
241
251
255
249
247
219
235
249
243
234
239
233
217
206
199
187
200
227
247
251
246
248
251
236
228
227
242
229
216
231
261
271
271
262
269
267
267
243
223
242
257
251
257
270
272
263
265
257
249
247
241
236
248
234
228
241
239
219
216
201
193
187
187
188
212
221
233
242
245
241
245
238
237
223
227
243
255
231
263
266
255
237
220
214
211
207
222
213
225
225
243
253
247
236
221
203
235
234
228
227
235
237
236
233
235
207
213
203
209
213
218
227
245
243
251
249
261
264
257
238
231
230
245
249
257
263
269
261
252
239
227
205
211
221
234
235
264
248
245
251
271
239
228
226
230
236
242
239
245
229
235
228
230
218
217
220
215
227
251
237
249
251
241
221
222
227
249
234
249
247
262
261
257
262
267
253
253
238
251
253
266
274
277
274
277
249
255
236
233
221
237
263
270
259
253
237
245
227
219
217
200
198
225
216
206
214
243
233
245
237
234
235
237
210
215
221
225
221
213
219
219
207
213
198
200
190
202
212
225
215
221
219
221
208
197
199
210
227
255
232
244
237
251
233
231
219
239
246
229
240
266
250
252
246
248
239
259
240
239
237
251
252
263
265
263
237
248
236
237
225
223
233
233
245
254
238
275
253
241
223
212
216
221
219
226
226
261
249
251
230
213
201
213
207
217
215
245
236
248
250
255
249
251
229
239
234
261
267
253
244
264
259
249
220
234
238
245
243
250
239
259
255
251
250
259
249
249
242
248
237
267
262
278
272
286
270
259
232
235
219
233
228
230
243
263
263
260
241
235
225
243
244
258
261
273
253
271
262
271
244
221
227
229
218
239
237
247
242
245
227
223
229
233
219
214
205
248
251
253
253
265
257
251
253
264
237
245
237
249
263
270
261
258
237
252
234
224
214
236
232
249
246
269
264
257
237
244
228
206
215
221
201
223
243
232
212
212
202
205
185
190
197
201
207
231
239
241
234
239
228
234
235
228
210
221
222
233
227
233
226
230
224
216
225
230
230
244
224
229
239
242
242
232
206
224
215
230
229
249
235
235
237
229
226
256
231
221
235
239
262
273
270
282
274
271
258
253
245
270
270
259
257
264
260
258
241
238
243
237
209
223
225
245
245
260
266
266
246
250
258
265
243
239
238
250
263
266
263
253
231
241
236
235
233
250
265
249
253
269
253
245
239
217
204
205
219
245
230
245
234
233
224
208
204
206
207
213
216
248
264
263
243
264
271
265
226
231
235
236
221
229
245
262
259
246
229
247
220
213
213
225
227
247
250
262
253
250
241
244
233
247
238
247
247
253
259
255
254
262
257
263
242
229
237
255
250
247
251
265
240
243
233
229
230
233
232
211
211
233
224
209
200
202
209
213
210
214
227
258
253
247
255
241
234
234
229
223
207
214
221
237
237
229
220
224
216
232
212
224
235
238
251
266
267
253
254
264
249
245
237
246
249
254
256
261
262
260
253
236
236
233
245
248
249
270
273
259
255
250
246
239
238
248
248
238
259
261
262
256
254
236
223
223
212
207
211
209
229
249
249
254
256
247
257
249
244
261
261
266
266
270
258
241
233
226
213
209
207
212
211
221
235
241
255
254
255
236
226
229
233
227
229
243
256
244
248
253
236
230
237
213
216
212
222
220
217
223
219
227
224
198
193
204
208
217
227
233
239
227
237
237
226
226
225
233
236
235
243
237
236
229
228
227
225
211
240
235
242
232
245
263
248
238
232
222
232
236
239
238
242
249
246
238
241
223
229
232
230
235
233
222
228
228
254
254
258
251
231
237
236
250
257
248
259
252
250
262
257
257
250
244
281
267
257
260
268
261
253
273
259
226
235
237
235
230
234
233
249
241
233
221
228
221
213
211
225
225
249
252
241
219
226
224
228
207
221
221
233
215
228
235
231
223
234
220
222
211
217
215
232
248
241
228
241
235
249
228
219
212
223
239
246
234
243
213
227
221
230
223
226
211
232
239
239
236
251
243
249
255
250
228
241
237
258
261
264
259
255
247
239
225
237
222
233
235
232
231
243
240
249
252
262
262
266
255
253
253
263
255
271
256
255
245
241
226
229
225
219
203
229
243
252
233
238
229
232
225
233
227
241
227
256
267
268
241
249
237
224
223
255
256
259
262
276
277
275
262
269
265
254
248
255
247
257
257
285
273
273
269
267
257
259
243
243
235
258
251
262
261
259
250
272
244
245
229
236
249
248
240
256
248
261
229
249
250
254
248
253
245
265
247
251
239
255
247
235
235
224
231
262
244
249
249
245
232
233
214
233
223
222
227
224
219
225
219
233
219
213
212
231
231
233
233
249
249
261
228
241
231
213
211
230
214
220
233
245
251
263
259
255
247
252
251
268
258
266
257
275
287
284
285
275
256
262
257
267
251
242
245
262
246
237
223
232
224
223
217
216
231
261
259
258
235
239
231
233
217
219
211
233
219
235
220
228
216
221
222
210
203
204
199
229
215
226
237
244
220
237
240
237
227
233
229
232
226
233
233
246
242
229
210
212
216
226
229
235
227
245
238
245
244
245
213
213
215
222
220
240
238
248
252
249
241
249
238
239
237
246
235
241
239
239
221
234
207
229
225
221
230
237
228
254
252
255
245
251
231
229
235
226
217
242
236
230
219
228
229
240
223
213
207
229
217
236
241
248
237
223
223
236
215
218
219
235
250
255
245
256
255
260
247
241
234
235
238
245
231
240
232
250
244
225
214
232
238
236
232
256
251
247
243
245
230
235
221
215
199
214
234
257
256
241
226
244
216
224
220
216
219
237
233
243
239
243
239
239
223
222
219
220
203
221
232
238
219
223
228
225
208
195
196
229
214
210
221
229
226
239
247
256
241
233
239
256
256
253
241
254
261
255
238
242
235
231
239
244
239
253
248
261
253
258
254
248
249
244
237
239
235
245
250
246
235
240
229
239
231
233
236
256
261
269
257
249
249
283
278
267
263
257
262
280
281
282
263
265
267
265
243
243
237
261
261
261
252
258
261
252
251
256
231
245
247
252
250
251
265
284
275
269
257
257
244
248
244
230
245
260
243
254
243
245
239
242
226
219
224
231
257
262
253
238
235
244
249
237
234
237
231
244
270
272
259
255
249
230
214
215
213
221
206
205
216
227
227
245
229
223
237
229
216
212
225
221
220
223
209
217
226
209
209
245
247
253
247
222
222
236
241
225
211
206
202
223
215
201
201
219
236
224
219
216
226
247
227
211
235
259
253
237
219
221
219
233
238
227
223
217
224
247
255
253
254
234
239
238
223
225
257
257
239
257
256
243
244
247
253
259
247
251
261
253
255
239
259
267
248
227
224
235
267
251
243
252
271
278
253
248
253
249
252
250
249
244
251
265
245
241
244
247
238
224
215
217
212
227
245
245
241
230
239
241
239
242
219
210
233
221
231
238
243
252
253
242
239
222
227
215
234
243
236
246
240
219
213
214
221
216
227
236
232
228
239
231
233
227
221
222
235
228
231
237
251
254
260
250
243
245
251
247
251
230
229
233
259
264
260
256
246
238
250
229
215
239
249
255
263
254
260
255
251
230
231
235
234
243
241
240
262
252
258
256
253
241
225
222
259
250
259
251
258
254
245
222
245
247
248
228
234
239
245
267
261
241
237
219
225
231
228
208
210
215
211
219
241
235
256
247
238
228
237
233
239
237
234
225
225
239
251
270
259
244
244
249
243
244
243
220
234
233
243
227
236
233
227
239
255
255
245
212
215
226
239
235
226
225
247
246
243
233
249
249
239
215
211
234
233
213
239
249
246
255
259
261
252
244
258
245
244
229
231
231
239
245
240
240
250
229
224
215
211
212
235
229
212
200
219
214
209
202
215
212
216
210
228
214
233
228
215
224
235
225
236
222
223
211
232
230
227
233
238
219
231
231
243
241
254
244
257
256
259
250
237
226
225
243
247
238
253
251
254
242
255
251
251
238
223
219
235
237
242
244
249
252
244
228
229
223
242
230
236
247
256
263
268
265
274
267
259
239
247
239
252
266
282
271
277
257
255
259
252
243
241
229
233
233
244
233
241
218
200
186
196
209
227
215
227
227
230
233
245
229
235
219
230
223
228
241
247
252
260
247
259
250
255
256
272
279
305
281
257
269
286
265
269
240
238
231
253
241
253
241
250
258
271
249
253
235
251
237
252
258
274
276
273
269
272
249
253
243
246
236
243
257
267
266
288
281
264
245
240
243
233
231
244
247
264
257
272
282
275
254
267
249
238
224
249
227
229
238
235
225
231
221
226
223
226
206
206
220
238
214
223
213
215
193
211
209
219
216
235
217
220
196
209
209
203
207
199
201
222
226
229
216
225
233
229
207
179
184
214
211
213
216
231
236
235
222
226
227
227
196
203
203
216
217
235
233
235
229
248
231
223
213
228
216
232
227
251
236
222
204
201
200
217
220
222
211
243
249
245
234
235
235
267
252
264
245
260
243
243
247
251
235
259
252
245
248
252
233
246
256
265
253
253
224
227
216
215
221
251
238
249
236
220
213
220
206
189
192
216
223
219
216
218
223
239
243
259
255
267
263
270
260
263
269
279
261
260
253
253
241
244
226
239
245
257
243
263
249
231
249
249
232
236
229
246
228
240
240
247
249
242
247
266
254
252
250
269
263
259
259
263
259
259
255
257
241
249
247
245
241
244
249
264
252
251
239
243
252
239
230
219
237
246
232
236
230
215
221
236
229
234
227
247
264
275
283
285
269
266
251
261
255
260
268
274
260
259
251
259
252
253
263
261
261
248
250
254
252
249
255
254
246
235
226
237
231
238
211
212
224
215
212
207
194
211
216
228
220
221
229
247
230
231
234
246
218
208
216
223
226
227
221
231
218
225
229
257
260
245
237
249
255
253
248
242
240
246
248
231
223
230
229
229
231
243
257
256
263
257
243
228
217
219
221
225
249
267
263
253
252
248
239
242
231
228
245
264
256
255
247
239
237
230
231
245
242
229
227
236
242
236
247
239
231
229
214
206
200
210
214
215
220
228
229
235
233
231
225
235
234
233
245
248
241
236
236
227
233
227
230
237
230
238
249
245
239
239
233
217
214
249
252
261
247
251
260
241
239
241
242
241
215
203
210
217
214
223
235
234
224
217
227
224
228
234
233
254
267
265
265
260
268
255
233
217
222
237
235
248
232
226
241
213
202
207
203
211
212
225
238
250
258
247
251
251
255
249
237
227
228
231
235
235
248
249
235
243
243
239
245
254
235
253
263
267
251
267
272
249
263
266
255
263
273
273
272
268
258
237
245
243
233
228
217
219
234
226
221
224
237
245
243
249
252
255
256
251
256
251
256
260
254
240
248
243
254
247
238
237
247
248
252
239
244
262
259
243
237
234
236
235
263
265
259
245
245
241
243
243
243
239
241
230
234
227
219
229
235
217
226
226
249
249
259
243
259
254
252
233
230
206
212
207
211
214
241
243
257
264
279
271
268
262
255
243
238
226
245
243
240
227
221
231
241
241
258
245
227
232
251
241
228
211
194
202
215
192
201
213
217
223
241
247
251
255
261
243
238
222
217
216
227
219
229
227
241
244
228
227
238
224
241
255
266
257
255
243
233
233
234
217
227
233
257
265
266
266
273
257
262
241
236
223
239
238
245
244
249
255
257
254
265
254
239
246
247
237
252
240
246
242
248
233
225
213
232
227
228
223
241
255
263
259
250
245
262
269
274
258
252
256
251
235
254
253
259
223
212
218
224
219
224
211
223
219
212
200
201
216
229
227
237
253
279
270
265
265
280
268
254
220
227
223
247
235
229
239
255
252
233
206
217
224
241
237
239
251
257
237
246
260
275
245
251
263
269
257
253
259
270
245
254
232
218
221
223
215
233
232
245
253
260
250
238
243
248
231
238
231
246
249
239
241
258
238
219
209
222
213
222
217
229
227
243
235
232
230
236
235
241
248
261
261
265
256
262
252
269
267
259
231
238
234
240
232
229
227
232
244
259
242
250
241
243
232
238
229
238
236
240
221
237
217
217
206
201
203
237
238
259
243
256
247
258
263
255
252
253
245
263
243
243
245
258
255
253
244
249
247
255
237
229
233
243
239
245
239
251
237
262
249
263
268
272
250
257
253
253
245
243
231
225
231
244
241
261
247
263
259
260
259
266
247
248
238
261
268
274
273
271
249
252
229
235
227
236
237
219
204
207
203
216
200
209
205
201
223
229
209
225
223
245
235
229
223
212
209
217
208
225
211
233
239
249
221
207
216
231
218
232
223
229
242
254
249
257
239
249
239
241
225
237
237
227
213
223
213
231
206
215
219
235
238
243
231
252
247
266
249
260
243
263
252
259
250
262
263
273
248
256
267
271
237
241
227
228
230
247
251
251
240
261
246
259
241
236
244
245
237
252
237
249
239
238
233
228
219
210
203
209
209
229
211
219
229
229
219
234
221
231
229
229
219
216
222
237
229
237
215
233
216
213
219
237
247
245
223
234
229
235
225
235
235
237
241
244
244
264
251
249
252
253
242
245
235
208
209
244
251
249
238
243
237
253
252
255
259
265
257
259
261
259
252
242
225
226
233
256
259
267
255
246
245
270
268
275
278
266
248
259
238
249
249
265
260
259
259
249
243
259
253
248
236
235
257
260
249
259
243
258
239
251
259
246
253
267
269
276
260
250
233
243
240
228
215
213
213
223
206
199
211
209
202
197
201
210
207
214
217
219
239
243
248
238
208
221
223
211
201
221
231
230
229
224
211
229
237
233
225
232
238
234
235
232
229
243
236
238
245
249
244
236
234
244
258
265
247
247
243
241
230
246
235
237
251
255
246
235
249
253
233
235
230
236
225
233
236
245
233
236
243
237
221
224
236
224
211
217
236
237
227
217
231
232
222
243
243
244
237
253
255
262
265
260
261
255
242
241
247
245
235
224
232
237
219
220
231
225
215
221
210
217
241
242
238
243
251
261
241
237
249
262
261
258
253
249
239
235
239
240
246
235
217
228
228
242
241
241
249
248
234
251
241
250
243
240
241
236
244
247
245
253
245
247
244
245
235
250
253
260
258
262
269
265
268
270
271
279
258
257
249
262
278
265
253
244
230
235
244
242
243
247
252
267
271
265
243
234
225
243
270
248
236
243
238
251
245
245
243
235
221
218
218
245
237
243
228
223
208
201
220
213
201
204
216
218
220
228
230
235
237
234
233
235
243
242
245
233
246
248
238
235
225
218
213
203
225
225
222
229
225
229
230
221
229
229
220
227
232
229
226
236
245
228
226
222
217
219
230
235
227
223
247
242
242
245
239
235
251
243
235
225
232
245
263
256
239
239
236
239
246
229
245
275
283
279
271
262
256
267
260
234
246
240
228
234
241
249
247
232
231
233
241
221
209
209
213
213
233
225
217
215
227
222
226
237
248
231
234
237
239
237
243
233
246
230
213
207
231
239
229
251
273
263
268
249
247
242
232
231
229
241
233
231
233
225
238
225
206
215
236
229
230
219
229
224
235
235
234
230
227
202
209
223
251
247
251
257
260
263
259
243
253
235
235
236
249
251
257
265
275
250
258
262
259
257
261
247
252
236
235
249
273
254
251
264
263
240
243
236
248
248
268
259
250
235
255
242
232
220
223
211
223
227
221
209
221
224
228
224
237
232
235
229
259
246
266
262
239
235
247
234
233
237
250
240
264
261
245
231
244
246
268
245
242
240
242
250
239
233
261
250
233
245
254
233
215
215
238
235
255
238
256
245
253
259
261
254
249
233
241
239
253
223
234
262
261
252
255
241
240
239
249
233
253
233
237
229
230
224
232
222
227
227
229
226
234
227
227
220
235
217
223
225
241
230
251
247
253
241
229
224
239
228
239
247
249
249
238
237
238
217
218
213
239
229
223
223
237
236
241
228
240
236
236
234
226
218
226
228
231
219
238
229
227
239
247
231
239
241
257
265
268
260
261
255
261
261
251
237
252
251
243
229
237
245
245
224
227
231
256
255
263
257
248
239
276
264
255
249
265
249
252
258
257
243
251
239
235
227
222
206
207
195
217
232
250
221
225
250
273
253
252
242
253
243
245
239
261
262
263
245
263
255
250
227
228
238
231
229
247
229
248
248
257
241
232
225
215
224
250
223
216
211
220
213
221
229
237
234
248
239
236
236
234
230
231
222
219
205
239
219
234
235
226
230
237
217
219
224
239
224
248
261
244
225
247
251
251
240
258
253
259
264
273
271
275
269
268
259
264
248
241
226
221
221
249
235
230
218
234
251
249
237
258
250
226
227
236
240
259
253
252
238
247
226
225
230
226
215
217
217
241
233
243
238
228
232
233
220
231
217
207
216
217
226
225
225
231
212
231
223
234
228
235
228
229
233
239
221
209
205
235
233
227
236
243
221
245
235
242
228
229
221
226
219
243
245
264
255
246
235
234
244
250
252
252
231
254
267
257
239
238
231
247
237
235
227
242
245
246
231
241
238
252
241
238
252
243
246
258
256
281
266
261
245
243
252
263
257
255
225
244
244
241
228
233
223
229
235
232
211
219
219
225
225
224
222
232
215
223
215
219
223
228
228
239
219
219
213
223
226
235
236
219
233
236
231
231
237
245
240
232
233
237
233
239
244
260
235
239
239
257
245
240
215
238
251
232
230
229
232
233
230
237
225
219
213
223
219
218
205
223
218
234
240
241
244
249
250
252
248
261
256
260
258
248
245
247
247
241
224
243
241
229
215
223
235
238
228
220
218
231
242
243
247
243
239
275
283
287
273
274
273
271
254
234
237
226
220
233
225
235
225
226
232
241
234
241
242
268
275
266
254
247
259
262
252
255
240
253
276
269
252
255
260
278
247
228
235
235
235
245
247
244
248
255
253
256
245
235
227
249
246
253
249
253
255
249
245
243
235
234
230
233
240
250
255
261
254
235
210
218
220
215
205
206
227
223
218
214
230
251
250
247
237
239
245
257
242
253
229
209
229
221
217
212
219
217
209
225
227
222
220
210
212
228
223
225
212
215
231
242
252
236
236
237
235
225
229
231
223
232
243
237
227
239
242
228
229
213
221
220
225
216
221
206
221
235
249
243
250
247
235
237
241
256
263
244
231
225
238
231
225
223
234
241
253
259
250
252
243
239
253
241
251
260
252
240
247
262
253
236
255
263
259
256
251
247
247
269
254
243
240
245
241
252
259
255
252
237
224
235
245
235
217
209
216
223
222
225
221
219
211
215
216
226
240
251
242
233
251
253
246
256
253
249
247
268
274
263
255
251
248
252
243
244
259
253
243
247
273
273
253
265
271
252
238
223
237
237
230
247
246
230
221
229
247
239
227
233
222
243
258
257
242
251
265
269
252
241
239
243
262
257
277
277
263
257
251
242
228
226
227
226
231
227
221
231
239
239
252
236
231
240
265
265
258
247
245
235
235
221
220
219
215
213
237
245
238
235
251
249
246
239
229
227
234
223
233
