08292141.PTO
PURA
1994/08/29 21:41:27.2906
100.1603 m/s  
4608 muestras
1895
1882
1849
1816
1805
1817
1835
1834
1826
1818
1815
1817
1829
1840
1839
1813
1778
1748
1734
1738
1755
1768
1781
1794
1803
1804
1798
1796
1801
1828
1853
1857
1843
1819
1806
1816
1830
1815
1782
1763
1800
1862
1899
1889
1858
1838
1835
1829
1814
1796
1780
1788
1796
1810
1829
1844
1851
1834
1796
1755
1744
1778
1836
1863
1863
1859
1860
1860
1829
1794
1762
1742
1730
1723
1731
1748
1752
1761
1776
1803
1823
1833
1836
1825
1806
1802
1801
1791
1784
1799
1811
1825
1837
1853
1832
1792
1774
1770
1772
1776
1791
1818
1833
1842
1840
1819
1792
1761
1723
1694
1689
1720
1765
1798
1824
1846
1883
1902
1893
1871
1861
1845
1832
1797
1758
1727
1722
1751
1796
1837
1865
1873
1865
1836
1799
1759
1719
1685
1676
1693
1734
1780
1807
1839
1879
1908
1932
1927
1903
1864
1827
1819
1814
1805
1798
1794
1794
1779
1773
1778
1770
1775
1778
1774
1774
1769
1749
1726
1713
1713
1716
1731
1766
1800
1829
1849
1833
1806
1772
1758
1773
1791
1797
1788
1790
1819
1848
1852
1842
1822
1817
1817
1808
1787
1759
1734
1729
1740
1772
1801
1819
1822
1807
1805
1814
1825
1827
1819
1806
1810
1818
1825
1838
1859
1881
1876
1831
1793
1759
1749
1764
1758
1728
1693
1689
1718
1750
1789
1818
1840
1841
1833
1834
1843
1849
1853
1851
1865
1889
1886
1873
1854
1849
1847
1838
1814
1797
1790
1788
1789
1795
1825
1840
1817
1769
1738
1735
1732
1726
1720
1725
1759
1791
1810
1825
1859
1880
1883
1869
1862
1863
1855
1837
1799
1760
1749
1760
1776
1779
1781
1803
1820
1806
1776
1745
1732
1722
1694
1689
1705
1734
1783
1827
1878
1915
1937
1939
1908
1868
1830
1808
1822
1851
1867
1876
1868
1844
1825
1806
1805
1795
1782
1760
1735
1728
1733
1733
1739
1749
1773
1794
1785
1759
1754
1782
1829
1856
1880
1894
1904
1903
1872
1835
1807
1775
1743
1733
1749
1781
1808
1827
1824
1796
1763
1747
1734
1727
1721
1746
1779
1790
1793
1801
1821
1851
1884
1912
1921
1912
1899
1882
1878
1864
1843
1814
1797
1780
1761
1734
1710
1713
1730
1740
1744
1758
1781
1801
1833
1855
1850
1831
1814
1806
1810
1818
1833
1853
1876
1910
1922
1913
1887
1858
1839
1831
1836
1833
1820
1809
1793
1788
1777
1753
1726
1705
1702
1712
1726
1758
1804
1838
1843
1823
1797
1810
1839
1856
1848
1822
1801
1812
1824
1835
1826
1800
1796
1798
1805
1805
1786
1772
1759
1751
1739
1718
1710
1735
1777
1822
1854
1858
1853
1841
1845
1856
1872
1892
1909
1934
1970
1993
1995
1975
1947
1930
1912
1864
1796
1724
1683
1673
1682
1654
1597
1543
1510
1493
1516
1559
1613
1669
1719
1766
1799
1824
1865
1897
1911
1909
1891
1881
1876
1856
1828
1800
1793
1796
1808
1849
1890
1906
1930
1969
2002
2016
2018
2051
2098
2144
2188
2206
2209
2190
2169
2144
2076
1962
1825
1684
1555
1430
1300
1178
1105
1084
1088
1097
1135
1199
1274
1375
1486
1609
1720
1818
1896
1934
1939
1932
1914
1907
1924
1985
2098
2222
2312
2361
2389
2400
2373
2321
2237
2114
1979
1875
1791
1729
1668
1603
1554
1526
1535
1548
1552
1553
1575
1634
1721
1802
1873
1911
1889
1812
1669
1498
1321
1168
1084
1084
1143
1228
1348
1510
1699
1871
2015
2134
2262
2388
2484
2534
2545
2519
2470
2381
2245
2087
1931
1796
1678
1596
1560
1589
1670
1787
1907
2020
2095
2112
2077
1971
1812
1635
1453
1294
1172
1083
1024
1009
1063
1153
1263
1410
1605
1829
2044
2224
2402
2583
2729
2823
2840
2780
2632
2427
2195
1957
1726
1521
1362
1278
1268
1292
1322
1346
1391
1460
1533
1612
1682
1750
1818
1873
1900
1883
1810
1717
1632
1580
1556
1537
1529
1561
1621
1718
1840
1996
2171
2328
2447
2520
2538
2503
2413
2303
2188
2069
1954
1831
1691
1546
1398
1269
1165
1089
1065
1118
1265
1467
1675
1864
2000
2076
2093
2045
1962
1846
1722
1639
1601
1575
1580
1621
1679
1736
1784
1866
1978
2096
2204
2281
2336
2385
2441
2489
2489
2403
2233
1999
1758
1550
1380
1258
1176
1134
1147
1205
1307
1429
1545
1635
1683
1710
1732
1754
1778
1777
1747
1721
1704
1684
1657
1628
1622
1638
1704
1882
2133
2399
2655
2865
3002
3066
3044
2933
2714
2430
2119
1824
1571
1339
1136
983
874
794
744
740
806
897
1014
1145
1289
1452
1623
1779
1891
1928
1894
1833
1783
1759
1767
1807
1899
2037
2212
2408
2605
2800
2965
3077
3101
3022
2877
2704
2508
2307
2079
1814
1520
1232
1012
852
724
622
592
649
793
994
1220
1461
1691
1873
1957
1975
1927
1841
1749
1662
1598
1571
1595
1690
1815
1951
2076
2192
2321
2451
2541
2607
2654
2674
2664
2589
2453
2259
2026
1767
1500
1260
1058
896
820
840
946
1111
1299
1498
1664
1792
1871
1903
1909
1911
1892
1875
1858
1824
1777
1709
1633
1560
1514
1515
1590
1741
1941
2135
2308
2449
2548
2578
2523
2390
2225
2035
1841
1669
1519
1397
1309
1269
1295
1338
1390
1460
1536
1627
1721
1826
1937
2030
2114
2171
2189
2156
2075
1951
1802
1632
1490
1372
1304
1300
1351
1443
1566
1692
1809
1900
1954
1977
1967
1939
1895
1851
1838
1850
1868
1879
1845
1784
1709
1654
1654
1713
1832
1993
2160
2326
2460
2542
2540
2449
2295
2089
1851
1632
1444
1292
1177
1105
1096
1119
1162
1228
1308
1407
1525
1652
1772
1887
2006
2131
2217
2252
2234
2162
2058
1928
1811
1740
1720
1734
1785
1874
2013
2143
2225
2249
2226
2156
2058
1946
1829
1713
1628
1581
1559
1531
1472
1401
1352
1321
1322
1366
1449
1590
1761
1949
2096
2182
2220
2201
2141
2053
1946
1842
1762
1716
1713
1737
1757
1782
1804
1820
1847
1903
1978
2033
2062
2082
2095
2110
2108
2056
1968
1847
1711
1565
1423
1300
1217
1204
1290
1436
1614
1777
1913
2029
2104
2127
2107
2062
2027
1995
1957
1914
1841
1744
1657
1591
1562
1565
1602
1681
1794
1925
2043
2121
2183
2208
2189
2112
1974
1799
1625
1483
1371
1286
1236
1239
1275
1357
1444
1547
1665
1780
1886
1993
2075
2150
2196
2211
2201
2163
2109
2037
1946
1837
1731
1653
1630
1635
1673
1734
1822
1938
2038
2101
2105
2065
1996
1896
1797
1726
1694
1684
1665
1617
1544
1472
1409
1386
1402
1476
1600
1741
1892
2033
2149
2201
2178
2107
2013
1877
1726
1583
1485
1446
1461
1521
1593
1679
1787
1902
2003
2080
2118
2136
2138
2132
2129
2107
2076
2029
1962
1866
1741
1617
1518
1427
1348
1301
1302
1387
1528
1674
1786
1848
1903
1922
1918
1903
1879
1850
1832
1809
1779
1752
1739
1746
1748
1759
1792
1857
1949
2058
2175
2293
2367
2385
2325
2213
2067
1897
1740
1595
1465
1373
1314
1289
1285
1296
1340
1419
1505
1599
1681
1751
1805
1850
1922
2006
2074
2098
2069
2009
1917
1801
1684
1582
1518
1513
1568
1696
1853
1996
2098
2152
2185
2171
2106
2020
1940
1866
1819
1766
1705
1642
1592
1571
1545
1521
1518
1558
1647
1764
1869
1954
2015
2068
2095
2070
2004
1905
1799
1706
1627
1589
1575
1586
1622
1667
1709
1753
1799
1854
1892
1940
1994
2035
2076
2112
2130
2133
2107
2055
1958
1815
1664
1543
1466
1459
1520
1632
1774
1906
2014
2064
2069
2050
2020
1978
1915
1850
1804
1783
1766
1737
1680
1626
1587
1580
1612
1689
1794
1889
1953
2011
2081
2148
2180
2151
2061
1958
1838
1737
1653
1577
1539
1529
1560
1609
1664
1726
1780
1835
1893
1940
1979
2016
2048
2085
2091
2071
2018
1929
1819
1696
1578
1485
1421
1398
1439
1539
1686
1828
1933
2002
2018
1981
1914
1824
1738
1670
1645
1651
1668
1692
1697
1694
1687
1668
1664
1693
1738
1806
1892
1967
2030
2057
2048
2018
1970
1923
1860
1778
1688
1594
1514
1487
1527
1610
1685
1747
1805
1836
1860
1883
1906
1932
1965
2012
2047
2045
1995
1901
1788
1686
1590
1524
1495
1496
1542
1618
1695
1776
1869
1963
2028
2028
1994
1941
1902
1870
1822
1776
1740
1702
1672
1656
1654
1662
1664
1658
1669
1711
1784
1857
1907
1950
1974
1995
2003
1959
1874
1758
1652
1585
1555
1561
1571
1589
1630
1708
1817
1909
1953
1969
1972
2002
2036
2050
2046
2020
1967
1894
1782
1657
1556
1477
1438
1447
1506
1619
1752
1867
1953
1994
2013
2009
1991
1968
1948
1945
1944
1923
1883
1828
1782
1757
1732
1698
1691
1721
1788
1852
1922
1987
2050
2093
2084
2030
1937
1812
1687
1575
1468
1397
1368
1390
1452
1537
1633
1724
1797
1852
1901
1937
1972
1995
2023
2038
2043
2037
2010
1955
1866
1746
1645
1578
1533
1517
1533
1596
1698
1811
1907
1970
2008
2009
1972
1917
1858
1812
1786
1759
1734
1707
1670
1654
1660
1690
1731
1776
1824
1877
1923
1979
2006
2023
2034
2028
2001
1937
1842
1741
1662
1595
1538
1509
1536
1585
1643
1715
1796
1878
1943
1984
1996
1988
1997
2005
1983
1954
1912
1852
1770
1684
1610
1571
1559
1572
1620
1686
1784
1884
1981
2051
2075
2066
2023
1970
1926
1882
1843
1816
1803
1809
1798
1769
1728
1685
1658
1661
1689
1750
1818
1874
1911
1931
1936
1912
1883
1832
1757
1693
1658
1627
1596
1580
1596
1649
1718
1794
1849
1890
1947
1993
2026
2028
2013
1995
1979
1957
1905
1824
1751
1691
1638
1605
1591
1608
1630
1660
1702
1764
1816
1853
1869
1884
1888
1874
1860
1829
1806
1796
1786
1781
1785
1771
1760
1741
1741
1778
1813
1841
1873
1924
1996
2052
2074
2065
2018
1949
1856
1757
1675
1608
1571
1570
1589
1640
1712
1804
1901
1945
1944
1929
1910
1889
1867
1847
1833
1802
1771
1725
1669
1610
1544
1488
1464
1476
1549
1657
1769
1863
1917
1948
1966
1976
1998
2010
1994
1974
1937
1890
1841
1799
1780
1764
1749
1741
1718
1724
1757
1794
1830
1855
1885
1906
1907
1895
1866
1821
1758
1681
1598
1529
1491
1507
1558
1630
1710
1793
1865
1907
1914
1912
1916
1928
1944
1952
1958
1951
1922
1877
1800
1711
1635
1597
1599
1615
1654
1711
1785
1865
1936
1990
2029
2024
1970
1891
1812
1764
1743
1730
1722
1708
1697
1698
1686
1663
1634
1618
1636
1685
1754
1820
1875
1927
1962
2003
2021
1982
1905
1803
1725
1680
1655
1655
1698
1763
1848
1934
1999
2026
2015
1995
1977
1943
1908
1873
1829
1786
1721
1667
1613
1557
1506
1485
1502
1556
1617
1701
1776
1848
1916
1972
1999
1992
1963
1942
1925
1905
1870
1832
1802
1791
1788
1794
1789
1772
1766
1775
1799
1818
1834
1858
1877
1886
1881
1862
1838
1803
1753
1699
1644
1598
1564
1567
1613
1696
1806
1912
1979
2015
2024
2010
1986
1947
1910
1884
1871
1869
1840
1799
1754
1710
1670
1630
1601
1599
1626
1696
1769
1826
1873
1906
1930
1944
1941
1920
1889
1850
1807
1765
1734
1715
1691
1676
1668
1669
1678
1690
1722
1789
1852
1897
1912
1908
1914
1916
1895
1852
1784
1710
1648
1603
1587
1591
1651
1756
1854
1933
1964
1969
1947
1914
1906
1911
1903
1879
1857
1857
1856
1832
1791
1735
1685
1671
1692
1719
1736
1758
1823
1901
1971
2013
2022
2008
1987
1967
1939
1903
1850
1810
1765
1714
1658
1616
1605
1610
1640
1691
1750
1814
1854
1872
1884
1893
1897
1907
1893
1854
1784
1698
1630
1588
1589
1628
1700
1769
1824
1884
1951
2001
1999
1940
1882
1852
1843
1848
1850
1826
1806
1794
1782
1751
1716
1713
1726
1741
1761
1774
1813
1865
1909
1938
1953
1968
1981
1969
1942
1898
1857
1830
1796
1765
1739
1709
1684
1671
1682
1712
1735
1760
1774
1803
1847
1898
1916
1910
1887
1860
1824
1762
1704
1649
1606
1601
1629
1692
1777
1861
1938
1973
1955
1913
1854
1819
1798
1783
1776
1774
1786
1805
1796
1758
1690
1616
1563
1550
1583
1667
1781
1880
1938
1974
2001
2003
1989
1955
1916
1880
1833
1779
1737
1708
1689
1677
1677
1689
1713
1763
1825
1861
1883
1890
1902
1925
1931
1926
1904
1863
1813
1761
1732
1718
1715
1731
1765
1815
1876
1931
1960
1969
1953
1932
1894
1850
1815
1793
1775
1745
1714
1694
1672
1627
1574
1537
1544
1582
1642
1713
1775
1824
1866
1904
1958
2002
2020
2019
2002
1964
1902
1836
1774
1710
1659
1647
1660
1689
1720
1763
1822
1868
1884
1883
1889
1904
1911
1894
1868
1814
1751
1692
1645
1614
1610
1652
1724
1790
1852
1898
1923
1924
1894
1871
1857
1841
1833
1822
1786
1756
1738
1752
1777
1780
1764
1736
1710
1696
1683
1692
1746
1814
1882
1933
1973
1996
1984
1956
1916
1863
1801
1743
1689
1635
1604
1608
1640
1684
1717
1743
1780
1822
1847
1880
1892
1886
1867
1851
1841
1839
1831
1810
1761
1698
1664
1675
1737
1799
1858
1921
1972
1997
1979
1937
1894
1852
1814
1785
1764
1765
1770
1767
1748
1717
1683
1665
1652
1666
1696
1751
1824
1908
1979
2026
2049
2059
2037
1977
1903
1816
1746
1712
1690
1677
1660
1667
1688
1709
1733
1768
1797
1819
1818
1818
1826
1844
1865
1864
1843
1821
1784
1749
1735
1743
1772
1794
1805
1810
1812
1825
1844
1865
1894
1914
1931
1929
1902
1865
1833
1799
1775
1743
1721
1714
1696
1674
1659
1672
1711
1770
1827
1880
1916
1966
1999
2026
2031
2000
1947
1884
1819
1765
1718
1682
1659
1658
1695
1752
1802
1841
1865
1871
1875
1891
1933
1974
1985
1960
1914
1870
1824
1757
1700
1671
1674
1694
1730
1792
1849
1883
1901
1902
1891
1870
1838
1812
1790
1768
1749
1717
1706
1699
1688
1680
1673
1673
1675
1678
1705
1765
1829
1886
1920
1950
1966
1961
1955
1932
1911
1885
1834
1765
1698
1646
1637
1637
1660
1698
1747
1796
1837
1859
1856
1842
1831
1824
1815
1836
1861
1844
1793
1727
1671
1641
1632
1648
1687
1754
1830
1874
1903
1905
1896
1885
1865
1845
1818
1770
1738
1720
1714
1707
1686
1688
1685
1683
1708
1763
1821
1866
1884
1892
1895
1888
1893
1910
1920
1916
1879
1841
1799
1766
1738
1704
1672
1650
1662
1702
1734
1764
1809
1847
1868
1872
1874
1891
1899
1895
1886
1875
1854
1803
1756
1748
1745
1747
1754
1753
1771
1814
1855
1867
1859
1859
1879
1881
1862
1837
1834
1841
1817
1777
1706
1638
1599
1612
1654
1709
1746
1792
1856
1924
1977
1997
1996
1990
1964
1927
1870
1800
1730
1671
1631
1622
1627
1665
1727
1787
1821
1816
1814
1817
1832
1856
1884
1908
1906
1883
1852
1807
1760
1735
1733
1769
1798
1807
1807
1808
1825
1845
1861
1879
1900
1907
1896
1870
1834
1813
1808
1788
1759
1721
1707
1713
1727
1747
1757
1789
1832
1871
1901
1908
1921
1926
1917
1906
1879
1845
1819
1798
1776
1760
1740
1736
1738
1750
1777
1799
1816
1819
1814
1803
1793
1798
1818
1849
1900
1944
1962
1944
1889
1825
1779
1757
1749
1738
1728
1737
1758
1801
1842
1873
1882
1881
1890
1889
1870
1836
1795
1755
1715
1686
1683
1694
1701
1715
1729
1752
1781
1807
1853
1907
1950
1969
1956
1924
1884
1828
1778
1743
1710
1696
1688
1676
1667
1667
1692
1718
1744
1766
1789
1817
1847
1855
1857
1841
1832
1841
1854
1859
1828
1776
1748
1730
1716
1708
1713
1748
1793
1835
1873
1895
1897
1891
1876
1862
1838
1809
1785
1741
1695
1647
1611
1601
1616
1669
1747
1817
1860
1878
1890
1907
1921
1919
1902
1883
1873
1875
1866
1843
1785
1741
1694
1659
1648
1669
1724
1776
1793
1780
1763
1756
1777
1814
1840
1844
1822
1821
1839
1862
1867
1847
1809
1759
1702
1667
1659
1674
1697
1725
1770
1837
1903
1961
1977
1955
1893
1826
1761
1701
1665
1657
1667
1684
1693
1702
1739
1785
1824
1865
1897
1914
1923
1914
1917
1920
1919
1908
1874
1831
1760
1693
1656
1634
1620
1619
1633
1660
1690
1722
1779
1814
1840
1858
1861
1878
1900
1911
1902
1865
1817
1770
1740
1739
1749
1751
1757
1770
1798
1834
1869
1908
1925
1931
1925
1899
1853
1807
1762
1732
1717
1717
1732
1738
1736
1734
1758
1804
1838
1861
1881
1908
1938
1946
1944
1930
1895
1857
1819
1777
1749
1721
1704
1709
1726
1745
1754
1760
1769
1789
1823
1842
1837
1835
1854
1894
1933
1951
1965
1960
1925
1876
1824
1781
1756
1741
1752
1790
1828
1852
1869
1880
1892
1881
1864
1842
1808
1769
1726
1696
1678
1680
1713
1771
1834
1874
1883
1899
1927
1949
1947
1911
1869
1861
1866
1866
1846
1812
1792
1778
1770
1750
1711
1691
1697
1709
1742
1775
1803
1829
1856
1888
1907
1928
1946
1951
1949
1940
1915
1904
1873
1830
1782
1734
1714
1724
1741
1746
1744
1750
1760
1771
1781
1792
1799
1802
1775
1754
1730
1703
1693
1698
1715
1741
1762
1776
1793
1829
1872
1885
1879
1873
1869
1864
1877
1891
1887
1843
1776
1714
1668
1648
1646
1642
1652
1679
1729
1779
1797
1803
1813
1824
1835
1850
1866
1862
1852
1869
1886
1880
1848
1800
1777
1772
1754
1730
1716
1739
1779
1816
1849
1868
1861
1834
1803
1781
1770
1770
1785
1797
1791
1784
1790
1818
1834
1824
1820
1815
1812
1798
1781
1785
1815
1843
1883
1916
1926
1907
1852
1770
1673
1603
1598
1625
1660
1700
1759
1841
1901
1925
1911
1874
1844
1844
1869
1894
1893
1876
1860
1827
1789
1746
1713
1695
1701
1724
1768
1807
1835
1841
1827
1821
1823
1844
1865
1865
1829
1776
1733
1721
1730
1751
1771
1793
1820
1838
1850
1863
1847
1821
1798
1779
1775
1779
1810
1843
1836
1803
1772
1760
1748
1721
1701
1702
1706
1734
1746
1753
1766
1793
1841
1882
1908
1927
1936
1939
1928
1884
1842
1810
1782
1750
1711
1673
1645
1630
1648
1691
1744
1796
1836
1877
1890
1874
1842
1807
1785
1779
1777
1785
1775
1769
1786
1811
1833
1856
1876
1891
1884
1862
1839
1829
1833
1842
1850
1848
1826
1799
1788
1787
1774
1762
1736
1722
1736
1770
1801
1820
1839
1858
1877
1903
1924
1925
1915
1907
1895
1862
1824
1801
1795
1793
1783
1765
1760
1761
1764
1767
1776
1791
1815
1837
1879
1909
1924
1911
1870
1841
1821
1795
1763
1729
1716
1736
1785
1828
1852
1859
1874
1874
1866
1833
1795
1774
1776
1792
1819
1820
1819
1811
1789
1762
1734
1713
1708
1708
1710
1724
1747
1784
1816
1846
1866
1873
1879
1875
1876
1869
1845
1811
1795
1759
1737
1729
1737
1767
1787
1805
1814
1831
1848
1860
1859
1846
1830
1820
1804
1778
1765
1766
1768
1767
1765
1771
1772
1766
1756
1766
1797
1802
1799
1801
1813
1825
1831
1835
1854
1850
1811
1753
1706
1681
1683
1697
1719
1735
1759
1798
1825
1842
1847
1857
1877
1885
1879
1875
1850
1814
1779
1764
1762
1755
1741
1742
1751
1755
1757
1754
1762
1762
1760
1765
1775
1800
1821
1846
1859
1838
1824
1825
1824
1805
1777
1762
1771
1787
1800
1801
1792
1807
1822
1839
1861
1876
1895
1896
1874
1821
1767
1734
1717
1698
1686
1689
1708
1733
1751
1772
1798
1829
1885
1945
1976
1969
1942
1941
1943
1933
1909
1879
1850
1836
1818
1799
1783
1772
1769
1767
1766
1761
1761
1776
1793
1799
1806
1804
1794
1772
1756
1765
1783
1795
1797
1781
1771
1783
1810
1850
1864
1865
1856
1835
1810
1805
1821
1833
1829
1824
1824
1803
1768
1721
1691
1686
1688
1695
1721
1759
1811
1836
1844
1860
1877
1882
1877
1860
1862
1851
1844
1834
1832
1822
1781
1727
1681
1663
1688
1732
1770
1800
1829
1850
1886
1917
1934
1915
1872
1831
1802
1792
1791
1798
1825
1844
1863
1879
1885
1890
1893
1885
1878
1864
1850
1836
1823
1837
1830
1791
1739
1708
1706
1729
1722
1704
1685
1676
1694
1712
1746
1805
1866
1910
1942
1965
1984
1963
1937
1907
1864
1817
1772
1738
1710
1684
1674
1681
1694
1712
1725
1752
1802
1836
1843
1829
1817
1816
1814
1814
1825
1837
1861
1881
1891
1889
1872
1857
1851
1833
1809
1787
1777
1786
1809
1838
1849
1842
1818
1776
1733
1703
1682
1666
1644
1627
1656
1715
1761
1797
1837
1879
1908
1926
1933
1939
1936
1914
1857
1800
1756
1726
1711
1703
1714
1724
1737
1756
1772
1775
1774
1752
1747
1755
1768
1789
1813
1854
1879
1869
1857
1848
1830
1816
1812
1823
1826
1806
1790
1782
1782
1793
1801
1817
1809
1802
1817
1841
1856
1851
1830
1817
1794
1754
1697
1657
1653
1677
1709
1748
1778
1819
1871
1910
1927
1913
1875
1849
1826
1793
1752
1710
1682
1667
1665
1696
1722
1730
1741
1752
1749
1737
1734
1753
1783
1807
1819
1824
1833
1837
1846
1856
1842
1828
1826
1836
1851
1846
1816
1766
1720
1708
1712
1713
1723
1747
1772
1792
1802
1813
1818
1805
1783
1754
1745
1761
1780
1797
1800
1818
1847
1884
1918
1950
1961
1958
1947
1941
1920
1871
1826
1767
1713
1678
1662
1662
1667
1691
1751
1815
1841
1835
1815
1825
1862
1905
1934
1922
1899
1873
1848
1827
1813
1806
1797
1787
1798
1804
1784
1758
1734
1742
1788
1828
1862
1870
1862
1854
1844
1813
1775
1731
1699
1691
1713
1764
1792
1802
1804
1821
1861
1889
1892
1889
1883
1869
1847
1829
1824
1808
1779
1748
1737
1756
1765
1753
1730
1699
1681
1686
1703
1735
1787
1853
1913
1946
1955
1953
1942
1926
1909
1877
1838
1809
1791
1789
1788
1809
1823
1830
1817
1789
1786
1811
1836
1857
1864
1870
1879
1862
1827
1800
1790
1788
1768
1759
1786
1809
1832
1847
1847
1868
1900
1917
1918
1895
1860
1813
1776
1741
1720
1716
1716
1714
1725
1755
1778
1785
1769
1757
1768
1783
1809
1824
1829
1831
1851
1881
1906
1903
1863
1819
1803
1789
1760
1725
1697
1699
1723
1752
1761
1768
1782
1806
1821
1813
1812
1821
1826
1805
1765
1744
1740
1752
1766
1776
1790
1808
1816
1819
1819
1825
1847
1879
1906
1913
1902
1897
1889
1872
1845
1825
1812
1794
1767
1760
1769
1779
1763
1761
1787
1813
1834
1860
1882
1903
1902
1868
1824
1789
1778
1770
1747
1730
1753
1802
1837
1829
1798
1778
1767
1766
1766
1781
1796
1805
1811
1814
1830
1842
1831
1817
1814
1812
1803
1796
1792
1809
1813
1811
1812
1832
1872
1902
1922
1921
1881
1825
1783
1775
1791
1801
1798
1793
1788
1790
1798
1793
1783
1765
1769
1787
1810
1821
1831
1857
1865
1857
1849
1836
1827
1817
1799
1782
1767
1756
1747
1748
1756
1752
1747
1751
1764
1771
1778
1776
1777
1786
1781
1772
1770
1768
1790
1798
1788
1751
1709
1691
1705
1734
1766
1800
1842
1866
1867
1858
1846
1823
1812
1803
1799
1787
1762
1739
1715
1711
1715
1734
1754
1779
1797
1824
1842
1857
1851
1827
1814
1812
1813
1823
1825
1828
1829
1829
1843
1847
1837
1812
1790
1789
1774
1753
1746
1749
1764
1786
1802
1828
1835
1811
1786
1773
1777
1763
1729
1718
1742
1796
1855
1894
1916
1901
1881
1863
1847
1834
1817
1804
1797
1786
1782
1785
1792
1802
1807
1798
1779
1743
1705
1714
1766
1812
1836
1837
1852
1878
1916
1942
1941
1940
1920
1878
1823
1760
1710
1683
1686
1720
1764
1796
1825
1845
1851
1823
1783
1755
1757
1776
1791
1786
1777
1771
1763
1780
1795
1815
1838
1857
1872
1875
1879
1895
1907
1904
1869
1819
1778
1746
1732
1755
1788
1827
1835
1812
1792
1781
1780
1766
1730
1706
1717
1759
1830
1886
1918
1930
1931
1937
1939
1921
1883
1826
1769
1736
1724
1747
1772
1777
1769
1752
1752
1774
1806
1832
1829
1799
1772
1759
1765
1777
1784
1805
1823
1836
1825
1798
1786
1779
1782
1801
1810
1819
1832
1842
1862
1867
1869
1873
1862
1820
1752
1691
1667
1660
1658
1670
1695
1732
1766
1791
1811
1829
1841
1862
1873
1876
1871
1883
1888
1870
1825
1767
1711
1689
1698
1733
1782
1806
1806
1808
1812
1812
1791
1762
1746
1748
1774
1806
1843
1870
1863
1864
1883
1893
1896
1884
1861
1843
1832
1829
1820
1806
1810
1817
1825
1825
1813
1791
1755
1730
1715
1684
1687
1702
1717
1730
1760
1782
1793
1791
1801
1841
1889
1923
1927
1918
1917
1918
1902
1848
1773
1722
1715
1730
1740
1737
1725
1717
1710
1709
1722
1747
1757
1754
1760
1787
1816
1835
1831
1823
1825
1841
1878
1894
1881
1850
1826
1809
1792
1775
1766
1752
1744
1741
1745
1769
1779
1781
1784
1793
1809
1818
1804
1782
1761
1755
1751
1731
1719
1727
1773
1832
1875
1921
1981
2014
2021
1997
1951
1875
1782
1721
1701
1718
1740
1754
1759
1745
1726
1720
1732
1765
1806
1849
1890
1895
1885
1874
1864
1844
1809
1770
1766
1793
1803
1796
1787
1812
1842
1852
1842
1818
1780
1761
1764
1779
1793
1789
1792
1798
1810
1814
1810
1785
1772
1771
1770
1757
1764
1802
1857
1905
1922
1919
1933
1951
1963
1956
1912
1863
1806
1752
1712
1668
1653
1668
1688
1685
1676
1705
1769
1833
1877
1894
1906
1910
1893
1868
1856
1861
1879
1900
1906
1885
1851
1831
1835
1829
1809
1775
1738
1721
1715
1722
1739
1744
1748
1748
1758
1771
1770
1773
1778
1780
1766
1739
1729
1743
1790
1846
1881
1887
1879
1864
1864
1850
1807
1782
1763
1757
1749
1723
1702
1693
1682
1694
1712
1720
1718
1712
1723
1756
1801
1842
1859
1863
1857
1860
1883
1883
1859
1824
1793
1776
1786
1810
1828
1799
1751
1731
1741
1766
1794
1819
1819
1799
1789
1787
1782
1777
1769
1772
1801
1833
1861
1879
1870
1849
1818
1800
1809
1822
1828
1834
1859
1881
1867
1833
1799
1754
1732
1736
1747
1757
1763
1765
1759
1746
1739
1738
1759
1779
1790
1813
1850
1872
1893
1915
1923
1923
1892
1856
1832
1821
1818
1796
1780
1779
1782
1794
1798
1785
1791
1808
1831
1840
1815
1794
1787
1786
1777
1775
1784
1790
1802
1833
1862
1890
1890
1855
1807
1773
1768
1797
1826
1860
1883
1875
1844
1804
1774
1765
1751
1742
1731
1718
1726
1743
1780
1806
1798
1774
1759
1778
1832
1888
1919
1929
1922
1913
1882
1830
1790
1762
1759
1750
1740
1744
1764
1784
1812
1821
1815
1801
1785
1784
1790
1800
1802
1781
1765
1771
1796
1802
1775
1749
1742
1754
1767
1791
1828
1876
1920
1944
1954
1938
1900
1824
1767
1749
1760
1788
1793
1783
1773
1768
1776
1794
1794
1790
1791
1778
1748
1731
1751
1798
1828
1847
1867
1873
1877
1857
1839
1799
1740
1702
1700
1720
1737
1745
1758
1781
1803
1816
1827
1845
1840
1800
1769
1747
1756
1780
1791
1792
1790
1811
1857
1891
1894
1878
1867
1877
1883
1876
1857
1813
1781
1785
1808
1819
1795
1776
1783
1790
1777
1758
1745
1748
1743
1754
1774
1797
1817
1828
1828
1839
1851
1872
1891
1887
1874
1860
1840
1818
1804
1795
1785
1784
1811
1839
1843
1827
1805
1812
1820
1822
1799
1762
1743
1749
1755
1764
1773
1783
1797
1808
1827
1840
1830
1828
1829
1826
1830
1836
1855
1838
1788
1752
1758
1786
1813
1820
1819
