05280216.PTO
MINE
2010/05/28 02:16:26.4601
100.0000 m/s  
9716 muestras
454
449
443
432
433
423
419
425
421
422
426
397
391
383
375
370
367
380
383
391
398
403
409
413
409
417
413
423
429
433
431
449
455
451
436
425
417
402
403
392
400
403
410
418
419
421
419
416
413
414
409
403
404
411
407
404
401
392
415
407
412
417
416
417
422
424
423
415
413
404
403
405
406
420
427
428
434
415
397
384
376
381
385
404
407
406
420
417
409
407
389
398
403
404
415
423
435
432
416
401
391
394
391
391
409
405
429
433
432
440
427
417
417
402
401
406
411
415
423
429
427
428
418
412
411
408
401
403
382
389
375
380
379
386
397
411
410
427
428
429
423
418
409
387
373
375
385
389
406
416
417
418
426
429
422
417
418
420
420
425
437
443
458
450
453
433
416
409
401
400
415
403
403
409
398
402
391
386
369
389
394
406
415
415
414
421
415
422
428
431
436
435
431
444
434
431
433
430
429
429
440
445
448
439
432
428
417
401
399
396
399
394
399
403
409
404
403
410
429
425
431
426
413
412
399
377
375
361
367
372
376
400
403
417
415
419
414
405
398
405
398
419
420
425
431
437
444
440
447
443
445
443
425
412
403
385
383
386
385
401
413
419
423
413
415
399
398
389
388
387
371
370
375
381
392
398
401
413
414
422
425
425
428
426
426
425
423
435
419
421
427
428
429
429
428
426
423
418
417
409
398
392
391
395
399
415
417
435
448
455
451
450
447
437
437
439
437
439
445
437
441
432
427
418
423
427
418
409
415
406
404
398
395
398
396
407
406
403
409
401
407
414
415
430
416
433
437
426
413
397
397
391
388
418
423
429
433
427
421
414
405
393
383
385
379
388
387
390
400
416
423
441
440
458
457
450
442
431
430
421
417
422
421
426
431
421
427
421
417
407
401
382
371
371
373
376
389
390
390
400
405
402
391
382
378
390
401
411
413
419
422
419
418
425
425
431
451
448
454
458
447
439
437
418
417
397
397
401
403
411
418
413
431
424
429
403
388
391
373
381
387
393
407
417
411
415
408
411
400
396
393
391
389
390
387
390
394
397
399
408
418
421
423
423
423
421
420
419
419
427
427
423
431
429
421
405
405
393
385
369
376
375
375
379
371
385
387
380
397
389
395
396
407
413
420
433
437
445
449
452
462
465
467
463
455
450
438
433
425
404
401
392
372
380
377
377
379
367
371
365
367
370
369
379
384
379
385
395
401
415
423
436
435
445
439
443
437
428
436
438
440
439
429
417
409
401
393
389
385
391
383
393
391
393
404
405
407
409
413
417
416
427
429
431
431
427
431
437
427
433
444
440
426
421
417
416
411
403
395
393
394
387
396
400
420
424
418
427
420
425
423
423
423
413
417
411
398
400
403
403
403
401
408
414
417
415
406
403
389
383
377
367
387
387
385
399
402
407
399
405
403
407
408
413
421
425
434
443
450
444
445
439
435
421
409
405
395
387
393
391
393
388
391
390
376
377
377
375
377
386
385
385
394
404
406
413
426
425
441
437
445
441
437
433
429
428
430
429
423
429
420
416
414
412
407
409
406
400
401
395
401
405
411
405
417
411
403
415
423
419
421
431
431
427
434
432
424
420
407
404
388
389
393
397
407
393
401
397
409
415
410
425
417
425
423
438
443
444
433
429
435
437
445
443
447
433
437
430
431
419
418
404
401
395
387
383
380
388
377
399
403
398
399
395
407
413
421
426
417
424
425
426
416
419
418
423
429
440
433
443
439
438
435
428
425
424
411
409
384
399
398
388
386
395
403
409
404
410
415
414
418
416
423
428
415
412
415
415
421
417
435
431
446
451
438
440
431
427
415
415
419
428
417
416
410
413
404
404
400
396
391
397
388
398
403
421
430
431
429
435
431
421
419
421
411
397
399
382
416
421
420
410
404
397
404
401
413
403
402
387
380
393
397
407
417
415
425
423
429
432
423
423
408
411
408
404
411
397
391
391
380
377
381
376
378
379
373
370
370
377
381
385
397
407
411
413
427
430
437
446
443
440
440
443
441
424
423
417
414
416
407
395
383
373
365
359
367
372
373
379
381
381
399
401
417
423
428
439
433
442
444
438
433
434
431
435
428
436
420
419
415
411
411
406
401
401
396
400
401
394
395
389
410
409
416
417
427
428
429
421
425
424
431
432
426
427
419
419
415
415
422
421
422
434
435
437
422
406
405
400
395
393
391
396
382
401
400
401
400
403
407
423
431
437
431
434
435
420
415
408
409
415
414
423
417
417
420
414
423
419
426
426
416
404
405
401
405
417
432
430
427
430
415
412
417
404
415
409
413
413
399
392
371
377
375
378
387
375
369
381
372
388
384
389
393
395
401
413
425
431
438
435
437
440
450
443
446
433
429
421
419
421
431
422
415
415
417
409
399
399
385
379
379
381
387
392
376
375
375
376
385
384
396
400
403
413
415
423
417
431
427
420
424
424
419
428
412
422
411
412
410
401
404
400
403
401
402
406
407
401
403
400
405
399
409
412
424
425
432
428
421
403
421
428
427
423
415
401
394
387
395
404
397
394
393
389
397
401
421
426
422
423
422
433
433
435
430
429
431
432
430
439
434
437
431
416
417
403
407
411
409
402
385
380
375
386
401
398
411
413
425
435
437
428
425
412
421
424
423
423
448
447
437
439
441
440
443
441
436
429
411
399
393
390
391
385
380
382
387
392
399
416
416
421
409
415
423
439
443
450
447
436
450
451
461
457
454
434
420
402
402
391
393
381
376
371
372
381
390
384
388
393
392
371
397
384
383
389
398
404
419
421
430
434
427
428
422
427
424
429
432
428
420
426
417
431
420
416
423
411
409
415
415
408
399
387
385
382
393
394
409
409
411
412
404
410
419
421
415
403
409
411
424
429
436
431
425
418
418
410
401
410
402
399
406
416
421
427
423
421
418
416
409
415
412
408
411
413
417
416
425
431
432
431
431
419
425
414
409
408
395
408
393
410
411
412
415
399
394
393
380
385
380
379
401
403
411
419
426
433
433
433
431
427
425
415
413
409
405
417
401
417
408
399
394
400
397
399
391
394
381
383
389
392
398
399
395
399
397
412
415
406
417
411
423
418
420
423
424
414
435
435
445
442
440
444
440
440
425
421
423
419
416
427
421
417
417
425
425
423
410
407
415
413
418
421
403
415
407
405
415
411
407
416
407
404
405
406
409
411
411
423
427
428
427
429
435
444
443
427
439
441
449
441
443
432
430
425
432
412
413
406
407
397
390
394
387
380
381
385
385
399
395
403
405
395
412
408
421
416
415
416
417
418
424
432
433
433
431
432
427
423
418
414
409
401
395
384
383
379
378
387
377
381
395
389
399
395
394
395
398
406
415
417
420
414
419
419
417
423
418
415
413
409
398
402
393
393
403
405
401
406
400
399
415
417
414
419
411
416
421
419
419
421
434
427
425
423
426
430
425
414
416
411
415
415
414
419
425
401
401
393
399
393
403
406
401
406
411
405
414
417
420
417
405
416
411
415
417
419
419
409
409
409
400
412
393
395
387
396
398
395
383
386
381
394
393
397
410
403
420
415
415
419
421
415
413
409
417
422
425
418
413
437
431
425
421
415
421
415
416
425
421
415
409
412
409
402
404
395
393
393
388
390
395
394
401
409
407
419
417
425
418
421
417
417
421
409
406
412
405
403
407
401
397
387
387
386
400
405
405
406
412
417
436
430
435
439
437
445
441
451
456
450
453
430
421
428
419
415
395
400
400
391
385
381
383
393
383
393
397
397
397
395
404
397
401
407
403
415
417
413
421
415
415
414
421
426
430
433
436
432
431
418
409
402
400
397
395
387
383
386
391
394
395
408
414
421
419
415
419
413
416
419
420
426
424
427
423
427
419
425
422
426
418
423
413
407
402
396
395
390
376
389
392
396
390
397
393
385
396
401
407
424
419
427
436
429
437
435
433
441
441
439
431
428
421
428
425
421
415
408
403
407
395
395
393
387
386
392
398
411
405
422
417
419
423
427
425
425
419
421
412
417
418
413
413
424
418
409
427
427
419
409
412
407
414
421
419
419
413
408
407
403
405
404
407
407
397
403
399
398
401
396
401
409
413
415
417
397
414
415
409
413
415
413
415
417
411
415
413
415
419
421
420
421
423
431
417
428
428
423
435
421
425
419
409
392
383
384
379
365
361
356
360
361
359
370
377
387
398
399
409
413
421
430
437
448
453
459
462
457
458
463
450
467
459
455
449
434
430
415
399
397
390
382
384
379
379
371
379
377
383
380
380
379
395
398
402
403
405
416
427
433
440
436
449
445
451
445
437
448
441
447
442
435
427
432
427
422
421
418
415
411
406
405
407
396
405
408
408
424
431
437
441
439
438
434
429
433
419
416
419
416
415
410
417
416
417
416
401
419
411
413
416
404
418
412
417
415
414
413
413
410
412
411
407
401
394
393
377
369
361
365
363
359
364
371
367
373
372
376
391
397
400
408
403
420
415
425
425
427
441
441
449
450
462
469
475
477
471
456
467
448
445
432
421
414
406
405
401
391
393
397
389
399
384
398
400
401
397
387
379
379
373
377
378
386
389
390
401
404
400
403
391
393
395
410
409
417
430
427
431
431
434
443
450
457
465
470
481
481
483
496
495
497
516
504
511
497
491
471
465
435
405
380
351
324
295
273
239
221
217
221
227
237
244
253
277
294
319
343
355
396
427
470
503
523
550
584
614
645
661
671
673
659
637
619
579
545
492
455
393
346
303
261
232
202
183
181
181
199
223
250
275
291
316
339
367
393
427
445
468
483
520
553
577
599
611
647
649
638
605
571
533
493
448
411
360
329
293
263
246
230
218
221
230
237
250
269
303
309
367
390
416
443
460
483
511
532
555
557
559
560
568
578
567
557
545
531
517
501
485
456
436
399
361
332
303
270
257
243
233
235
229
234
215
203
199
210
215
225
226
235
247
267
291
333
399
448
503
551
580
627
655
680
713
751
784
799
809
811
779
723
657
596
547
494
439
373
303
241
176
128
77
55
35
23
41
63
93
152
176
234
268
313
344
391
418
459
481
501
521
557
578
601
617
633
633
643
638
643
633
613
601
574
540
503
462
428
395
363
350
321
314
277
272
254
233
223
211
202
197
215
227
253
285
303
349
397
426
460
489
513
530
551
553
564
553
547
527
510
503
488
464
437
399
385
362
355
335
317
313
303
307
328
359
383
415
453
483
499
534
535
539
545
531
521
508
472
466
440
412
389
367
337
308
293
274
264
274
281
295
316
332
360
379
397
408
423
441
447
455
461
452
443
439
430
431
416
423
427
438
464
484
503
523
532
539
541
537
530
515
497
479
437
421
376
343
300
270
245
226
200
187
186
193
199
227
252
291
335
364
397
433
478
509
547
573
600
613
625
625
617
598
573
538
506
475
455
411
393
370
333
308
314
305
310
301
307
315
310
325
321
333
337
345
348
351
355
355
355
359
367
388
390
411
418
435
451
477
481
505
517
526
530
527
527
503
497
472
452
430
413
405
395
374
361
338
333
325
313
299
299
302
311
320
340
348
363
379
376
401
405
401
408
399
403
411
415
429
432
448
459
465
481
489
511
528
520
519
502
485
465
440
409
387
364
353
331
327
313
307
301
299
309
310
315
339
354
387
398
415
463
488
509
541
563
579
582
590
581
562
545
512
479
446
408
393
363
348
346
341
344
348
345
363
357
363
366
375
397
413
415
427
434
438
445
445
441
439
422
413
398
393
381
377
379
386
403
421
445
468
492
510
515
534
540
537
539
521
509
496
474
454
426
415
384
364
338
308
299
287
265
267
259
275
277
293
321
345
375
406
434
468
489
497
498
482
482
475
467
472
467
471
483
464
467
481
484
471
468
463
455
451
450
437
427
416
413
402
397
393
382
367
356
333
315
295
276
260
260
260
263
279
295
313
351
386
406
425
448
473
492
505
511
522
528
541
539
539
531
517
498
483
467
447
424
403
381
363
344
326
318
300
307
300
324
334
343
346
355
357
365
361
360
366
363
373
375
381
393
397
413
425
443
455
467
489
480
492
503
492
504
497
500
498
488
483
480
458
449
428
409
383
347
317
295
274
264
259
282
281
291
307
325
345
373
393
421
423
450
462
472
483
478
491
495
497
512
506
518
508
483
465
436
414
381
360
349
343
326
338
340
358
355
378
391
382
388
385
366
369
358
360
369
375
393
399
406
415
431
439
437
455
463
452
466
451
455
446
451
449
469
475
471
460
451
441
426
406
375
362
345
340
343
346
349
360
364
382
396
409
418
427
429
438
432
437
431
427
438
433
457
448
450
450
449
441
430
428
414
399
402
387
395
392
393
402
409
414
409
415
411
413
401
399
398
396
385
376
378
379
383
385
405
410
423
432
433
447
451
455
461
469
472
481
475
481
479
477
473
458
439
430
408
402
385
376
379
365
371
362
372
380
382
401
408
424
440
431
439
427
416
414
407
402
396
390
405
409
412
411
413
419
413
413
415
413
425
439
451
453
467
474
478
481
473
461
449
441
419
407
375
365
337
327
318
312
315
321
323
345
353
372
383
397
419
428
431
440
430
447
445
452
455
444
449
451
452
457
452
447
443
450
454
447
451
447
441
449
445
449
446
438
427
409
394
381
356
342
323
309
300
293
307
309
314
332
347
369
387
413
432
440
454
463
474
487
489
489
489
490
485
467
455
443
425
404
393
377
361
365
368
384
373
394
414
431
448
451
470
469
462
457
435
429
415
398
378
367
355
341
325
329
327
335
328
341
346
367
381
399
409
433
459
490
504
516
525
517
516
494
481
457
425
397
365
345
330
313
315
321
334
346
367
379
397
403
437
448
461
473
481
490
488
479
467
454
443
431
403
385
356
339
312
301
301
297
305
324
345
368
395
423
453
471
503
518
533
534
536
527
504
491
462
429
411
378
366
355
333
319
316
312
322
334
348
359
373
390
405
427
447
463
481
485
481
473
465
455
425
406
384
367
353
357
355
366
374
395
408
437
454
473
481
489
495
495
494
479
466
459
457
435
439
405
386
366
339
328
318
306
310
317
329
357
382
406
427
451
469
481
492
490
488
481
461
435
421
408
384
371
363
352
351
376
375
383
393
400
404
424
433
449
455
473
489
507
513
514
518
501
480
465
432
401
368
336
324
292
292
280
287
297
296
330
357
379
407
425
450
461
472
477
471
471
463
455
432
421
411
399
376
365
362
348
347
343
349
374
387
411
419
446
459
473
491
495
500
497
474
463
443
417
392
365
341
330
316
295
299
297
311
328
347
355
377
397
423
437
469
492
501
504
505
498
497
486
467
461
433
411
377
357
344
331
328
329
341
355
371
393
413
434
451
461
468
461
446
465
451
433
423
390
385
371
360
345
327
323
320
325
344
354
378
395
421
461
486
509
545
559
575
575
577
561
533
505
463
439
407
375
335
317
295
281
270
273
277
289
301
324
337
362
373
401
413
427
440
449
456
465
453
461
457
457
444
436
441
427
421
409
413
406
414
419
439
443
455
454
457
450
442
439
424
410
401
389
379
363
358
351
337
349
352
362
367
367
377
391
399
421
419
454
456
468
474
481
479
484
466
461
442
430
418
395
385
372
362
355
349
370
363
375
399
403
421
447
462
464
469
467
465
451
443
424
417
401
397
383
374
363
345
329
322
321
325
325
346
365
380
397
427
451
483
499
517
535
539
537
527
508
484
453
434
409
383
365
341
335
319
312
325
315
334
344
360
377
399
413
450
461
473
474
488
484
476
479
470
457
451
434
424
413
400
391
383
393
392
398
412
423
442
453
455
457
449
451
455
452
441
437
429
431
415
415
401
395
379
375
379
380
391
399
410
421
445
449
467
470
487
490
490
496
492
493
472
445
430
402
393
372
354
350
342
353
368
370
379
388
397
405
421
439
445
454
465
452
457
451
432
432
417
416
395
397
385
364
349
342
333
340
347
358
387
405
423
444
460
479
490
495
501
495
495
473
463
441
418
400
372
370
381
365
360
355
362
357
361
370
372
386
398
412
424
434
443
460
463
474
468
461
457
443
422
410
394
373
360
357
361
365
378
396
396
413
417
427
439
451
459
451
457
449
458
462
459
458
446
440
434
423
410
388
379
370
366
359
362
352
369
377
397
398
406
421
417
425
421
422
419
405
402
401
389
386
382
387
389
385
379
389
391
401
402
405
408
418
424
431
447
451
463
461
455
451
441
419
411
390
373
361
357
341
328
326
321
329
337
341
358
365
371
388
396
409
417
424
430
450
451
459
446
450
439
435
429
411
398
393
375
373
375
378
388
393
407
411
427
433
436
446
451
449
459
442
430
415
400
385
375
361
366
353
351
348
357
348
354
359
366
371
398
405
428
435
440
457
461
470
464
462
475
466
461
452
442
443
421
417
407
398
397
396
403
411
421
428
431
439
433
425
422
413
401
403
386
388
374
365
368
353
350
343
344
345
355
372
390
398
420
431
450
467
469
482
495
502
509
507
505
500
485
472
449
441
424
391
381
375
368
365
353
357
350
353
352
362
377
381
398
401
413
434
430
444
448
445
441
435
431
419
423
411
397
395
393
395
404
395
410
419
426
438
453
453
461
450
455
456
455
444
436
427
421
410
403
386
369
361
337
351
343
347
347
364
377
391
404
425
422
436
438
443
456
458
454
455
445
441
423
423
409
408
417
412
433
429
428
431
431
431
439
437
453
445
452
454
445
430
415
409
389
379
381
382
379
372
369
373
381
383
393
404
423
445
457
465
476
477
483
479
477
469
461
451
434
422
403
392
376
371
369
363
360
353
356
359
361
363
372
389
397
408
411
424
441
449
451
456
460
454
447
428
419
409
397
387
394
392
389
409
399
407
406
415
412
426
438
433
448
454
446
453
457
455
458
445
449
433
423
407
385
369
355
343
338
324
328
325
334
350
349
379
395
411
428
431
454
449
456
450
449
447
455
451
447
441
442
438
428
433
423
427
419
411
408
407
393
403
380
405
406
399
403
406
403
392
399
391
385
379
371
355
355
354
353
357
371
383
404
411
426
447
454
453
461
458
469
464
464
444
455
442
442
430
416
410
397
389
377
371
367
369
374
379
376
392
394
401
398
401
393
402
409
414
413
422
406
406
404
387
383
372
374
371
370
375
388
393
405
411
417
422
433
451
446
447
450
446
453
431
436
434
425
415
406
408
411
391
398
387
383
373
367
377
371
383
389
395
409
418
424
424
421
417
412
412
417
410
407
410
419
425
425
417
425
425
426
420
422
421
421
421
418
420
420
421
429
429
426
424
411
399
381
377
357
355
353
357
347
365
370
396
404
409
423
435
439
463
464
463
458
457
462
471
465
475
464
460
451
446
441
417
403
392
377
376
375
377
388
404
406
430
429
431
433
432
430
423
428
419
419
412
413
407
419
402
405
402
401
399
401
395
387
395
393
399
393
403
416
417
438
428
435
441
427
436
425
431
425
416
417
413
412
419
413
410
414
406
407
396
404
406
401
405
410
420
426
419
429
421
436
431
421
420
411
406
395
392
392
387
397
402
401
413
413
410
415
415
423
425
419
425
423
437
432
434
431
429
405
420
409
395
385
375
369
372
376
387
403
405
416
424
431
433
445
446
452
446
448
435
427
422
413
407
393
383
379
369
362
355
351
347
358
360
385
388
405
415
422
435
429
440
443
452
458
452
445
447
445
441
432
421
411
407
405
389
383
378
365
365
358
353
367
377
387
405
413
423
430
437
439
442
446
448
451
461
456
468
470
472
469
477
459
443
419
394
387
372
373
374
384
387
396
408
407
423
418
414
407
407
403
400
397
401
407
426
435
444
457
461
466
449
459
461
443
436
429
429
434
440
448
447
450
443
432
433
413
402
395
381
388
393
401
411
417
413
443
444
451
447
452
449
439
437
432
415
409
395
386
385
383
391
388
401
394
389
385
381
380
381
378
397
401
403
429
434
439
446
451
457
453
455
451
443
448
428
423
411
408
403
406
383
388
382
377
376
389
399
403
419
412
418
418
413
411
413
406
411
399
399
386
373
377
376
371
373
373
387
382
383
381
388
405
407
415
435
420
445
442
445
445
440
443
439
430
432
422
421
407
398
407
405
413
419
428
427
425
421
416
416
413
399
392
391
391
404
404
400
395
385
381
381
377
372
363
366
369
377
389
407
416
430
434
447
445
444
446
455
453
452
454
449
448
447
432
423
407
389
383
367
354
342
343
351
347
358
362
365
387
378
398
405
405
422
420
413
418
407
410
403
399
392
390
406
409
407
411
405
397
405
406
419
419
426
424
429
426
428
424
423
415
413
412
409
409
398
388
386
371
371
366
367
365
366
376
382
393
397
407
419
419
425
423
418
421
419
429
433
427
433
426
429
428
415
417
419
418
417
413
425
418
429
417
417
418
419
423
425
416
427
423
421
423
409
410
394
393
386
385
379
373
367
381
382
389
405
411
425
423
427
431
425
433
427
418
427
421
422
425
418
423
419
417
413
402
405
397
402
395
404
414
423
425
434
435
448
437
449
451
447
450
445
439
444
438
437
422
414
413
401
403
402
398
397
389
387
390
379
389
393
403
407
404
407
410
414
409
423
418
429
417
418
421
421
415
410
409
411
401
415
410
414
411
419
417
422
419
415
414
410
399
402
406
393
409
414
421
433
426
432
429
433
427
438
445
445
447
447
440
446
438
434
435
415
414
402
393
375
365
365
355
351
351
345
347
357
357
363
353
375
382
399
417
426
434
444
440
454
461
467
466
464
464
461
449
449
439
431
421
417
417
415
425
409
408
414
419
422
426
415
429
420
427
421
418
421
422
421
416
409
407
399
400
395
387
389
378
390
391
383
380
377
382
397
393
410
417
417
437
442
451
457
457
455
443
436
429
423
425
425
433
436
435
435
435
426
415
403
396
385
389
386
383
378
385
387
398
394
405
406
409
411
413
421
413
412
411
419
428
446
464
467
482
484
492
481
481
472
449
445
427
418
407
389
378
365
356
349
347
353
344
349
348
351
359
373
385
399
404
419
431
436
437
457
464
452
451
438
427
421
407
409
415
413
425
424
427
427
427
416
423
415
426
417
416
415
412
411
410
412
417
415
431
421
402
417
395
399
389
386
381
376
375
381
374
391
391
395
394
393
408
413
422
403
403
417
404
412
413
409
415
413
421
424
425
426
421
415
410
410
403
399
397
403
400
414
413
418
419
420
418
427
437
435
435
440
434
431
429
408
414
411
397
403
395
390
407
412
418
421
435
437
435
430
424
423
423
404
408
395
396
392
393
394
400
391
397
389
387
393
397
393
405
415
415
423
431
429
438
448
441
441
431
423
414
401
393
387
378
373
373
377
377
380
391
395
403
399
413
421
425
429
431
423
429
432
435
442
436
435
425
410
413
399
396
387
392
400
393
396
398
407
404
406
406
407
404
405
396
403
397
397
400
399
399
412
411
419
419
424
425
420
417
413
410
411
404
411
405
411
416
416
427
421
419
419
404
392
402
388
405
409
408
421
410
416
411
411
410
403
404
396
387
389
378
382
388
384
393
401
416
421
418
429
423
425
415
416
421
419
416
426
410
423
422
415
418
424
423
417
419
415
409
410
407
401
399
391
395
392
387
389
392
385
374
376
387
382
387
391
405
407
404
414
417
425
431
437
445
447
454
457
455
463
463
451
440
435
431
427
422
431
429
431
436
428
419
417
407
403
398
397
397
397
393
398
397
398
400
399
402
398
402
399
401
395
403
407
403
411
418
421
438
428
432
433
437
431
423
439
432
427
417
414
418
421
421
431
429
437
433
437
438
437
431
430
418
421
417
420
414
410
410
417
409
417
416
417
403
387
399
408
397
401
411
411
405
412
416
418
432
437
437
450
450
452
461
456
455
443
443
439
439
447
441
436
425
421
420
398
407
401
392
397
385
398
390
391
399
403
405
418
415
426
420
418
415
413
415
414
421
432
433
434
442
441
445
443
454
447
452
443
432
427
432
429
424
417
424
417
415
407
395
393
392
392
391
381
381
389
385
393
401
404
412
406
407
424
429
429
420
419
421
422
424
428
423
427
424
425
425
420
415
408
409
400
397
404
406
400
402
401
411
410
405
414
409
407
398
393
385
381
389
377
388
375
368
384
373
380
382
379
384
389
389
391
389
408
406
413
426
415
435
432
426
419
409
399
395
391
385
375
373
369
367
375
378
382
393
388
392
390
394
393
396
409
420
425
429
416
434
431
423
427
412
410
401
397
397
385
387
383
379
383
371
381
385
389
388
387
388
399
385
399
399
413
413
409
408
402
418
414
413
417
419
425
427
427
437
424
433
427
423
423
414
407
418
397
409
413
411
413
412
412
403
397
395
389
384
384
391
393
391
400
401
393
424
428
428
429
431
428
435
429
431
425
422
423
418
420
405
403
400
392
395
395
386
394
394
400
405
401
413
416
429
426
434
440
447
438
439
433
450
434
435
428
423
427
418
419
421
413
419
410
415
409
401
401
398
405
408
406
407
416
411
412
411
410
413
419
421
420
413
412
411
415
408
406
408
406
411
417
415
413
402
401
408
411
415
412
409
406
413
399
416
413
411
406
415
403
403
404
396
401
403
409
414
414
411
409
410
415
406
419
413
420
417
405
419
413
413
424
420
425
427
422
426
430
435
431
429
430
431
428
425
421
425
417
417
416
407
402
400
393
385
385
382
370
371
377
373
395
395
401
411
414
423
431
432
433
434
442
444
443
447
446
451
451
441
442
439
437
439
428
430
426
423
427
412
413
406
397
399
379
394
379
379
381
385
399
410
401
418
411
430
433
434
435
439
443
445
432
438
433
427
426
425
423
420
423
412
416
406
409
406
417
412
417
410
415
417
417
415
413
410
416
415
415
406
412
408
414
413
413
408
412
415
403
419
421
429
426
434
415
434
433
441
436
445
433
444
433
436
443
439
428
429
422
421
419
419
417
419
417
419
412
402
405
403
381
389
394
378
368
364
374
380
398
404
412
430
442
443
447
447
445
449
451
456
461
461
455
458
451
451
440
429
416
399
384
387
371
375
373
378
371
372
367
369
365
353
362
355
370
374
377
381
392
401
416
423
428
441
432
430
431
434
431
419
413
413
413
416
403
406
401
398
390
388
391
389
387
386
393
399
393
403
405
409
411
409
399
409
403
395
394
397
393
407
398
404
399
408
401
403
409
398
408
397
398
401
400
399
404
403
408
410
425
423
424
425
421
413
422
411
420
411
422
420
410
403
402
400
401
395
392
382
370
377
373
379
384
393
392
398
405
412
419
422
424
428
433
434
455
451
455
458
441
451
450
443
455
441
434
422
426
411
408
402
395
382
391
389
397
395
387
393
388
395
397
407
407
409
415
421
415
429
425
428
436
431
429
435
424
414
415
422
409
405
399
404
402
400
399
408
413
415
414
411
407
406
404
402
393
387
389
400
401
398
401
400
400
409
408
407
419
420
429
421
421
419
415
429
427
431
428
428
429
424
421
421
415
413
405
417
407
408
407
410
407
408
401
391
398
378
395
393
385
393
389
405
394
394
397
396
397
393
410
415
419
424
425
435
447
451
462
461
469
467
475
475
455
461
459
455
455
451
449
444
431
427
413
411
409
405
391
397
389
394
385
389
390
391
402
397
406
414
420
429
434
437
435
443
453
451
449
444
448
454
448
441
446
437
445
435
430
425
425
415
409
402
403
401
415
408
394
402
395
397
394
401
393
402
393
399
390
390
398
409
416
411
404
423
423
433
431
435
440
451
443
443
441
444
435
419
417
414
403
388
389
368
378
360
359
363
359
367
382
369
379
383
383
384
382
383
385
395
384
384
396
393
405
407
409
431
429
434
438
429
442
451
433
453
445
465
455
463
456
447
447
430
425
401
403
395
396
378
387
374
380
385
369
369
371
377
377
375
382
387
387
393
394
404
416
414
421
419
429
441
437
446
439
440
436
431
435
429
426
429
418
421
414
407
403
405
407
401
393
399
398
400
398
396
405
392
399
405
411
413
409
413
412
402
402
396
394
397
390
399
393
395
399
402
413
421
429
434
425
425
420
415
428
421
427
422
411
410
410
407
413
413
414
405
403
410
406
407
398
403
401
402
398
400
393
395
393
393
390
387
386
373
371
376
383
385
385
389
392
399
416
419
428
437
427
423
424
422
419
421
413
398
402
398
381
386
381
376
382
376
368
372
364
374
379
387
385
389
398
401
413
423
429
442
436
438
444
429
432
418
418
413
419
420
419
410
415
403
399
393
388
382
387
385
393
396
399
409
412
417
425
429
435
435
433
428
429
427
418
425
420
420
411
417
413
414
413
419
413
417
414
409
413
415
412
419
413
414
409
401
407
391
389
385
384
381
385
376
379
379
379
378
377
371
381
381
394
403
409
415
415
425
447
446
459
464
457
470
475
473
477
474
471
465
467
465
457
465
454
445
445
429
426
412
412
399
393
389
376
373
377
375
389
381
381
394
379
379
381
379
387
395
405
411
412
413
426
419
423
430
436
444
442
449
443
447
455
444
452
449
453
454
452
454
444
440
419
421
420
420
415
417
406
401
399
397
393
395
400
401
398
407
411
424
432
430
442
441
439
435
437
433
433
427
437
431
426
417
424
420
421
423
421
420
421
420
421
418
417
418
421
430
421
421
428
421
422
419
408
405
393
395
399
399
399
389
388
383
389
395
393
394
398
397
407
404
405
405
410
407
415
421
436
437
448
441
436
425
413
409
403
393
385
392
391
399
399
399
401
417
413
415
423
412
417
419
418
427
430
431
423
417
424
414
414
421
416
417
417
410
411
399
397
403
403
406
407
406
418
407
417
413
417
407
398
401
407
405
418
411
425
434
433
425
429
431
437
437
443
441
445
447
437
440
432
427
419
399
393
389
377
369
370
376
365
366
367
370
375
381
391
395
395
406
421
418
427
429
450
453
453
460
451
451
437
433
427
415
407
402
406
403
405
401
408
408
406
408
405
406
407
405
403
397
407
407
421
434
434
436
428
437
436
429
429
425
412
403
388
392
377
377
379
381
377
383
387
396
393
401
407
407
406
405
412
408
416
419
415
416
430
429
437
433
436
436
427
431
424
422
415
397
416
409
405
405
392
390
383
383
381
385
387
382
388
397
393
412
421
421
433
427
429
434
423
415
409
402
406
387
397
395
395
398
389
397
395
397
399
395
399
395
393
398
403
413
420
422
422
418
417
418
404
412
412
411
411
413
411
404
403
398
393
393
397
400
401
405
413
404
402
404
395
404
405
409
415
426
425
432
431
431
439
433
426
420
415
407
401
395
401
403
403
395
402
391
394
390
402
405
405
413
417
415
424
417
420
427
426
433
432
433
431
439
427
431
438
439
427
438
425
425
425
406
419
423
411
413
410
415
411
407
407
385
391
393
386
392
386
385
392
395
411
416
425
427
440
446
450
453
465
463
468
458
463
461
453
469
447
444
427
431
423
421
406
405
390
383
380
375
373
360
364
364
364
367
357
375
367
373
379
372
387
389
389
401
422
429
443
444
445
445
448
455
461
472
474
471
475
463
468
453
445
432
421
424
417
407
394
386
382
366
363
364
363
372
373
389
386
386
383
377
375
379
372
376
381
385
393
397
407
422
420
427
432
428
435
431
441
435
440
450
454
462
469
455
461
448
445
439
420
413
419
408
393
375
367
357
353
357
356
367
367
370
372
367
371
372
361
374
385
401
399
413
423
431
443
446
446
453
451
446
451
441
441
436
434
437
431
428
425
418
417
404
405
393
385
385
379
384
379
390
391
391
398
401
397
395
401
399
400
403
405
409
407
413
413
407
404
411
411
420
423
424
431
441
440
448
443
445
438
450
449
449
435
432
423
412
413
413
412
404
410
401
399
391
389
375
386
377
387
391
391
397
393
396
399
400
402
408
413
419
425
445
451
453
460
459
459
455
446
453
449
442
441
435
433
425
425
417
411
407
385
383
380
384
390
385
385
376
380
382
370
366
378
380
391
379
391
399
396
401
400
409
423
429
437
438
449
451
440
439
447
436
439
441
440
433
433
442
421
442
429
426
411
405
398
396
391
397
392
397
397
397
391
389
376
375
371
380
376
373
379
371
375
370
372
385
385
391
412
414
433
437
445
443
447
450
452
453
451
438
443
437
431
434
422
417
407
391
394
383
380
373
373
374
357
363
378
374
371
374
379
389
396
411
426
431
437
449
458
472
475
481
478
487
496
479
481
477
464
444
447
440
433
413
395
385
385
374
381
373
369
365
359
362
361
375
380
381
392
399
409
416
409
417
413
425
427
438
443
446
435
442
433
430
427
427
434
431
437
449
441
440
451
445
444
443
439
430
435
433
435
423
419
420
420
410
399
395
390
384
381
373
377
373
379
386
386
382
384
399
407
407
412
409
412
418
417
427
419
428
431
435
445
449
455
457
447
453
454
451
453
435
434
422
421
410
399
388
385
377
375
383
377
371
371
369
372
364
379
368
377
376
372
391
390
397
399
410
419
421
423
421
423
430
425
437
433
450
449
443
444
452
438
443
427
431
421
419
420
419
409
409
390
395
399
397
400
383
387
372
373
376
371
377
381
374
384
377
382
378
380
393
405
411
412
417
427
429
442
447
443
453
457
467
470
458
456
457
446
444
423
424
415
407
401
401
389
396
378
377
372
359
351
346
346
353
359
362
369
374
386
395
401
407
418
418
425
428
432
431
433
441
452
447
461
460
458
467
449
439
438
423
419
409
398
405
392
395
387
383
380
379
367
361
363
376
367
377
374
377
374
373
375
383
390
399
399
399
406
402
411
402
409
417
421
427
434
448
457
460
465
463
462
455
445
447
433
437
431
427
424
429
413
406
398
399
400
385
373
367
365
367
354
365
367
382
388
390
399
402
411
410
414
417
418
425
432
431
451
448
455
466
469
460
453
457
450
449
431
430
425
425
424
423
421
418
411
401
395
397
381
387
393
402
400
394
396
399
397
410
412
424
421
426
426
412
420
426
423
425
430
439
449
444
454
434
438
427
419
411
400
400
412
403
420
413
415
414
427
427
425
420
410
419
415
406
399
392
391
397
403
395
397
395
389
386
374
380
377
383
379
385
395
398
410
425
427
437
435
431
433
434
440
424
429
435
439
448
445
437
435
437
443
440
437
424
413
407
402
391
391
389
387
385
385
391
390
379
378
369
370
370
372
380
381
394
401
415
413
441
455
455
445
449
445
441
438
427
429
422
421
413
403
413
411
413
413
407
406
403
411
407
408
393
411
411
420
411
417
416
419
423
414
407
408
403
403
394
390
393
390
397
396
396
401
397
401
404
401
404
402
414
419
420
429
425
429
434
427
420
420
413
408
401
407
401
399
408
397
395
386
392
395
395
399
395
388
390
392
395
399
407
419
413
413
423
425
423
431
433
429
444
427
429
432
437
435
445
443
439
435
429
417
411
411
400
395
389
380
375
376
379
381
372
378
389
394
394
402
403
407
397
413
411
417
428
431
436
447
445
445
440
441
433
426
429
427
425
421
410
402
401
393
404
404
412
404
415
417
401
417
417
411
423
409
414
416
420
427
417
419
420
411
413
407
395
394
394
393
395
399
413
420
427
437
431
425
425
429
429
421
426
415
419
421
422
419
423
422
424
413
408
395
401
387
379
387
387
383
393
393
387
390
391
393
391
394
402
413
397
420
431
430
424
428
430
441
445
451
448
447
449
453
444
441
428
429
427
417
409
400
391
387
375
377
372
371
376
389
391
401
404
411
413
421
424
424
429
425
424
435
421
433
435
433
434
431
449
435
440
444
439
437
429
421
429
405
415
418
415
399
414
413
410
409
410
405
405
403
401
406
407
413
406
402
405
408
410
416
410
415
414
425
423
420
430
427
427
440
431
445
437
431
426
421
419
417
421
425
425
427
423
419
421
401
400
400
377
385
378
385
383
386
397
403
400
401
407
399
397
413
410
415
422
430
439
446
451
455
451
453
447
435
435
427
419
421
408
399
399
394
390
383
384
385
381
377
378
376
363
373
381
382
390
392
397
417
424
431
431
431
437
428
430
425
409
425
427
421
417
425
418
413
403
403
394
383
383
376
373
373
383
388
379
381
390
384
393
386
397
399
406
408
414
416
423
417
427
427
441
436
444
444
441
432
427
421
411
419
410
405
389
398
385
391
396
387
385
383
379
386
385
392
391
393
399
394
399
401
391
401
389
387
387
379
375
379
380
389
387
395
401
421
418
412
423
417
424
426
429
425
432
428
444
437
436
441
447
443
446
439
434
419
425
411
411
401
394
392
376
395
393
383
387
377
373
381
382
384
383
388
394
392
389
401
401
415
415
427
423
427
432
428
430
439
434
437
433
433
431
419
428
417
409
420
413
419
416
409
417
409
411
406
401
396
393
393
390
393
394
393
395
399
405
416
411
425
432
426
438
433
433
437
431
441
437
440
440
436
443
436
437
427
416
413
416
403
413
409
417
415
415
418
422
424
417
411
409
401
404
397
396
399
400
407
407
401
403
396
396
400
401
407
409
410
418
427
440
445
447
455
454
452
451
453
447
441
428
427
429
423
413
407
406
395
405
407
405
395
394
392
392
385
395
390
399
395
395
409
413
417
419
423
425
431
416
431
429
434
428
433
434
437
425
435
432
432
429
437
433
433
433
430
430
436
425
426
423
429
428
417
417
404
404
397
397
401
394
379
392
385
385
369
381
375
375
383
389
402
408
403
404
405
405
413
411
427
422
419
423
426
431
429
423
433
423
425
419
421
401
411
406
413
405
403
407
389
390
387
392
387
386
383
383
371
379
379
390
387
397
405
403
407
411
415
417
412
419
406
415
431
424
414
416
416
405
404
399
387
391
391
383
379
371
376
382
378
383
392
392
401
395
394
401
395
400
399
404
415
409
430
429
439
441
430
435
431
427
421
417
413
416
417
412
412
408
413
413
423
411
411
411
397
403
396
399
405
402
411
413
429
429
427
421
425
419
423
415
417
411
417
413
419
424
428
423
419
419
421
433
437
436
434
432
435
433
435
433
427
432
432
431
421
419
422
410
411
415
408
410
407
407
405
399
395
399
397
395
391
391
397
403
412
408
417
417
419
426
438
429
433
423
421
417
425
423
432
432
422
419
415
407
412
404
400
398
381
391
376
385
376
386
396
405
409
415
429
438
434
444
444
435
444
443
449
463
460
464
467
460
463
444
441
426
415
410
406
400
399
387
384
379
377
371
364
364
357
364
361
369
383
385
398
397
407
418
419
432
428
433
432
429
435
427
417
419
418
416
424
421
418
412
405
402
398
401
400
400
409
395
399
397
391
395
399
396
407
403
409
413
412
409
404
408
406
415
415
411
409
409
403
407
406
408
413
398
419
423
421
429
418
423
413
415
412
415
420
428
421
425
419
419
415
415
407
395
394
383
395
390
390
387
392
391
395
395
397
413
419
418
427
428
441
430
437
437
439
451
437
450
442
443
446
446
441
446
441
443
421
420
405
397
401
389
381
381
369
372
373
375
372
379
380
387
389
386
393
405
409
417
425
419
433
431
431
434
431
428
436
434
429
418
422
423
431
438
423
421
411
400
404
407
403
415
409
413
410
420
423
418
422
423
419
419
409
404
399
392
385
389
391
397
401
403
404
400
419
418
423
432
431
429
429
432
443
435
447
441
445
446
447
451
435
436
435
429
429
417
417
423
413
399
400
405
391
391
385
380
377
377
369
382
377
388
397
405
405
405
409
419
421
432
428
434
445
449
453
443
433
447
431
428
441
423
412
411
408
404
401
398
397
393
391
386
397
396
396
387
388
393
399
408
401
415
416
423
427
436
436
451
445
449
446
433
420
411
406
409
411
417
415
412
409
401
406
399
388
390
385
380
390
381
381
389
389
387
381
387
377
372
380
377
389
385
387
396
406
417
420
418
422
419
417
415
412
417
410
422
422
423
428
435
435
447
444
454
446
439
431
439
435
426
415
411
399
398
394
389
383
375
383
375
377
372
371
363
363
371
385
381
397
402
395
395
412
411
419
428
417
414
423
426
429
431
426
423
417
421
423
425
418
431
418
421
417
407
398
399
407
407
409
407
405
393
414
411
417
413
409
412
417
416
423
425
429
431
430
424
423
415
410
400
409
403
421
422
423
426
417
421
425
426
431
437
437
416
421
422
410
418
422
423
421
413
403
407
395
399
392
392
384
380
385
380
385
397
391
403
407
405
406
423
427
434
447
442
448
447
451
461
465
453
459
455
447
441
438
431
422
420
425
415
409
396
388
402
390
394
393
389
377
375
368
392
394
411
404
409
409
414
423
427
421
421
420
427
423
426
435
431
428
427
423
420
427
429
429
425
433
416
421
409
406
407
399
398
401
395
385
396
399
404
412
413
405
403
407
403
399
410
392
403
401
407
403
404
404
411
417
422
417
435
426
419
407
406
406
401
397
391
392
398
404
396
402
387
399
403
399
404
388
382
380
372
382
393
392
395
399
409
407
413
408
393
397
391
402
406
397
413
412
417
415
423
432
433
427
432
427
439
445
435
430
429
429
426
409
407
387
386
379
368
369
360
357
356
355
365
362
363
386
388
398
407
404
419
418
419
423
429
438
437
442
435
436
419
428
431
425
415
399
399
393
387
379
403
403
397
396
395
399
403
396
395
397
399
406
427
434
435
445
433
431
431
437
437
428
414
418
411
406
409
407
407
409
402
399
391
392
391
388
395
397
410
404
407
415
421
422
427
431
435
428
438
441
442
431
433
425
429
423
435
435
429
435
435
440
427
417
418
409
413
407
398
398
389
392
383
391
394
399
403
399
394
389
408
410
411
409
415
405
413
417
418
420
422
414
425
429
442
443
437
439
426
423
429
429
437
429
424
417
408
421
409
409
413
407
412
411
395
406
395
400
391
392
397
381
387
391
391
397
395
399
399
402
409
405
423
421
421
437
434
439
439
436
441
441
437
439
445
434
427
423
423
421
417
415
405
411
403
399
395
380
379
379
379
380
378
400
400
408
403
407
416
409
408
424
425
437
439
443
442
439
437
431
433
428
418
417
417
421
409
407
408
401
403
409
421
422
428
429
430
417
420
411
419
427
423
418
421
419
425
423
433
440
428
436
421
417
413
413
405
409
407
409
413
415
424
424
431
423
421
423
418
415
412
425
419
413
413
415
411
425
429
431
427
416
417
411
410
396
399
395
397
407
403
395
402
403
423
423
427
420
417
425
418
416
414
415
407
406
395
408
409
401
413
408
409
412
409
411
400
397
393
398
421
413
418
413
414
417
431
432
440
432
435
431
421
419
429
419
411
417
421
414
428
421
416
417
413
403
394
391
391
391
401
394
393
408
411
409
412
411
412
407
409
417
406
409
413
424
425
425
432
436
429
441
429
427
425
414
409
403
395
395
397
399
394
407
409
407
421
406
406
407
407
407
408
408
408
410
412
404
411
404
415
423
417
419
423
411
413
406
406
409
405
408
414
409
417
411
405
397
398
404
395
398
397
395
395
404
409
411
415
419
415
404
411
410
407
405
408
403
409
409
402
415
413
403
403
401
393
403
397
402
393
391
393
401
405
412
403
410
418
422
419
413
421
424
424
429
419
427
411
423
432
426
420
419
413
404
401
401
393
388
392
380
385
391
402
409
416
413
416
410
411
415
417
415
414
419
428
424
422
423
422
429
431
435
429
420
411
415
413
415
412
414
412
409
409
416
414
417
417
416
423
434
428
437
428
429
427
428
431
419
431
425
418
412
409
397
413
412
405
385
387
390
386
386
381
387
393
393
397
393
392
393
399
412
411
416
423
421
427
425
420
423
420
423
426
413
410
422
413
411
404
409
413
412
401
403
407
409
414
417
412
417
422
415
413
403
405
402
397
403
393
391
399
393
404
394
386
403
401
401
399
410
417
416
408
412
407
422
424
421
417
417
426
423
423
435
434
439
438
440
435
439
434
426
418
418
419
412
407
405
405
389
394
388
382
387
382
381
385
384
393
399
414
417
416
419
424
