05280216.PTO
COCE
2010/05/28 02:16:26.4600
100.0000 m/s  
9716 muestras
-11212
-11213
-11214
-11212
-11220
-11219
-11223
-11226
-11232
-11235
-11242
-11247
-11256
-11259
-11265
-11267
-11275
-11280
-11282
-11289
-11291
-11296
-11294
-11297
-11291
-11296
-11293
-11300
-11293
-11298
-11292
-11287
-11273
-11263
-11256
-11243
-11249
-11238
-11250
-11241
-11252
-11244
-11244
-11239
-11233
-11245
-11235
-11252
-11243
-11250
-11248
-11242
-11248
-11238
-11244
-11234
-11238
-11230
-11225
-11215
-11209
-11208
-11204
-11212
-11210
-11216
-11219
-11227
-11230
-11235
-11241
-11250
-11252
-11268
-11270
-11281
-11280
-11288
-11287
-11285
-11291
-11285
-11295
-11280
-11288
-11273
-11273
-11262
-11260
-11262
-11253
-11262
-11260
-11269
-11263
-11267
-11259
-11259
-11259
-11263
-11271
-11274
-11283
-11279
-11282
-11277
-11279
-11278
-11277
-11273
-11277
-11284
-11281
-11288
-11280
-11282
-11273
-11272
-11266
-11264
-11261
-11258
-11263
-11254
-11255
-11245
-11248
-11244
-11250
-11251
-11258
-11265
-11274
-11283
-11281
-11293
-11288
-11299
-11296
-11309
-11314
-11322
-11335
-11342
-11361
-11355
-11364
-11351
-11348
-11336
-11323
-11327
-11314
-11321
-11310
-11302
-11284
-11261
-11241
-11216
-11212
-11199
-11202
-11200
-11195
-11187
-11179
-11177
-11171
-11177
-11178
-11196
-11215
-11230
-11256
-11266
-11282
-11291
-11301
-11317
-11327
-11347
-11348
-11356
-11346
-11338
-11319
-11304
-11299
-11284
-11285
-11278
-11277
-11269
-11263
-11248
-11242
-11225
-11213
-11209
-11200
-11204
-11199
-11204
-11203
-11199
-11205
-11203
-11207
-11216
-11227
-11231
-11239
-11242
-11241
-11249
-11246
-11259
-11256
-11264
-11255
-11250
-11248
-11244
-11252
-11247
-11257
-11259
-11265
-11266
-11266
-11264
-11264
-11259
-11262
-11259
-11266
-11262
-11259
-11251
-11237
-11233
-11221
-11216
-11211
-11212
-11202
-11211
-11203
-11213
-11213
-11218
-11222
-11222
-11230
-11227
-11231
-11232
-11237
-11240
-11251
-11254
-11261
-11264
-11264
-11258
-11261
-11262
-11262
-11263
-11271
-11262
-11259
-11244
-11233
-11218
-11204
-11201
-11185
-11194
-11173
-11177
-11153
-11153
-11140
-11138
-11151
-11153
-11183
-11177
-11200
-11190
-11199
-11197
-11196
-11214
-11218
-11244
-11238
-11253
-11242
-11244
-11236
-11228
-11240
-11232
-11247
-11233
-11241
-11218
-11212
-11195
-11188
-11188
-11170
-11185
-11156
-11158
-11129
-11129
-11116
-11122
-11131
-11126
-11141
-11127
-11146
-11129
-11144
-11139
-11155
-11166
-11172
-11187
-11179
-11183
-11176
-11177
-11177
-11179
-11181
-11183
-11188
-11190
-11186
-11188
-11174
-11176
-11167
-11169
-11159
-11158
-11161
-11150
-11158
-11142
-11143
-11129
-11130
-11123
-11133
-11139
-11139
-11149
-11142
-11155
-11147
-11158
-11148
-11156
-11155
-11155
-11160
-11160
-11164
-11145
-11140
-11106
-11107
-11096
-11107
-11115
-11119
-11136
-11135
-11142
-11133
-11136
-11129
-11135
-11126
-11131
-11131
-11136
-11140
-11126
-11141
-11128
-11142
-11135
-11139
-11137
-11128
-11133
-11119
-11131
-11126
-11144
-11140
-11143
-11141
-11134
-11135
-11134
-11139
-11136
-11147
-11143
-11149
-11151
-11151
-11149
-11141
-11139
-11138
-11143
-11142
-11144
-11144
-11146
-11147
-11139
-11139
-11122
-11119
-11102
-11095
-11086
-11085
-11093
-11092
-11100
-11092
-11104
-11101
-11107
-11117
-11128
-11142
-11153
-11161
-11172
-11180
-11182
-11193
-11187
-11207
-11207
-11215
-11211
-11196
-11187
-11161
-11159
-11127
-11140
-11117
-11127
-11119
-11105
-11110
-11081
-11091
-11066
-11085
-11089
-11109
-11117
-11127
-11131
-11129
-11132
-11134
-11139
-11144
-11154
-11159
-11169
-11171
-11180
-11174
-11180
-11168
-11172
-11166
-11163
-11163
-11161
-11167
-11174
-11172
-11168
-11170
-11160
-11160
-11151
-11151
-11146
-11148
-11147
-11146
-11144
-11133
-11129
-11118
-11122
-11117
-11118
-11127
-11138
-11143
-11148
-11153
-11148
-11155
-11148
-11155
-11147
-11152
-11148
-11146
-11154
-11152
-11161
-11155
-11157
-11152
-11153
-11150
-11158
-11156
-11163
-11159
-11168
-11163
-11164
-11156
-11154
-11163
-11158
-11182
-11175
-11194
-11182
-11195
-11188
-11193
-11191
-11181
-11182
-11164
-11170
-11150
-11158
-11139
-11141
-11131
-11127
-11126
-11117
-11119
-11108
-11115
-11105
-11113
-11107
-11109
-11105
-11103
-11110
-11100
-11118
-11119
-11141
-11144
-11161
-11166
-11167
-11173
-11165
-11181
-11171
-11196
-11188
-11204
-11197
-11192
-11184
-11163
-11161
-11143
-11152
-11137
-11151
-11146
-11150
-11152
-11144
-11143
-11129
-11134
-11127
-11130
-11131
-11133
-11139
-11141
-11154
-11148
-11146
-11133
-11124
-11119
-11113
-11120
-11124
-11133
-11133
-11136
-11128
-11136
-11121
-11130
-11125
-11140
-11147
-11151
-11168
-11155
-11178
-11162
-11182
-11171
-11185
-11180
-11176
-11177
-11161
-11173
-11152
-11168
-11158
-11166
-11162
-11162
-11154
-11145
-11141
-11129
-11131
-11122
-11124
-11125
-11124
-11128
-11123
-11127
-11123
-11129
-11128
-11121
-11131
-11113
-11128
-11109
-11128
-11117
-11124
-11133
-11128
-11151
-11137
-11155
-11137
-11141
-11128
-11132
-11128
-11127
-11128
-11125
-11126
-11118
-11114
-11106
-11098
-11086
-11086
-11078
-11082
-11078
-11087
-11079
-11084
-11081
-11082
-11073
-11073
-11072
-11067
-11072
-11061
-11069
-11059
-11062
-11057
-11061
-11069
-11072
-11080
-11080
-11081
-11070
-11069
-11063
-11064
-11076
-11065
-11080
-11064
-11069
-11050
-11045
-11044
-11029
-11038
-11021
-11039
-11025
-11036
-11020
-11021
-11009
-11003
-11001
-10990
-10993
-10977
-10989
-10977
-10985
-10986
-10995
-10998
-10999
-11003
-11002
-11003
-11006
-11013
-11012
-11025
-11018
-11025
-11011
-11009
-10999
-10992
-10993
-10985
-10996
-10985
-10990
-10975
-10978
-10967
-10962
-10962
-10957
-10961
-10952
-10951
-10948
-10946
-10948
-10951
-10956
-10961
-10964
-10972
-10971
-10979
-10972
-10980
-10972
-10981
-10971
-10978
-10979
-10978
-10979
-10969
-10972
-10961
-10977
-10968
-10977
-10964
-10963
-10949
-10939
-10934
-10927
-10936
-10937
-10940
-10941
-10934
-10929
-10917
-10913
-10915
-10915
-10926
-10923
-10943
-10932
-10945
-10940
-10946
-10954
-10955
-10971
-10968
-10983
-10976
-10976
-10971
-10969
-10968
-10964
-10967
-10958
-10954
-10949
-10936
-10935
-10924
-10929
-10928
-10930
-10932
-10921
-10923
-10917
-10920
-10921
-10931
-10930
-10933
-10940
-10933
-10939
-10941
-10955
-10962
-10981
-10990
-10995
-10996
-10983
-10987
-10966
-10979
-10971
-10986
-10984
-10985
-10984
-10964
-10962
-10938
-10955
-10938
-10954
-10944
-10946
-10937
-10924
-10921
-10907
-10917
-10910
-10924
-10927
-10939
-10934
-10942
-10938
-10946
-10955
-10958
-10972
-10975
-10979
-10980
-10979
-10978
-10986
-10983
-10997
-10997
-11007
-11004
-11010
-11009
-11006
-11015
-11008
-11024
-11016
-11023
-11012
-11018
-11015
-11010
-11018
-11010
-11022
-11005
-11009
-10995
-10994
-10985
-10980
-10977
-10970
-10971
-10959
-10973
-10965
-10977
-10965
-10975
-10974
-10976
-10989
-10986
-11002
-10995
-11009
-11009
-11024
-11026
-11041
-11043
-11049
-11057
-11057
-11076
-11066
-11081
-11066
-11069
-11058
-11056
-11051
-11035
-11037
-11019
-11022
-11008
-11012
-11002
-11002
-10999
-11001
-11005
-11011
-11018
-11017
-11022
-11018
-11030
-11027
-11040
-11039
-11046
-11042
-11043
-11046
-11045
-11058
-11059
-11067
-11065
-11064
-11054
-11050
-11048
-11050
-11054
-11056
-11057
-11056
-11054
-11046
-11040
-11045
-11037
-11051
-11056
-11058
-11059
-11044
-11044
-11029
-11037
-11034
-11044
-11047
-11040
-11043
-11030
-11038
-11034
-11043
-11049
-11057
-11071
-11063
-11070
-11062
-11065
-11060
-11065
-11063
-11060
-11060
-11050
-11048
-11038
-11036
-11025
-11027
-11020
-11018
-11006
-11002
-10991
-10991
-10988
-10995
-11009
-11011
-11027
-11017
-11033
-11015
-11030
-11022
-11029
-11035
-11030
-11052
-11035
-11059
-11039
-11051
-11045
-11049
-11055
-11052
-11065
-11049
-11056
-11034
-11040
-11026
-11030
-11025
-11020
-11021
-11010
-11017
-11004
-11015
-11008
-11005
-11002
-10985
-10988
-10974
-10978
-10972
-10972
-10975
-10964
-10978
-10966
-10980
-10967
-10976
-10972
-10975
-10976
-10969
-10979
-10969
-10985
-10974
-10991
-10982
-10998
-10987
-10989
-10994
-10984
-10998
-10981
-10990
-10968
-10964
-10953
-10945
-10947
-10940
-10943
-10931
-10923
-10911
-10905
-10899
-10901
-10912
-10909
-10919
-10916
-10919
-10916
-10911
-10917
-10920
-10931
-10942
-10947
-10952
-10951
-10945
-10949
-10947
-10952
-10944
-10948
-10930
-10925
-10911
-10900
-10893
-10880
-10885
-10873
-10881
-10862
-10871
-10851
-10851
-10843
-10840
-10858
-10852
-10868
-10847
-10858
-10839
-10853
-10848
-10867
-10876
-10884
-10891
-10880
-10892
-10868
-10887
-10866
-10887
-10871
-10887
-10878
-10875
-10876
-10852
-10868
-10844
-10866
-10839
-10857
-10839
-10838
-10833
-10816
-10829
-10812
-10833
-10818
-10827
-10817
-10818
-10815
-10812
-10823
-10825
-10841
-10834
-10850
-10845
-10849
-10852
-10850
-10860
-10859
-10870
-10867
-10867
-10863
-10855
-10853
-10841
-10843
-10838
-10842
-10843
-10841
-10834
-10820
-10816
-10800
-10802
-10787
-10790
-10781
-10778
-10775
-10774
-10779
-10774
-10781
-10773
-10783
-10778
-10793
-10792
-10805
-10810
-10813
-10822
-10819
-10834
-10831
-10844
-10842
-10846
-10847
-10841
-10844
-10837
-10840
-10832
-10833
-10832
-10822
-10824
-10813
-10810
-10802
-10799
-10791
-10782
-10779
-10769
-10770
-10766
-10767
-10770
-10771
-10769
-10769
-10769
-10772
-10769
-10768
-10766
-10766
-10773
-10771
-10780
-10783
-10791
-10791
-10793
-10799
-10801
-10808
-10813
-10820
-10825
-10828
-10828
-10824
-10820
-10823
-10816
-10820
-10815
-10818
-10807
-10800
-10791
-10776
-10774
-10755
-10766
-10746
-10754
-10745
-10742
-10738
-10733
-10744
-10744
-10766
-10765
-10779
-10778
-10786
-10792
-10803
-10814
-10821
-10827
-10822
-10821
-10807
-10807
-10801
-10801
-10803
-10794
-10787
-10769
-10766
-10755
-10762
-10765
-10767
-10777
-10770
-10781
-10770
-10780
-10775
-10784
-10793
-10792
-10806
-10799
-10809
-10806
-10810
-10810
-10804
-10810
-10802
-10803
-10796
-10790
-10792
-10785
-10794
-10788
-10798
-10789
-10788
-10790
-10778
-10793
-10783
-10802
-10798
-10811
-10806
-10809
-10810
-10805
-10821
-10808
-10830
-10819
-10840
-10828
-10831
-10823
-10814
-10814
-10802
-10810
-10801
-10804
-10792
-10795
-10787
-10791
-10787
-10797
-10800
-10808
-10811
-10812
-10818
-10820
-10830
-10837
-10850
-10857
-10865
-10865
-10864
-10864
-10865
-10861
-10864
-10867
-10865
-10862
-10854
-10838
-10832
-10818
-10815
-10803
-10807
-10804
-10804
-10805
-10799
-10808
-10801
-10817
-10816
-10835
-10847
-10860
-10874
-10884
-10894
-10895
-10905
-10904
-10913
-10916
-10920
-10920
-10920
-10909
-10900
-10888
-10875
-10864
-10851
-10847
-10834
-10836
-10821
-10822
-10808
-10807
-10811
-10807
-10821
-10815
-10834
-10831
-10851
-10857
-10871
-10886
-10890
-10909
-10903
-10917
-10911
-10921
-10919
-10924
-10928
-10914
-10924
-10905
-10908
-10890
-10887
-10887
-10880
-10882
-10865
-10868
-10847
-10849
-10832
-10834
-10828
-10824
-10826
-10816
-10820
-10809
-10818
-10811
-10819
-10817
-10820
-10828
-10826
-10837
-10838
-10849
-10852
-10858
-10874
-10873
-10890
-10887
-10894
-10894
-10891
-10900
-10881
-10894
-10873
-10878
-10859
-10860
-10851
-10837
-10835
-10815
-10815
-10789
-10793
-10777
-10784
-10767
-10781
-10772
-10787
-10795
-10793
-10812
-10800
-10823
-10813
-10834
-10830
-10845
-10851
-10861
-10869
-10866
-10877
-10869
-10872
-10865
-10869
-10863
-10867
-10862
-10855
-10850
-10843
-10836
-10826
-10814
-10805
-10795
-10785
-10778
-10767
-10767
-10752
-10754
-10742
-10738
-10730
-10718
-10731
-10718
-10743
-10732
-10755
-10751
-10760
-10772
-10773
-10800
-10791
-10819
-10806
-10835
-10826
-10838
-10829
-10823
-10830
-10815
-10830
-10806
-10814
-10792
-10786
-10775
-10760
-10756
-10744
-10741
-10728
-10728
-10721
-10718
-10713
-10710
-10705
-10705
-10705
-10705
-10714
-10718
-10732
-10733
-10743
-10750
-10750
-10753
-10751
-10754
-10755
-10755
-10756
-10753
-10748
-10743
-10736
-10737
-10727
-10729
-10719
-10717
-10714
-10709
-10710
-10705
-10709
-10702
-10698
-10696
-10693
-10690
-10691
-10693
-10697
-10699
-10704
-10710
-10716
-10724
-10729
-10737
-10741
-10748
-10748
-10753
-10757
-10759
-10761
-10756
-10759
-10750
-10743
-10734
-10728
-10726
-10729
-10727
-10729
-10724
-10719
-10716
-10710
-10712
-10707
-10707
-10699
-10699
-10694
-10694
-10688
-10691
-10692
-10694
-10697
-10698
-10708
-10707
-10724
-10726
-10745
-10739
-10750
-10748
-10752
-10764
-10760
-10783
-10774
-10801
-10780
-10796
-10783
-10782
-10778
-10760
-10767
-10742
-10755
-10722
-10734
-10706
-10708
-10699
-10692
-10707
-10695
-10720
-10713
-10730
-10731
-10741
-10749
-10755
-10772
-10775
-10791
-10795
-10809
-10820
-10826
-10833
-10835
-10834
-10837
-10836
-10838
-10838
-10832
-10833
-10825
-10828
-10813
-10811
-10799
-10787
-10783
-10768
-10770
-10753
-10758
-10746
-10754
-10753
-10750
-10754
-10747
-10761
-10747
-10773
-10772
-10787
-10800
-10798
-10818
-10813
-10828
-10830
-10838
-10839
-10840
-10842
-10844
-10851
-10850
-10852
-10850
-10855
-10850
-10850
-10851
-10852
-10855
-10849
-10851
-10851
-10848
-10847
-10845
-10847
-10836
-10842
-10840
-10840
-10844
-10835
-10842
-10831
-10843
-10834
-10839
-10841
-10837
-10844
-10838
-10848
-10842
-10854
-10847
-10854
-10854
-10858
-10863
-10863
-10876
-10872
-10883
-10875
-10879
-10870
-10867
-10862
-10863
-10868
-10864
-10873
-10860
-10868
-10852
-10858
-10848
-10853
-10854
-10852
-10863
-10848
-10863
-10842
-10859
-10847
-10859
-10855
-10861
-10865
-10855
-10871
-10854
-10869
-10846
-10860
-10849
-10856
-10845
-10846
-10846
-10830
-10841
-10817
-10827
-10809
-10806
-10797
-10794
-10795
-10795
-10795
-10794
-10796
-10801
-10806
-10808
-10815
-10815
-10824
-10824
-10834
-10833
-10841
-10844
-10846
-10848
-10850
-10845
-10839
-10835
-10832
-10829
-10830
-10829
-10834
-10829
-10829
-10834
-10825
-10828
-10813
-10825
-10818
-10826
-10820
-10821
-10828
-10830
-10847
-10856
-10872
-10867
-10869
-10862
-10861
-10844
-10841
-10826
-10803
-10770
-10714
-10679
-10637
-10618
-10597
-10559
-10522
-10470
-10428
-10392
-10383
-10399
-10417
-10433
-10452
-10495
-10549
-10615
-10689
-10768
-10831
-10896
-10972
-11095
-11211
-11306
-11369
-11396
-11394
-11353
-11331
-11283
-11240
-11158
-11043
-10900
-10730
-10563
-10357
-10179
-10000
-9873
-9741
-9658
-9631
-9644
-9731
-9822
-9998
-10142
-10340
-10553
-10853
-11133
-11343
-11566
-11790
-12086
-12221
-12244
-12144
-12050
-11902
-11722
-11587
-11391
-11126
-10708
-10302
-9950
-9730
-9556
-9362
-9198
-9112
-9097
-9084
-9143
-9281
-9572
-9860
-10106
-10380
-10712
-10986
-11150
-11392
-11683
-11894
-11899
-11910
-11906
-11797
-11612
-11459
-11327
-11104
-10824
-10511
-10267
-10108
-10105
-10167
-10204
-10188
-10163
-10190
-10304
-10515
-10709
-10874
-10946
-10952
-10931
-10930
-10922
-10903
-10884
-10726
-10590
-10473
-10314
-10076
-9968
-10003
-10028
-10011
-9921
-9868
-9801
-9927
-10209
-10570
-10889
-11075
-11136
-11114
-11149
-11225
-11319
-11369
-11329
-11202
-11086
-10984
-10866
-10738
-10612
-10501
-10393
-10353
-10361
-10339
-10310
-10317
-10387
-10393
-10408
-10480
-10567
-10616
-10581
-10573
-10615
-10712
-10826
-10962
-10977
-10780
-10539
-10390
-10343
-10310
-10263
-10178
-10070
-10006
-10064
-10311
-10610
-10851
-10926
-10873
-10847
-10934
-11113
-11327
-11560
-11687
-11600
-11338
-11069
-10814
-10584
-10377
-10218
-10064
-9891
-9777
-9714
-9686
-9658
-9642
-9614
-9620
-9725
-9966
-10309
-10647
-10935
-11166
-11375
-11574
-11757
-11871
-11915
-11916
-11849
-11724
-11552
-11356
-11117
-10820
-10513
-10237
-10017
-9821
-9648
-9516
-9456
-9524
-9691
-9886
-10047
-10190
-10326
-10438
-10551
-10682
-10864
-11077
-11266
-11394
-11461
-11475
-11419
-11320
-11228
-11141
-11044
-10911
-10712
-10480
-10250
-10133
-10149
-10207
-10212
-10150
-10091
-10080
-10155
-10297
-10438
-10526
-10555
-10573
-10602
-10630
-10667
-10694
-10751
-10795
-10840
-10894
-10995
-11113
-11191
-11252
-11273
-11290
-11285
-11258
-11176
-11101
-11021
-10925
-10797
-10660
-10556
-10464
-10362
-10208
-10041
-9888
-9821
-9810
-9819
-9842
-9877
-9930
-10032
-10253
-10551
-10817
-11008
-11166
-11317
-11471
-11606
-11672
-11656
-11599
-11531
-11442
-11314
-11128
-10903
-10678
-10511
-10386
-10248
-10162
-10169
-10256
-10337
-10387
-10396
-10365
-10378
-10466
-10638
-10812
-11004
-11170
-11307
-11396
-11395
-11306
-11145
-10958
-10730
-10524
-10350
-10239
-10157
-10119
-10061
-10016
-10023
-10119
-10311
-10554
-10845
-11088
-11360
-11596
-11819
-11949
-12027
-12044
-11944
-11808
-11643
-11546
-11386
-11195
-10936
-10649
-10377
-10110
-9876
-9603
-9387
-9232
-9205
-9304
-9531
-9802
-10076
-10380
-10696
-11000
-11266
-11535
-11767
-11971
-12092
-12128
-12043
-11907
-11735
-11529
-11285
-11007
-10730
-10445
-10243
-10134
-10134
-10141
-10155
-10170
-10216
-10282
-10352
-10464
-10624
-10848
-11085
-11332
-11537
-11667
-11696
-11652
-11546
-11412
-11254
-11057
-10875
-10701
-10539
-10359
-10167
-9998
-9871
-9828
-9875
-10018
-10167
-10342
-10559
-10834
-11133
-11359
-11510
-11550
-11580
-11570
-11548
-11512
-11468
-11399
-11279
-11155
-11015
-10847
-10627
-10409
-10224
-10128
-10101
-10123
-10193
-10315
-10465
-10586
-10690
-10796
-10910
-11035
-11151
-11297
-11371
-11381
-11303
-11196
-11093
-10944
-10787
-10594
-10453
-10293
-10157
-10038
-10011
-10065
-10176
-10331
-10514
-10690
-10797
-10869
-10942
-11065
-11170
-11267
-11314
-11354
-11355
-11329
-11250
-11141
-11005
-10803
-10575
-10343
-10151
-10000
-9938
-9967
-10084
-10223
-10338
-10458
-10632
-10860
-11090
-11267
-11389
-11463
-11529
-11596
-11649
-11627
-11509
-11309
-11066
-10820
-10564
-10314
-10101
-9954
-9861
-9817
-9780
-9772
-9751
-9769
-9805
-9885
-10029
-10215
-10467
-10749
-11070
-11311
-11487
-11592
-11657
-11648
-11551
-11417
-11242
-11067
-10917
-10812
-10741
-10656
-10540
-10389
-10252
-10182
-10160
-10194
-10267
-10416
-10584
-10729
-10824
-10836
-10805
-10752
-10719
-10694
-10707
-10737
-10735
-10729
-10696
-10625
-10469
-10256
-10065
-9922
-9864
-9858
-9915
-10054
-10253
-10500
-10749
-11007
-11215
-11357
-11471
-11554
-11604
-11605
-11597
-11541
-11465
-11330
-11139
-10885
-10598
-10316
-10060
-9881
-9774
-9728
-9699
-9712
-9712
-9710
-9699
-9735
-9836
-10022
-10305
-10610
-10905
-11155
-11389
-11584
-11715
-11746
-11668
-11511
-11327
-11139
-10954
-10789
-10624
-10454
-10265
-10139
-10059
-10005
-9988
-9992
-10073
-10157
-10278
-10374
-10477
-10597
-10694
-10776
-10832
-10912
-10962
-11021
-11051
-11048
-10993
-10900
-10790
-10651
-10523
-10373
-10232
-10087
-10035
-10060
-10145
-10281
-10428
-10598
-10741
-10919
-11064
-11186
-11256
-11267
-11228
-11146
-11045
-10908
-10778
-10656
-10543
-10408
-10280
-10160
-10047
-9974
-9952
-9964
-9970
-9985
-10041
-10148
-10344
-10572
-10793
-10979
-11138
-11275
-11391
-11504
-11577
-11583
-11511
-11446
-11314
-11128
-10863
-10588
-10348
-10143
-10008
-9887
-9883
-9940
-10052
-10156
-10255
-10331
-10337
-10375
-10461
-10609
-10757
-10893
-11008
-11100
-11182
-11213
-11184
-11114
-11042
-10982
-10885
-10802
-10713
-10644
-10577
-10512
-10470
-10422
-10411
-10401
-10446
-10537
-10683
-10792
-10903
-11033
-11105
-11095
-10989
-10863
-10697
-10537
-10432
-10398
-10438
-10471
-10507
-10516
-10507
-10481
-10396
-10374
-10395
-10519
-10638
-10780
-10897
-10968
-11042
-11065
-11129
-11133
-11133
-11060
-11018
-11005
-10989
-10961
-10840
-10704
-10483
-10321
-10186
-10119
-10114
-10163
-10303
-10440
-10622
-10750
-10869
-10955
-11015
-11029
-10980
-10943
-10912
-10932
-10958
-10989
-10968
-10911
-10807
-10701
-10598
-10505
-10432
-10370
-10353
-10369
-10411
-10400
-10396
-10404
-10450
-10489
-10570
-10680
-10812
-10960
-11063
-11162
-11163
-11136
-11027
-10924
-10833
-10735
-10665
-10590
-10583
-10580
-10613
-10634
-10654
-10629
-10583
-10539
-10518
-10537
-10537
-10530
-10509
-10539
-10568
-10609
-10633
-10650
-10663
-10677
-10719
-10743
-10777
-10770
-10757
-10741
-10714
-10687
-10651
-10654
-10691
-10745
-10793
-10810
-10826
-10846
-10886
-10912
-10885
-10818
-10718
-10614
-10501
-10441
-10404
-10375
-10370
-10389
-10438
-10484
-10528
-10551
-10581
-10615
-10663
-10685
-10708
-10690
-10680
-10695
-10753
-10835
-10892
-10968
-10994
-11005
-10957
-10881
-10782
-10708
-10655
-10624
-10589
-10527
-10442
-10368
-10343
-10343
-10361
-10386
-10463
-10551
-10649
-10717
-10747
-10724
-10684
-10637
-10599
-10596
-10608
-10660
-10726
-10815
-10887
-10932
-10931
-10904
-10846
-10764
-10703
-10620
-10565
-10529
-10545
-10571
-10583
-10586
-10584
-10592
-10595
-10605
-10608
-10636
-10666
-10702
-10731
-10758
-10735
-10655
-10556
-10471
-10418
-10418
-10457
-10530
-10611
-10674
-10672
-10618
-10539
-10452
-10379
-10335
-10342
-10350
-10414
-10493
-10651
-10782
-10878
-10899
-10861
-10840
-10833
-10862
-10870
-10899
-10877
-10840
-10772
-10722
-10665
-10606
-10545
-10495
-10475
-10453
-10451
-10453
-10472
-10487
-10454
-10373
-10283
-10228
-10226
-10279
-10376
-10478
-10579
-10660
-10731
-10761
-10760
-10720
-10662
-10612
-10573
-10559
-10543
-10546
-10552
-10571
-10616
-10649
-10678
-10671
-10671
-10692
-10730
-10782
-10796
-10795
-10766
-10742
-10700
-10664
-10617
-10586
-10570
-10592
-10624
-10619
-10579
-10488
-10401
-10310
-10262
-10216
-10202
-10208
-10251
-10306
-10359
-10457
-10544
-10654
-10756
-10865
-10937
-10963
-10981
-10957
-10940
-10892
-10843
-10782
-10742
-10710
-10670
-10629
-10566
-10499
-10397
-10343
-10276
-10264
-10229
-10213
-10202
-10214
-10293
-10343
-10454
-10541
-10698
-10815
-10912
-10976
-11001
-11026
-11023
-11029
-10976
-10890
-10748
-10604
-10495
-10424
-10359
-10310
-10291
-10296
-10308
-10323
-10312
-10297
-10269
-10274
-10303
-10359
-10459
-10557
-10693
-10800
-10912
-10951
-10975
-10958
-10952
-10950
-10916
-10881
-10808
-10753
-10669
-10606
-10500
-10417
-10355
-10326
-10356
-10411
-10510
-10572
-10623
-10630
-10627
-10624
-10597
-10568
-10518
-10532
-10527
-10566
-10597
-10661
-10706
-10712
-10704
-10617
-10563
-10482
-10495
-10502
-10572
-10620
-10659
-10689
-10709
-10761
-10781
-10835
-10849
-10893
-10934
-10992
-11004
-10965
-10891
-10792
-10682
-10565
-10453
-10363
-10319
-10345
-10410
-10491
-10549
-10565
-10549
-10512
-10502
-10483
-10502
-10534
-10609
-10711
-10810
-10891
-10926
-10944
-10948
-10932
-10899
-10848
-10819
-10799
-10803
-10784
-10727
-10669
-10572
-10515
-10479
-10513
-10549
-10590
-10656
-10721
-10791
-10808
-10833
-10814
-10786
-10719
-10646
-10599
-10562
-10578
-10600
-10680
-10733
-10759
-10724
-10671
-10647
-10611
-10618
-10615
-10649
-10671
-10714
-10758
-10803
-10845
-10846
-10855
-10855
-10901
-10927
-10930
-10901
-10843
-10771
-10692
-10610
-10548
-10500
-10480
-10482
-10486
-10535
-10576
-10647
-10708
-10794
-10853
-10866
-10886
-10892
-10934
-10946
-10943
-10910
-10898
-10903
-10920
-10956
-10949
-10925
-10835
-10765
-10681
-10614
-10541
-10483
-10471
-10463
-10497
-10496
-10566
-10626
-10716
-10794
-10877
-10944
-10955
-10982
-10994
-11038
-11033
-11022
-10977
-10939
-10883
-10819
-10764
-10710
-10686
-10663
-10674
-10693
-10707
-10697
-10652
-10612
-10570
-10563
-10570
-10611
-10690
-10789
-10910
-10993
-11054
-11063
-11062
-11017
-10966
-10897
-10830
-10784
-10756
-10764
-10752
-10737
-10666
-10630
-10587
-10575
-10575
-10570
-10614
-10646
-10704
-10730
-10758
-10738
-10713
-10678
-10674
-10700
-10731
-10795
-10866
-10970
-11014
-11015
-10943
-10873
-10785
-10730
-10698
-10686
-10684
-10676
-10721
-10749
-10804
-10800
-10787
-10737
-10684
-10640
-10611
-10603
-10598
-10624
-10632
-10649
-10606
-10549
-10488
-10488
-10532
-10602
-10682
-10748
-10795
-10810
-10826
-10803
-10783
-10733
-10715
-10707
-10746
-10793
-10839
-10889
-10894
-10881
-10816
-10742
-10644
-10581
-10526
-10492
-10459
-10440
-10443
-10450
-10485
-10512
-10544
-10554
-10578
-10610
-10665
-10723
-10759
-10761
-10754
-10739
-10719
-10694
-10653
-10630
-10596
-10606
-10621
-10652
-10655
-10624
-10587
-10534
-10495
-10437
-10415
-10397
-10418
-10459
-10500
-10545
-10564
-10583
-10610
-10645
-10659
-10656
-10637
-10626
-10594
-10556
-10515
-10480
-10449
-10417
-10428
-10451
-10492
-10510
-10531
-10553
-10566
-10574
-10551
-10556
-10546
-10557
-10556
-10558
-10550
-10543
-10552
-10552
-10577
-10574
-10566
-10526
-10497
-10457
-10415
-10359
-10310
-10279
-10255
-10253
-10260
-10279
-10319
-10381
-10444
-10517
-10552
-10553
-10508
-10470
-10454
-10457
-10462
-10472
-10490
-10503
-10509
-10502
-10489
-10492
-10499
-10504
-10505
-10509
-10510
-10489
-10491
-10487
-10489
-10443
-10409
-10391
-10407
-10448
-10483
-10528
-10546
-10556
-10524
-10487
-10417
-10323
-10243
-10201
-10210
-10252
-10306
-10363
-10409
-10433
-10442
-10427
-10421
-10400
-10400
-10414
-10445
-10490
-10496
-10518
-10502
-10508
-10489
-10464
-10461
-10463
-10519
-10562
-10611
-10610
-10590
-10538
-10488
-10456
-10427
-10397
-10368
-10388
-10435
-10511
-10557
-10589
-10573
-10528
-10456
-10359
-10290
-10235
-10243
-10258
-10320
-10360
-10373
-10375
-10367
-10398
-10406
-10421
-10422
-10464
-10517
-10578
-10611
-10622
-10609
-10564
-10519
-10482
-10483
-10488
-10513
-10531
-10556
-10539
-10492
-10421
-10355
-10301
-10255
-10227
-10216
-10241
-10285
-10366
-10451
-10536
-10590
-10612
-10619
-10621
-10629
-10621
-10606
-10585
-10575
-10581
-10577
-10561
-10524
-10475
-10430
-10412
-10415
-10425
-10430
-10433
-10437
-10424
-10409
-10392
-10385
-10392
-10426
-10474
-10520
-10552
-10567
-10596
-10608
-10635
-10618
-10579
-10528
-10466
-10425
-10371
-10356
-10336
-10355
-10367
-10401
-10435
-10471
-10509
-10532
-10566
-10559
-10555
-10514
-10519
-10528
-10561
-10578
-10575
-10579
-10571
-10575
-10560
-10539
-10507
-10467
-10436
-10425
-10414
-10416
-10406
-10402
-10398
-10394
-10401
-10429
-10465
-10525
-10595
-10657
-10695
-10693
-10666
-10611
-10557
-10505
-10461
-10423
-10404
-10401
-10423
-10445
-10461
-10459
-10433
-10409
-10382
-10359
-10329
-10330
-10350
-10406
-10471
-10528
-10575
-10573
-10591
-10571
-10584
-10584
-10591
-10606
-10608
-10627
-10592
-10551
-10470
-10422
-10373
-10354
-10359
-10374
-10430
-10497
-10579
-10627
-10635
-10601
-10541
-10485
-10450
-10431
-10439
-10451
-10479
-10501
-10508
-10492
-10454
-10419
-10387
-10365
-10345
-10336
-10324
-10336
-10363
-10399
-10437
-10435
-10446
-10455
-10490
-10539
-10580
-10633
-10662
-10701
-10686
-10651
-10578
-10485
-10406
-10337
-10334
-10331
-10365
-10380
-10401
-10409
-10409
-10402
-10374
-10368
-10353
-10373
-10395
-10442
-10466
-10492
-10507
-10526
-10532
-10517
-10514
-10491
-10502
-10463
-10450
-10398
-10350
-10310
-10255
-10243
-10196
-10194
-10180
-10227
-10292
-10376
-10447
-10485
-10522
-10534
-10550
-10536
-10527
-10507
-10520
-10517
-10536
-10535
-10539
-10524
-10497
-10478
-10446
-10425
-10374
-10359
-10328
-10316
-10280
-10257
-10242
-10254
-10274
-10306
-10344
-10372
-10385
-10397
-10426
-10434
-10437
-10396
-10363
-10314
-10294
-10268
-10269
-10293
-10332
-10367
-10387
-10411
-10427
-10466
-10484
-10527
-10538
-10527
-10497
-10474
-10472
-10477
-10494
-10494
-10487
-10476
-10476
-10478
-10464
-10424
-10362
-10293
-10228
-10182
-10153
-10154
-10161
-10186
-10219
-10250
-10288
-10307
-10347
-10381
-10437
-10472
-10496
-10498
-10482
-10477
-10448
-10434
-10383
-10363
-10343
-10357
-10371
-10378
-10400
-10398
-10408
-10386
-10373
-10334
-10306
-10292
-10308
-10356
-10408
-10460
-10512
-10547
-10567
-10550
-10512
-10455
-10406
-10377
-10351
-10355
-10331
-10321
-10278
-10266
-10238
-10221
-10206
-10207
-10254
-10299
-10380
-10419
-10450
-10431
-10411
-10384
-10360
-10349
-10352
-10378
-10413
-10468
-10499
-10519
-10509
-10486
-10455
-10409
-10361
-10295
-10268
-10280
-10339
-10400
-10456
-10495
-10501
-10506
-10487
-10498
-10481
-10495
-10495
-10513
-10516
-10494
-10456
-10383
-10341
-10279
-10255
-10230
-10256
-10280
-10333
-10370
-10401
-10408
-10392
-10374
-10344
-10354
-10349
-10392
-10424
-10502
-10556
-10606
-10614
-10589
-10561
-10504
-10462
-10395
-10365
-10318
-10310
-10287
-10289
-10285
-10276
-10289
-10299
-10343
-10374
-10418
-10453
-10490
-10531
-10565
-10579
-10572
-10542
-10516
-10501
-10514
-10529
-10534
-10526
-10512
-10495
-10473
-10442
-10400
-10368
-10312
-10287
-10251
-10248
-10246
-10271
-10319
-10378
-10437
-10461
-10499
-10504
-10527
-10513
-10502
-10472
-10448
-10431
-10408
-10404
-10398
-10405
-10396
-10413
-10410
-10413
-10393
-10399
-10401
-10415
-10429
-10423
-10433
-10422
-10445
-10439
-10465
-10457
-10466
-10464
-10462
-10485
-10486
-10503
-10457
-10434
-10359
-10308
-10246
-10209
-10221
-10243
-10311
-10349
-10407
-10425
-10447
-10442
-10455
-10470
-10455
-10448
-10436
-10458
-10475
-10505
-10505
-10506
-10489
-10463
-10447
-10415
-10411
-10387
-10398
-10403
-10407
-10392
-10349
-10320
-10282
-10283
-10277
-10302
-10339
-10398
-10452
-10494
-10501
-10458
-10407
-10342
-10306
-10272
-10260
-10251
-10271
-10300
-10332
-10363
-10364
-10360
-10336
-10333
-10330
-10350
-10373
-10398
-10430
-10454
-10464
-10442
-10431
-10414
-10419
-10423
-10428
-10439
-10441
-10449
-10441
-10410
-10362
-10288
-10216
-10169
-10148
-10183
-10225
-10276
-10321
-10350
-10383
-10376
-10374
-10345
-10330
-10323
-10322
-10338
-10336
-10351
-10343
-10356
-10332
-10320
-10287
-10280
-10279
-10294
-10328
-10319
-10337
-10290
-10302
-10270
-10275
-10262
-10258
-10296
-10321
-10386
-10398
-10428
-10409
-10399
-10360
-10313
-10255
-10203
-10178
-10161
-10169
-10173
-10179
-10173
-10178
-10196
-10200
-10206
-10206
-10215
-10231
-10250
-10279
-10272
-10276
-10249
-10264
-10274
-10301
-10318
-10320
-10324
-10300
-10287
-10248
-10238
-10203
-10198
-10153
-10134
-10104
-10109
-10120
-10145
-10201
-10210
-10250
-10228
-10250
-10233
-10243
-10235
-10225
-10221
-10192
-10195
-10169
-10186
-10180
-10199
-10207
-10223
-10226
-10207
-10186
-10149
-10144
-10117
-10113
-10096
-10099
-10115
-10138
-10172
-10178
-10181
-10165
-10171
-10175
-10202
-10208
-10201
-10183
-10166
-10148
-10114
-10099
-10073
-10073
-10076
-10105
-10143
-10173
-10187
-10205
-10200
-10189
-10154
-10124
-10107
-10093
-10117
-10128
-10177
-10195
-10221
-10222
-10216
-10201
-10156
-10127
-10090
-10104
-10106
-10116
-10118
-10121
-10124
-10107
-10101
-10079
-10081
-10091
-10113
-10151
-10177
-10196
-10178
-10151
-10116
-10067
-10019
-9973
-9970
-9994
-10047
-10098
-10147
-10162
-10162
-10133
-10101
-10072
-10038
-10039
-10033
-10094
-10116
-10172
-10183
-10191
-10191
-10167
-10161
-10114
-10119
-10090
-10113
-10112
-10136
-10115
-10072
-10026
-9972
-9963
-9941
-9967
-9988
-10048
-10084
-10119
-10126
-10108
-10091
-10060
-10055
-10042
-10038
-10036
-10061
-10099
-10133
-10159
-10164
-10160
-10130
-10105
-10067
-10054
-10040
-10047
-10063
-10070
-10097
-10088
-10094
-10082
-10096
-10094
-10103
-10115
-10126
-10142
-10134
-10122
-10084
-10057
-10015
-10000
-9989
-10002
-9999
-10006
-10020
-10031
-10068
-10059
-10066
-10038
-10029
-10023
-10014
-10025
-10018
-10040
-10050
-10089
-10130
-10154
-10170
-10160
-10169
-10149
-10132
-10109
-10087
-10094
-10070
-10064
-10038
-10032
-10038
-10045
-10078
-10084
-10091
-10066
-10051
-10045
-10038
-10042
-10030
-10027
-9999
-9987
-9966
-9955
-9959
-9964
-9991
-10014
-10040
-10045
-10053
-10051
-10042
-10030
-10018
-10004
-10007
-10022
-10070
-10123
-10169
-10196
-10196
-10186
-10163
-10149
-10110
-10083
-10044
-10020
-10002
-9997
-9994
-9988
-9973
-9962
-9957
-9960
-9965
-9979
-10001
-10023
-10054
-10047
-10052
-10028
-10026
-10012
-10016
-10015
-10026
-10056
-10085
-10126
-10127
-10125
-10074
-10023
-9973
-9953
-9940
-9941
-9961
-9991
-10026
-10045
-10062
-10070
-10074
-10090
-10093
-10103
-10101
-10093
-10097
-10091
-10098
-10064
-10046
-10010
-9991
-9985
-9984
-10013
-10019
-10042
-10037
-10041
-10019
-9984
-9951
-9912
-9916
-9918
-9956
-9996
-10046
-10089
-10117
-10130
-10112
-10095
-10070
-10063
-10071
-10090
-10095
-10100
-10094
-10096
-10092
-10092
-10094
-10100
-10103
-10115
-10135
-10147
-10157
-10145
-10149
-10120
-10112
-10074
-10052
-10038
-10049
-10078
-10087
-10117
-10106
-10111
-10076
-10042
-9998
-9972
-9958
-9968
-9996
-10031
-10072
-10077
-10110
-10125
-10164
-10160
-10170
-10171
-10174
-10199
-10189
-10210
-10182
-10178
-10153
-10147
-10147
-10137
-10154
-10157
-10199
-10199
-10215
-10202
-10196
-10186
-10171
-10177
-10167
-10180
-10174
-10189
-10199
-10225
-10235
-10234
-10231
-10213
-10195
-10165
-10144
-10121
-10105
-10098
-10090
-10098
-10108
-10116
-10134
-10155
-10184
-10196
-10208
-10206
-10217
-10220
-10224
-10234
-10235
-10255
-10259
-10280
-10276
-10276
-10263
-10255
-10258
-10258
-10262
-10238
-10229
-10208
-10203
-10173
-10149
-10115
-10100
-10113
-10128
-10176
-10193
-10225
-10217
-10218
-10207
-10172
-10154
-10109
-10112
-10098
-10115
-10124
-10148
-10176
-10190
-10220
-10205
-10221
-10185
-10198
-10196
-10220
-10243
-10247
-10270
-10254
-10271
-10238
-10237
-10202
-10207
-10205
-10219
-10234
-10225
-10217
-10160
-10124
-10057
-10030
-9991
-9990
-9997
-10028
-10081
-10114
-10161
-10179
-10199
-10191
-10174
-10144
-10110
-10110
-10116
-10155
-10176
-10201
-10189
-10165
-10135
-10100
-10087
-10053
-10055
-10043
-10062
-10070
-10078
-10070
-10055
-10040
-10021
-10013
-10013
-10044
-10091
-10148
-10193
-10210
-10198
-10179
-10138
-10116
-10086
-10072
-10056
-10048
-10060
-10077
-10093
-10094
-10083
-10063
-10040
-10013
-9986
-9964
-9957
-9954
-9970
-9970
-9981
-9971
-9972
-9967
-9974
-9984
-9988
-10010
-10008
-10036
-10026
-10028
-9997
-9973
-9964
-9953
-9975
-9968
-10005
-10015
-10061
-10076
-10094
-10096
-10069
-10068
-10031
-10046
-10016
-10024
-10002
-10006
-10006
-10010
-10022
-10011
-10030
-10019
-10040
-10026
-10027
-10004
-10005
-9998
-10011
-10021
-10017
-10017
-10006
-10012
-10017
-10029
-10022
-10020
-10004
-9990
-9960
-9942
-9917
-9908
-9901
-9900
-9897
-9897
-9898
-9911
-9940
-9975
-10007
-10020
-10034
-10039
-10048
-10040
-10034
-10025
-10028
-10046
-10070
-10104
-10118
-10134
-10121
-10110
-10095
-10067
-10050
-10012
-10010
-9992
-10006
-9995
-9999
-9987
-9976
-9978
-9965
-9979
-9967
-9986
-9989
-10014
-10015
-10018
-9999
-9982
-9960
-9955
-9958
-9965
-9989
-10002
-10054
-10060
-10080
-10065
-10046
-10036
-10004
-10013
-9996
-10026
-10042
-10079
-10104
-10111
-10117
-10089
-10103
-10076
-10091
-10065
-10065
-10042
-10037
-10034
-10004
-9999
-9958
-9957
-9935
-9957
-9961
-9996
-10018
-10043
-10063
-10054
-10050
-10009
-9993
-9971
-9988
-10003
-10033
-10070
-10090
-10122
-10120
-10131
-10103
-10085
-10058
-10043
-10055
-10051
-10085
-10088
-10117
-10114
-10112
-10099
-10082
-10091
-10093
-10126
-10135
-10144
-10127
-10110
-10087
-10065
-10046
-10017
-10004
-9993
-10005
-10017
-10041
-10056
-10060
-10060
-10043
-10031
-9992
-9983
-9982
-10003
-10041
-10063
-10102
-10110
-10138
-10144
-10145
-10146
-10132
-10148
-10141
-10167
-10158
-10149
-10134
-10107
-10108
-10080
-10094
-10080
-10100
-10107
-10117
-10133
-10114
-10125
-10091
-10093
-10063
-10052
-10030
-10022
-10031
-10033
-10069
-10065
-10088
-10070
-10088
-10076
-10075
-10063
-10041
-10035
-10019
-10044
-10048
-10077
-10079
-10101
-10099
-10115
-10122
-10126
-10132
-10115
-10108
-10080
-10074
-10050
-10042
-10038
-10041
-10043
-10028
-10021
-10014
-10021
-10040
-10043
-10063
-10055
-10059
-10053
-10041
-10037
-10016
-10016
-10003
-10038
-10053
-10089
-10114
-10123
-10141
-10120
-10110
-10067
-10041
-10011
-10003
-10011
-10020
-10044
-10052
-10073
-10073
-10072
-10047
-10028
-10012
-10007
-10021
-10025
-10042
-10037
-10037
-10023
-10003
-9991
-9970
-9970
-9964
-9994
-10021
-10055
-10073
-10076
-10071
-10035
-10019
-9985
-9992
-9997
-10039
-10080
-10116
-10143
-10144
-10142
-10120
-10107
-10072
-10046
-10011
-9999
-9993
-10005
-10021
-10017
-10015
-9987
-9982
-9961
-9956
-9953
-9964
-9999
-10013
-10040
-10017
-10013
-9979
-9962
-9949
-9937
-9946
-9950
-9984
-9998
-10033
-10021
-10004
-9976
-9943
-9923
-9901
-9904
-9914
-9943
-9971
-9993
-10018
-10015
-10026
-10019
-10017
-10011
-9998
-9993
-9981
-9992
-9992
-10002
-9985
-9987
-9976
-9979
-9972
-9978
-9978
-9981
-9980
-9970
-9968
-9936
-9922
-9883
-9880
-9872
-9877
-9878
-9889
-9904
-9918
-9929
-9929
-9927
-9917
-9910
-9899
-9893
-9887
-9889
-9887
-9905
-9913
-9935
-9929
-9936
-9936
-9943
-9951
-9951
-9945
-9926
-9921
-9908
-9911
-9899
-9903
-9898
-9906
-9916
-9909
-9912
-9897
-9889
-9880
-9875
-9870
-9859
-9845
-9831
-9830
-9827
-9835
-9837
-9852
-9872
-9880
-9896
-9894
-9893
-9885
-9871
-9856
-9840
-9822
-9807
-9805
-9813
-9824
-9835
-9850
-9856
-9863
-9867
-9865
-9858
-9857
-9854
-9860
-9870
-9873
-9883
-9881
-9891
-9886
-9889
-9882
-9873
-9865
-9865
-9870
-9865
-9857
-9830
-9811
-9781
-9770
-9754
-9756
-9755
-9771
-9804
-9828
-9852
-9850
-9840
-9816
-9802
-9788
-9788
-9795
-9806
-9828
-9842
-9857
-9856
-9852
-9844
-9836
-9846
-9840
-9851
-9854
-9859
-9861
-9849
-9849
-9823
-9826
-9812
-9829
-9839
-9842
-9857
-9851
-9873
-9857
-9862
-9825
-9797
-9755
-9731
-9731
-9735
-9772
-9785
-9822
-9820
-9837
-9819
-9811
-9808
-9809
-9834
-9843
-9866
-9878
-9905
-9915
-9926
-9924
-9918
-9910
-9912
-9925
-9945
-9964
-9965
-9958
-9939
-9916
-9887
-9862
-9844
-9846
-9850
-9876
-9888
-9912
-9919
-9927
-9926
-9906
-9893
-9852
-9841
-9837
-9864
-9883
-9903
-9911
-9913
-9919
-9919
-9923
-9923
-9926
-9931
-9942
-9955
-9959
-9962
-9958
-9963
-9964
-9964
-9978
-9976
-10006
-10011
-10035
-10038
-10040
-10029
-10014
-10007
-9982
-9973
-9937
-9938
-9929
-9951
-9962
-9968
-9974
-9974
-9975
-9969
-9971
-9962
-9962
-9953
-9961
-9974
-9991
-10007
-10014
-10030
-10043
-10055
-10058
-10051
-10056
-10052
-10052
-10048
-10029
-10015
-9996
-9996
-9998
-9995
-9992
-9975
-9980
-9974
-9990
-9996
-10003
-10010
-9993
-9990
-9962
-9959
-9951
-9956
-9969
-9989
-10018
-10030
-10045
-10047
-10056
-10062
-10052
-10038
-10021
-10021
-10021
-10030
-10044
-10045
-10066
-10074
-10091
-10085
-10071
-10060
-10040
-10041
-10040
-10051
-10054
-10051
-10046
-10026
-10017
-9998
-9989
-9975
-9977
-9992
-10008
-10028
-10034
-10038
-10016
-9996
-9959
-9956
-9952
-9970
-9999
-10034
-10075
-10094
-10112
-10104
-10111
-10092
-10080
-10056
-10044
-10044
-10062
-10080
-10098
-10107
-10109
-10102
-10081
-10071
-10045
-10041
-10041
-10065
-10077
-10092
-10081
-10066
-10047
-10027
-10014
-9996
-9999
-10005
-10030
-10052
-10067
-10075
-10062
-10049
-10032
-10016
-10008
-10002
-10027
-10055
-10097
-10126
-10149
-10153
-10146
-10136
-10125
-10114
-10105
-10108
-10105
-10113
-10101
-10096
-10083
-10071
-10057
-10048
-10045
-10047
-10050
-10054
-10063
-10065
-10065
-10050
-10041
-10032
-10037
-10038
-10052
-10064
-10080
-10100
-10121
-10137
-10131
-10125
-10101
-10089
-10075
-10069
-10074
-10071
-10089
-10093
-10103
-10105
-10102
-10107
-10108
-10120
-10110
-10105
-10081
-10072
-10060
-10055
-10054
-10030
-10027
-10005
-10026
-10031
-10044
-10049
-10048
-10058
-10047
-10062
-10049
-10060
-10058
-10070
-10080
-10087
-10098
-10090
-10104
-10097
-10111
-10099
-10093
-10082
-10063
-10054
-10025
-10010
-9982
-9969
-9968
-9976
-9993
-10004
-10021
-10023
-10023
-10020
-10014
-10020
-10020
-10030
-10029
-10035
-10029
-10024
-10028
-10027
-10041
-10044
-10047
-10050
-10055
-10062
-10077
-10079
-10076
-10072
-10048
-10036
-10023
-10015
-10016
-10015
-10033
-10039
-10055
-10042
-10032
-10017
-9987
-9981
-9957
-9959
-9950
-9957
-9967
-9973
-9989
-9986
-9989
-9985
-9984
-9988
-9992
-9998
-10006
-10021
-10027
-10024
-10014
-10000
-9991
-9991
-10005
-10030
-10049
-10070
-10079
-10083
-10073
-10045
-10027
-9990
-9980
-9954
-9958
-9956
-9969
-9997
-10000
-10020
-9994
-9988
-9948
-9944
-9930
-9938
-9945
-9949
-9967
-9960
-9976
-9959
-9965
-9942
-9953
-9951
-9975
-9995
-10004
-10025
-10012
-10019
-9988
-9983
-9963
-9966
-9978
-10000
-10034
-10054
-10080
-10082
-10086
-10074
-10060
-10026
-10000
-9976
-9969
-9971
-9970
-9974
-9968
-9966
-9952
-9940
-9911
-9905
-9899
-9903
-9916
-9917
-9927
-9910
-9919
-9909
-9918
-9916
-9920
-9947
-9949
-9991
-9985
-10010
-9993
-9992
-9985
-9969
-9975
-9947
-9960
-9940
-9972
-9976
-10009
-10015
-10026
-10025
-10016
-10021
-9995
-9998
-9963
-9979
-9954
-9972
-9951
-9958
-9953
-9944
-9961
-9939
-9963
-9937
-9955
-9937
-9953
-9948
-9952
-9956
-9961
-9971
-9964
-9980
-9968
-9992
-9986
-10007
-10009
-10015
-10016
-10011
-10009
-9995
-9984
-9964
-9955
-9942
-9952
-9958
-9985
-10004
-10019
-10033
-10029
-10018
-9994
-9983
-9971
-9973
-9982
-9989
-10000
-10011
-10020
-10032
-10039
-10028
-10018
-10002
-10006
-10002
-10015
-10020
-10030
-10039
-10048
-10055
-10050
-10056
-10046
-10054
-10055
-10075
-10081
-10099
-10098
-10090
-10066
-10037
-10004
-9985
-9976
-9982
-10009
-10030
-10055
-10053
-10063
-10046
-10045
-10018
-10012
-9994
-9998
-10010
-10026
-10039
-10046
-10058
-10058
-10066
-10056
-10063
-10057
-10070
-10080
-10099
-10105
-10109
-10098
-10088
-10061
-10049
-10031
-10028
-10034
-10056
-10079
-10092
-10096
-10075
-10061
-10035
-10027
-10005
-10005
-9996
-10009
-10013
-10030
-10038
-10052
-10048
-10048
-10045
-10037
-10035
-10025
-10036
-10032
-10055
-10054
-10060
-10061
-10069
-10073
-10081
-10089
-10102
-10108
-10125
-10127
-10123
-10107
-10079
-10055
-10024
-10006
-9986
-9983
-9970
-9973
-9963
-9963
-9950
-9945
-9922
-9915
-9903
-9902
-9904
-9902
-9921
-9922
-9954
-9952
-9990
-9991
-10018
-10032
-10051
-10064
-10054
-10063
-10041
-10057
-10037
-10047
-10023
-10027
-10016
-10009
-10013
-10004
-10009
-9995
-10003
-9984
-9978
-9955
-9948
-9934
-9936
-9926
-9915
-9912
-9897
-9909
-9904
-9909
-9904
-9896
-9887
-9871
-9872
-9855
-9858
-9849
-9855
-9868
-9874
-9896
-9902
-9935
-9940
-9955
-9953
-9953
-9951
-9951
-9960
-9957
-9958
-9939
-9929
-9908
-9903
-9892
-9899
-9893
-9896
-9894
-9892
-9887
-9870
-9861
-9842
-9849
-9837
-9853
-9848
-9865
-9875
-9890
-9909
-9915
-9924
-9903
-9904
-9875
-9877
-9851
-9855
-9849
-9857
-9866
-9858
-9873
-9848
-9862
-9844
-9862
-9858
-9870
-9877
-9875
-9887
-9870
-9877
-9849
-9846
-9834
-9843
-9851
-9856
-9876
-9873
-9888
-9880
-9867
-9850
-9824
-9819
-9808
-9822
-9821
-9833
-9847
-9852
-9870
-9862
-9871
-9849
-9851
-9842
-9842
-9847
-9840
-9858
-9853
-9865
-9851
-9853
-9845
-9838
-9843
-9836
-9857
-9844
-9857
-9846
-9847
-9833
-9819
-9813
-9787
-9794
-9777
-9808
-9805
-9833
-9840
-9853
-9865
-9843
-9842
-9805
-9808
-9791
-9807
-9821
-9834
-9858
-9863
-9878
-9874
-9865
-9853
-9844
-9848
-9844
-9850
-9847
-9852
-9843
-9832
-9826
-9811
-9809
-9802
-9818
-9823
-9843
-9847
-9861
-9857
-9859
-9860
-9854
-9859
-9848
-9859
-9850
-9869
-9871
-9893
-9905
-9923
-9938
-9936
-9938
-9910
-9905
-9886
-9902
-9906
-9918
-9920
-9923
-9929
-9915
-9913
-9903
-9904
-9899
-9911
-9903
-9902
-9882
-9868
-9865
-9864
-9874
-9875
-9879
-9874
-9886
-9888
-9902
-9918
-9927
-9937
-9942
-9949
-9950
-9954
-9954
-9955
-9966
-9967
-9982
-9988
-9998
-10003
-10004
-10002
-9983
-9971
-9945
-9939
-9934
-9932
-9930
-9932
-9938
-9946
-9957
-9963
-9966
-9969
-9969
-9977
-9990
-10003
-10025
-10037
-10053
-10060
-10065
-10064
-10069
-10070
-10087
-10101
-10108
-10111
-10105
-10106
-10079
-10068
-10035
-10017
-9988
-9976
-9981
-9980
-10002
-10004
-10027
-10025
-10038
-10027
-10020
-10018
-10019
-10040
-10053
-10085
-10101
-10126
-10130
-10140
-10137
-10125
-10133
-10125
-10143
-10142
-10155
-10157
-10144
-10145
-10122
-10130
-10104
-10111
-10104
-10110
-10132
-10140
-10167
-10158
-10165
-10134
-10131
-10104
-10099
-10089
-10090
-10113
-10122
-10145
-10133
-10135
-10117
-10113
-10101
-10095
-10091
-10089
-10096
-10096
-10111
-10114
-10116
-10121
-10126
-10140
-10147
-10162
-10177
-10195
-10214
-10223
-10235
-10223
-10219
-10198
-10197
-10192
-10200
-10212
-10212
-10232
-10229
-10235
-10224
-10207
-10189
-10171
-10156
-10142
-10130
-10121
-10116
-10116
-10105
-10099
-10087
-10086
-10087
-10088
-10104
-10102
-10112
-10109
-10119
-10126
-10139
-10148
-10159
-10169
-10186
-10206
-10222
-10238
-10245
-10260
-10262
-10257
-10241
-10228
-10210
-10196
-10187
-10176
-10165
-10155
-10138
-10132
-10113
-10114
-10098
-10099
-10101
-10099
-10105
-10091
-10097
-10082
-10102
-10106
-10129
-10137
-10153
-10167
-10172
-10185
-10176
-10180
-10160
-10161
-10147
-10155
-10138
-10138
-10129
-10127
-10126
-10114
-10124
-10112
-10129
-10118
-10135
-10124
-10131
-10117
-10120
-10110
-10106
-10111
-10102
-10124
-10112
-10146
-10136
-10156
-10141
-10149
-10131
-10130
-10129
-10115
-10128
-10118
-10136
-10133
-10151
-10131
-10140
-10118
-10123
-10115
-10108
-10112
-10105
-10122
-10106
-10113
-10090
-10080
-10066
-10053
-10066
-10061
-10089
-10095
-10113
-10122
-10115
-10120
-10102
-10101
-10082
-10085
-10077
-10078
-10088
-10094
-10112
-10104
-10096
-10078
-10061
-10048
-10042
-10041
-10039
-10048
-10053
-10065
-10071
-10076
-10081
-10080
-10088
-10091
-10119
-10133
-10161
-10173
-10188
-10181
-10162
-10143
-10116
-10108
-10092
-10104
-10099
-10113
-10105
-10110
-10104
-10084
-10060
-10028
-10006
-9993
-9994
-10005
-10026
-10034
-10027
-10017
-10009
-10011
-10015
-10029
-10047
-10062
-10071
-10064
-10061
-10043
-10050
-10034
-10051
-10042
-10069
-10079
-10073
-10068
-10045
-10061
-10036
-10066
-10067
-10112
-10109
-10098
-10076
-10061
-10075
-10079
-10110
-10114
-10136
-10121
-10118
-10101
-10093
-10089
-10074
-10071
-10058
-10047
-10026
-10009
-10000
-9987
-9972
-9942
-9929
-9910
-9909
-9912
-9927
-9955
-9974
-9998
-10010
-10014
-10004
-9990
-9987
-10020
-10053
-10091
-10099
-10104
-10090
-10079
-10073
-10066
-10070
-10065
-10075
-10075
-10091
-10091
-10081
-10065
-10051
-10043
-10041
-10029
-10013
-9984
-9959
-9942
-9931
-9934
-9932
-9942
-9944
-9961
-9966
-9959
-9943
-9930
-9959
-9988
-10029
-10050
-10078
-10094
-10094
-10082
-10064
-10067
-10054
-10074
-10093
-10139
-10153
-10148
-10131
-10109
-10102
-10073
-10055
-10030
-10017
-9995
-9981
-9974
-9974
-9978
-9993
-10011
-10037
-10037
-10029
-10009
-9991
-9967
-9954
-9958
-9965
-9980
-9980
-9997
-9999
-10025
-10035
-10060
-10077
-10099
-10109
-10112
-10108
-10087
-10085
-10068
-10089
-10090
-10120
-10136
-10149
-10153
-10139
-10123
-10084
-10050
-10009
-9977
-9956
-9941
-9940
-9952
-9964
-9980
-9988
-9997
-9995
-9985
-9995
-10013
-10027
-10030
-10056
-10095
-10116
-10107
-10073
-10073
-10051
-10048
-10046
-10070
-10090
-10085
-10089
-10082
-10091
-10063
-10042
-9997
-9976
-9960
-9958
-9971
-9992
-10011
-9991
-9956
-9902
-9883
-9875
-9900
-9928
-9963
-10010
-10014
-10015
-10003
-10017
-10010
-10034
-10078
-10125
-10171
-10181
-10194
-10161
-10156
-10156
-10192
-10189
-10172
-10136
-10094
-10053
-10018
-10005
-9984
-9968
-9935
-9925
-9890
-9888
-9877
-9913
-9934
-9961
-9959
-9953
-9955
-9943
-9959
-9949
-9955
-9930
-9941
-9947
-9977
-9987
-9993
-10000
-10007
-10030
-10026
-10039
-10034
-10034
-10026
-10039
-10079
-10070
-10057
-10018
-10025
-10023
-10024
-10037
-10034
-10043
-10014
-10010
-9981
-9981
-9974
-9978
-9990
-9999
-9988
-9942
-9889
-9831
-9802
-9792
-9840
-9908
-9972
-9985
-9965
-9940
-9918
-9942
-9986
-10030
-10042
-10023
-10006
-9996
-10004
-10018
-10038
-10050
-10050
-10040
-10034
-10044
-10058
-10082
-10094
-10081
-10064
-10025
-10016
-10003
-10011
-9999
-9986
-9986
-9974
-9981
-9940
-9940
-9898
-9905
-9894
-9905
-9905
-9884
-9869
-9844
-9883
-9898
-9952
-9964
-9975
-9963
-9959
-9969
-9989
-10016
-10040
-10063
-10082
-10093
-10093
-10088
-10070
-10059
-10040
-10047
-10056
-10078
-10081
-10087
-10088
-10084
-10065
-10033
-10016
-9987
-9977
-9959
-9969
-9978
-9993
-10011
-10010
-10023
-10022
-10032
-10012
-10009
-10002
-10007
-10017
-10028
-10048
-10040
-10038
-10004
-9990
-9969
-9962
-9965
-9973
-10007
-10020
-10031
-10028
-10028
-10038
-10034
-10041
-10039
-10045
-10053
-10062
-10078
-10079
-10091
-10088
-10089
-10080
-10064
-10044
-10026
-10020
-10035
-10057
-10069
-10081
-10078
-10075
-10067
-10068
-10065
-10068
-10066
-10062
-10051
-10045
-10031
-10013
-10005
-9988
-9991
-9995
-10013
-10030
-10051
-10060
-10070
-10069
-10081
-10096
-10116
-10145
-10159
-10182
-10169
-10164
-10139
-10120
-10101
-10084
-10082
-10066
-10063
-10045
-10034
-10020
-10012
-10013
-10016
-10042
-10044
-10062
-10059
-10064
-10064
-10061
-10071
-10074
-10105
-10119
-10156
-10161
-10183
-10168
-10184
-10178
-10172
-10174
-10147
-10154
-10112
-10115
-10090
-10095
-10091
-10084
-10084
-10060
-10063
-10048
-10068
-10073
-10092
-10110
-10117
-10140
-10138
-10164
-10158
-10175
-10174
-10177
-10193
-10179
-10194
-10169
-10183
-10167
-10165
-10160
-10136
-10126
-10081
-10068
-10038
-10043
-10045
-10061
-10089
-10103
-10121
-10112
-10107
-10085
-10077
-10070
-10080
-10095
-10112
-10127
-10116
-10107
-10083
-10058
-10036
-10021
-10022
-10023
-10049
-10046
-10057
-10054
-10054
-10060
-10055
-10075
-10064
-10094
-10096
-10127
-10140
-10147
-10159
-10142
-10140
-10133
-10121
-10120
-10120
-10121
-10131
-10116
-10122
-10091
-10090
-10058
-10049
-10038
-10018
-10016
-10001
-10019
-10014
-10043
-10037
-10048
-10038
-10034
-10028
-10019
-10027
-10013
-10036
-10040
-10061
-10053
-10054
-10047
-10033
-10033
-10026
-10043
-10036
-10047
-10041
-10046
-10029
-10022
-10013
-10005
-10015
-10010
-10021
-10007
-10012
-9995
-9991
-9978
-9973
-9964
-9959
-9956
-9951
-9955
-9957
-9975
-9985
-10012
-10019
-10037
-10038
-10048
-10063
-10071
-10092
-10102
-10113
-10120
-10120
-10112
-10091
-10070
-10043
-10033
-10013
-10000
-9989
-9966
-9964
-9945
-9941
-9922
-9924
-9912
-9913
-9919
-9918
-9924
-9907
-9921
-9910
-9926
-9930
-9944
-9961
-9965
-9984
-9983
-10004
-10005
-10025
-10034
-10050
-10061
-10060
-10064
-10053
-10059
-10049
-10056
-10050
-10061
-10056
-10065
-10062
-10065
-10068
-10050
-10048
-10015
-10012
-9974
-9973
-9955
-9953
-9950
-9937
-9942
-9923
-9932
-9922
-9939
-9944
-9958
-9964
-9976
-9985
-9997
-10010
-10018
-10031
-10035
-10049
-10059
-10075
-10101
-10114
-10127
-10142
-10127
-10121
-10090
-10078
-10055
-10044
-10035
-10023
-10026
-10018
-10023
-10021
-10017
-10005
-9996
-9989
-9989
-9987
-9996
-10007
-10020
-10029
-10036
-10036
-10025
-10016
-10014
-10015
-10031
-10052
-10076
-10098
-10111
-10119
-10115
-10109
-10101
-10097
-10098
-10104
-10114
-10122
-10137
-10144
-10149
-10149
-10147
-10142
-10126
-10118
-10106
-10104
-10097
-10105
-10098
-10105
-10099
-10096
-10086
-10073
-10074
-10064
-10080
-10078
-10097
-10096
-10105
-10104
-10099
-10097
-10097
-10101
-10112
-10131
-10148
-10158
-10167
-10170
-10165
-10167
-10151
-10158
-10142
-10151
-10144
-10155
-10157
-10160
-10161
-10149
-10151
-10126
-10136
-10114
-10134
-10126
-10134
-10133
-10127
-10142
-10131
-10155
-10142
-10161
-10148
-10156
-10150
-10160
-10170
-10173
-10182
-10175
-10182
-10169
-10184
-10176
-10194
-10191
-10210
-10206
-10218
-10214
-10214
-10214
-10206
-10218
-10199
-10209
-10189
-10197
-10181
-10187
-10173
-10181
-10181
-10188
-10203
-10209
-10220
-10214
-10228
-10214
-10244
-10240
-10269
-10267
-10285
-10289
-10286
-10293
-10267
-10279
-10245
-10250
-10225
-10225
-10222
-10216
-10224
-10200
-10200
-10167
-10166
-10150
-10159
-10167
-10170
-10200
-10200
-10226
-10225
-10237
-10234
-10236
-10241
-10245
-10266
-10284
-10310
-10326
-10342
-10342
-10339
-10327
-10320
-10305
-10298
-10289
-10289
-10280
-10279
-10269
-10267
-10262
-10259
-10264
-10262
-10276
-10269
-10291
-10282
-10289
-10278
-10272
-10264
-10248
-10239
-10221
-10226
-10218
-10238
-10243
-10259
-10253
-10247
-10241
-10219
-10221
-10206
-10214
-10218
-10229
-10236
-10244
-10253
-10257
-10264
-10268
-10278
-10273
-10276
-10274
-10275
-10275
-10275
-10271
-10267
-10259
-10254
-10247
-10250
-10249
-10254
-10254
-10252
-10251
-10237
-10226
-10205
-10197
-10181
-10183
-10176
-10187
-10190
-10197
-10201
-10201
-10200
-10195
-10202
-10196
-10213
-10208
-10221
-10217
-10232
-10238
-10237
-10249
-10237
-10249
-10237
-10248
-10243
-10249
-10247
-10235
-10232
-10211
-10201
-10172
-10163
-10140
-10137
-10134
-10127
-10129
-10122
-10128
-10121
-10124
-10119
-10121
-10123
-10135
-10146
-10154
-10160
-10166
-10173
-10176
-10182
-10181
-10188
-10184
-10185
-10177
-10177
-10172
-10173
-10170
-10161
-10167
-10150
-10154
-10135
-10141
-10136
-10143
-10145
-10137
-10146
-10126
-10126
-10106
-10096
-10086
-10078
-10074
-10069
-10067
-10068
-10067
-10073
-10074
-10083
-10078
-10081
-10076
-10075
-10080
-10081
-10093
-10086
-10104
-10099
-10114
-10109
-10117
-10113
-10108
-10103
-10089
-10085
-10070
-10074
-10072
-10078
-10072
-10074
-10057
-10060
-10051
-10055
-10065
-10064
-10084
-10076
-10089
-10077
-10081
-10073
-10062
-10066
-10049
-10063
-10045
-10063
-10057
-10070
-10063
-10061
-10057
-10037
-10037
-10015
-10030
-10010
-10039
-10027
-10061
-10059
-10075
-10084
-10068
-10086
-10055
-10084
-10058
-10075
-10060
-10065
-10056
-10046
-10043
-10019
-10021
-10000
-10007
-9996
-10010
-10005
-10015
-10013
-10012
-10009
-10000
-10003
-9999
-10020
-10018
-10042
-10045
-10067
-10078
-10084
-10094
-10088
-10093
-10077
-10081
-10066
-10075
-10069
-10078
-10080
-10083
-10081
-10066
-10062
-10044
-10047
-10037
-10041
-10034
-10046
-10042
-10045
-10042
-10033
-10027
-10013
-10021
-10024
-10040
-10050
-10061
-10068
-10068
-10068
-10063
-10058
-10060
-10058
-10067
-10075
-10085
-10092
-10103
-10107
-10108
-10115
-10109
-10114
-10105
-10105
-10099
-10103
-10096
-10097
-10096
-10091
-10091
-10079
-10082
-10065
-10074
-10060
-10071
-10072
-10072
-10086
-10069
-10084
-10073
-10079
-10082
-10078
-10092
-10088
-10102
-10099
-10108
-10111
-10106
-10112
-10099
-10104
-10088
-10092
-10093
-10096
-10103
-10104
-10110
-10108
-10122
-10121
-10129
-10130
-10125
-10126
-10121
-10123
-10116
-10116
-10115
-10109
-10111
-10098
-10096
-10081
-10075
-10067
-10062
-10057
-10053
-10053
-10048
-10054
-10044
-10055
-10042
-10052
-10048
-10060
-10068
-10076
-10093
-10095
-10116
-10102
-10117
-10090
-10099
-10083
-10082
-10086
-10078
-10091
-10074
-10095
-10069
-10079
-10059
-10056
-10047
-10037
-10042
-10029
-10042
-10023
-10038
-10023
-10023
-10021
-10011
-10023
-10014
-10033
-10029
-10039
-10037
-10035
-10040
-10025
-10033
-10016
-10023
-10013
-10023
-10021
-10031
-10027
-10018
-10020
-10002
-10000
-9977
-9977
-9961
-9973
-9965
-9981
-9982
-9989
-9997
-9999
-10001
-9995
-9999
-9992
-10010
-10005
-10023
-10010
-10014
-9995
-9985
-9976
-9958
-9966
-9951
-9970
-9955
-9969
-9957
-9957
-9951
-9938
-9949
-9930
-9949
-9941
-9970
-9970
-9992
-9993
-9998
-10000
-9985
-9993
-9975
-9988
-9975
-9988
-9978
-9985
-9976
-9970
-9962
-9949
-9950
-9938
-9950
-9946
-9953
-9950
-9948
-9955
-9944
-9948
-9934
-9936
-9937
-9942
-9957
-9955
-9978
-9965
-9980
-9969
-9969
-9961
-9949
-9949
-9936
-9943
-9936
-9947
-9948
-9957
-9956
-9954
-9948
-9946
-9946
-9952
-9955
-9967
-9963
-9965
-9958
-9957
-9952
-9948
-9951
-9946
-9958
-9949
-9962
-9953
-9959
-9951
-9955
-9956
-9951
-9950
-9945
-9948
-9944
-9945
-9939
-9937
-9929
-9936
-9935
-9943
-9941
-9938
-9927
-9920
-9910
-9909
-9910
-9920
-9934
-9940
-9949
-9940
-9952
-9942
-9958
-9958
-9969
-9975
-9970
-9981
-9974
-9985
-9981
-9985
-9978
-9968
-9963
-9952
-9955
-9956
-9965
-9972
-9972
-9977
-9966
-9959
-9946
-9940
-9940
-9941
-9956
-9965
-9984
-9996
-10004
-10012
-10005
-10010
-9999
-10001
-10007
-10007
-10024
-10018
-10037
-10033
-10039
-10031
-10020
-10018
-10003
-10012
-10002
-10014
-10013
-10018
-10017
-10013
-10016
-10003
-10009
-10005
-10013
-10024
-10030
-10046
-10047
-10058
-10047
-10040
-10021
-10011
-9997
-9993
-10003
-10001
-10022
-10013
-10027
-10019
-10027
-10023
-10027
-10034
-10034
-10055
-10051
-10077
-10074
-10093
-10095
-10104
-10111
-10099
-10108
-10092
-10103
-10094
-10100
-10091
-10083
-10081
-10060
-10062
-10043
-10052
-10041
-10047
-10045
-10046
-10047
-10038
-10050
-10036
-10047
-10039
-10040
-10038
-10043
-10055
-10061
-10068
-10071
-10074
-10072
-10073
-10071
-10074
-10066
-10071
-10068
-10073
-10073
-10076
-10082
-10087
-10092
-10097
-10104
-10109
-10108
-10105
-10113
-10107
-10106
-10095
-10089
-10079
-10068
-10059
-10054
-10055
-10047
-10051
-10049
-10055
-10058
-10048
-10048
-10044
-10041
-10036
-10035
-10037
-10040
-10043
-10045
-10046
-10054
-10055
-10062
-10073
-10074
-10079
-10072
-10069
-10068
-10062
-10064
-10054
-10061
-10060
-10056
-10059
-10048
-10047
-10031
-10031
-10028
-10031
-10031
-10025
-10026
-10012
-10010
-10001
-9998
-9998
-10003
-10010
-10013
-10014
-10016
-10018
-10018
-10019
-10022
-10018
-10018
-10019
-10017
-10027
-10033
-10042
-10053
-10057
-10058
-10054
-10048
-10050
-10037
-10043
-10029
-10027
-10018
-10001
-10004
-9980
-9985
-9966
-9974
-9956
-9958
-9954
-9951
-9951
-9935
-9937
-9922
-9933
-9920
-9934
-9934
-9941
-9952
-9960
-9979
-9984
-9994
-10000
-10000
-10008
-10002
-10006
-10005
-10008
-10017
-10016
-10019
-10007
-10008
-9992
-9995
-9982
-9983
-9970
-9969
-9963
-9954
-9953
-9938
-9941
-9922
-9926
-9913
-9919
-9919
-9926
-9939
-9941
-9954
-9954
-9961
-9960
-9960
-9957
-9967
-9969
-9989
-9997
-10011
-10021
-10018
-10019
-10005
-10006
-9993
-9993
-9981
-9979
-9978
-9975
-9972
-9970
-9962
-9961
-9951
-9948
-9951
-9950
-9964
-9957
-9976
-9967
-9981
-9974
-9977
-9984
-9986
-10002
-10000
-10022
-10013
-10037
-10032
-10044
-10037
-10029
-10028
-10012
-10021
-10001
-10013
-10000
-10003
-9996
-9991
-9990
-9973
-9977
-9964
-9974
-9965
-9977
-9978
-9982
-9992
-9991
-10004
-9996
-10007
-10002
-10011
-10016
-10022
-10034
-10036
-10049
-10049
-10056
-10052
-10053
-10055
-10052
-10061
-10058
-10059
-10057
-10056
-10058
-10056
-10057
-10050
-10045
-10034
-10034
-10028
-10028
-10018
-10023
-10019
-10023
-10021
-10017
-10025
-10007
-10027
-10003
-10026
-10005
-10012
-10004
-9995
-10004
-9987
-10013
-9995
-10015
-10011
-10025
-10020
-10030
-10028
-10036
-10042
-10046
-10049
-10041
-10042
-10030
-10039
-10030
-10048
-10039
-10055
-10048
-10050
-10044
-10025
-10025
-10000
-10006
-9991
-9987
-9984
-9977
-9983
-9974
-9976
-9966
-9959
-9952
-9948
-9948
-9949
-9956
-9954
-9960
-9956
-9962
-9957
-9956
-9952
-9948
-9954
-9955
-9966
-9968
-9976
-9976
-9968
-9960
-9948
-9934
-9934
-9924
-9927
-9923
-9926
-9938
-9928
-9941
-9920
-9924
-9901
-9899
-9896
-9890
-9899
-9883
-9901
-9874
-9895
-9862
-9871
-9852
-9850
-9858
-9842
-9870
-9841
-9879
-9846
-9877
-9857
-9866
-9856
-9847
-9865
-9852
-9885
-9873
-9897
-9870
-9880
-9854
-9853
-9837
-9834
-9827
-9829
-9833
-9831
-9833
-9826
-9836
-9818
-9824
-9810
-9814
-9805
-9810
-9806
-9817
-9809
-9813
-9797
-9804
-9791
-9799
-9788
-9789
-9789
-9781
-9789
-9773
-9788
-9765
-9779
-9756
-9767
-9747
-9752
-9742
-9747
-9748
-9749
-9747
-9739
-9743
-9728
-9734
-9718
-9727
-9712
-9722
-9715
-9716
-9708
-9705
-9703
-9696
-9705
-9700
-9707
-9697
-9696
-9689
-9685
-9695
-9683
-9702
-9694
-9711
-9708
-9721
-9722
-9720
-9728
-9718
-9731
-9719
-9735
-9723
-9735
-9729
-9735
-9726
-9719
-9712
-9695
-9698
-9678
-9682
-9667
-9659
-9653
-9635
-9637
-9616
-9617
-9608
-9609
-9613
-9612
-9632
-9632
-9656
-9650
-9667
-9663
-9671
-9673
-9672
-9687
-9691
-9703
-9705
-9714
-9713
-9711
-9704
-9707
-9703
-9708
-9708
-9707
-9708
-9697
-9696
-9680
-9673
-9667
-9655
-9658
-9647
-9657
-9645
-9657
-9644
-9644
-9637
-9623
-9632
-9612
-9635
-9619
-9650
-9641
-9660
-9661
-9659
-9672
-9659
-9680
-9671
-9689
-9687
-9703
-9702
-9708
-9698
-9705
-9694
-9696
-9689
-9687
-9700
-9692
-9716
-9704
-9722
-9715
-9720
-9706
-9706
-9696
-9692
-9690
-9685
-9693
-9683
-9696
-9678
-9686
-9663
-9664
-9652
-9652
-9652
-9650
-9655
-9650
-9663
-9655
-9668
-9663
-9672
-9674
-9690
-9703
-9721
-9732
-9750
-9755
-9760
-9762
-9755
-9759
-9749
-9761
-9753
-9763
-9752
-9755
-9747
-9737
-9725
-9701
-9692
-9674
-9672
-9654
-9656
-9642
-9645
-9639
-9636
-9641
-9636
-9652
-9649
-9669
-9668
-9684
-9687
-9698
-9712
-9712
-9726
-9722
-9737
-9735
-9748
-9746
-9758
-9759
-9762
-9768
-9758
-9766
-9753
-9756
-9744
-9733
-9731
-9711
-9715
-9694
-9692
-9688
-9674
-9679
-9658
-9659
-9637
-9636
-9623
-9619
-9623
-9623
-9641
-9641
-9661
-9663
-9673
-9677
-9677
-9690
-9688
-9700
-9705
-9714
-9724
-9721
-9732
-9720
-9733
-9717
-9724
-9715
-9712
-9719
-9709
-9728
-9713
-9732
-9713
-9718
-9705
-9698
-9695
-9676
-9679
-9666
-9674
-9667
-9668
-9660
-9655
-9644
-9634
-9625
-9618
-9611
-9612
-9609
-9617
-9623
-9624
-9627
-9621
-9628
-9623
-9631
-9630
-9650
-9652
-9672
-9680
-9689
-9694
-9687
-9700
-9685
-9707
-9696
-9715
-9718
-9715
-9718
-9700
-9700
-9675
-9675
-9658
-9659
-9656
-9647
-9648
-9635
-9634
-9622
-9612
-9610
-9600
-9606
-9595
-9604
-9600
-9606
-9615
-9606
-9620
-9608
-9626
-9622
-9635
-9641
-9647
-9659
-9656
-9664
-9657
-9665
-9663
-9670
-9663
-9664
-9660
-9655
-9661
-9662
-9662
-9661
-9655
-9651
-9645
-9638
-9641
-9629
-9635
-9627
-9626
-9628
-9621
-9625
-9618
-9623
-9611
-9611
-9600
-9597
-9597
-9599
-9610
-9605
-9623
-9612
-9629
-9624
-9621
-9628
-9625
-9642
-9641
-9659
-9656
-9669
-9671
-9669
-9674
-9671
-9676
-9667
-9667
-9660
-9661
-9658
-9658
-9654
-9644
-9645
-9626
-9624
-9608
-9606
-9602
-9601
-9608
-9599
-9610
-9597
-9610
-9606
-9614
-9616
-9620
-9632
-9632
-9644
-9642
-9651
-9648
-9653
-9652
-9652
-9656
-9660
-9661
-9670
-9666
-9671
-9663
-9658
-9649
-9638
-9635
-9624
-9623
-9611
-9615
-9606
-9608
-9603
-9607
-9600
-9604
-9601
-9599
-9603
-9593
-9604
-9601
-9609
-9608
-9616
-9619
-9628
-9631
-9635
-9638
-9640
-9648
-9652
-9664
-9660
-9669
-9661
-9667
-9657
-9655
-9654
-9652
-9656
-9647
-9655
-9650
-9658
-9650
-9651
-9644
-9640
-9636
-9630
-9624
-9625
-9622
-9625
-9631
-9627
-9637
-9633
-9638
-9631
-9640
-9637
-9649
-9653
-9658
-9669
-9669
-9682
-9678
-9691
-9684
-9693
-9690
-9694
-9702
-9702
-9704
-9696
-9700
-9692
-9692
-9687
-9688
-9677
-9679
-9679
-9686
-9689
-9686
-9695
-9679
-9682
-9666
-9660
-9652
-9649
-9645
-9644
-9657
-9655
-9667
-9662
-9668
-9667
-9667
-9675
-9673
-9684
-9690
-9704
-9717
-9729
-9738
-9737
-9733
-9731
-9727
-9726
-9735
-9731
-9741
-9736
-9737
-9727
-9716
-9702
-9690
-9686
-9677
-9682
-9674
-9684
-9681
-9680
-9681
-9672
-9674
-9667
-9665
-9671
-9678
-9694
-9700
-9713
-9717
-9719
-9721
-9722
-9728
-9732
-9738
-9747
-9756
-9768
-9780
-9777
-9782
-9773
-9775
-9768
-9766
-9769
-9769
-9766
-9767
-9760
-9759
-9750
-9739
-9737
-9723
-9730
-9716
-9732
-9720
-9734
-9734
-9733
-9742
-9732
-9747
-9737
-9755
-9753
-9769
-9776
-9782
-9794
-9790
-9807
-9798
-9811
-9810
-9807
-9816
-9809
-9823
-9805
-9818
-9806
-9809
-9810
-9796
-9804
-9786
-9800
-9780
-9787
-9780
-9777
-9774
-9764
-9771
-9766
-9774
-9766
-9773
-9767
-9770
-9767
-9762
-9767
-9761
-9772
-9765
-9775
-9773
-9766
-9768
-9748
-9754
-9744
-9747
-9752
-9759
-9772
-9771
-9774
-9768
-9766
-9765
-9765
-9768
-9765
-9772
-9767
-9774
-9772
-9763
-9762
-9746
-9747
-9733
-9734
-9727
-9732
-9734
-9730
-9730
-9720
-9710
-9695
-9689
-9682
-9688
-9689
-9697
-9701
-9707
-9715
-9710
-9710
-9705
-9702
-9710
-9707
-9720
-9718
-9726
-9719
-9721
-9721
-9707
-9712
-9701
-9706
-9701
-9705
-9702
-9708
-9697
-9696
-9681
-9677
-9664
-9648
-9653
-9635
-9652
-9642
-9655
-9648
-9643
-9639
-9627
-9633
-9625
-9632
-9633
-9647
-9650
-9655
-9659
-9651
-9654
-9645
-9650
-9644
-9649
-9648
-9639
-9650
-9637
-9648
-9632
-9633
-9623
-9617
-9617
-9611
-9617
-9609
-9613
-9598
-9605
-9587
-9591
-9576
-9583
-9587
-9589
-9605
-9598
-9611
-9604
-9610
-9608
-9603
-9603
-9606
-9604
-9604
-9597
-9604
-9591
-9593
-9587
-9586
-9589
-9584
-9593
-9580
-9593
-9579
-9586
-9576
-9581
-9581
-9574
-9578
-9569
-9583
-9578
-9586
-9583
-9583
-9579
-9579
-9576
-9576
-9574
-9574
-9576
-9569
-9577
-9562
-9567
-9560
-9561
-9561
-9558
-9565
-9560
-9569
-9566
-9574
-9568
-9571
-9570
-9572
-9575
-9575
-9587
-9583
-9596
-9589
-9591
-9584
-9578
-9576
-9572
-9578
-9575
-9582
-9579
-9580
-9574
-9571
-9565
-9560
-9559
-9558
-9562
-9567
-9577
-9579
-9581
-9572
-9569
-9565
-9560
-9563
-9565
-9570
-9570
-9576
-9574
-9574
-9564
-9562
-9549
-9551
-9549
-9545
-9548
-9543
-9550
-9540
-9549
-9541
-9551
-9543
-9544
-9549
-9547
-9566
-9563
-9581
-9569
-9576
-9565
-9565
-9564
-9556
-9569
-9557
-9571
-9558
-9568
-9554
-9553
-9546
-9533
-9539
-9524
-9534
-9516
-9520
-9508
-9511
-9512
-9514
-9525
-9520
-9530
-9523
-9526
-9523
-9518
-9514
-9508
-9515
-9509
-9510
-9505
-9507
-9509
-9509
-9517
-9518
-9523
-9525
-9524
-9521
-9522
-9510
-9511
-9491
-9496
-9488
-9480
-9487
-9474
-9483
-9476
-9482
-9478
-9476
-9471
-9469
-9465
-9464
-9463
-9470
-9469
-9476
-9476
-9479
-9477
-9475
-9480
-9468
-9468
-9452
-9458
-9446
-9454
-9444
-9443
-9432
-9422
-9426
-9410
-9422
-9408
-9420
-9411
-9420
-9423
-9423
-9421
-9409
-9404
-9394
-9402
-9392
-9401
-9398
-9405
-9405
-9398
-9403
-9393
-9393
-9390
-9386
-9382
-9380
-9378
-9373
-9379
-9375
-9381
-9378
-9376
-9372
-9366
-9368
-9361
-9371
-9371
-9375
-9367
-9368
-9360
-9358
-9356
-9349
-9356
-9351
-9359
-9350
-9356
-9350
-9351
-9354
-9346
-9342
-9331
-9337
-9329
-9340
-9337
-9340
-9349
-9344
-9355
-9344
-9354
-9349
-9357
-9362
-9364
-9375
-9368
-9382
-9373
-9378
-9373
-9371
-9368
-9363
-9364
-9361
-9359
-9351
-9340
-9331
-9327
-9320
-9323
-9315
-9321
-9307
-9312
-9307
-9311
-9318
-9322
-9332
-9330
-9348
-9344
-9350
-9349
-9352
-9351
-9362
-9363
-9380
-9383
-9391
-9392
-9381
-9385
-9369
-9376
-9362
-9360
-9354
-9350
-9359
-9346
-9358
-9339
-9341
-9336
-9325
-9339
-9320
-9346
-9323
-9343
-9332
-9339
-9341
-9327
-9350
-9329
-9359
-9339
-9367
-9358
-9373
-9378
-9373
-9383
-9368
-9381
-9368
-9383
-9379
-9386
-9387
-9396
-9396
-9394
-9391
-9385
-9389
-9383
-9390
-9385
-9392
-9386
-9385
-9377
-9374
-9376
-9367
-9376
-9367
-9381
-9375
-9384
-9385
-9391
-9393
-9387
-9399
-9386
-9399
-9382
-9400
-9393
-9405
-9416
-9411
-9428
-9417
-9434
-9420
-9435
-9429
-9436
-9443
-9443
-9456
-9448
-9463
-9449
-9455
-9453
-9449
-9456
-9446
-9457
-9452
-9454
-9453
-9447
-9446
-9434
-9440
-9438
-9441
-9437
-9445
-9447
-9446
-9448
-9444
-9448
-9453
-9464
-9457
-9472
-9468
-9480
-9483
-9488
-9495
-9491
-9504
-9494
-9513
-9499
-9509
-9499
-9501
-9498
-9493
-9499
-9484
-9496
-9484
-9493
-9486
-9496
-9488
-9492
-9490
-9492
-9493
-9492
-9502
-9493
-9515
-9506
-9521
-9518
-9529
-9535
-9535
-9553
-9548
-9560
-9549
-9557
-9549
-9553
-9553
-9548
-9550
-9537
-9548
-9539
-9548
-9546
-9548
-9543
-9537
-9539
-9534
-9540
-9535
-9542
-9540
-9545
-9547
-9550
-9556
-9557
-9554
-9556
-9554
-9555
-9560
-9557
-9569
-9566
-9573
-9568
-9559
-9559
-9548
-9550
-9539
-9550
-9553
-9556
-9563
-9562
-9575
-9567
-9572
-9562
-9565
-9566
-9564
-9582
-9581
-9607
-9600
-9612
-9607
-9601
-9602
-9586
-9601
-9586
-9610
-9594
-9606
-9595
-9592
-9588
-9577
-9579
-9568
-9581
-9562
-9587
-9567
-9593
-9571
-9577
-9566
-9555
-9565
-9545
-9570
-9553
-9579
-9568
-9587
-9580
-9583
-9579
-9574
-9581
-9574
-9586
-9578
-9595
-9590
-9604
-9597
-9593
-9586
-9575
