05280507.PTO
CURI
2010/05/28 05:07:54.8400
100.0000 m/s  
12598 muestras
1559
1587
1626
1677
1709
1709
1700
1676
1631
1594
1577
1574
1592
1615
1659
1678
1703
1702
1691
1658
1617
1585
1566
1567
1595
1629
1664
1705
1717
1712
1671
1627
1570
1546
1546
1560
1610
1674
1706
1723
1713
1679
1647
1602
1568
1555
1563
1593
1630
1675
1698
1709
1696
1677
1640
1607
1569
1566
1577
1602
1643
1680
1711
1705
1686
1649
1607
1570
1550
1559
1601
1637
1687
1705
1710
1691
1658
1609
1582
1561
1557
1575
1613
1645
1681
1695
1695
1681
1649
1603
1571
1549
1563
1591
1618
1662
1693
1708
1688
1661
1620
1584
1552
1557
1565
1605
1653
1678
1705
1693
1670
1624
1597
1568
1559
1573
1587
1618
1657
1684
1696
1679
1652
1623
1587
1560
1557
1561
1605
1646
1683
1697
1705
1687
1642
1593
1561
1532
1549
1579
1612
1654
1687
1696
1679
1655
1613
1581
1563
1563
1571
1599
1627
1657
1685
1684
1683
1653
1625
1594
1571
1574
1586
1613
1653
1676
1691
1686
1649
1622
1581
1559
1565
1571
1605
1644
1673
1683
1684
1667
1640
1601
1579
1571
1580
1592
1613
1655
1670
1678
1675
1663
1635
1607
1587
1573
1571
1590
1621
1660
1691
1695
1692
1663
1630
1593
1575
1575
1587
1617
1637
1661
1674
1676
1659
1639
1613
1590
1583
1584
1606
1619
1658
1674
1687
1679
1656
1637
1610
1584
1572
1566
1595
1631
1657
1684
1685
1679
1649
1606
1579
1556
1567
1591
1622
1658
1684
1685
1680
1652
1635
1603
1583
1568
1569
1594
1627
1649
1665
1675
1681
1656
1627
1589
1566
1564
1577
1597
1640
1670
1694
1692
1663
1635
1601
1570
1559
1579
1605
1637
1671
1685
1685
1678
1655
1619
1595
1575
1563
1579
1607
1645
1669
1689
1695
1678
1659
1623
1588
1578
1571
1601
1622
1656
1689
1700
1700
1666
1629
1598
1578
1576
1596
1613
1659
1676
1692
1691
1679
1655
1621
1591
1567
1568
1591
1618
1651
1682
1694
1695
1672
1637
1605
1574
1558
1566
1601
1643
1684
1710
1717
1698
1655
1608
1578
1560
1571
1593
1625
1655
1690
1695
1689
1671
1641
1611
1585
1577
1587
1620
1645
1679
1712
1708
1688
1659
1618
1589
1561
1560
1592
1613
1662
1692
1703
1695
1666
1627
1595
1563
1567
1581
1611
1641
1670
1693
1689
1672
1649
1614
1595
1578
1578
1600
1619
1657
1687
1689
1699
1666
1637
1597
1563
1553
1562
1591
1637
1673
1689
1691
1674
1634
1586
1563
1548
1564
1591
1624
1663
1689
1696
1686
1658
1623
1585
1571
1564
1579
1613
1639
1669
1691
1699
1682
1653
1617
1587
1559
1565
1577
1603
1654
1678
1691
1683
1660
1623
1593
1569
1558
1570
1598
1640
1657
1676
1667
1649
1624
1607
1581
1560
1568
1587
1612
1643
1652
1664
1667
1659
1635
1609
1579
1572
1579
1605
1626
1662
1685
1681
1673
1635
1599
1575
1557
1565
1584
1613
1637
1668
1672
1673
1653
1626
1587
1573
1569
1575
1595
1626
1649
1668
1668
1661
1633
1617
1591
1577
1581
1585
1623
1653
1665
1683
1681
1655
1641
1599
1589
1584
1590
1613
1631
1655
1669
1687
1682
1655
1629
1609
1588
1581
1589
1604
1638
1657
1683
1683
1676
1649
1622
1596
1581
1569
1598
1615
1655
1670
1677
1679
1659
1634
1609
1595
1587
1593
1609
1633
1647
1678
1672
1669
1651
1627
1617
1591
1580
1595
1616
1639
1669
1683
1679
1669
1652
1617
1595
1581
1577
1593
1623
1659
1685
1689
1678
1646
1612
1589
1573
1572
1589
1607
1633
1659
1679
1678
1668
1647
1626
1594
1573
1575
1589
1609
1647
1675
1683
1681
1662
1626
1599
1573
1564
1585
1616
1646
1670
1687
1680
1659
1633
1602
1581
1578
1574
1601
1627
1651
1673
1677
1678
1657
1637
1615
1579
1571
1571
1602
1637
1654
1687
1686
1679
1658
1621
1588
1569
1558
1584
1607
1649
1673
1675
1682
1661
1622
1597
1573
1569
1585
1613
1644
1663
1677
1679
1665
1647
1615
1593
1571
1577
1591
1620
1651
1684
1695
1693
1668
1634
1597
1567
1555
1563
1592
1627
1656
1683
1687
1682
1643
1610
1577
1564
1561
1583
1604
1653
1688
1695
1693
1667
1636
1604
1585
1567
1572
1595
1627
1665
1693
1699
1680
1659
1616
1571
1563
1564
1588
1617
1656
1676
1683
1676
1651
1626
1589
1575
1574
1585
1611
1643
1673
1693
1691
1676
1649
1622
1596
1584
1573
1589
1613
1653
1669
1691
1681
1651
1624
1590
1566
1561
1572
1598
1629
1653
1679
1681
1676
1633
1620
1593
1582
1579
1602
1626
1650
1667
1679
1675
1653
1633
1598
1573
1569
1570
1587
1618
1644
1674
1675
1666
1637
1611
1594
1567
1567
1589
1619
1655
1671
1685
1676
1658
1637
1606
1584
1574
1585
1597
1625
1649
1670
1677
1690
1667
1628
1606
1583
1582
1588
1609
1647
1663
1670
1680
1666
1637
1601
1586
1573
1579
1606
1630
1662
1673
1672
1662
1638
1616
1598
1583
1587
1601
1617
1647
1671
1681
1683
1669
1653
1623
1603
1575
1588
1595
1614
1647
1667
1675
1671
1655
1632
1601
1579
1583
1585
1604
1636
1652
1668
1666
1659
1647
1627
1605
1588
1597
1605
1625
1645
1662
1669
1676
1657
1635
1611
1595
1587
1595
1602
1637
1655
1675
1681
1667
1655
1621
1602
1587
1579
1597
1619
1650
1668
1675
1669
1661
1647
1617
1609
1589
1588
1604
1631
1645
1669
1671
1669
1655
1631
1615
1596
1579
1580
1604
1630
1651
1673
1678
1663
1649
1629
1608
1600
1601
1610
1635
1667
1677
1683
1681
1665
1640
1614
1593
1581
1587
1608
1639
1662
1687
1695
1681
1661
1630
1603
1584
1566
1583
1620
1648
1673
1679
1673
1655
1617
1598
1577
1574
1574
1593
1632
1665
1684
1687
1681
1667
1636
1615
1603
1590
1603
1617
1647
1668
1667
1672
1657
1631
1609
1583
1574
1574
1597
1633
1654
1678
1689
1682
1649
1613
1587
1578
1577
1595
1611
1639
1672
1685
1687
1671
1653
1606
1585
1583
1578
1607
1633
1664
1690
1697
1691
1666
1632
1597
1575
1568
1585
1604
1632
1660
1676
1693
1672
1640
1607
1581
1581
1585
1614
1636
1661
1683
1675
1662
1640
1609
1593
1575
1571
1589
1605
1639
1669
1683
1685
1667
1643
1623
1597
1582
1587
1605
1639
1668
1690
1686
1673
1654
1617
1599
1568
1576
1579
1594
1633
1651
1662
1671
1651
1639
1607
1583
1575
1589
1612
1637
1653
1673
1675
1672
1651
1610
1582
1571
1585
1607
1635
1654
1673
1677
1672
1658
1634
1596
1581
1573
1591
1618
1629
1649
1652
1657
1652
1645
1611
1603
1590
1589
1591
1612
1641
1657
1669
1665
1655
1643
1616
1595
1581
1575
1598
1627
1643
1671
1682
1685
1666
1640
1609
1586
1585
1587
1612
1635
1653
1684
1679
1663
1637
1613
1595
1590
1596
1592
1599
1617
1629
1630
1633
1615
1604
1593
1582
1583
1586
1607
1629
1659
1668
1670
1663
1647
1626
1627
1611
1619
1629
1634
1653
1668
1652
1665
1658
1636
1612
1590
1577
1567
1575
1597
1627
1649
1661
1658
1645
1629
1609
1591
1585
1596
1615
1644
1657
1672
1674
1671
1682
1693
1662
1615
1561
1526
1521
1547
1613
1679
1715
1723
1698
1678
1645
1600
1553
1548
1577
1627
1663
1700
1729
1733
1667
1545
1434
1428
1514
1611
1671
1687
1657
1673
1744
1855
1913
1831
1644
1467
1375
1393
1483
1552
1597
1625
1663
1692
1693
1649
1572
1519
1503
1543
1643
1756
1855
1883
1817
1733
1705
1719
1739
1744
1734
1694
1641
1613
1566
1473
1322
1213
1235
1408
1651
1844
1929
1909
1837
1749
1652
1589
1563
1553
1573
1611
1695
1793
1797
1643
1410
1297
1385
1596
1730
1713
1613
1576
1629
1731
1769
1677
1579
1589
1754
1988
2125
2093
1865
1560
1327
1235
1259
1277
1233
1221
1334
1603
1876
1955
1787
1505
1340
1422
1719
2043
2207
2155
1988
1801
1649
1440
1159
935
923
1250
1811
2345
2549
2279
1727
1253
1149
1367
1655
1805
1813
1775
1763
1714
1573
1359
1168
1145
1315
1593
1819
1815
1604
1409
1448
1668
1820
1706
1438
1315
1585
2137
2634
2711
2279
1617
1124
979
1081
1221
1293
1337
1486
1751
2027
2108
1833
1315
890
799
1133
1674
2135
2386
2402
2269
2053
1850
1671
1477
1309
1271
1475
1851
2163
2181
1872
1421
1042
884
936
1113
1365
1658
1991
2325
2539
2538
2274
1821
1356
1066
1013
1124
1260
1333
1331
1310
1361
1511
1700
1771
1675
1530
1457
1491
1591
1735
1973
2230
2365
2320
2113
1856
1642
1481
1365
1299
1327
1395
1447
1447
1399
1376
1367
1326
1251
1153
1082
1120
1325
1667
2085
2489
2759
2777
2450
1816
1151
793
829
1097
1369
1578
1768
2000
2230
2299
2030
1469
855
527
665
1209
1913
2485
2757
2732
2457
2016
1475
997
686
628
845
1285
1839
2291
2463
2283
1861
1438
1183
1134
1289
1575
1875
2083
2153
2133
2036
1858
1586
1257
949
773
823
1169
1715
2234
2489
2323
1807
1163
704
642
945
1415
1765
1969
2105
2219
2268
2170
1892
1551
1275
1109
1160
1341
1603
1798
1893
1895
1839
1727
1575
1423
1339
1344
1421
1538
1689
1901
2133
2343
2397
2215
1752
1178
783
777
1115
1587
1917
2031
1967
1826
1654
1451
1302
1265
1316
1389
1467
1640
1943
2242
2331
2127
1775
1479
1319
1303
1293
1265
1225
1270
1418
1600
1719
1755
1700
1583
1484
1499
1685
1951
2160
2221
2123
1969
1827
1697
1556
1399
1291
1308
1455
1633
1747
1757
1691
1570
1449
1322
1199
1107
1187
1481
1882
2167
2208
2081
1929
1827
1774
1713
1567
1398
1307
1394
1619
1853
1954
1850
1652
1477
1435
1495
1561
1579
1610
1703
1864
2002
2015
1852
1537
1209
1052
1111
1315
1499
1601
1682
1805
1966
2014
1858
1543
1256
1178
1315
1548
1764
1924
2049
2103
2056
1935
1786
1663
1563
1452
1346
1290
1292
1322
1306
1299
1401
1671
2001
2166
2099
1856
1609
1453
1447
1485
1503
1495
1567
1699
1833
1862
1763
1601
1432
1345
1381
1524
1666
1756
1815
1911
1974
1936
1749
1540
1437
1513
1645
1721
1719
1704
1746
1840
1885
1776
1485
1095
831
823
1069
1441
1792
2033
2111
2038
1922
1781
1657
1536
1440
1430
1509
1631
1771
1864
1919
1900
1793
1568
1294
1094
1083
1306
1665
2005
2168
2099
1868
1595
1392
1290
1308
1404
1593
1805
2010
2150
2157
1970
1623
1247
990
911
1002
1186
1401
1618
1850
2091
2274
2313
2154
1837
1481
1206
1106
1175
1375
1637
1891
2089
2193
2141
1946
1614
1258
1027
1005
1196
1477
1727
1899
1974
1943
1799
1545
1281
1148
1204
1437
1731
1986
2119
2128
2033
1825
1549
1227
945
853
999
1371
1841
2267
2529
2568
2376
2013
1607
1271
1017
909
954
1193
1591
1997
2245
2229
1963
1560
1173
930
867
1009
1343
1763
2153
2349
2282
2032
1702
1433
1314
1325
1459
1681
1901
2075
2157
2096
1824
1433
1006
707
645
858
1257
1735
2145
2385
2443
2315
2041
1689
1343
1089
1029
1212
1554
1905
2116
2118
1967
1755
1545
1358
1198
1077
1062
1207
1489
1794
2007
2046
1987
1863
1709
1549
1444
1429
1545
1757
1973
2112
2077
1871
1511
1155
937
892
1023
1251
1529
1787
1987
2103
2129
2033
1835
1597
1427
1387
1426
1507
1581
1689
1836
1969
2048
1972
1744
1463
1236
1140
1183
1297
1454
1622
1823
2005
2102
2060
1877
1672
1533
1529
1642
1737
1777
1722
1595
1485
1377
1272
1185
1165
1257
1445
1693
1933
2079
2117
2037
1913
1803
1676
1537
1408
1343
1398
1553
1744
1885
1918
1851
1713
1578
1469
1366
1283
1215
1248
1411
1663
1885
1989
1962
1873
1787
1742
1699
1641
1554
1469
1471
1539
1647
1701
1660
1563
1502
1508
1547
1598
1667
1694
1763
1843
1920
1929
1831
1647
1487
1434
1488
1575
1622
1619
1605
1607
1671
1733
1744
1639
1468
1337
1291
1324
1399
1507
1653
1855
2069
2225
2235
2063
1747
1433
1233
1183
1249
1365
1506
1668
1790
1851
1801
1685
1551
1444
1432
1509
1647
1790
1864
1911
1945
1949
1879
1733
1549
1387
1305
1327
1485
1721
1916
1971
1895
1707
1453
1219
1043
1025
1164
1481
1863
2192
2381
2397
2254
1982
1663
1349
1117
1017
1087
1293
1553
1772
1877
1871
1777
1628
1453
1323
1300
1394
1569
1787
1987
2126
2147
2030
1803
1543
1331
1223
1237
1371
1547
1728
1861
1911
1851
1670
1416
1208
1130
1223
1450
1744
2033
2265
2399
2373
2168
1820
1393
1030
837
863
1049
1316
1609
1860
2028
2047
1907
1675
1416
1253
1231
1355
1601
1864
2059
2151
2119
1997
1790
1537
1303
1170
1165
1295
1507
1758
1939
1995
1916
1732
1509
1289
1147
1127
1280
1610
2011
2343
2492
2396
2091
1645
1218
931
833
915
1155
1509
1876
2128
2189
2031
1744
1436
1201
1123
1213
1411
1677
1927
2129
2226
2201
2024
1712
1389
1161
1105
1204
1408
1640
1823
1888
1849
1731
1540
1322
1141
1116
1287
1611
1977
2255
2349
2232
1971
1675
1386
1158
1029
1003
1153
1438
1751
1983
2022
1921
1750
1599
1480
1404
1367
1390
1511
1735
1959
2109
2093
1946
1743
1553
1412
1327
1286
1289
1341
1465
1608
1721
1735
1653
1516
1439
1458
1565
1700
1817
1887
1948
1997
2014
1942
1761
1506
1281
1172
1211
1329
1454
1587
1733
1865
1920
1871
1729
1549
1393
1340
1395
1547
1707
1830
1917
1932
1917
1845
1715
1555
1405
1304
1307
1383
1507
1603
1657
1681
1722
1787
1802
1736
1612
1511
1521
1642
1789
1891
1887
1798
1677
1564
1450
1335
1269
1304
1443
1645
1817
1903
1871
1749
1624
1541
1513
1515
1547
1587
1653
1743
1851
1910
1907
1827
1718
1597
1477
1391
1332
1303
1339
1460
1627
1794
1859
1843
1776
1705
1659
1638
1625
1633
1644
1696
1743
1765
1735
1647
1557
1480
1441
1431
1422
1439
1491
1595
1726
1823
1871
1833
1733
1629
1535
1501
1518
1588
1698
1829
1944
1997
1922
1754
1501
1293
1158
1116
1177
1330
1549
1789
1985
2091
2081
1950
1754
1534
1385
1331
1399
1546
1726
1883
1949
1905
1772
1543
1312
1145
1109
1230
1483
1763
1994
2084
2041
1897
1714
1514
1351
1294
1373
1579
1839
2026
2111
2038
1857
1626
1373
1161
1031
1009
1165
1459
1801
2075
2225
2209
2045
1775
1489
1281
1211
1283
1468
1709
1939
2080
2071
1880
1589
1291
1123
1115
1226
1428
1644
1841
1976
2031
1967
1807
1601
1426
1353
1395
1509
1675
1837
1961
2029
1993
1835
1591
1309
1113
1020
1091
1309
1603
1902
2085
2161
2099
1934
1716
1488
1315
1233
1299
1489
1741
1933
2009
1952
1809
1626
1431
1273
1181
1203
1323
1541
1802
2011
2092
2022
1843
1633
1452
1345
1350
1452
1646
1836
1993
2079
2003
1783
1482
1175
1015
1023
1173
1419
1694
1957
2146
2229
2157
1940
1639
1348
1189
1205
1359
1575
1778
1930
2004
2005
1877
1623
1341
1123
1060
1203
1476
1765
1979
2066
2041
1918
1741
1555
1390
1317
1387
1570
1802
1961
2005
1911
1719
1512
1337
1236
1205
1245
1381
1597
1835
2020
2115
2083
1928
1709
1499
1359
1315
1332
1429
1585
1768
1877
1909
1811
1639
1434
1300
1287
1368
1506
1628
1721
1804
1863
1878
1812
1711
1622
1576
1603
1639
1647
1653
1635
1627
1632
1623
1579
1481
1407
1367
1411
1497
1609
1717
1819
1871
1875
1839
1760
1657
1529
1436
1409
1464
1547
1631
1688
1717
1729
1733
1705
1629
1523
1410
1383
1441
1569
1693
1773
1840
1885
1900
1852
1731
1582
1471
1432
1471
1537
1595
1629
1636
1621
1602
1559
1510
1471
1477
1545
1651
1776
1853
1901
1876
1817
1746
1637
1535
1444
1393
1422
1530
1668
1779
1836
1818
1729
1624
1517
1421
1359
1376
1469
1621
1791
1910
1953
1912
1827
1730
1640
1537
1449
1405
1407
1455
1539
1640
1727
1763
1741
1689
1633
1557
1512
1517
1577
1703
1840
1934
1973
1895
1730
1529
1368
1298
1328
1417
1542
1689
1812
1873
1849
1734
1554
1388
1274
1271
1383
1553
1741
1911
2043
2111
2073
1911
1653
1368
1187
1133
1240
1443
1668
1856
1981
1985
1885
1694
1465
1283
1239
1338
1545
1794
1992
2080
2035
1882
1665
1444
1263
1173
1209
1362
1603
1837
1999
2037
1925
1718
1459
1269
1172
1210
1391
1645
1941
2191
2297
2220
1966
1631
1311
1103
1063
1158
1361
1587
1809
1967
2014
1919
1717
1495
1329
1247
1309
1471
1675
1886
2009
2048
1982
1835
1635
1412
1257
1219
1305
1513
1749
1935
2017
1956
1790
1580
1395
1265
1224
1298
1494
1778
2031
2161
2145
1982
1755
1523
1341
1219
1176
1227
1394
1620
1841
1972
1973
1882
1725
1569
1451
1377
1374
1470
1625
1831
2000
2075
2005
1805
1569
1352
1245
1257
1369
1538
1717
1863
1932
1901
1760
1553
1359
1255
1276
1420
1621
1833
1991
2072
2076
1980
1785
1540
1299
1144
1136
1268
1481
1713
1888
1992
1976
1877
1686
1486
1333
1287
1357
1541
1743
1918
1984
1945
1811
1656
1491
1372
1323
1345
1456
1587
1735
1839
1845
1761
1631
1510
1432
1421
1449
1544
1689
1856
1997
2030
1948
1777
1582
1421
1325
1316
1361
1453
1597
1732
1827
1856
1812
1705
1605
1539
1512
1521
1553
1588
1637
1693
1742
1775
1766
1711
1646
1575
1528
1511
1519
1538
1561
1611
1666
1707
1695
1655
1614
1582
1597
1637
1681
1707
1718
1723
1727
1713
1679
1603
1509
1459
1447
1472
1515
1561
1623
1699
1788
1852
1849
1765
1626
1497
1421
1416
1480
1577
1688
1800
1871
1892
1829
1689
1525
1393
1343
1376
1445
1556
1659
1736
1785
1789
1767
1709
1634
1559
1509
1531
1581
1670
1747
1775
1743
1681
1582
1485
1381
1336
1369
1465
1640
1804
1910
1919
1829
1705
1581
1483
1420
1406
1449
1563
1717
1853
1913
1911
1812
1670
1516
1384
1320
1290
1333
1452
1622
1805
1923
1955
1891
1745
1591
1471
1415
1436
1508
1607
1721
1809
1839
1798
1681
1520
1380
1334
1363
1476
1611
1751
1865
1929
1925
1844
1679
1483
1337
1275
1343
1501
1701
1886
2011
2030
1933
1735
1483
1248
1122
1121
1261
1513
1792
2019
2122
2085
1930
1711
1493
1341
1276
1319
1455
1662
1857
1965
1958
1837
1651
1463
1315
1253
1290
1427
1635
1850
2005
2063
1997
1801
1541
1308
1187
1217
1379
1620
1867
2042
2105
2041
1848
1573
1295
1101
1081
1225
1475
1745
1955
2083
2101
2001
1825
1593
1386
1259
1264
1392
1585
1783
1907
1943
1891
1763
1594
1405
1279
1256
1350
1552
1770
1945
2009
1956
1808
1629
1460
1351
1320
1398
1544
1733
1907
1999
1978
1858
1671
1474
1316
1231
1249
1340
1520
1727
1927
2043
2045
1942
1765
1553
1383
1302
1328
1427
1581
1736
1861
1906
1852
1731
1569
1429
1369
1383
1469
1593
1715
1817
1879
1882
1826
1695
1555
1451
1411
1452
1551
1679
1799
1875
1894
1810
1667
1477
1310
1226
1261
1404
1599
1790
1943
2003
1973
1863
1691
1521
1396
1340
1372
1485
1640
1775
1843
1837
1769
1685
1596
1523
1458
1433
1471
1571
1687
1783
1823
1790
1725
1652
1586
1550
1515
1522
1601
1715
1804
1821
1759
1634
1523
1448
1403
1427
1481
1558
1675
1775
1853
1864
1813
1737
1649
1583
1547
1531
1534
1529
1545
1587
1657
1725
1756
1737
1671
1603
1565
1529
1521
1516
1523
1581
1649
1726
1766
1757
1727
1683
1643
1608
1575
1547
1531
1547
1587
1629
1674
1691
1662
1611
1543
1519
1541
1579
1649
1725
1798
1847
1827
1763
1637
1489
1376
1353
1414
1527
1645
1744
1806
1825
1810
1725
1597
1457
1364
1338
1397
1530
1688
1824
1909
1915
1879
1771
1619
1467
1354
1339
1417
1560
1711
1801
1825
1771
1679
1576
1479
1426
1434
1509
1643
1779
1885
1897
1847
1732
1589
1457
1371
1356
1409
1516
1650
1793
1888
1916
1849
1711
1539
1379
1305
1316
1399
1559
1739
1903
2001
2003
1893
1709
1505
1353
1286
1316
1423
1567
1715
1819
1867
1834
1732
1601
1486
1406
1405
1473
1593
1743
1865
1926
1899
1791
1635
1473
1350
1296
1333
1467
1667
1875
1996
2011
1890
1696
1488
1308
1231
1251
1377
1600
1837
2032
2109
2045
1877
1653
1439
1269
1208
1248
1396
1601
1808
1952
1993
1916
1755
1554
1375
1291
1309
1436
1631
1835
1990
2031
1946
1755
1514
1324
1225
1246
1398
1608
1813
1955
2005
1933
1787
1567
1371
1240
1235
1331
1527
1749
1951
2075
2064
1959
1763
1527
1331
1205
1207
1336
1531
1755
1910
1979
1939
1803
1625
1452
1345
1341
1424
1583
1760
1894
1935
1877
1755
1613
1480
1397
1368
1408
1519
1657
1794
1874
1862
1782
1658
1527
1423
1368
1381
1459
1604
1759
1901
1986
1951
1833
1657
1482
1362
1315
1349
1433
1574
1708
1813
1881
1857
1758
1624
1505
1439
1453
1496
1567
1640
1717
1782
1805
1778
1691
1587
1489
1444
1470
1528
1612
1689
1751
1781
1763
1699
1600
1490
1424
1432
1524
1663
1785
1852
1873
1840
1767
1655
1547
1441
1370
1375
1471
1599
1727
1799
1813
1795
1761
1703
1601
1512
1453
1453
1524
1629
1733
1782
1780
1741
1673
1619
1558
1534
1534
1559
1607
1659
1693
1709
1681
1639
1612
1585
1597
1615
1635
1657
1675
1713
1736
1753
1723
1657
1585
1527
1497
1491
1508
1545
1607
1683
1757
1799
1806
1755
1680
1605
1549
1519
1517
1514
1565
1627
1703
1767
1795
1778
1733
1653
1557
1484
1447
1441
1505
1595
1685
1771
1822
1803
1725
1622
1531
1487
1507
1565
1657
1737
1787
1785
1743
1649
1541
1445
1393
1424
1517
1641
1762
1852
1888
1867
1777
1639
1492
1385
1343
1376
1506
1677
1836
1933
1957
1893
1746
1561
1387
1293
1299
1394
1552
1721
1849
1915
1891
1781
1651
1503
1421
1401
1459
1571
1678
1775
1836
1828
1745
1618
1485
1373
1341
1401
1511
1668
1819
1914
1933
1869
1728
1557
1387
1295
1310
1415
1585
1771
1912
1973
1935
1823
1636
1465
1337
1270
1309
1436
1609
1771
1895
1945
1907
1809
1661
1508
1396
1361
1405
1517
1675
1813
1881
1855
1757
1619
1467
1348
1311
1367
1518
1701
1867
1943
1938
1846
1686
1506
1363
1295
1318
1432
1601
1795
1946
1995
1949
1810
1621
1435
1284
1233
1291
1441
1652
1853
1995
2036
1961
1782
1577
1405
1307
1302
1415
1588
1760
1901
1933
1877
1731
1551
1387
1307
1335
1447
1605
1759
1886
1940
1910
1786
1629
1436
1323
1297
1381
1551
1733
1877
1965
1963
1872
1695
1499
1335
1243
1267
1402
1597
1797
1933
1982
1933
1807
1658
1502
1396
1367
1415
1522
1649
1788
1855
1837
1749
1635
1542
1490
1461
1468
1519
1625
1747
1827
1847
1789
1683
1565
1475
1449
1469
1520
1613
1730
1816
1865
1831
1728
1578
1470
1407
1406
1457
1541
1637
1725
1801
1851
1850
1786
1687
1577
1497
1470
1472
1523
1591
1663
1726
1773
1781
1732
1648
1553
1492
1497
1533
1603
1662
1700
1726
1725
1703
1637
1581
1537
1516
1551
1611
1671
1715
1736
1720
1701
1641
1582
1525
1479
1475
1503
1581
1673
1766
1821
1827
1787
1715
1623
1533
1465
1450
1485
1561
1650
1729
1770
1761
1719
1675
1615
1575
1549
1522
1542
1577
1626
1682
1710
1722
1713
1690
1656
1629
1578
1563
1558
1592
1632
1664
1683
1670
1636
1591
1548
1527
1528
1548
1609
1669
1734
1768
1766
1730
1680
1603
1532
1478
1454
1467
1526
1612
1712
1785
1822
1805
1739
1642
1525
1431
1401
1420
1504
1633
1759
1856
1883
1833
1734
1613
1505
1447
1443
1489
1554
1668
1743
1779
1768
1687
1599
1503
1445
1448
1489
1581
1701
1811
1878
1873
1771
1617
1459
1351
1316
1367
1495
1658
1822
1933
1948
1867
1712
1527
1380
1302
1321
1413
1575
1752
1890
1963
1931
1818
1677
1514
1395
1338
1367
1477
1622
1772
1864
1882
1810
1695
1553
1426
1376
1413
1507
1661
1813
1903
1916
1849
1709
1541
1393
1315
1331
1433
1595
1748
1882
1933
1905
1806
1647
1480
1358
1304
1363
1487
1662
1815
1929
1975
1929
1816
1648
1480
1363
1322
1381
1515
1683
1813
1887
1877
1804
1678
1543
1429
1390
1432
1547
1698
1839
1909
1890
1801
1673
1543
1433
1375
1385
1465
1599
1756
1892
1939
1894
1776
1607
1449
1335
1304
1367
1505
1687
1857
1983
2003
1912
1746
1545
1389
1311
1325
1434
1583
1719
1837
1889
1879
1790
1643
1497
1403
1411
1481
1597
1725
1819
1877
1867
1790
1666
1502
1381
1343
1400
1532
1696
1830
1897
1883
1804
1667
1508
1392
1328
1356
1467
1637
1809
1917
1933
1871
1753
1621
1501
1424
1384
1409
1495
1617
1739
1811
1819
1770
1687
1611
1547
1505
1491
1522
1603
1692
1755
1785
1747
1672
1599
1523
1494
1501
1551
1626
1695
1742
1747
1711
1659
1587
1528
1494
1489
1525
1581
1640
1698
1738
1764
1762
1724
1644
1568
1503
1464
1473
1515
1561
1626
1695
1749
1762
1736
1683
1610
1551
1527
1521
1549
1589
1632
1675
1702
1711
1695
1651
1613
1573
1549
1549
1569
1601
1637
1672
1697
1687
1664
1616
1568
1537
1529
1573
1625
1682
1750
1759
1735
1692
1621
1545
1487
1460
1475
1529
1608
1685
1751
1770
1773
1743
1687
1608
1540
1484
1480
1527
1589
1677
1736
1769
1763
1731
1675
1600
1535
1497
1496
1556
1623
1679
1713
1717
1705
1680
1640
1597
1561
1559
1574
1619
1684
1721
1748
1748
1703
1643
1567
1501
1452
1445
1524
1618
1733
1815
1851
1830
1747
1622
1505
1418
1401
1435
1530
1655
1773
1849
1878
1819
1718
1583
1474
1402
1393
1454
1543
1664
1768
1843
1847
1781
1678
1559
1465
1422
1451
1550
1672
1793
1859
1846
1764
1634
1497
1389
1351
1391
1515
1681
1832
1922
1927
1854
1701
1547
1401
1320
1341
1420
1574
1747
1883
1943
1921
1813
1651
1483
1362
1311
1343
1459
1613
1773
1888
1932
1872
1741
1585
1448
1386
1411
1495
1623
1754
1836
1865
1809
1693
1549
1420
1364
1383
1475
1615
1753
1856
1894
1871
1775
1643
1495
1379
1329
1377
1496
1661
1817
1913
1937
1869
1750
1593
1438
1337
1323
1383
1529
1692
1832
1902
1881
1785
1674
1561
1472
1435
1449
1523
1633
1747
1825
1841
1789
1690
1571
1479
1433
1446
1506
1613
1734
1842
1884
1850
1744
1597
1466
1384
1379
1431
1561
1705
1823
1907
1914
1833
1699
1536
1400
1345
1360
1447
1567
1693
1813
1885
1879
1796
1679
1553
1438
1419
1457
1537
1658
1756
1815
1817
1763
1672
1557
1472
1430
1461
1560
1673
1786
1843
1835
1774
1677
1569
1483
1439
1462
1535
1639
1748
1814
1837
1803
1721
1622
1509
1444
1423
1447
1533
1631
1738
1811
1827
1797
1734
1655
1569
1513
1503
1520
1586
1659
1704
1737
1715
1675
1633
1593
1576
1567
1583
1615
1631
1675
1685
1675
1674
1646
1616
1593
1579
1585
1593
1618
1648
1683
1712
1725
1703
1655
1599
1551
1520
1522
1555
1596
1653
1702
1743
1780
1759
1717
1659
1596
1559
1532
1531
1544
1567
1621
1674
1735
1758
1735
1681
1607
1556
1523
1523
1555
1601
1659
1713
1738
1743
1705
1629
1571
1539
1556
1587
1631
1670
1697
1709
1701
1663
1604
1541
1501
1488
1519
1581
1667
1735
1777
1786
1757
1694
1598
1515
1442
1429
1471
1551
1636
1729
1788
1797
1758
1685
1585
1506
1459
1458
1503
1571
1659
1725
1766
1774
1724
1658
1582
1529
1513
1511
1547
1617
1692
1737
1761
1717
1657
1569
1499
1461
1468
1528
1619
1720
1793
1825
1797
1708
1601
1495
1411
1389
1430
1531
1659
1770
1843
1860
1816
1720
1591
1472
1393
1380
1446
1555
1703
1815
1883
1877
1799
1683
1553
1436
1382
1397
1500
1629
1751
1829
1827
1759
1652
1515
1429
1396
1421
1523
1652
1787
1871
1892
1824
1707
1562
1432
1354
1361
1433
1561
1723
1855
1912
1909
1807
1642
1473
1354
1304
1359
1481
1643
1804
1893
1921
1855
1733
1587
1443
1371
1378
1464
1593
1724
1798
1839
1803
1727
1611
1495
1420
1407
1475
1593
1718
1810
1853
1829
1753
1638
1510
1405
1369
1411
1523
1678
1805
1885
1901
1831
1715
1573
1453
1389
1383
1461
1581
1715
1837
1879
1877
1795
1679
1561
1475
1428
1433
1492
1591
1688
1773
1807
1775
1702
1618
1533
1493
1485
1530
1603
1700
1789
1815
1798
1718
1609
1513
1452
1444
1485
1581
1683
1771
1828
1829
1776
1671
1557
1469
1430
1436
1489
1597
1709
1803
1860
1852
1799
1693
1568
1472
1436
1454
1515
1617
1707
1769
1793
1772
1708
1625
1547
1502
1512
1569
1651
1715
1762
1754
1730
1674
1605
1543
1507
1509
1546
1616
1691
1749
1765
1747
1690
1628
1553
1509
1481
1491
1540
1621
1706
1773
1800
1766
1701
1642
1585
1537
1517
1517
1555
1605
1657
1697
1716
1693
1668
1642
1626
1607
1593
1571
1571
1591
1613
1647
1666
1654
1642
1625
1607
1605
1595
1597
1600
1618
1648
1664
1670
1651
1625
1603
1579
1573
1579
1597
1623
1656
1689
1727
1738
1724
1672
1613
1549
1497
1475
1495
1544
1619
1691
1742
1777
1761
1705
1621
1536
1481
1471
1509
1565
1643
1708
1748
1764
1736
1671
1599
1535
1501
1511
1551
1610
1666
1715
1737
1721
1680
1604
1555
1517
1506
1551
1621
1697
1763
1783
1757
1687
1593
1505
1442
1429
1468
1549
1653
1756
1814
1825
1782
1692
1578
1496
1449
1438
1485
1565
1660
1737
1797
1806
1754
1675
1585
1493
1448
1449
1511
1599
1685
1759
1794
1770
1693
1597
1518
1467
1469
1536
1619
1715
1777
1792
1771
1695
1599
1507
1431
1411
1454
1541
1663
1768
1837
1849
1810
1717
1589
1471
1391
1381
1446
1562
1698
1823
1892
1869
1798
1667
1537
1435
1396
1407
1507
1634
1751
1836
1857
1802
1701
1587
1494
1444
1463
1524
1631
1749
1837
1870
1825
1712
1584
1465
1403
1403
1469
1596
1735
1849
1905
1887
1792
1652
1503
1396
1358
1408
1523
1663
1805
1892
1915
1855
1730
1581
1454
1393
1403
1471
1593
1706
1814
1865
1829
1768
1651
1548
1470
1449
1490
1581
1697
1783
1819
1805
1739
1641
1547
1461
1430
1467
1549
1673
1771
1833
1836
1775
1678
1571
1478
1427
1427
1490
1587
1711
1801
1837
1829
1761
1675
1581
1489
1447
1455
1497
1597
1708
1773
1805
1777
1707
1614
1556
1515
1505
1529
1591
1665
1735
1760
1752
1688
1623
1548
1509
1501
1530
1584
1649
1707
1749
1755
1724
1661
1591
1520
1484
1479
1526
1591
1677
1748
1788
1793
1746
1665
1562
1481
1452
1463
1522
1606
1676
1733
1753
1742
1709
1654
1600
1545
1522
1543
1598
1640
1678
1692
1697
1675
1651
1599
1564
1545
1553
1583
1636
1679
1709
1701
1681
1638
1593
1553
1532
1530
1562
1609
1675
1716
1736
1721
1675
1642
1595
1557
1537
1532
1548
1588
1627
1666
1696
1715
1704
1679
1656
1633
1591
1563
1548
1567
1596
1637
1672
1684
1695
1676
1652
1622
1595
1577
1579
1592
1619
1634
1665
1676
1675
1659
1624
1604
1559
1556
1569
1599
1643
1688
1713
1724
1687
1640
1576
1507
1479
1491
1536
1618
1689
1769
1792
1777
1727
1640
1560
1489
1469
1485
1543
1620
1713
1767
1791
1760
1698
1625
1539
1487
1477
1511
1581
1663
1741
1775
1767
1725
1637
1565
1507
1481
1523
1588
1675
1747
1785
1763
1721
1634
1539
1471
1460
1477
1561
1652
1747
1813
1829
1790
1703
1599
1497
1437
1427
1477
1567
1678
1771
1831
1838
1782
1687
1587
1492
1449
1445
1508
1607
1712
1791
1812
1785
1719
1634
1551
1491
1480
1523
1601
1688
1756
1785
1778
1719
1646
1555
1487
1469
1483
1559
1667
1767
1833
1844
1799
1700
1581
1481
1412
1413
1481
1592
1719
1812
1865
1856
1775
1657
1531
1437
1404
1429
1514
1629
1747
1825
1847
1804
1716
1613
1519
1459
1451
1496
1587
1693
1780
1825
1798
1716
1601
1494
1440
1430
1485
1585
1709
1816
1869
1849
1763
1632
1484
1412
1381
1436
1527
1649
1763
1835
1852
1804
1699
1579
1463
1408
1415
1470
1571
1675
1773
1817
1817
1762
1661
1553
1484
1447
1474
1548
1637
1723
1764
1762
1712
1629
1561
1491
1467
1491
1561
1657
1743
1790
1785
1735
1655
1564
1493
1453
1453
1509
1579
1675
1756
1801
1790
1737
1647
1561
1488
1457
1476
1509
1587
1670
1742
1777
1765
1726
1642
1578
1539
1520
1535
1570
1617
1667
1705
1719
1689
1646
1598
1564
1552
1560
1587
1635
1659
1693
1715
1699
1664
1609
1563
1526
1521
1552
1601
1658
1698
1716
1729
1709
1653
1586
1525
1496
1495
1533
1596
1661
1716
1739
1741
1723
1658
1615
1565
1535
1531
1547
1588
1637
1681
1705
1711
1683
1651
1617
1591
1571
1571
1599
1625
1662
1679
1667
1655
1637
1606
1584
1573
1581
1595
1626
1646
1669
1679
1671
1662
1635
1604
1578
1554
1559
1580
1624
1671
1702
1724
1743
1723
1681
1621
1579
1534
1517
1542
1574
1627
1679
1708
1729
1717
1689
1647
1595
1567
1540
1548
1583
1617
1673
1704
1721
1699
1667
1628
1587
1557
1551
1580
1627
1679
1721
1743
1715
1662
1605
1541
1510
1510
1550
1624
1691
1765
1790
1779
1729
1642
1555
1477
1459
1478
1533
1630
1721
1792
1825
1798
1739
1645
1537
1477
1457
1487
1564
1642
1743
1792
1801
1751
1677
1585
1513
1469
1495
1557
1644
1717
1767
1766
1715
1651
1567
1494
1475
1481
1548
1636
1722
1793
1806
1773
1694
1587
1502
1443
1425
1471
1558
1675
1767
1828
1839
1779
1685
1569
1465
1425
1434
1501
1602
1702
1789
1813
1801
1737
1629
1541
1473
1464
1498
1565
1645
1719
1761
1763
1718
1645
1559
1492
1461
1483
1559
1653
1735
1798
1801
1765
1677
1577
1491
1432
1441
1499
1599
1710
1801
1841
1823
1745
1642
1537
1457
1421
1435
1520
1626
1734
1817
1831
1802
1717
1616
1529
1477
1453
1492
1571
1694
1775
1818
1809
1736
1638
1551
1487
1472
1508
1587
1676
1765
1805
1798
1739
1649
1548
1466
1439
1465
1548
1645
1742
1803
1819
1778
1704
1595
1499
1439
1428
1483
1575
1681
1771
1818
1806
1757
1675
1579
1511
1475
1493
1547
1631
1697
1750
1755
1721
1657
1607
1563
1529
1528
1575
1638
1676
1727
1735
1705
1663
1608
1553
1513
1499
1536
1593
1669
1728
1755
1754
1706
1645
1575
1517
1507
1508
1549
1614
1673
1721
1734
1724
1692
1637
1591
1555
1533
1543
1564
1593
1637
1666
1688
1688
1667
1639
1603
1591
1576
1576
1597
1615
1651
1674
1683
1668
1639
1603
1581
1570
1581
1600
1633
1664
1679
1695
1676
1653
1613
1584
1566
1555
1564
1589
1625
1663
1697
1719
1716
1679
1637
1593
1554
1533
1534
1561
1609
1659
1700
1721
1719
1699
1653
1609
1570
1561
1577
1590
1623
1649
1673
1680
1677
1665
1633
1606
1593
1594
1603
1632
1652
1677
1685
1687
1667
1633
1608
1577
1560
1566
1597
1641
1687
1728
1729
1715
1678
1626
1575
1544
1525
1531
1569
1620
1683
1729
1754
1734
1711
1657
1601
1555
1521
1526
1576
1617
1679
1727
1746
1739
1697
1647
1585
1547
1531
1555
1598
1667
1718
1747
1739
1695
1645
1582
1540
1521
1556
1608
1671
1737
1765
1769
1733
1657
1580
1513
1484
1497
1551
1641
1733
1807
1839
1813
1725
1631
1536
1467
1439
1479
1567
1666
1759
1811
1810
1765
1674
1583
1501
1465
1474
1529
1615
1698
1757
1766
1744
1677
1597
1514
1485
1485
1531
1610
1691
1761
1791
1773
1706
1615
1515
1451
1447
1507
1594
1690
1776
1823
1820
1757
1663
1555
1455
1419
1443
1508
1599
1701
1775
1809
1792
1723
1626
1544
1474
1452
1485
1553
1628
1713
1751
1761
1721
1654
1577
1512
1483
1493
1556
1631
1714
1757
1765
1739
1665
1581
1509
1469
1473
1520
1601
1691
1763
1802
1777
1715
1635
1543
1479
1458
1472
1528
1613
1711
1781
1808
1777
1707
1620
1531
1471
1461
1487
1562
1653
1726
1775
1770
1717
1651
1563
1515
1492
1514
1581
1649
1721
1757
1742
1712
1636
1562
1507
1492
1509
1567
1642
1709
1773
1794
1765
1705
1616
1529
1474
1471
1513
1592
1677
1748
1790
1777
1741
1671
1579
1513
1487
1507
1548
1613
1677
1713
1735
1723
1678
1628
1580
1553
1551
1565
1606
1649
1694
1701
1689
1673
1622
1585
1559
1548
1565
1606
1653
1695
1711
1716
1683
1638
1594
1565
1555
1557
1570
1603
1649
1688
1709
1702
1671
1647
1613
1575
1561
1549
1557
1583
1623
1653
1682
1687
1691
1667
1636
1604
1587
1576
1581
1591
1621
1644
1658
1661
1647
1641
1619
1598
1599
1591
1603
1625
1629
1649
1657
1659
1641
1617
1592
1568
1569
1580
1603
1635
1665
1692
1703
1691
1663
1618
1573
1535
1527
1554
1598
1650
1692
1729
1733
1723
1685
1643
1576
1560
1538
1548
1592
1628
1668
1695
1713
1708
1670
1637
1589
1569
1564
1581
1623
1661
1693
1705
1703
1679
1644
1609
1580
1573
1587
1619
1657
1701
1727
1717
1691
1646
1597
1549
1533
1535
1567
1621
1683
1729
1761
1754
1713
1663
1591
1534
1508
1515
1554
1615
1691
1744
1771
1759
1717
1646
1575
1520
1513
1526
1587
1651
1704
1742
1745
1713
1658
1595
1539
1525
1535
1585
1653
1712
1741
1749
1721
1651
1573
1516
1476
1488
1545
1629
1722
1785
1815
1789
1719
1615
1525
1469
1446
1485
1566
1662
1746
1809
1805
1766
1680
1587
1511
1473
1474
1523
1608
1680
1746
1783
1751
1695
1606
1529
1485
1476
1511
1587
1663
1736
1767
1760
1690
1612
1531
1473
1464
1496
1571
1673
1743
1779
1787
1728
1659
1563
1486
1449
1463
1519
1606
1693
1758
1784
1768
1711
1631
1535
1467
1447
1473
1539
1625
1698
1760
1763
1743
1669
1599
1535
1505
1498
1542
1611
1685
1733
1743
1709
1665
1601
1539
1501
1507
1540
1607
1687
1741
1769
1759
1715
1645
1561
1497
1479
1493
1551
1627
1711
1763
1774
1759
1684
1605
1542
1502
1485
1512
1570
1652
1721
1761
1757
1722
1664
1588
1543
1524
1538
1571
1627
1671
1727
1739
1723
1666
1613
1553
1529
1547
1583
1636
1691
1733
1751
1733
1688
1613
1543
1499
1502
1535
1603
1663
1719
1747
1748
1717
1662
1600
1556
1515
1527
1558
1609
1660
1701
1722
1717
1695
1652
1615
1584
1561
1569
1595
1621
1658
1678
1683
1673
1651
1627
1603
1582
1593
1608
1636
1656
1675
1683
1663
1641
1614
1595
1573
1575
1591
1614
1635
1667
1685
1690
1676
1653
1623
1599
1580
1559
1569
1591
1614
1643
1680
1705
1705
1689
1658
1620
1591
1572
1558
1565
1581
1617
1647
1672
1685
1689
1667
1644
1611
1587
1579
1581
1600
1626
1647
1675
1673
1661
1631
1605
1579
1587
1591
1617
1644
1681
1695
1694
1674
1638
1606
1567
1551
1551
1576
1623
1669
1709
1725
1720
1688
1645
1583
1538
1526
1532
1566
1621
1675
1711
1731
1723
1683
1630
1582
1535
1531
1541
1585
1633
1673
1705
1707
1695
1649
1605
1569
1553
1557
1586
1628
1666
1702
1707
1699
1660
1607
1554
1523
1525
1545
1605
1660
1711
1748
1743
1693
1631
1561
1515
1480
1499
1550
1616
1690
1737
1769
1753
1702
1635
1559
1503
1497
1523
1575
1641
1702
1745
1747
1721
1667
1593
1540
1509
1519
1560
1625
1703
1742
1765
1734
1671
1603
1535
1487
1496
1558
1625
1696
1763
1787
1763
1704
1621
1533
1479
1466
1497
1563
1649
1744
1778
1799
1761
1689
1602
1517
1475
1475
1515
1602
1689
1757
1790
1774
1721
1642
1566
1507
1493
1520
1587
1668
1739
1769
1765
1715
1635
1564
1505
1501
1523
1587
1664
1734
1770
1774
1729
1661
1579
1515
1483
1492
1543
1624
1703
1767
1797
1779
1723
1644
1551
1508
1491
1508
1562
1622
1697
1749
1753
1729
1674
1606
1559
1524
1525
1564
1619
1686
1725
1730
1717
1678
1630
1582
1547
1548
1573
1616
1678
1722
1745
1737
1697
1640
1587
1547
1527
1533
1573
1627
1693
1737
1753
1739
1686
1618
1561
1522
1517
1542
1577
1642
1699
1741
1733
1722
1675
1615
1575
1540
1549
1569
1608
1656
1689
1709
1703
1678
1633
1589
1561
1562
1579
1613
1653
1684
1703
1699
1665
1622
1585
1550
1545
1571
1605
1653
1695
1722
1721
1698
1661
1614
1578
1543
1543
1561
1599
1641
1675
1702
1703
1689
1660
1623
1591
1557
1558
1572
1593
1632
1655
1673
1684
1667
1654
1633
1617
1603
1598
1608
1627
1643
1654
1655
1650
1641
1628
1622
1607
1610
1613
1617
1641
1653
1665
1668
1653
1634
1611
1594
1576
1569
1587
1608
1633
1668
1678
1691
1682
1663
1637
1603
1577
1564
1565
1587
1613
1650
1688
1701
1704
1697
1665
1625
1583
1572
1568
1591
1623
1659
1691
1707
1698
1669
1625
1598
1573
1564
1573
1612
1653
1684
1701
1697
1659
1620
1571
1550
1543
1560
1601
1651
1689
1721
1727
1703
1658
1595
1547
1508
1515
1557
1605
1672
1723
1740
1742
1700
1648
1578
1525
1514
1520
1563
1624
1671
1709
1719
1694
1662
1614
1568
1537
1529
1569
1601
1651
1692
1711
1697
1657
1615
1574
1538
1529
1537
1604
1657
1709
1737
1721
1695
1635
1571
1522
1487
1508
1543
1614
1683
1733
1756
1738
1688
1623
1555
1500
1495
1513
1563
1619
1687
1734
1749
1725
1672
1609
1553
1522
1523
1565
1602
1677
1725
1740
1719
1671
1609
1552
1524
1523
1554
1615
1674
1735
1761
1742
1705
1624
1549
1497
1478
1505
1566
1648
1720
1773
1793
1753
1677
1597
1523
1482
1488
1525
1586
1673
1739
1775
1767
1721
1644
1569
1513
1498
1521
1571
1645
1710
1744
1755
1718
1650
1591
1543
1532
1539
1595
1659
1711
1745
1753
1717
1665
1587
1537
1504
1508
1556
1631
1695
1744
1769
1751
1697
1633
1569
1509
1501
1514
1566
1634
1690
1735
1740
1716
1675
1619
1569
1535
1535
1567
1601
1653
1692
1695
1700
1676
1640
1590
1560
1559
1563
1602
1645
1678
1722
1710
1683
1645
1597
1576
1554
1555
1590
1627
1680
1709
1714
1708
1659
1612
1572
1544
1535
1555
1590
1636
1674
1701
1714
1701
1673
1623
1581
1557
1553
1564
1589
1626
1670
1691
1679
1669
1647
1617
1589
1581
1578
1606
1631
1653
1685
1678
1667
1634
1617
1601
1582
1585
1611
1627
1663
1673
1683
1673
1644
1621
1590
1569
1561
1568
1595
1629
1659
1679
1694
1695
1673
1639
1628
1593
1574
1581
1595
1623
1645
1672
1686
1696
1680
1658
1637
1609
1593
1593
1601
1620
1635
1652
1656
1663
1657
1647
1632
1622
1612
1608
1619
1628
1641
1647
1653
1657
1645
1625
1612
1595
1596
1598
1618
1646
1676
1691
1689
1672
1647
1610
1576
1554
1550
1570
1600
1641
1685
1703
1711
1691
1666
1617
1577
1558
1548
1570
1604
1649
1687
1713
1703
1689
1651
1612
1577
1567
1589
1608
1653
1684
1700
1712
1683
1656
1613
1568
1552
1560
1587
1637
1682
1715
1719
1704
1656
1597
1543
1513
1524
1556
1616
1679
1721
1745
1739
1705
1647
1586
1535
1517
1519
1561
1627
1683
1724
1732
1721
1675
1625
1567
1539
1531
1552
1599
1653
1694
1723
1717
1669
1623
1577
1537
1525
1544
1589
1643
1691
1732
1733
1698
1640
1571
1534
1505
1524
1559
1620
1681
1727
1747
1734
1687
1629
1557
1517
1499
1511
1563
1630
1693
1739
1744
1722
1676
1607
1558
1518
1522
1549
1603
1667
1708
1730
1719
1671
1620
1563
1535
1527
1547
1603
1655
1712
1737
1727
1699
1630
1574
1528
1503
1517
1567
1624
1703
1743
1757
1732
1678
1614
1539
1501
1498
1531
1595
1662
1715
1759
1756
1717
1647
1584
1533
1510
1534
1571
1634
1687
1728
1735
1710
1663
1608
1569
1548
1559
1589
1637
1685
1721
1728
1712
1668
1611
1558
1527
1539
1570
1620
1671
1710
1731
1731
1690
1633
1580
1535
1525
1545
1589
1630
1680
1716
1719
1706
1670
1618
1583
1546
1538
1550
1594
1640
1677
1693
1701
1677
1649
1617
1583
1571
1569
1598
1636
1653
1677
1676
1665
1639
1610
1592
1574
1581
1601
1627
1657
1672
1685
1675
1651
1619
1584
1571
1562
1563
1582
1611
1647
1681
1694
1684
1663
1631
1594
1568
1563
1555
1582
1618
1647
1673
1691
1685
1665
1635
1601
1591
1583
1584
1596
1621
1635
1648
1649
1656
1640
1624
1610
1604
1603
1617
1629
1644
1666
1675
1665
1653
1625
1607
1591
1593
1601
1621
1651
1677
1686
1690
1677
1657
1628
1599
1578
1579
1589
1609
1635
1661
1674
1689
1681
1675
1647
1623
1596
1588
1589
1595
1625
1643
1665
1683
1687
1665
1648
1625
1603
1597
1599
1607
1633
1653
1662
1666
1666
1645
1631
1604
1592
1586
1605
1633
1656
1686
1697
1695
1672
1632
1608
1580
1563
1568
1597
1634
1686
1719
1729
1709
1673
1619
1569
1545
1533
1558
1607
1645
1692
1716
1725
1705
1659
1609
1570
1557
1547
1582
1628
1663
1702
1713
1696
1664
1613
1568
1550
1553
1573
1620
1668
1700
1719
1705
1668
1613
1575
1530
1533
1557
1597
1665
1711
1743
1739
1703
1653
1586
1540
1517
1519
1571
1617
1669
1723
1737
1731
1683
1623
1573
1535
1520
1547
1583
1632
1684
1716
1716
1695
1662
1605
1563
1533
1547
1587
1644
1680
1717
1719
1698
1651
1606
1561
1526
1537
1565
1615
1671
1713
1741
1727
1688
1634
1568
1526
1513
1519
1570
1628
1693
1732
1741
1725
1683
1615
1563
1525
1520
1541
1593
1653
1691
1723
1718
1689
1646
1588
1553
1530
1556
1591
1643
1674
1703
1715
1686
1645
1605
1554
1535
1547
1569
1633
1687
1724
1741
1714
1664
1608
1551
1517
1517
1549
1600
1652
1704
1732
1732
1695
1638
1577
1540
1519
1537
1561
1605
1661
1701
1718
1698
1659
1617
1573
1542
1539
1561
1605
1643
1687
1709
1699
1667
1603
1571
1547
1550
1569
1610
1653
1690
1703
1701
1671
1630
1585
1557
1541
1549
1581
1633
1671
1700
1703
1694
1665
1632
1597
1561
1553
1560
1591
1624
1656
1684
1698
1690
1661
1631
1609
1592
1592
1599
1622
1641
1667
1673
1674
1659
1635
1618
1603
1601
1611
1625
1637
1653
1661
1662
1655
1639
1613
1597
1600
1587
1603
1620
1635
1669
1684
1685
1681
1658
1633
1601
1583
1574
1585
1615
1636
1661
1672
1673
1674
1654
1628
1604
1591
1577
1583
1601
1623
1644
1665
1661
1657
1645
1620
1613
1604
1596
1616
1627
1640
1661
1665
1651
1636
1630
1616
1598
1603
1599
1621
1638
1656
1677
1681
1661
1641
1609
1593
1581
1578
1599
1615
1647
1668
1684
1693
1687
1661
1627
1601
1582
1570
1584
1600
1641
1669
1686
1687
1679
1651
1632
1601
1583
1585
1582
1612
1639
1662
1667
1671
1662
1639
1611
1602
1583
1593
1596
1635
1676
1687
1690
1675
1645
1614
1584
1567
1569
1599
1638
1677
1708
1712
1695
1657
1615
1567
1539
1533
1552
1585
1632
1683
1707
1719
1703
1663
1613
1570
1543
1534
1561
1605
1653
1696
1713
1703
1674
1628
1584
1552
1545
1569
1603
1656
1691
1713
1709
1676
1623
1581
1532
1544
1566
1603
1648
1703
1731
1729
1699
1645
1593
1543
1523
1519
1549
1590
1658
1713
1723
1715
1678
1627
1571
1524
1510
1521
1562
1625
1679
1716
1721
1693
1655
1611
1568
1544
1552
1584
1629
1672
1708
1709
1694
1648
1601
1572
1541
1542
1559
1611
1657
1697
1720
1711
1691
1636
1577
1545
1519
1531
1576
1629
1693
1722
1731
1718
1674
1615
1551
1525
1524
1549
1590
1648
1685
1710
1706
1679
1646
1599
1567
1551
1555
1578
1628
1672
1695
1705
1686
1649
1606
1567
1544
1565
1585
1627
1679
1715
1725
1713
1667
1620
1569
1543
1530
1549
1595
1637
1697
1720
1721
1699
1652
1608
1560
1537
1543
1570
1611
1645
1695
1711
1694
1675
1639
1599
1573
1561
1575
1610
1639
1679
1697
1693
1679
1643
1615
1583
1575
1588
1606
1639
1671
1691
1693
1663
1641
1615
1579
1574
1578
1600
1631
1664
1687
1694
1688
1663
1630
1609
1587
1575
1587
1599
1634
1660
1679
1693
1680
1669
1645
1623
1605
1602
1607
1613
1629
1652
1657
1672
1663
1651
1649
1635
1615
1607
1617
1631
1637
1652
1653
1651
1647
1629
1619
1609
1605
1609
1620
1633
1654
1665
1668
1671
1656
1637
1613
1600
1600
1595
1611
1627
1645
1668
1681
1675
1667
1652
1631
1605
1588
1575
1585
1607
1635
1661
1677
1683
1673
1649
1626
1611
1603
1594
1613
1633
1646
1654
1672
1660
1653
1631
1610
1595
1599
1609
1625
1636
1664
1672
1662
1655
1626
1603
1585
1575
1584
1599
1629
1657
1671
1689
1681
1655
1621
1596
1573
1563
1583
1599
1631
1659
1682
1693
1687
1663
1637
1598
1574
1571
1586
1597
1633
1659
1677
1677
1666
1643
1610
1586
1563
1577
1587
1627
1658
1685
1685
1676
1645
1617
1577
1567
1578
1585
1627
1661
1695
1709
1698
1674
1608
1574
1545
1536
1558
1592
1633
1678
1707
1722
1699
1644
1601
1557
1537
1529
1546
1588
1639
1687
1705
1701
1677
1623
1587
1552
1543
1557
1585
1629
1674
1697
1700
1671
1629
1595
1545
1531
1547
1582
1630
1677
1708
1717
1694
1652
1595
1558
1535
1522
1558
1601
1657
1713
1731
1728
1684
1637
1583
1547
1529
1539
1570
1613
1661
1701
1710
1685
1655
1609
1559
1531
1533
1560
1607
1657
1691
1700
1698
1654
1625
1589
1557
1556
1573
1615
1655
1695
1708
1703
1687
1637
1593
1555
1543
1553
1595
1639
1681
1713
1712
1699
1664
1619
1573
1548
1550
1568
1610
1649
1692
1723
1709
1690
1662
1621
1579
1557
1567
1584
1617
1655
1679
1689
1682
1653
1623
1589
1567
1573
1592
1624
1665
1689
1708
1690
1668
1630
1606
1579
1574
1581
1615
1640
1681
1704
1709
1697
1658
1615
1579
1560
1562
1581
1612
1649
1678
1699
1689
1675
1641
1608
1589
1574
1583
1604
1623
1649
1673
1677
1667
1639
1621
1593
1584
1591
1610
1625
1647
1666
1665
1659
1643
1622
1602
1587
1585
1597
1623
1649
1663
1671
1673
1665
1642
1623
1595
1586
1588
1607
1627
1643
1655
1669
1671
1655
1642
1629
1616
1597
1597
1601
1608
1619
1631
1636
1640
1647
1642
1633
1621
1612
1603
1611
1621
1628
1638
1643
1643
1642
1632
1624
1609
1616
1615
1615
1627
1641
1654
1648
1653
1639
1618
1605
1600
1595
1606
1612
1639
1659
1669
1673
1666
1654
1636
1608
1595
1571
1584
1597
1622
1653
1664
1669
1671
1647
1630
1601
1587
1583
1581
1600
1621
1655
1676
1676
1667
1645
1621
1603
1596
1596
1615
1631
1659
1669
1679
1670
1652
1620
1589
1579
1586
1598
1623
1653
1678
1697
1687
1669
1631
1602
1575
1555
1574
1587
1614
1657
1679
1689
1684
1659
1634
1593
1562
1556
1558
1587
1623
1659
1691
1690
1681
1647
1618
1590
1565
1576
1595
1623
1653
1671
1683
1679
1653
1621
1585
1571
1564
1585
1623
1657
1689
1700
1705
1681
1642
1599
1562
1545
1552
1581
1633
1681
1707
1717
1705
1665
1623
1565
1536
1527
1547
1589
1640
1678
1705
1703
1681
1639
1600
1561
1549
1561
1587
1632
1672
1697
1713
1691
1657
1620
1579
1565
1564
1590
1629
1679
1713
1716
1699
1665
1609
1567
1535
1526
1559
1597
1649
1700
1719
1713
1683
1637
1580
1543
1531
1540
1569
1623
1664
1695
1701
1684
1653
1609
1571
1547
1545
1566
1598
1645
1678
1694
1698
1666
1621
1588
1565
1552
1563
1605
1641
1671
1686
1684
1667
1625
1591
1567
1549
1561
1587
1625
1661
1699
1697
1695
1667
1625
1579
1558
1555
1566
1591
1631
1662
1685
1697
1671
1649
1617
1591
1575
1572
1586
1615
1649
1675
1683
1680
1661
1642
1603
1577
1574
1572
1605
1636
1665
1686
1683
1657
1629
1601
1582
1569
1585
1597
1631
1661
1675
1683
1681
1648
1637
1605
1585
1571
1585
1611
1635
1665
1684
1684
1680
1652
1621
1597
1577
1582
1593
1616
1638
1662
1669
1672
1663
1641
1614
1603
1608
1605
1624
1645
1657
1671
1664
1651
1645
1619
1613
1609
1616
1618
1636
1654
1659
1671
1656
1643
1635
1619
1615
1609
1611
1609
1618
1633
1656
1657
1662
1643
1632
1623
1608
1599
1596
1600
1614
1623
1640
1649
1654
1647
1645
1632
1620
1603
1604
1599
1610
1622
1633
1643
1651
1651
1639
1634
1620
1613
1607
1609
1621
1640
1650
1644
1644
1629
1626
1601
1594
1596
1600
1621
1646
1664
1671
1670
1639
1627
1596
1584
1569
1573
1594
1609
1643
1666
1683
1676
1662
1637
1610
1587
1577
1570
1596
1615
1646
1671
1679
1674
1659
1626
1605
1581
1585
1593
1613
1639
1661
1675
1668
1648
1628
1603
1577
1583
1592
1629
1645
1674
1691
1684
1668
1633
1611
1579
1577
1581
1603
1634
1667
1674
1695
1697
1677
1646
1596
1567
1552
1559
1587
1615
1657
1690
1696
1693
1661
1627
1585
1560
1560
1577
1607
1647
1678
1689
1681
1660
1633
1604
1583
1579
1585
1629
1648
1682
1694
1682
1667
1633
1599
1566
1551
1561
1585
1625
1665
1693
1707
1692
1661
1631
1578
1559
1544
1540
1581
1627
1670
1701
1709
1685
1642
1605
1567
1549
1551
1569
1613
1655
1681
1691
1679
1647
1611
1582
1560
1564
1583
1621
1653
1689
1700
1687
1661
1619
1582
1558
1550
1563
1599
1647
1689
1714
1711
1688
1652
1599
1552
1541
1552
1579
1620
1659
1697
1711
1697
1672
1631
1590
1558
1555
1571
1597
1639
1673
1684
1694
1667
1641
1606
1577
1579
1569
1592
1613
1653
1671
1671
1659
1645
1603
1582
1570
1577
1587
1621
1652
1674
1691
1681
1659
1626
1591
1571
1571
1579
1605
1634
1671
1691
1689
1669
1652
1622
1588
1579
1582
1585
1601
1631
1644
1665
1661
1645
1637
1619
1601
1592
1597
1611
1626
1637
1660
1665
1658
1637
1621
1615
1601
1602
1607
1618
1640
1651
1658
1661
1632
1616
1590
1583
1576
1580
1609
1624
1649
1662
1660
1653
1639
1622
1605
1585
1593
1605
1612
1633
1647
1663
1663
1654
1646
1619
1614
1607
1600
1611
1619
1632
1639
1640
1643
1633
1628
1613
1609
1603
1601
1612
1621
1632
1647
1638
1633
1635
1619
1610
1607
1606
1621
1625
1637
1652
1661
1669
1651
1646
1633
1619
1614
1603
1604
1613
1627
1648
1653
1659
1661
1660
1651
1627
1609
1604
1593
1602
1612
1630
1638
1655
1661
1655
1640
1621
1602
1603
1604
1613
1632
1638
1655
1658
1641
1635
1621
1604
1599
1601
1613
1631
1656
1672
1661
1672
1651
1623
1607
1581
1573
1582
1607
1641
1664
1680
1686
1677
1653
1621
1590
1571
1567
1588
1603
1641
1668
1681
1683
1666
1636
1606
1589
1579
1583
1609
1633
1658
1674
1677
1661
1641
1614
1598
1589
1583
1608
1627
1663
1681
1690
1671
1641
1619
1590
1575
1581
1596
1625
1650
1674
1685
1685
1660
1632
1597
1573
1563
1559
1586
1624
1664
1686
1689
1686
1655
1631
1601
1579
1567
1586
1613
1644
1661
1691
1689
1680
1647
1610
1593
1576
1585
1612
1638
1671
1690
1694
1683
1653
1619
1582
1571
1571
1589
1633
1673
1693
1717
1699
1674
1642
1595
1561
1557
1569
1598
1639
1670
1699
1697
1687
1649
1607
1579
1565
1569
1585
1620
1653
1677
1696
1683
1661
1631
1596
1589
1570
1588
1623
1649
1675
1693
1686
1665
1628
1598
1579
1571
1577
1607
1638
1668
1681
1689
1669
1645
1606
1568
1551
1554
1573
1603
1633
1673
1691
1689
1662
1633
1594
1563
1552
1569
1579
1617
1639
1673
1681
1668
1649
1612
1589
1578
1587
1595
1617
1637
1653
1653
1648
1630
1607
1585
1569
1573
1591
1612
1639
1660
1672
1667
1649
1631
1603
1591
1580
1584
1603
1615
1640
1665
1662
1659
1644
1620
1601
1583
1576
1589
1599
1631
1650
1651
1662
1656
1651
1625
1615
1613
1599
1612
1621
1631
1645
1639
1643
1637
1626
1612
1611
1607
1612
1621
1640
1639
1649
1653
1647
1640
1622
1614
1603
1597
1611
1617
1637
1651
1660
1669
1659
1651
1629
1608
1600
1600
1604
1621
1623
1640
1648
1653
1648
1629
1634
1624
1615
1610
1597
1617
1618
1630
1638
1640
1635
1626
1621
1615
1618
1613
1618
1623
1633
1638
1642
1639
1633
1620
1610
1605
1605
1609
1623
1642
1646
1664
1653
1649
1643
1615
1596
1593
1593
1602
1617
1631
1646
1657
1665
1653
1645
1623
1610
1597
1593
1590
1601
1628
1649
1659
1662
1648
1636
1618
1597
1596
1583
1592
1612
1628
1644
1657
1649
1642
1622
1603
1591
1589
1608
1618
1635
1651
1659
1658
1639
1621
1601
1584
1575
1581
1595
1632
1656
1662
1673
1663
1646
1611
1585
1556
1550
1573
1602
1644
1673
1695
1689
1677
1654
1619
1578
1572
1573
1599
1636
1657
1681
1681
1674
1653
1618
1593
1587
1586
1595
1629
1655
1667
1675
1668
1644
1615
1586
1563
1567
1582
1609
1644
1669
1690
1689
1669
1633
1595
1573
1553
1562
1586
1619
1659
1680
1694
1699
1671
1635
1604
1583
1561
1577
1604
1637
1663
1695
1693
1679
1649
1620
1604
1585
1587
1611
1632
1652
1677
1681
1670
1648
1623
1597
1578
1573
1590
1621
1653
1675
1691
1679
1659
1630
1593
1574
1561
1575
1593
1628
1665
1691
1694
1683
1653
1621
1589
1571
1564
1585
1616
1650
1673
1689
1679
1657
1625
1602
1580
1575
1591
1607
1638
1675
1686
1683
1657
1620
1606
1587
1576
1585
1606
1633
1659
1675
1685
1673
1650
1607
1583
1563
1559
1575
1613
1643
1678
1687
1688
1666
1641
1617
1587
1584
1572
1585
1619
1634
1659
1669
1665
1645
1622
1603
1593
1587
1595
1608
1631
1647
1655
1658
1650
1628
1611
1581
1603
1607
1625
1640
1637
1652
1655
1643
1626
1606
1592
1581
1583
1606
1617
1638
1657
1661
1653
1641
1631
1615
1593
1588
1591
1605
1619
1633
1639
1648
1646
1647
1637
1623
1601
1601
1599
1605
1624
1634
1647
1653
1644
1639
1631
1618
1609
1606
1608
1620
1628
1641
1639
1632
1634
1618
1621
1615
1617
1628
1625
1639
1644
1649
1656
1659
1652
1635
1625
1619
1613
1619
1618
1636
1642
1656
1634
1657
1636
1629
1614
1602
1590
1595
1605
1608
1629
1637
1640
1645
1637
1624
1617
1607
1612
1611
1621
1631
1638
1639
1647
1642
1641
1628
1619
1617
1611
1620
1627
1633
1642
1647
1653
1642
1630
1614
1602
1596
1601
1615
1626
1648
1662
1667
1665
1653
1632
1612
1599
1587
1597
1607
1623
1643
1669
1679
1671
1659
1639
1617
1597
1579
1582
1605
1612
1636
1655
1654
1647
1623
1613
1591
1586
1592
1604
1632
1652
1665
1667
1654
1640
1611
1594
1579
1579
1595
1617
1653
1676
1688
1676
1649
1620
1590
1577
1566
1581
1603
1639
1659
1677
1678
1663
1640
1614
1587
1573
1563
1580
1613
1639
1663
1671
1667
1647
1621
1595
1585
1584
1599
1619
1645
1664
1676
1683
1658
1639
1608
1591
1585
1587
1605
1633
1662
1689
1683
1670
1643
1606
1587
1572
1577
1587
1612
1643
1667
1679
1675
1649
1629
1599
1579
1568
1575
1601
1625
1656
1678
1676
1672
1648
1617
1593
1577
1577
1589
1617
1641
1658
1677
1665
1643
1623
1591
1566
1561
1581
1607
1641
1663
1685
1679
1665
1635
1604
1585
1576
1587
1600
1623
1651
1679
1687
1675
1644
1637
1603
1585
1583
1590
1599
1631
1659
1667
1662
1651
1628
1600
1586
1571
1585
1601
1627
1650
1664
1674
1661
1638
1620
1598
1581
1591
1609
1628
1649
1673
1684
1672
1651
1622
1597
1593
1584
1597
1615
1638
1663
1673
1676
1667
1635
1621
1588
1585
1583
1589
1625
1644
1661
1666
1670
1659
1634
1627
1613
1611
1621
1635
1642
1645
1662
1662
1659
1633
1621
1605
1615
1617
1627
1645
1653
1658
1659
1649
1640
1620
1609
1605
1609
1616
1622
1643
1643
1651
1649
1641
1635
1624
1605
1595
1595
1600
1615
1623
1636
1644
1649
1647
1636
1631
1621
1609
1611
1607
1609
1614
1623
1633
1635
1635
1641
1630
1633
1621
1619
1617
1621
1632
1631
1639
1640
1640
1628
1620
1610
1608
1607
1613
1625
1631
1640
1644
1643
1627
1617
1606
1589
1585
1596
1607
1619
1630
1639
1650
1645
1643
1623
1609
1603
1599
1607
1611
1617
1632
1645
1657
1653
1644
1635
1615
1609
1596
1595
1600
1621
1645
1651
1649
1646
1633
1625
1615
1613
1631
1633
1635
1657
1657
1659
1658
1648
1615
1593
1598
1594
1599
1616
1631
1655
1657
1657
1643
1622
1610
1594
1579
1585
1600
1616
1643
1665
1677
1680
1675
1649
1608
1590
1577
1580
1605
1627
1637
1653
1673
1676
1659
1638
1616
1601
1596
1603
1623
1649
1667
1676
1667
1653
1624
1605
1587
1593
1608
1635
1661
1682
1692
1695
1675
1645
1618
1590
1575
1591
1588
1627
1663
1675
1674
1675
1659
1623
1600
1577
1569
1587
1609
1643
1667
1686
1683
1667
1638
1606
1586
1583
1582
1605
1633
1661
1679
1679
1666
1647
1625
1604
1594
1603
1624
1649
1671
1682
1675
1670
1647
1622
1596
1574
1575
1585
1607
1638
1665
1681
1672
1661
1640
1613
1597
1575
1587
1592
1625
1645
1671
1669
1672
1657
1628
1603
1593
1587
1595
1626
1647
1659
1670
1663
1642
1637
1608
1603
1603
1600
1621
1637
1652
1668
1663
1662
1646
1616
1589
1573
1574
1589
1611
1649
1665
1679
1674
1656
1619
1595
1580
1571
1576
1599
1627
1648
1663
1661
1645
1618
1604
1598
1592
1599
1608
1625
1637
1647
1641
1649
1631
1617
1598
1589
1586
1601
1624
1642
1653
1657
1655
1647
1623
1605
1585
1587
1597
1609
1633
1646
1664
1673
1661
1645
1621
1604
1594
1588
1593
1606
1631
1653
1665
1665
1663
1639
1628
1611
1600
1596
1601
1615
1637
1642
1645
1650
1642
1635
1621
1617
1614
1601
1626
1639
1652
1658
1655
1654
1625
1612
1611
1609
1611
1624
1635
1634
1645
1647
1640
1639
1627
1613
1609
1605
1601
1608
1622
1640
1641
1645
1639
1637
1637
1629
1619
1612
1602
1613
1615
1626
1638
1640
1643
1643
1633
1624
1618
1616
1607
1605
1612
1617
1620
1625
1627
1628
1615
1611
1606
1610
1619
1612
1626
1638
1641
1648
1637
1635
1634
1614
1605
1602
1615
1621
1642
1651
1663
1655
1653
1637
1623
1599
1595
1591
1597
1615
1638
1652
1667
1659
1650
1633
1619
1599
1588
1595
1613
1625
1646
1653
1655
1649
1631
1627
1618
1603
1602
1603
1620
1640
1651
1662
1657
1651
1625
1613
1599
1595
1602
1619
1643
1657
1668
1667
1659
1653
1632
1611
1599
1593
1613
1616
1649
1663
1677
1671
1665
1649
1625
1607
1600
1596
1603
1618
1645
1649
1664
1659
1644
1622
1599
1590
1587
1583
1611
1633
1653
1671
1669
1653
1624
1599
1593
1591
1603
1623
1645
1667
1681
1675
1671
1634
1614
1587
1578
1586
1592
1619
1645
1670
1671
1671
1660
1623
1603
1593
1574
1580
1616
1629
1659
1672
1669
1665
1637
1612
1594
1573
1582
1598
1628
1653
1667
1672
1665
1641
1618
1592
1578
1575
1598
1619
1648
1665
1672
1663
1641
1618
1606
1579
1578
1590
1610
1641
1655
1671
1672
1663
1637
1612
1588
1577
1579
1597
1621
1644
1656
1680
1679
1667
1638
1612
1605
1598
1605
1627
1643
1654
1665
1667
1654
1643
1619
1600
1592
1596
1611
1631
1661
1669
1667
1653
1641
1623
1603
1591
1590
1599
1616
1639
1653
1665
1653
1653
1635
1617
1599
1592
1595
1611
1619
1650
1667
1664
1667
1648
1633
1615
1598
1603
1601
1621
1639
1657
1665
1663
1659
1646
1631
1618
1612
1615
1630
1639
1663
1661
1655
1654
1635
1629
1607
1605
1611
1614
1628
1651
1657
1661
1661
1636
1630
1603
1601
1602
1598
1610
1624
1648
1663
1665
1661
1638
1618
1611
1609
1611
1606
1619
1626
1638
1640
1637
1641
1629
1632
1628
1617
1617
1617
1620
1627
1631
1638
1641
1636
1628
1623
1616
1617
1609
1625
1629
1633
1643
1640
1638
1632
1629
1625
1619
1615
1612
1621
1637
1632
1648
1639
1640
1633
1621
1615
1605
1603
1601
1608
1616
1623
1624
1635
1639
1640
1634
1625
1615
1604
1602
1614
1621
1628
1645
1651
1653
1649
1635
1632
1621
1628
1616
1636
1649
1653
1658
1660
1652
1636
1623
1611
1609
1607
1629
1639
1656
1672
1671
1661
1647
1637
1625
1613
1611
1607
1605
1636
1641
1657
1656
1658
1639
1624
1604
1601
1607
1613
1615
1638
1649
1654
1660
1648
1640
1621
1621
1619
1627
1638
1648
1659
1669
1669
1655
1641
1621
1610
1605
1602
1614
1629
1653
1667
1671
1665
1649
1619
1603
1590
1579
1585
1603
1623
1642
1661
1657
1644
1629
1603
1585
1575
1573
1585
1603
1617
1644
1652
1647
1630
1620
1593
1587
1584
1596
1597
1623
1649
1653
1647
1645
1624
1607
1597
1586
1593
1609
1624
1652
1658
1661
1656
1629
1604
1584
1577
1577
1586
1612
1639
1661
1678
1658
1656
1629
1604
1587
1575
1585
1603
1623
1650
1663
1671
1657
1637
1623
1603
1591
1597
1603
1625
1644
1653
1661
1650
1637
1616
1597
1589
1592
1606
1626
1644
1669
1676
1675
1661
1641
1623
1597
1584
1600
1622
1649
1668
1671
1684
1670
1647
1614
1595
1589
1600
1613
1621
1646
1667
1669
1669
1659
1643
1634
1611
1605
1603
1615
1628
1639
1655
1659
1652
1651
1625
1614
1607
1605
1623
1628
1649
1655
1661
1655
1631
1627
1612
1597
1605
1613
1629
1651
1665
1679
1672
1659
1637
1624
1616
1600
1606
1603
1622
1636
1645
1645
1650
1635
1623
1614
1603
1601
1598
1609
1615
1623
1637
1633
1630
1631
1617
1606
1606
1609
1609
1622
1639
1647
1650
1646
1629
1625
1606
1607
1610
1619
1626
1632
1646
1647
1641
1641
1633
1619
1619
1603
1607
1611
1620
1635
1641
1650
1658
1653
1646
1638
1627
1617
1606
1624
1633
1639
1653
1637
1638
1633
1637
1637
1634
1626
1629
1629
1642
1639
1639
1642
1638
1631
1629
1622
1620
1631
1636
1630
1631
1639
1653
1636
1646
1631
1644
1625
1623
1623
1619
1644
1633
1642
1648
1650
1657
1647
1641
1641
1629
1627
1631
1635
1639
1653
1666
1665
1659
1653
1643
1627
1621
1611
1614
1621
1631
1641
1643
1647
1644
1643
1631
1611
1610
1613
1611
1641
1627
1653
1653
1652
1646
1622
1611
1609
1603
1611
1623
1639
1653
1663
1659
1643
1632
1618
1602
1592
1596
1606
1631
1650
1650
1657
1643
1636
1627
1621
1601
1593
1603
1600
1627
1633
1649
1657
1641
1639
1614
1603
1593
1592
1610
1628
1641
1651
1652
1649
1629
1615
1595
1589
1591
1619
1628
1642
1663
1662
1652
1619
1614
1604
1581
1585
1581
1604
1599
1675
1659
1632
1645
1608
1611
1594
1583
1589
1601
1619
1639
1651
1663
1661
1653
1637
1605
1593
1581
1584
1598
1619
1642
1654
1655
1647
1625
1615
1598
1593
1584
1605
1623
1645
1659
1661
1665
1642
1635
1597
1593
1582
1592
1617
1631
1656
1668
1659
1648
1622
1605
1582
1569
1576
1587
1613
1634
1652
1669
1649
1637
1622
1607
1587
1590
1589
1619
1635
1645
1659
1647
1653
1625
1615
1591
1585
1598
1605
1623
1644
1653
1660
1652
1633
1610
1598
1591
1587
1599
1627
1648
1660
1666
1667
1658
1627
1606
1598
1599
1601
1619
1630
1649
1655
1659
1657
1621
1636
1605
1624
1604
1612
1641
1650
1657
1655
1650
1647
1627
1623
1613
1616
1599
1613
1626
1639
1639
1641
1627
1619
1613
1601
1603
1614
1614
1637
1650
1661
1677
1648
1649
1619
1615
1601
1587
1619
1623
1653
1667
1660
1669
1659
1653
1629
1623
1625
1621
1635
1632
1647
1650
1649
1647
1638
1631
1623
1621
1611
1614
1626
1629
1645
1634
1641
1635
1631
1627
1611
1624
1613
1626
1620
1636
1637
1639
1635
1625
1621
1609
1604
1610
1610
1621
1633
1629
1632
1631
1637
1629
1625
1617
1607
1619
1610
1619
1623
1643
1650
1647
1649
1641
1637
1623
1609
1621
1605
1629
1613
1626
1633
1635
1634
1631
1635
1630
1616
1616
1618
1619
1624
1626
1637
1635
1634
1634
1629
1617
1619
1612
1613
1624
1623
1633
1637
1643
1639
1629
1633
1614
1621
1603
1609
1612
1621
1637
1649
1648
1643
1633
1629
1608
1603
1603
1611
1626
1633
1643
1634
1631
1633
1614
1607
1613
1602
1602
1625
1627
1634
1647
1629
1635
1613
1604
1607
1577
1613
1591
1624
1661
1655
1669
1653
1636
1605
1599
1591
1596
1599
1619
1641
1647
1655
1663
1647
1625
1608
1603
1601
1603
1613
1624
1641
1649
1653
1650
1641
1632
1608
1613
1608
1619
1630
1631
1663
1653
1656
1641
1625
1607
1595
1598
1593
1605
1627
1647
1663
1666
1662
1651
1625
1606
1600
1598
1615
1637
1651
1667
1673
1657
1657
1619
1615
1597
1601
1608
1611
1652
1643
1669
1661
1662
1634
1611
1611
1591
1601
1616
1625
1652
1658
1667
1667
1647
1629
1605
1601
1595
1603
1622
1634
1668
1669
1664
1653
1631
1611
1605
1596
1610
1612
1631
1633
1669
1639
1650
1619
1615
1603
1595
1601
1606
1629
1646
1666
1665
1669
1662
1641
1617
1593
1593
1593
1612
1637
1640
1656
1657
1646
1618
1627
1583
1602
1591
1615
1616
1631
1647
1652
1668
1589
1661
1565
1602
1593
1614
1628
1644
1660
1657
1655
1644
1625
1618
1603
1599
1597
1621
1633
1640
1650
1650
1648
1644
1629
1625
1620
1617
1612
1631
1632
1645
1654
1636
1646
1624
1637
1627
1611
1633
1629
1632
1636
1649
1652
1640
1629
1624
1615
1616
1611
1623
1629
1652
1660
1661
1646
1646
1630
1626
1614
1605
1612
1607
1630
1632
1641
1649
1651
1633
1634
1622
1619
1604
1611
1621
1629
1637
1641
1644
1644
1631
1623
1619
1615
1619
1617
1629
1627
1632
1635
1639
1635
1637
1627
1621
1623
1628
1632
1627
1626
1627
1628
1631
1616
1635
1598
1620
1615
1628
1631
1622
1631
1641
1651
1637
1627
1619
1614
1621
1614
1619
1625
1626
1629
1636
1643
1644
1643
1637
1624
1619
1630
1617
1633
1635
1642
1648
1652
1621
1667
1637
1601
1629
1615
1628
1629
1631
1640
1636
1643
1641
1631
1625
1617
1613
1618
1621
1626
1639
1643
1648
1649
1640
1632
1607
1604
1601
1600
1608
1623
1635
1650
1653
1655
1631
1625
1612
1593
1607
1593
1617
1627
1636
1642
1647
1651
1636
1619
1617
1603
1610
1624
1632
1645
1647
1655
1651
1640
1625
1611
1609
1616
1623
1628
1649
1645
1651
1647
1641
1632
1601
1616
1583
1615
1618
1625
1639
1653
1667
1651
1637
1623
1611
1599
1593
1611
1626
1641
1659
1675
1656
1655
1632
1619
1612
1600
1607
1623
1631
1658
1646
1651
1649
1633
1623
1601
1602
1617
1607
1641
1639
1656
1656
1649
1633
1614
1610
1601
1599
1609
1621
1642
1653
1665
1653
1642
1622
1613
1594
1585
1598
1601
1631
1639
1647
1660
1632
1633
1606
1601
1593
1583
1596
1598
1635
1639
1621
1647
1642
1612
1610
1603
1603
1603
1617
1631
1640
1651
1651
1654
1640
1623
1607
1598
1603
1610
1629
1639
1649
1661
1653
1640
1613
1605
1590
1589
1595
1597
1627
1638
1650
1640
1631
1620
1608
1592
1594
1593
1605
1617
1624
1628
1636
1631
1615
1607
1587
1583
1584
1599
1611
1627
1642
1646
1644
1627
1623
1602
1597
1581
1603
1622
1629
1647
1653
1644
1641
1621
1612
1596
1586
1595
1600
1622
1636
1643
1651
1643
1643
1631
1616
1605
1603
1605
1612
1612
1629
1632
1641
1641
1632
1627
1621
1621
1628
1609
1625
1635
1630
1653
1625
1647
1625
1624
1627
1623
1627
1619
1636
1649
1643
1649
1649
1647
1628
1633
1635
1628
1629
1643
1648
1648
1657
1654
1647
1647
1629
1631
1634
1601
1618
1611
1627
1640
1641
1655
1628
1643
1623
1632
1627
1627
1625
1631
1637
1641
1645
1641
1644
1635
1629
1623
1621
1625
1631
1627
1625
1637
1631
1629
1627
1628
1608
1609
1612
1627
1630
1637
1643
1641
1648
1634
1635
1641
1629
1627
1628
1626
1632
1627
1641
1641
1642
1641
1637
1629
1619
1628
1618
1620
1632
1641
1636
1647
1639
1633
1639
1620
1624
1627
1622
1627
1627
1631
1653
1634
1649
1616
1644
1615
1608
1615
1613
1621
1641
1643
1653
1651
1649
1633
1628
1611
1586
1599
1609
1624
1633
1645
1648
1648
1638
1623
1617
1600
1609
1607
1620
1625
1634
1640
1640
1636
1630
1608
1615
1604
1609
1615
1622
1633
1639
1649
1639
1634
1623
1604
1596
1584
1591
1620
1629
1643
1644
1645
1636
1619
1608
1593
1580
1593
1603
1615
1639
1647
1648
1654
1617
1634
1651
1543
1577
1592
1614
1627
1637
1646
1655
1642
1628
1620
1608
1598
1592
1607
1622
1637
1649
1648
1641
1625
1619
1606
1597
1597
1603
1625
1635
1648
1655
1651
1633
1623
1608
1623
1593
1631
1612
1637
1651
1655
1660
1646
1638
1624
1611
1607
1601
1616
1629
1647
1646
1649
1654
1640
1635
1621
1598
1605
1594
1612
1627
1659
1654
1661
1640
1629
1617
1605
1617
1602
1609
1617
1646
1661
1655
1648
1640
1618
1604
1593
1596
1609
1619
1636
1651
1654
1660
1655
1639
1625
1619
1617
1616
1621
1633
1647
1654
1660
1651
1641
1624
1607
1618
1595
1624
1608
1649
1645
1657
1659
1647
1635
1596
1606
1606
1618
1633
1635
1655
1641
1648
1639
1633
1613
1613
1605
1610
1619
1619
1637
1645
1639
1638
1621
1619
1611
1591
1597
1591
1601
1621
1620
1649
1639
1641
1628
1619
1613
1613
1617
1622
1630
1645
1647
1650
1647
1639
1636
1611
1619
1618
1612
1628
1615
1623
1626
1624
1619
1624
1612
1613
1617
1615
1627
1615
1633
1615
1629
1631
1623
1618
1612
1616
1612
1603
1613
1622
1633
1631
1633
1640
1637
1632
1622
1616
1615
1617
1623
1635
1631
1632
1637
1633
1630
1629
1623
1617
1616
1609
1623
1619
1632
1621
1646
1625
1630
1632
1624
1621
1622
1633
1631
1635
1637
1629
1633
1623
1611
1612
1614
1617
1616
1617
1615
1623
1637
1638
1633
1629
1629
1615
1618
1607
1605
1621
1605
1633
1633
1635
1639
1637
1633
1629
1627
1621
1619
1625
1629
1645
1652
1654
1648
1645
1637
1624
1627
1620
1635
1645
1633
1639
1635
1633
1629
1619
1612
1606
1610
1599
1641
1635
1622
1655
1629
1643
1610
1624
1625
1621
1605
1603
1623
1638
1646
1654
1657
1656
1644
1625
1619
1605
1617
1615
1635
1653
1662
1663
1655
1649
